flag_leaf_area
stp17

famID	9	3166.23001617745	351.803335130828	19.7858705611713	4.71546630981331e-31
rep	1	2686.00734680425	2686.00734680425	151.064496504732	1.16640010724675e-32
famID:plantID3	1184	41560.152161516	35.1014798661452	1.97415222592712	2.38687123989777e-30
Residuals	1119	19896.41703125	17.7805335399911	NA	NA

stp18

famID	9	1915.73749051869	212.859721168743	26.9935941231926	1.3018415994525e-42
rep	1	990.530056472143	990.530056472143	125.613085295906	9.77371388509217e-28
famID:plantID3	1191	18932.4382350665	15.8962537657989	2.01586763281101	1.38956289859771e-32
Residuals	1145	9028.97108202445	7.88556426377681	NA	NA

tli17

famID	9	34704.4093586036	3856.04548428929	64.4425745090825	2.30552140877251e-95
rep	1	1669.05003343974	1669.05003343974	27.8933123526552	1.53806399144121e-07
famID:plantID3	1192	177457.584392451	148.873812409774	2.48799237139607	2.34195099113067e-52
Residuals	1125	67316.5403907638	59.83692479179	NA	NA

tli18

famID	9	3833.25754468374	425.91750496486	17.7403029246858	9.88311419747394e-28
rep	1	1407.19097987937	1407.19097987937	58.6122757692366	4.11854838976541e-14
famID:plantID3	1191	48882.1678636944	41.0429621021783	1.70952020551284	7.76785000477011e-20
Residuals	1125	27009.5271269982	24.0084685573317	NA	NA

floret_site_utilization
stp17

famID	9	1.34306447398199	0.149229385997999	31.3696742226569	3.82972580106894e-49
rep	1	0.213506543233201	0.213506543233201	44.8814465116204	3.34125231600215e-11
famID:plantID3	1172	14.8384491298558	0.0126607927729145	2.66143924690694	2.13496971769858e-58
Residuals	1095	5.20904923997545	0.00475712259358489	NA	NA

stp18

famID	9	1.22922794196377	0.136580882440419	9.95741953209107	8.72312717754376e-15
rep	1	0.513295992674866	0.513295992674866	37.421807883211	1.3296601951291e-09
famID:plantID3	1185	28.1174581569029	0.0237278127906353	1.72987450596053	4.25383720831184e-20
Residuals	1077	14.7726637322311	0.013716493716092	NA	NA

tli17

famID	9	0.965428357885018	0.10726981754278	26.24250270992	2.75149052165973e-41
rep	1	0.0392873888694126	0.0392873888694126	9.61127214055412	0.00198289274150967
famID:plantID3	1190	16.0892647691355	0.0135203905622988	3.30763018058461	2.63296112478168e-85
Residuals	1103	4.50866329547753	0.00408763671394155	NA	NA

tli18

famID	9	0.120844874031161	0.0134272082256845	21.7762729919947	8.7881731789371e-33
rep	1	0.0710771899305203	0.0710771899305203	115.273127921717	4.90075473574245e-25
famID:plantID3	1084	1.32773943616509	0.00122485187838108	1.98646721120794	8.73465347862332e-23
Residuals	716	0.441484228872604	0.000616598085017604	NA	NA

florets_per_spikelet
stp17

famID	9	247.536743736226	27.5040826373584	37.2194339639051	5.72573445544708e-58
rep	1	1.00833559231569	1.00833559231569	1.36451306107817	0.243007463431987
famID:plantID3	1172	1650.41382370865	1.40820292125311	1.90562675099614	2.55211089126309e-27
Residuals	1111	820.996790003282	0.738971008103764	NA	NA

stp18

famID	9	111.154939587707	12.3505488430785	18.1805310592791	2.18559953870123e-28
rep	1	25.4340823111209	25.4340823111209	37.4400465353194	1.31295066546471e-09
famID:plantID3	1185	1091.45083333269	0.921055555555011	1.35583279316965	1.65290557996205e-07
Residuals	1089	739.788493870643	0.679328277199856	NA	NA

tli17

famID	9	483.209747320188	53.6899719244653	66.2571224523014	1.63108702544487e-97
rep	1	1.78292194695443	1.78292194695443	2.20024845474776	0.138270837931786
famID:plantID3	1191	1814.88444607403	1.52383244842488	1.88051417263025	1.59554942334512e-26
Residuals	1116	904.325549465847	0.810327553284809	NA	NA

tli18

famID	9	90.1795738748958	10.0199526527662	12.845059263468	1.80953807585571e-19
rep	1	37.6907042136921	37.6907042136921	48.3175266474997	6.68499349456409e-12
famID:plantID3	1182	1562.78444755921	1.32215266290965	1.69493109388476	1.31845647226597e-17
Residuals	961	749.640332660372	0.780062781124217	NA	NA

height
stp17

famID	9	143618.952947582	15957.6614386202	483.937329698121	0
rep	1	846.259742924306	846.259742924306	25.6639534431192	4.74803264980353e-07
famID:plantID3	1187	247084.380503906	208.158703036146	6.31268981913223	9.02648944041573e-188
Residuals	1122	36997.5512021374	32.9746445651848	NA	NA

stp18

famID	9	101126.288091492	11236.254232388	201.447715566387	1.78595942415527e-227
rep	1	0.00462443542917924	0.00462443542917924	8.29085862357208e-05	0.992736643082362
famID:plantID3	1182	220153.63881531	186.255193583173	3.33925189691363	1.31360245918766e-87
Residuals	1126	62805.4889086067	55.7775212332208	NA	NA

tli17

famID	9	156498.600984928	17388.7334427698	212.771647217262	4.32626595263927e-236
rep	1	3039.99560519134	3039.99560519134	37.1979290256327	1.46328741383475e-09
famID:plantID3	1194	414697.919965884	347.318190926201	4.24984739889807	7.55427880821643e-123
Residuals	1130	92349.0937223698	81.7248617012122	NA	NA

tli18

famID	9	50017.4801982195	5557.49779980216	92.2477283184189	1.74610863024688e-128
rep	1	25367.0847093128	25367.0847093128	421.062863682701	9.78828545493994e-80
famID:plantID3	1191	180342.518276321	151.421090072478	2.51340658725623	1.98815637630759e-53
Residuals	1125	67776.0324156305	60.2453621472271	NA	NA

reproductive_tiller_ct
stp17

famID	9	2604.80796583857	289.423107315396	215.959503331971	3.00187300159026e-239
rep	1	234.13938032529	234.13938032529	174.708318055624	3.23649372577167e-37
famID:plantID3	1190	6802.37396452664	5.71628064245936	4.26533022847556	3.75807637899493e-124
Residuals	1141	1529.13745564249	1.3401730549014	NA	NA

stp18

famID	9	3006.66449026949	334.073832252166	129.508855859806	8.55223672223464e-167
rep	1	1069.47009590176	1069.47009590176	414.596520663632	1.08756428857479e-78
famID:plantID3	1187	8127.89767044756	6.84742853449668	2.65451091785926	2.64126451303592e-59
Residuals	1123	2896.82826034151	2.57954431018834	NA	NA

tli17

famID	9	1789.42926145468	198.825473494964	133.469731682503	1.24513428146516e-170
rep	1	121.971763118243	121.971763118243	81.8785350290941	6.20741865743503e-19
famID:plantID3	1193	5465.54053999538	4.58134160938422	3.07541294685203	4.39192449088217e-77
Residuals	1125	1675.87553269321	1.48966714017175	NA	NA

tli18

famID	9	987.66976939843	109.741085488714	27.2296902093985	9.19910943687357e-43
rep	1	215.90220952707	215.90220952707	53.5710965019691	4.83981181338831e-13
famID:plantID3	1188	7700.55761255286	6.48195085231723	1.60834488628505	1.02407251196917e-15
Residuals	1087	4380.82692123539	4.03019955955418	NA	NA

seeds_per_spike
stp17

famID	9	79.013223321824	8.77924703575822	40.4638836416607	1.4513489731703e-62
rep	1	13.162056451959	13.162056451959	60.6644190085762	1.56451899621198e-14
famID:plantID3	1172	1229.59178571346	1.04913974890227	4.83552502287643	2.75012183974967e-139
Residuals	1094	237.359724098033	0.216965012886685	NA	NA

stp18

famID	9	68.8615273834237	7.65128082038042	30.0322520901678	3.466808750035e-47
rep	1	53.9734629662761	53.9734629662761	211.852719046057	4.63526175603144e-44
famID:plantID3	1186	966.640934562822	0.815042946511655	3.19914741186223	2.3409515706106e-81
Residuals	1112	283.302905380463	0.254768799802575	NA	NA

tli17

famID	9	60.3167376215141	6.70185973572379	35.1849968286231	6.53007555796809e-55
rep	1	5.16818473209185	5.16818473209185	27.1331496896438	2.26494768798243e-07
famID:plantID3	1190	1121.22673704801	0.94220734205715	4.94662133340007	2.63460759052249e-144
Residuals	1103	210.0938455248	0.190474927946329	NA	NA

tli18

famID	9	3.75945682431913	0.417717424924348	23.809316479016	8.97816232946748e-36
rep	1	2.01401731242378	2.01401731242378	114.796206058198	5.99688243531262e-25
famID:plantID3	1084	34.181025373947	0.0315323112305785	1.7972982035395	2.57609759291763e-17
Residuals	717	12.579252072806	0.017544284620371	NA	NA

spikelet_density
stp17

famID	9	6.34892584374457	0.705436204860508	329.311635588808	3.41391363824212e-305
rep	1	0.00601985645327465	0.00601985645327465	2.81018859108559	0.0939507436551959
famID:plantID3	1171	10.3888632992492	0.00887178761677986	4.14152671857269	2.88664862957862e-116
Residuals	1103	2.36279575293447	0.00214215390111919	NA	NA

stp18

famID	9	9.96864068389119	1.10762674265458	254.921525235326	3.84131486859178e-264
rep	1	0.242402885559246	0.242402885559246	55.7892933860645	1.61607592636924e-13
famID:plantID3	1187	15.1644466538177	0.0127754394724664	2.94028158625669	2.68796918765321e-71
Residuals	1123	4.87940290978897	0.00434497142456721	NA	NA

tli17

famID	9	5.56995007334894	0.618883341483215	245.639056852483	2.6746187235437e-257
rep	1	0.0149940457316059	0.0149940457316059	5.95123992687814	0.0148621354768502
famID:plantID3	1191	12.3384612470617	0.0103597491579024	4.11185572757005	1.5040518971358e-116
Residuals	1114	2.80670367019988	0.00251948264829432	NA	NA

tli18

famID	9	5.96369952172036	0.662633280191151	88.2298321290113	2.76038477041668e-119
rep	1	1.41456327665264	1.41456327665264	188.349550446551	2.83319826340809e-39
famID:plantID3	1182	27.2073680098586	0.02301807784252	3.06486438983596	1.18178984826607e-68
Residuals	961	7.21740670811398	0.00751030874933817	NA	NA

spikelets_per_spike
stp17

famID	9	2355.25733497937	261.695259442152	90.5893757077136	2.97285485798289e-126
rep	1	4.53232643611777	4.53232643611777	1.56892648046701	0.210626571707676
famID:plantID3	1172	9174.79888030563	7.82832668968057	2.7098818265409	5.68703867393579e-61
Residuals	1111	3209.46502797761	2.88880740592044	NA	NA

stp18

famID	9	2363.91785626993	262.657539585548	80.6297307620581	3.9167538596345e-115
rep	1	137.143526230186	137.143526230186	42.0998598142187	1.29798513361991e-10
famID:plantID3	1187	8018.8708670255	6.75557781552274	2.07380462509176	1.32328181376643e-34
Residuals	1123	3658.25873616053	3.25757679088204	NA	NA

tli17

famID	9	3422.1193029254	380.235478102822	99.2004610491963	8.1742292144138e-136
rep	1	0.000795210791319134	0.000795210791319134	0.000207464273254435	0.988510547988133
famID:plantID3	1191	12682.1955577126	10.6483589905228	2.77807354155302	2.75270177156497e-64
Residuals	1115	4273.79624651534	3.83300111795098	NA	NA

tli18

famID	9	2560.73112559079	284.525680621199	93.1257812174539	2.04493168810607e-124
rep	1	21.2709109821446	21.2709109821446	6.96200848406495	0.00846051927739078
famID:plantID3	1182	9256.32169244868	7.83106742169939	2.56312284297185	5.28125715338904e-50
Residuals	961	2936.12762762762	3.05528369160002	NA	NA

stem_diameter
stp17

famID	9	21.85044369101	2.42782707677889	47.3447360682009	1.92573665008161e-72
rep	1	0.140831762024789	0.140831762024789	2.74634164305046	0.0977595597768739
famID:plantID3	1173	149.04097972831	0.127059658762412	2.47777367118059	3.06483002555734e-51
Residuals	1111	56.9718221349005	0.0512797678982003	NA	NA

stp18

famID	9	10.8666320754584	1.20740356393983	40.7488255578771	3.94736148502115e-63
rep	1	0.833930122428223	0.833930122428223	28.1444200606818	1.35760689456201e-07
famID:plantID3	1185	71.3986539921314	0.060252028685343	2.03345383410646	9.79153037324662e-33
Residuals	1114	33.0082536567476	0.0296303892789475	NA	NA

tli17

famID	9	17.0683396044112	1.89648217826791	28.5891053256364	5.6407837426269e-45
rep	1	0.00651292726474702	0.00651292726474702	0.0981811301386026	0.754082019842796
famID:plantID3	1191	194.922742164609	0.163663091657942	2.46718973631569	3.90579429151605e-51
Residuals	1114	73.8981203688093	0.066335835160511	NA	NA

tli18

famID	9	15.1509708305938	1.68344120339931	36.997091596415	1.646844682625e-56
rep	1	3.05380654850078	3.05380654850078	67.1136956636651	8.15012304352607e-16
famID:plantID3	1182	107.289108762592	0.0907691275487246	1.99483873821418	2.10638022977337e-28
Residuals	958	43.590904129686	0.0455019876092756	NA	NA

thousand_grain_weight
stp17

famID	9	796.348495470879	88.483166163431	185.289502581599	6.68393211210309e-214
rep	1	0.229454410146719	0.229454410146719	0.480492452572418	0.488344611313079
famID:plantID3	1173	2321.8722698545	1.97943075008909	4.14505668119174	8.04058261337345e-117
Residuals	1108	529.114422258792	0.477540092291329	NA	NA

stp18

famID	9	714.953063415334	79.4392292683705	190.137547188007	1.93741432541883e-219
rep	1	32.2080834697089	32.2080834697089	77.0899472081782	5.91232172087809e-18
famID:plantID3	1187	1751.63920084206	1.47568593162769	3.53204966920864	8.05558413853298e-96
Residuals	1134	473.783780860796	0.417798748554494	NA	NA

tli17

famID	9	834.470853318485	92.7189837020539	190.354120279429	3.17607898141267e-218
rep	1	12.2006730879674	12.2006730879674	25.0482511751851	6.49410503245403e-07
famID:plantID3	1190	2049.45865865577	1.72223416693762	3.53578476243937	7.2397163975586e-95
Residuals	1114	542.614720881616	0.487086823053516	NA	NA

tli18

famID	9	104.714359573617	11.6349288415129	35.6138261278825	2.19051569848786e-36
rep	1	2.24574359491399	2.24574359491399	6.87408775820863	0.0094503454152714
famID:plantID3	545	358.944663379161	0.658614061246168	2.01597852312688	1.67472230488387e-08
Residuals	191	62.3991199583335	0.326696963132636	NA	NA

yield_per_spike
stp17

famID	9	5.913522167477	0.657058018608556	61.9270652524693	1.07678453704882e-91
rep	1	0.917994024780421	0.917994024780421	86.5200245091626	7.27832571779212e-20
famID:plantID3	1173	75.2755403296321	0.0641735211676318	6.04829059273108	1.55264913259471e-176
Residuals	1096	11.6287698352743	0.0106101914555422	NA	NA

stp18

famID	9	4.70465882326464	0.522739869251627	61.7236850776694	1.07518725814288e-91
rep	1	1.46786859149475	1.46786859149475	173.321883418867	6.80535875694005e-37
famID:plantID3	1186	43.5294262433778	0.0367027202726625	4.33375619664687	2.76723128520965e-124
Residuals	1113	9.42603270924195	0.00846903208377534	NA	NA

tli17

famID	9	1.11557080009367	0.123952311121518	18.5755965375298	4.6828551003922e-29
rep	1	0.230527166100365	0.230527166100365	34.5469930304276	5.50658707929972e-09
famID:plantID3	1190	50.0250182282568	0.0420378304439133	6.2998242676869	4.31772833344268e-185
Residuals	1103	7.36016196792441	0.00667285763184443	NA	NA

tli18

famID	9	0.0611679186175323	0.00679643540194804	16.7450994853904	9.00633861326571e-25
rep	1	0.0358571062721076	0.0358571062721076	88.3449597141111	1.09023674104549e-19
famID:plantID3	1026	0.671509433932585	0.000654492625665287	1.61254297011023	5.89228061274417e-11
Residuals	610	0.24758441111714	0.00040587608379859	NA	NA

