flag_leaf_area
stp17

WGN15	22.7455624999996	0.271992132069027	1119	22.2118904822833	23.2792345177159	A
WGN45	23.1727599557522	0.304306062384391	1119	22.5756852202419	23.7698346912624	AB
WGN26	23.3834690126048	0.290051994250873	1119	22.8143619879382	23.9525760372713	AB
WGN55	24.1065724206349	0.26981400784931	1119	23.577174070463	24.6359707708068	BC
WGN07	24.4162601626014	0.271023713498343	1119	23.8844882656301	24.9480320595728	BC
WGN39	25.2276909722221	0.270846968620956	1119	24.6962658639413	25.7591160805028	CD
WGN63	25.2457571138209	0.275329757318135	1119	24.7055363875536	25.7859778400882	CD
WGN36	25.8897090517242	0.281589125866687	1119	25.3372069046029	26.4422111988456	DE
WGN38	25.9672812500001	0.306985346323306	1119	25.36494952836	26.5696129716403	DE
WGN46	26.6952108739832	0.276391989898318	1119	26.1529059557945	27.2375157921719	E

stp18

WGN15	11.9554757417098	0.181133796112741	1145	11.6000843521483	12.3108671312713	A
WGN07	12.7146341463418	0.180489226993234	1145	12.3605074258811	13.0687608668025	AB
WGN26	13.343635107621	0.187210864990283	1145	12.9763202780434	13.7109499371987	BC
WGN36	13.5609541433477	0.18673735863032	1145	13.1945683512376	13.9273399354577	C
WGN63	13.667942223925	0.182642878687406	1145	13.3095899570194	14.0262944908307	C
WGN45	13.7061074629514	0.192605217635212	1145	13.3282087085436	14.0840062173593	C
WGN38	13.8975247524746	0.203362983600544	1145	13.4985188525365	14.2965306524126	CD
WGN55	14.1393951355995	0.179683563124178	1145	13.7868491582584	14.4919411129405	CD
WGN46	14.7130081300812	0.183354314414888	1145	14.3532599992495	15.0727562609128	DE
WGN39	15.290530901133	0.178989340869904	1145	14.9393470142296	15.6417147880365	E

tli17

WGN55	42.076045278976	0.494987805634668	1125	41.1048421287458	43.0472484292061	A
WGN15	43.1089634103023	0.491186503557453	1125	42.1452186994728	44.0727081211318	AB
WGN45	44.6310924369745	0.526087910030278	1125	43.5988685524603	45.6633163214887	BC
WGN26	46.6222660255019	0.518616988987211	1125	45.6047006476611	47.6398314033427	CD
WGN63	48.70260509177	0.510920054856068	1125	47.7001416752103	49.7050685083298	DE
WGN38	49.3834472612445	0.558022283097554	1125	48.288565744824	50.478328777665	EF
WGN07	49.8139344262295	0.507241512834932	1125	48.8186885846453	50.8091802678136	EF
WGN39	51.0814218049568	0.49496751827918	1125	50.1102584600378	52.0525851498759	FG
WGN46	53.1905760371988	0.508986261198131	1125	52.1919068686409	54.1892452057567	GH
WGN36	54.1753521773756	0.541756904789163	1125	53.1123845515055	55.2383198032457	H

tli18

WGN15	15.9691079928939	0.311131527692404	1125	15.3586446311888	16.579571354599	A
WGN55	16.3874245820295	0.314735392496177	1125	15.7698901676428	17.0049589964163	AB
WGN38	16.6598686689276	0.355187880160815	1125	15.9629634437708	17.3567738940845	ABC
WGN45	17.1692310849741	0.331965865511412	1125	16.5178891919346	17.8205729780136	ABC
WGN63	17.6726707244872	0.323631321391681	1125	17.0376818312846	18.3076596176898	BCD
WGN36	17.8337542873766	0.341867753918271	1125	17.1629841476117	18.5045244271416	BCD
WGN26	18.1845204990831	0.329970954779336	1125	17.5370927703227	18.8319482278434	CD
WGN39	18.9017698553666	0.313526530156997	1125	18.2866073194355	19.5169323912977	DE
WGN07	19.0592376903593	0.321305686578558	1125	18.4288118668548	19.6896635138639	DE
WGN46	20.2673861716418	0.321170227608597	1125	19.6372261287824	20.8975462145011	E

floret_site_utilization
stp17

WGN38	0.434389813570698	0.00504505293072565	1095	0.424490749746529	0.444288877394867	A
WGN63	0.452586950382667	0.00455567292548017	1095	0.443648115117587	0.461525785647748	AB
WGN07	0.465197539486632	0.00445080848691479	1095	0.456464462175828	0.473930616797435	BC
WGN45	0.465826782662908	0.00503463426278686	1095	0.455948161648815	0.475705403677001	BC
WGN36	0.46677391547101	0.00464448490702806	1095	0.457660819304059	0.475887011637961	BC
WGN26	0.482353774088976	0.00485902030185241	1095	0.472819730987459	0.491887817190492	CD
WGN15	0.48867051246599	0.00450203579646882	1095	0.479836920370945	0.497504104561034	DE
WGN46	0.492150582006965	0.00455554697291174	1095	0.483211993877551	0.50108917013638	DE
WGN55	0.504057419746575	0.00446401716620737	1095	0.495298425252911	0.51281641424024	EF
WGN39	0.522923242842963	0.00448069045624161	1095	0.514131533140068	0.531714952545859	F

stp18

WGN38	0.553851037692337	0.00856063191242662	1077	0.537053630398206	0.570648444986469	A
WGN07	0.581500191422775	0.00767322514069073	1077	0.566444026262741	0.596556356582809	AB
WGN63	0.586806256529464	0.00794060722246026	1077	0.571225442514465	0.602387070544464	ABC
WGN15	0.594221860283267	0.00773370395723302	1077	0.579047025459064	0.609396695107471	BC
WGN45	0.608140345914684	0.00828379144293838	1077	0.591886146431501	0.624394545397866	BC
WGN39	0.612556073836495	0.0076698438230982	1077	0.597506543393311	0.62760560427968	BCD
WGN26	0.613390175718431	0.008077687811885	1077	0.597540386408588	0.629239965028273	BCD
WGN46	0.61978088676473	0.00791001809870095	1077	0.604260093782735	0.635301679746725	CD
WGN36	0.62177197275641	0.00795553738351597	1077	0.606161863240939	0.63738208227188	CD
WGN55	0.6456655905243	0.00769366106756608	1077	0.63056932662031	0.66076185442829	D

tli17

WGN38	0.328394057977327	0.00463484395908194	1103	0.319299951616673	0.337488164337981	A
WGN36	0.343614387639034	0.0045115048546236	1103	0.334762287038288	0.352466488239779	AB
WGN63	0.350365030914466	0.00427354829704246	1103	0.341979828932738	0.358750232896195	BC
WGN07	0.364429453171613	0.00424129486180876	1103	0.356107536205108	0.372751370138117	CD
WGN45	0.378400355849536	0.00440199906662149	1103	0.369763118422608	0.387037593276464	DE
WGN46	0.379127635455803	0.00422283869067983	1103	0.370841931657367	0.38741333925424	DE
WGN39	0.379490069497972	0.00415361736171954	1103	0.371340186049378	0.387639952946565	DE
WGN15	0.389085988936512	0.00405973764088698	1103	0.381120308488903	0.39705166938412	E
WGN26	0.393831602482177	0.00431785850821234	1103	0.38535945867958	0.402303746284773	E
WGN55	0.395742327838825	0.00413799281903783	1103	0.387623101571841	0.403861554105809	E

tli18

WGN15	0.0124621836102016	0.00212140860246315	716	0.00829725874805864	0.0166271084723446	A
WGN63	0.0169196398863824	0.00196546166593783	716	0.0130608829507554	0.0207783968220094	AB
WGN39	0.0185626911257672	0.00199790268274999	716	0.0146402433022475	0.022485138949287	ABC
WGN07	0.0234522415470057	0.00192623515457358	716	0.019670497343507	0.0272339857505044	BCD
WGN45	0.0258963691399265	0.00191365963436271	716	0.0221393142380172	0.0296534240418358	CDE
WGN55	0.0265507751020911	0.00188778172518773	716	0.0228445258522273	0.0302570243519548	CDE
WGN36	0.0272424070910628	0.00192552842576785	716	0.0234620503960197	0.0310227637861059	CDE
WGN38	0.0293443615218251	0.00208658273949687	716	0.0252478096748313	0.0334409133688189	DE
WGN26	0.0336832443259699	0.00194865622312623	716	0.029857481225903	0.0375090074260369	EF
WGN46	0.0417378115314323	0.00177598062865591	716	0.0382510594430392	0.0452245636198253	F

florets_per_spikelet
stp17

WGN39	8.36545406525987	0.0554269575231132	1111	8.25670074706066	8.47420738345907	A
WGN63	8.51257896121346	0.0561299300434365	1111	8.40244633955608	8.62271158287084	AB
WGN45	8.53672132381447	0.0627493519622301	1111	8.41360072427775	8.6598419233512	AB
WGN55	8.63000432979966	0.055005465160168	1111	8.52207802241098	8.73793063718834	B
WGN26	8.64599175911741	0.0600893144145617	1111	8.52809042332474	8.76389309491008	B
WGN15	8.66761852596857	0.0561112479989887	1111	8.5575225603792	8.77771449155795	B
WGN07	9.03658536579692	0.0552520755911285	1111	8.92817518370416	9.14499554788968	C
WGN36	9.12006687744814	0.057406011189772	1111	9.00743045502021	9.23270329987606	CD
WGN46	9.2735208172511	0.0563464772097078	1111	9.16296330806731	9.3840783264349	CD
WGN38	9.38630545546752	0.0625833783955836	1111	9.26351051291998	9.50910039801507	D

stp18

WGN45	5.8540439401386	0.058297084293937	1089	5.73965662162852	5.96843125864867	A
WGN63	5.97594726633283	0.0556770454294579	1089	5.86670084335347	6.0851936893122	AB
WGN39	5.97755474006633	0.0537767525677286	1089	5.87203696676935	6.0830725133633	A
WGN55	6.02656485123539	0.0537445546335938	1089	5.92111025494618	6.13201944752459	ABC
WGN15	6.02807536747088	0.0540115571067436	1089	5.92209687367789	6.13405386126387	ABC
WGN26	6.22739169215504	0.0566394354444382	1089	6.11625692065005	6.33852646366003	BCD
WGN07	6.24510888327469	0.053794804291136	1089	6.13955568988321	6.35066207666617	CD
WGN36	6.39786531045509	0.0559869646011923	1089	6.28801078119667	6.50771983971351	DE
WGN46	6.52518025408258	0.0548511220532451	1089	6.41755441232857	6.63280609583659	E
WGN38	6.53584491478816	0.060245419702802	1089	6.41763468016354	6.65405514941278	E

tli17

WGN39	7.86596396240645	0.0580413648947051	1116	7.75208146794615	7.97984645686675	A
WGN63	7.96386347477475	0.0596817928561451	1116	7.84676230982711	8.08096463972238	A
WGN55	8.08156413863962	0.0580437266839739	1116	7.96767701013162	8.19545126714762	AB
WGN15	8.25088749623914	0.0571599852102931	1116	8.13873434975695	8.36304064272133	BC
WGN26	8.31120427587576	0.0605725913221068	1116	8.19235528243461	8.4300532693169	BC
WGN45	8.37500442562126	0.0617422285895722	1116	8.25386049632059	8.49614835492193	C
WGN36	8.88002423364395	0.0632843452561007	1116	8.75585452965566	9.00419393763223	D
WGN07	8.93897710967864	0.059029150664692	1116	8.82315648871697	9.05479773064032	D
WGN46	8.97741361018531	0.0592313699659918	1116	8.86119621636169	9.09363100400892	D
WGN38	9.26009573486048	0.0649377667766357	1116	9.13268186582723	9.38750960389372	E

tli18

WGN15	4.55246240609226	0.0616033166399133	961	4.4315698651717	4.67335494701282	A
WGN63	4.56952056956856	0.0621831135869963	961	4.44749021448516	4.69155092465196	A
WGN45	4.61576635307546	0.0644449251114608	961	4.48929733856283	4.74223536758809	AB
WGN55	4.67620092619403	0.0603675688514669	961	4.55773346071146	4.79466839167659	AB
WGN26	4.74467752747109	0.0637490513590809	961	4.61957412037497	4.86978093456721	ABC
WGN39	4.80810028391739	0.0604597070250286	961	4.68945200320401	4.92674856463078	ABCD
WGN07	4.85480499417499	0.0614721234618796	961	4.73416991141592	4.97544007693405	BCD
WGN36	4.95613908220993	0.0635728278774222	961	4.83138150234568	5.08089666207418	CDE
WGN38	5.07971257972244	0.0673917082074038	961	4.94746069319185	5.21196446625303	DE
WGN46	5.23391613558812	0.0605919793846846	961	5.11500827888882	5.35282399228742	E

height
stp17

WGN07	102.621951219513	0.369083779060558	1122	101.897779114505	103.346123324522	A
WGN38	108.061576135352	0.418056800919065	1122	107.241315016575	108.881837254129	B
WGN36	113.791510578193	0.383471840347437	1122	113.039107937951	114.543913218436	C
WGN46	114.243261733598	0.376394367419546	1122	113.504745665345	114.98177780185	C
WGN26	117.714696497477	0.393163861940017	1122	116.943277330157	118.486115664797	D
WGN45	119.297708002634	0.408735735254555	1122	118.495735565523	120.099680439746	DE
WGN55	119.771092170915	0.36743637197247	1122	119.050152411315	120.492031930514	E
WGN15	124.247782724842	0.371838051023146	1122	123.518206516381	124.977358933304	F
WGN39	125.986003335737	0.368853110757583	1122	125.262283820519	126.709722850954	G
WGN63	129.826484662888	0.374947794233005	1122	129.090806887753	130.562162438024	H

stp18

WGN07	120.06050176031	0.479950335642172	1126	119.118804153259	121.002199367362	A
WGN38	130.148514851484	0.540860321942609	1126	129.08730740334	131.209722299628	B
WGN46	132.418699186992	0.491411305432507	1126	131.454514320271	133.382884053713	B
WGN36	135.301666768656	0.496643402360896	1126	134.327216145686	136.276117391627	C
WGN26	136.602677860442	0.508727501899451	1126	135.604517351732	137.600838369152	CD
WGN45	136.656329224235	0.537640496619436	1126	135.601439308504	137.711219139967	CD
WGN39	137.73807763271	0.476036672619326	1126	136.804058918305	138.672096347114	D
WGN15	137.991846037155	0.483754607645815	1126	137.042684170623	138.941007903686	D
WGN55	140.218218757481	0.477883093928763	1126	139.280577229632	141.15586028533	E
WGN63	145.731689282287	0.485753553055928	1126	144.778605338887	146.684773225686	F

tli17

WGN07	96.7571147196875	0.587981243900284	1130	95.6034569759181	97.9107724634569	A
WGN38	100.513892238029	0.652144642413363	1130	99.2343417003502	101.793442775709	B
WGN36	107.658408030732	0.630743738764787	1130	106.420847468879	108.895968592584	C
WGN46	110.668700984092	0.594837716971658	1130	109.501590390702	111.835811577481	D
WGN26	111.282518528101	0.603850681566604	1130	110.09772390736	112.467313148842	DE
WGN45	113.884375921014	0.614339043686231	1130	112.679002446263	115.089749395765	E
WGN55	117.238098746718	0.578478016394014	1130	116.10308695827	118.373110535167	F
WGN39	119.565474436164	0.578454411951109	1130	118.43050896118	120.700439911148	FG
WGN15	121.009000884176	0.574035673687096	1130	119.882705263322	122.135296505029	GH
WGN63	123.270327000352	0.594837716971669	1130	122.103216406962	124.437437593742	H

tli18

WGN07	82.4246571353716	0.508976806436266	1125	81.4260065177647	83.4233077529786	A
WGN38	89.4526077829826	0.562649216869454	1125	88.3486478759351	90.5565676900301	B
WGN55	89.7814464743878	0.498568875798637	1125	88.8032169962666	90.7596759525089	B
WGN36	90.1720884118345	0.541548951298531	1125	89.1095288062891	91.2346480173799	B
WGN46	90.5622283354291	0.508762227370876	1125	89.5639987380208	91.5604579328373	B
WGN26	93.244638645432	0.522703362547722	1125	92.2190554965879	94.2702217942761	C
WGN39	93.9221573768656	0.496653930254509	1125	92.9476851653353	94.8966295883959	C
WGN15	96.49323268206	0.492860033175301	1125	95.5262043807696	97.4602609833504	D
WGN45	97.1147402122498	0.525863478711085	1125	96.0829566787942	98.1465237457054	DE
WGN63	99.2207649207948	0.512660818981248	1125	98.2148859946347	100.226643846955	E

reproductive_tiller_ct
stp17

WGN45	39.3096606326085	0.992661878622236	1141	37.3861377625517	41.2814328502038	A
WGN26	42.6873328659753	1.00793544441823	1141	40.7326225873734	44.6878525300828	A
WGN07	58.2275217581464	1.13538006464571	1141	56.0211611805175	60.4764953518781	B
WGN36	62.8815841713048	1.22606970373424	1141	60.4989871683794	65.3101956945936	B
WGN15	70.7959696166962	1.26185578424922	1141	68.341797010618	73.2934333568568	C
WGN55	75.3136247392268	1.28569867236193	1141	72.8121490952016	77.8573470931376	CD
WGN38	75.5315144014727	1.45799486832256	1141	72.6979482778161	78.4192521484569	CD
WGN46	79.7177430823423	1.35500520515103	1141	77.0813274090574	82.3984905166946	DE
WGN63	84.8530666618443	1.39259505847748	1141	82.1427279369222	87.6073970324103	E
WGN39	98.1598839500993	1.46780863582594	1141	95.3011003136092	101.060914296475	F

stp18

WGN26	105.926734098753	2.26473105827915	1123	101.529755174379	110.416916159048	A
WGN45	120.718856701982	2.51910938467334	1123	115.826759079201	125.712140638191	B
WGN36	140.45030165272	2.55164826716386	1123	135.488383144167	145.501452397419	C
WGN07	141.239023334591	2.46346014971779	1123	136.446873940763	146.113879146448	C
WGN46	159.833526751986	2.6619529453021	1123	154.653234005649	165.09915617024	D
WGN38	161.830922489498	2.95929161753523	1123	156.076641446633	167.689367341602	D
WGN15	170.902559129696	2.71900500151875	1123	165.609291055879	176.279094465111	D
WGN55	189.055431251014	2.81518461801987	1123	183.57216329029	194.61939064669	E
WGN63	196.458412155837	2.9397578080548	1123	190.732713589474	202.268785742772	E
WGN39	200.946866161489	2.91358869840612	1123	195.270834131141	206.704214580969	E

tli17

WGN45	66.8672863673014	1.3615806661112	1125	64.2224467033022	69.5654932073431	A
WGN26	67.2198425026553	1.33682897130418	1125	64.6224712839879	69.8683884297034	A
WGN07	81.6860775848009	1.44670103525526	1125	78.8722010912131	84.5492726751465	B
WGN36	89.0469363432244	1.61325837401031	1125	85.9097319498709	92.2403994820336	C
WGN38	95.7562276757551	1.72315775064487	1125	92.4051069078886	99.1670360573308	CD
WGN46	96.8028099155068	1.58030175917558	1125	93.7269687265592	99.9283095650779	D
WGN15	100.519588087917	1.55403843975107	1125	97.4935712583386	103.591850897085	D
WGN55	101.992206162754	1.57749493951533	1125	98.920525207143	105.110851664842	D
WGN63	114.836353436167	1.72775687031529	1125	111.471383300484	118.251360084479	E
WGN39	120.883078426419	1.71731291967544	1125	117.537062196259	124.276055353398	E

tli18

WGN07	59.9137056361602	2.0627995951784	1087	55.9345443135332	64.0295837215063	A
WGN26	61.4340982649603	2.16587884106368	1087	57.2578175759044	65.7573706164844	AB
WGN55	63.9849194327074	2.08666414736223	1087	59.9560724273725	68.1447634391336	AB
WGN39	70.9162065931036	2.22235690316537	1087	66.6226443012836	75.3438340628848	BC
WGN36	71.5295927316014	2.38740716749617	1087	66.9218403933302	76.2907365037096	BC
WGN45	79.8163996311412	2.46964964341236	1087	75.044129561589	84.7357696191297	CD
WGN46	80.5854884074012	2.39878439534793	1087	75.9474438672682	85.3609876050898	CD
WGN38	84.9951620619987	2.70920853170255	1087	79.7624097491604	90.3941501663154	DE
WGN15	90.127055363943	2.45870206347659	1087	85.3672756675167	95.0159541638815	DE
WGN63	92.6567088967464	2.58157290885631	1087	87.6605090030202	97.7913692574989	E

seeds_per_spike
stp17

WGN07	4.17410219796015	0.0301774716281585	1094	4.11488993122018	4.23331446470013
WGN15	4.21561170188719	0.0304040655245033	1094	4.15595482738161	4.27526857639277
WGN26	4.14137012945339	0.0328149235266732	1094	4.07698282660525	4.20575743230153
WGN36	4.2097283160845	0.0313660832465347	1094	4.14818383314481	4.27127279902419
WGN38	4.0419770712091	0.0340712779720362	1094	3.97512463160413	4.10882951081407
WGN39	4.33763227842937	0.0302599097941374	1094	4.27825825689649	4.39700629996225
WGN45	3.95812813088406	0.034000916357341	1094	3.89141375025066	4.02484251151746
WGN46	4.52806381829108	0.0307654457566893	1094	4.46769786706209	4.58842976952006
WGN55	4.32161872605082	0.0301473088168629	1094	4.26246564281203	4.38077180928961
WGN63	3.83037298317805	0.0307662971419729	1094	3.77000536141639	3.89074060493971

stp18

WGN07	3.57936026330148	0.0326913462252454	1112	3.51521658573999	3.64350394086296
WGN15	3.54777738788035	0.0329492133018804	1112	3.48312774942929	3.6124270263314
WGN26	3.7818089114123	0.0341733448851938	1112	3.71475740486344	3.84886041796117
WGN36	3.92826817109034	0.0340009888358022	1112	3.86155484427815	3.99498149790253
WGN38	3.58184427449892	0.0367240384299058	1112	3.50978805314991	3.65390049584793
WGN39	3.6055000813125	0.03242087373235	1112	3.54188709772287	3.66911306490213
WGN45	3.52619784584876	0.0351434778381312	1112	3.45724284181477	3.59515284988275
WGN46	3.98919099986693	0.0335906582055153	1112	3.92328278262292	4.05509921711093
WGN55	3.82749356930272	0.032912999881119	1112	3.76291498519028	3.89207215341515
WGN63	3.461297333553	0.0334658839951352	1112	3.39563393573807	3.52696073136793

tli17

WGN07	3.20768894471656	0.0289521773050031	1103	3.150881383964	3.26449650546913
WGN15	3.19692747281267	0.0277128206881199	1103	3.14255167481032	3.25130327081503
WGN26	3.24291914969314	0.0294748205868349	1103	3.18508610164573	3.30075219774056
WGN36	3.01729844673421	0.0307967007056303	1103	2.95687171516638	3.07772517830204
WGN38	3.00584092312446	0.0316386453799027	1103	2.94376219755528	3.06791964869364
WGN39	2.95254952735058	0.0283536679792066	1103	2.89691631195132	3.00818274274984
WGN45	3.14671646409898	0.0300491858325869	1103	3.0877564442094	3.20567648398857
WGN46	3.36943731968357	0.0288261907003674	1103	3.31287695939615	3.42599767997098
WGN55	3.16354160504954	0.0282470108037986	1103	3.10811766351275	3.21896554658632
WGN63	2.77271374878759	0.0291723476081782	1103	2.71547418812905	2.82995330944613

tli18

WGN07	0.115208515726601	0.0102748318318342	717	0.095036163525184	0.135380867928017
WGN15	0.0581170152001523	0.0113159061283612	717	0.0359007446435642	0.0803332857567404
WGN26	0.160605564267053	0.0103601031471176	717	0.140265800760739	0.180945327773368
WGN36	0.135267659903819	0.010271079512454	717	0.115102674548824	0.155432645258814
WGN38	0.149677908945879	0.0111301568490868	717	0.127826315879299	0.17152950201246
WGN39	0.0939848270289975	0.0106571306560845	717	0.0730619159225611	0.114907738135434
WGN45	0.117046981770848	0.010207751679053	717	0.0970063265635797	0.137087636978117
WGN46	0.22590666636568	0.00947336843031279	717	0.207307809699435	0.244505523031924
WGN55	0.126172054507962	0.0100697061974712	717	0.106402420969939	0.145941688045985
WGN63	0.077527029192447	0.0104840744729262	717	0.0569438754985344	0.0981101828863597

spikelet_density
stp17

WGN26	0.720102636286641	0.00323525781248186	1103	0.713754681768519	0.726450590804763	A
WGN15	0.735004650772539	0.003032490557407	1103	0.729054549342976	0.740954752202103	B
WGN39	0.738374355056735	0.00298423292394095	1103	0.732518940752634	0.744229769360836	B
WGN63	0.747769700316829	0.00303382494636128	1103	0.741816980659946	0.753722419973712	B
WGN36	0.770083524847353	0.00309078783648636	1103	0.764019037332484	0.776148012362223	C
WGN45	0.770446626258048	0.00338221842255642	1103	0.763810317821079	0.777082934695017	C
WGN55	0.816156725212881	0.0029954845984445	1103	0.810279233806385	0.822034216619377	D
WGN38	0.820978288288233	0.00338535380556108	1103	0.814335827862809	0.827620748713657	D
WGN46	0.823655790865848	0.00304537566542658	1103	0.817680407346136	0.829631174385561	D
WGN07	0.897631290123382	0.00298670314235927	1103	0.891771028961603	0.903491551285161	E

stp18

WGN26	0.737091668896254	0.00446280180340256	1123	0.728335300689857	0.745848037102652	A
WGN15	0.774007333595265	0.00426961849863072	1123	0.765630006229673	0.782384660960856	B
WGN63	0.78457677025681	0.00435385027907546	1123	0.776034173511858	0.793119367001761	BC
WGN36	0.802953409242889	0.00443871632432949	1123	0.794244298641127	0.811662519844651	CD
WGN39	0.80467870730734	0.00421779570046324	1123	0.796403060348415	0.812954354266266	D
WGN45	0.84047993305899	0.00458949624281606	1123	0.831474980395994	0.849484885721987	E
WGN38	0.840834874691721	0.00479590704805638	1123	0.831424927791453	0.850244821591989	E
WGN55	0.891450461403672	0.00426614087420528	1123	0.883079957410772	0.899820965396572	F
WGN46	0.911450490311891	0.00432062441333724	1123	0.902973085329244	0.919927895294538	G
WGN07	0.958238745919355	0.00425267078941608	1123	0.949894671292441	0.966582820546269	H

tli17

WGN39	0.633424361788655	0.00323640609186471	1114	0.627074223091762	0.639774500485549	A
WGN26	0.638960890714387	0.00337754812858865	1114	0.632333817824528	0.645587963604246	A
WGN15	0.66458518471853	0.00318726000601523	1114	0.658331475348703	0.670838894088357	B
WGN63	0.683238479308494	0.00334041984922179	1114	0.67668425565846	0.689792702958529	C
WGN36	0.688470547428972	0.00354207987607393	1114	0.681520647493644	0.6954204473643	C
WGN46	0.705823499980727	0.00330276117680573	1114	0.699343166252475	0.712303833708979	D
WGN38	0.714318969762071	0.00362095195631686	1114	0.707214315251873	0.72142362427227	DE
WGN45	0.728348444335199	0.0034427676064374	1114	0.721593404583851	0.735103484086546	EF
WGN55	0.74076217075603	0.00323653802224295	1114	0.7344117731991	0.747112568312961	F
WGN07	0.803023862570732	0.00329148536221774	1114	0.796565653070566	0.809482072070899	G

tli18

WGN26	0.85486041163137	0.0062345945416121	961	0.842625421425395	0.867095401837345	A
WGN15	0.855569017470926	0.00604460897607218	961	0.843706861699996	0.867431173241856	A
WGN39	0.88312440399323	0.00593239630116573	961	0.871482458368975	0.894766349617485	B
WGN63	0.921540695443045	0.00612302570243912	961	0.909524651897588	0.933556738988501	C
WGN36	0.943318490703437	0.00623786034554497	961	0.9310770915676	0.955559889839274	CD
WGN38	0.964085735646218	0.00661257455867825	961	0.951108984003154	0.977062487289283	DE
WGN45	0.966379308369125	0.00632343182215388	961	0.953969980722263	0.978788636015988	DE
WGN46	0.971294966493113	0.00594537506166262	961	0.95962755088737	0.982962382098857	E
WGN55	0.989884603608637	0.00592335556665166	961	0.978260399843535	1.00150880737374	EF
WGN07	1.01242137276167	0.00603173610647975	961	1.00058447916815	1.02425826635519	F

spikelets_per_spike
stp17

WGN26	19.6567824687619	0.118807222593414	1111	19.4236706354509	19.8898943020729	A
WGN15	19.8525590817669	0.110941880365256	1111	19.6348798484814	20.0702383150524	A
WGN45	20.7503389811514	0.124066588191311	1111	20.5069077385501	20.9937702237527	B
WGN39	21.0681502417114	0.109588916836254	1111	20.8531256602372	21.2831748231857	BC
WGN63	21.102332767932	0.11097881807764	1111	20.8845810591044	21.3200844767595	BC
WGN36	21.3966137434879	0.113501856629124	1111	21.1739115768564	21.6193159101193	C
WGN38	22.232535971223	0.123738429039069	1111	21.9897486101967	22.4753233322494	D
WGN07	22.3611111111111	0.10924314426714	1111	22.146764970524	22.5754572516982	D
WGN46	22.5301344290422	0.111406970198125	1111	22.3115426422837	22.7487262158007	D
WGN55	22.7123301358912	0.108755551745064	1111	22.498940701338	22.9257195704444	D

stp18

WGN15	18.9278014148775	0.116907652558902	1123	18.6984194039688	19.1571834257861	A
WGN26	18.9932952748123	0.122197260209258	1123	18.7535346375845	19.2330559120401	A
WGN45	19.8025054109175	0.125666317107155	1123	19.5559382111613	20.0490726106738	B
WGN63	20.1170332677525	0.119214027174291	1123	19.8831259684166	20.3509405670885	BC
WGN36	20.5398579069006	0.121537768776922	1123	20.3013912437422	20.778324570059	CD
WGN39	20.8543832024707	0.115488677611903	1123	20.6277853320322	21.0809810729091	D
WGN55	21.0178000668436	0.116812430723936	1123	20.7886048886658	21.2469952450214	D
WGN38	21.6311169150725	0.13131811075364	1123	21.3734604515812	21.8887733785639	E
WGN07	21.6424731182795	0.116443602456723	1123	21.414001610176	21.870944626383	E
WGN46	22.024331775791	0.118304260184825	1123	21.7922095108556	22.2564540407265	E

tli17

WGN26	25.2292255539044	0.131739292956067	1115	24.970740696838	25.4877104109708	A
WGN15	25.8295543608124	0.124317216886557	1115	25.5856323135874	26.0734764080373	B
WGN39	26.1900376438906	0.126234130155728	1115	25.9423544329212	26.43772085486	B
WGN36	27.1156570572242	0.137637087103161	1115	26.8456001745084	27.38571393994	C
WGN63	27.2039258967859	0.130291124107176	1115	26.9482824829178	27.459569310654	C
WGN45	27.6737326104126	0.134283138483261	1115	27.4102564896713	27.9372087311539	C
WGN38	27.7180089424713	0.141233113808312	1115	27.4408963178578	27.9951215670848	C
WGN46	28.7457066954181	0.128822271492883	1115	28.4929453082372	28.998468082599	D
WGN55	28.7667501090442	0.126239271412336	1115	28.5190568104468	29.0144434076416	D
WGN07	28.7969010125939	0.12838246489099	1115	28.5450025672436	29.0487994579442	D

tli18

WGN15	21.7339046363438	0.121917230073314	961	21.4946499252426	21.973159347445	A
WGN26	22.5803057155513	0.125749159317418	961	22.3335310901303	22.8270803409724	B
WGN36	23.6657070113591	0.125815029214201	961	23.4188031205085	23.9126109022098	C
WGN07	23.8082262590459	0.121657589687977	961	23.569481075477	24.0469714426148	C
WGN38	23.8378833378835	0.133372857870322	961	23.5761476951091	24.0996189806578	C
WGN39	24.0251743679164	0.119653947442821	961	23.7903612031953	24.2599875326376	C
WGN63	24.082849378304	0.123498862583863	961	23.8404908152767	24.3252079413312	C
WGN45	25.1349824400672	0.127540970038965	961	24.8846915015191	25.3852733786154	D
WGN55	25.1957850707851	0.119471599616163	961	24.9613297519284	25.4302403896418	D
WGN46	25.216160832964	0.119915723603337	961	24.9808339493893	25.4514877165387	D

stem_diameter
stp17

WGN15	2.12324284930938	0.0147811850304185	1111	2.09424066353536	2.15224503508341	A
WGN45	2.22864958037274	0.0165101650098609	1111	2.19625496033447	2.26104420041101	B
WGN07	2.23934281843903	0.0145548563211763	1111	2.21078471257185	2.2679009243062	B
WGN26	2.28817971937067	0.0158914769886415	1111	2.25699902804587	2.31936041069547	BC
WGN63	2.33514237390849	0.0147861063744551	1111	2.3061305319578	2.36415421585919	CD
WGN36	2.34054618374992	0.0151222598590149	1111	2.31087477453261	2.37021759296722	CD
WGN38	2.36969178658244	0.0164861151530699	1111	2.33734435480499	2.40203921835989	D
WGN55	2.37476861369242	0.0144898926188795	1111	2.34633797320496	2.40319925417988	D
WGN39	2.39132620093743	0.0145457642942945	1111	2.36278593455011	2.41986646732474	D
WGN46	2.49237461248886	0.0148431506186421	1111	2.46325084393932	2.52149838103839	E

stp18

WGN15	1.59559124113315	0.0111925138322598	1114	1.5736304571078	1.61755202515849	A
WGN07	1.6458340445645	0.0112348979017372	1114	1.6237900989358	1.66787799019321	AB
WGN45	1.66202855138595	0.0121267714963152	1114	1.63823466435159	1.68582243842031	BC
WGN55	1.68469576721826	0.0111824131756047	1114	1.66275480164859	1.70663673278793	BCD
WGN38	1.70904156948505	0.012531814635018	1114	1.68445294902233	1.73363018994778	CDE
WGN36	1.7206103809355	0.0115913245706271	1114	1.6978670920481	1.74335366982289	DE
WGN63	1.76066923960257	0.0113759976655761	1114	1.73834844272435	1.78299003648079	EF
WGN26	1.76172238417077	0.0116542144473215	1114	1.73885569932246	1.78458906901909	EFG
WGN39	1.80991129857537	0.0110143989791083	1114	1.78829999294964	1.8315226042011	FG
WGN46	1.81191056911384	0.011326199764057	1114	1.78968748048745	1.83413365774023	G

tli17

WGN15	3.00270502841528	0.0163544486662156	1114	2.97061603389671	3.03479402293385	A
WGN39	3.14608790664029	0.0166066267554378	1114	3.11350411456004	3.17867169872054	B
WGN63	3.15399229527834	0.017140341498529	1114	3.12036130375926	3.18762328679741	B
WGN07	3.15972341886741	0.0168892491639838	1114	3.12658509455536	3.19286174317946	B
WGN55	3.17626334021942	0.0166073037157717	1114	3.14367821987817	3.20884846056068	B
WGN36	3.19167573839424	0.0181067336125594	1114	3.15614859299784	3.22720288379063	B
WGN26	3.20020658181042	0.0173308538940741	1114	3.16620178672626	3.23421137689457	B
WGN45	3.20327498034122	0.017665507672085	1114	3.16861356249543	3.23793639818701	B
WGN38	3.22497489088531	0.0186712232155362	1114	3.18834016282774	3.26160961894287	B
WGN46	3.35423108754732	0.0169471075534788	1114	3.3209792395341	3.38748293556055	C

tli18

WGN15	1.78947877895764	0.0149274057629676	958	1.76018459097004	1.81877296694523	A
WGN36	1.93386982970403	0.0154106967112108	958	1.90362721061492	1.96411244879314	B
WGN38	1.9429045231668	0.0162763724358679	958	1.91096306451929	1.97484598181431	B
WGN07	1.95275323084367	0.0148466879507808	958	1.92361744698882	1.98188901469851	B
WGN63	1.9534301470745	0.0150688052862495	958	1.92385847053449	1.98300182361451	B
WGN45	1.98619409196359	0.0155646854356821	958	1.95564927872807	2.01673890519911	BC
WGN39	1.98625035038609	0.0146021543156328	958	1.95759444993437	2.01490625083782	BC
WGN55	2.0223088217657	0.0145799365447622	958	1.9936965224304	2.050921121101	C
WGN26	2.03000711549674	0.0153459859626578	958	1.999891487585	2.06012274340848	C
WGN46	2.12638700379111	0.0146873734587206	958	2.0975638655998	2.15521014198242	D

thousand_grain_weight
stp17

WGN07	8.42972164918224	0.0445935078791887	1108	8.34222440074657	8.51721889761792	A
WGN55	9.15020446705882	0.0443870741877724	1108	9.0631122636811	9.23729667043654	B
WGN46	9.16184339146819	0.0452958060641307	1108	9.07296815861984	9.25071862431653	B
WGN45	9.17587476204785	0.0503829189592074	1108	9.07701806772743	9.27473145636828	B
WGN38	9.33793025698838	0.0503095280239274	1108	9.23921756355963	9.43664295041714	BC
WGN36	9.43301768446251	0.0461475512908358	1108	9.34247123606622	9.52356413285879	C
WGN15	9.49747642819727	0.044935970804086	1108	9.40930723074827	9.58564562564626	C
WGN26	9.75443398509823	0.0484949118195344	1108	9.6592817634153	9.84958620678115	D
WGN39	9.99583145118576	0.0443870741877705	1108	9.90873924780804	10.0829236545635	E
WGN63	10.7389676886084	0.0454701552204007	1108	10.6497503640035	10.8281850132132	F

stp18

WGN07	7.31804494457859	0.0415384465993206	1134	7.23654409767529	7.3995457914819	A
WGN55	7.95349322425003	0.0413595292732992	1134	7.87234342354104	8.03464302495902	B
WGN45	8.0940313432259	0.0448249955664135	1134	8.00608209619846	8.18198059025334	BC
WGN15	8.21491768154039	0.0417038147531343	1134	8.13309237270627	8.29674299037451	C
WGN46	8.21723230185181	0.0423678675714086	1134	8.13410408278612	8.3003605209175	C
WGN38	8.47499009900981	0.0468100478017816	1134	8.38314606410332	8.5668341339163	D
WGN36	8.49312752164677	0.0431644996518223	1134	8.40843626413021	8.57781877916334	D
WGN26	8.49337733847284	0.0435949430849312	1134	8.40784152591837	8.57891315102731	D
WGN39	8.89311904761903	0.0413589686675609	1134	8.81197034685109	8.97426774838698	E
WGN63	9.49978574191467	0.0425309366972797	1134	9.41633757174463	9.58323391208471	F

tli17

WGN07	6.91164438726752	0.0459435687531788	1114	6.82149870544275	7.00179006909228	A
WGN46	7.220702315068	0.0460968789801404	1114	7.1302558238957	7.3111488062403	B
WGN45	7.42082496389752	0.0478690945236961	1114	7.32690121610694	7.51474871168809	BC
WGN55	7.5305656310058	0.0449997928523752	1114	7.4422717278821	7.61885953412951	CD
WGN38	7.69269852787971	0.0503466139098699	1114	7.59391364978599	7.79148340597343	D
WGN15	7.96955507802677	0.0443164534876701	1114	7.88260195217877	8.05650820387477	E
WGN36	8.1055895237359	0.0490633827712349	1114	8.00932246802886	8.20185657944294	E
WGN26	8.35652313609684	0.0467913335716011	1114	8.26471405850946	8.44833221368422	F
WGN39	8.53622679550149	0.0451731184345796	1114	8.44759281098642	8.62486078001655	F
WGN63	8.93464249797838	0.0462983481573386	1114	8.84380070498609	9.02548429097068	G

tli18

WGN55	5.13246192528734	0.0661381101774568	191	5.00200701688728	5.26291683368741	A
WGN38	5.24693259803921	0.0720621649739209	191	5.10479271672782	5.38907247935061	AB
WGN07	5.24939639136903	0.0708997820576335	191	5.10954926617757	5.38924351656049	AB
WGN46	5.30721238425925	0.0520332092717086	191	5.2045788567652	5.40984591175329	AB
WGN15	5.33868840579711	0.117002437106229	191	5.10790554589494	5.56947126569927	ABC
WGN45	5.45283808210783	0.0672782063119692	191	5.32013437741776	5.58554178679791	BC
WGN36	5.50249251302083	0.0663895389018239	191	5.37154167101881	5.63344335502285	BC
WGN26	5.69586838624338	0.0688213547866949	191	5.56012087984234	5.83161589264442	C
WGN39	6.10649027777779	0.078651557494777	191	5.95135307018336	6.26162748537223	D
WGN63	6.39833108108107	0.0900762470078845	191	6.22065910767713	6.576003054485	D

yield_per_spike
stp17

WGN45	0.705677377708583	0.00751000255636033	1096	0.690941770255249	0.720412985161918	A
WGN26	0.71088308052205	0.00725668298179482	1096	0.696644519212578	0.725121641831521	A
WGN15	0.726031615221222	0.00672354549500074	1096	0.712839139404412	0.739224091038033	A
WGN07	0.73183832399583	0.00664704080109071	1096	0.718795960396604	0.744880687595057	AB
WGN38	0.763510418709581	0.00753451237242377	1096	0.748726719790824	0.778294117628339	BC
WGN36	0.764880107757927	0.00693628519004928	1096	0.751270208829413	0.778490006686441	C
WGN63	0.791929168605363	0.00680364997561628	1096	0.778579517318538	0.805278819892188	C
WGN39	0.838595191678245	0.00666676708080128	1096	0.825514122537689	0.851676260818801	D
WGN55	0.842813439916347	0.00666676708080142	1096	0.829732370775791	0.855894509056904	D
WGN46	0.851668432898258	0.00680346204376078	1096	0.838319150358319	0.865017715438197	D

stp18

WGN15	0.50897428872651	0.00600743046759444	1113	0.497187123309896	0.520761454143124	A
WGN07	0.543312388322687	0.00596041600570218	1113	0.53161746987294	0.555007306772435	B
WGN45	0.547073556333544	0.00640749831262498	1113	0.534501418724129	0.559645693942958	B
WGN26	0.553521852003847	0.00620682762568538	1113	0.541343449884836	0.565700254122858	B
WGN38	0.589155275955618	0.0066956724513709	1113	0.576017712535533	0.602292839375704	C
WGN39	0.602877064511988	0.00591110238749184	1113	0.591278904198397	0.614475224825579	CD
WGN63	0.605536488431306	0.00610163252938289	1113	0.593564489367282	0.61750848749533	CD
WGN55	0.611990542666964	0.00600082863749275	1113	0.600216330685913	0.623764754648016	CD
WGN36	0.627910813600536	0.00619919474349082	1113	0.615747387942013	0.640074239259059	D
WGN46	0.673047697955581	0.00612438198886539	1113	0.661031062229759	0.685064333681403	E

tli17

WGN38	0.550291089659651	0.0059218158944267	1103	0.538671793720551	0.561910385598752	A
WGN15	0.567726234556618	0.00518701796678549	1103	0.557548698160352	0.577903770952883	AB
WGN07	0.572893439453654	0.00543968845077959	1103	0.56222013399247	0.583566744914839	ABC
WGN45	0.578776409438081	0.00562431621649098	1103	0.567740842689713	0.589811976186449	BCD
WGN36	0.582864728583231	0.00576422882663447	1103	0.571554636916856	0.594174820249605	BCD
WGN39	0.588222001771375	0.00530696556974683	1103	0.577809114138117	0.598634889404633	BCD
WGN26	0.594363191750181	0.0055168120803106	1103	0.583538560700461	0.605187822799901	CDE
WGN63	0.601180955795082	0.00543961379695253	1103	0.590507796813444	0.61185411477672	DE
WGN46	0.616635263126635	0.00539540780635488	1103	0.606048841472904	0.627221684780367	EF
WGN55	0.629956829307372	0.00528700251036173	1103	0.619583111533322	0.640330547081421	F

tli18

WGN15	0.00721263662245524	0.00190194740447605	610	0.0034774771459365	0.010947796098974	A
WGN63	0.0133094914360128	0.00174477347504077	610	0.00988299963905781	0.0167359832329678	AB
WGN39	0.0148576211583203	0.00171597736195266	610	0.0114876809118629	0.0182275614047777	ABC
WGN07	0.0158492149735737	0.00164444116707783	610	0.0126197618381541	0.0190786681089933	BC
WGN45	0.0167091448190323	0.00162725694398205	610	0.0135134391014392	0.0199048505366254	BC
WGN55	0.0174859639419587	0.00162448732247287	610	0.0142956973747869	0.0206762305091305	BC
WGN36	0.0184712592603068	0.00163739942043436	610	0.015255635133326	0.0216868833872876	BC
WGN38	0.0201396736329622	0.00177546527975554	610	0.0166529074115084	0.0236264398544161	BC
WGN26	0.0218722310473966	0.00161745836912583	610	0.0186957683644134	0.0250486937303797	C
WGN46	0.0314429421777688	0.00146674807296023	610	0.028562453499959	0.0343234308555786	D

