	rachis_breaks_mean
famID	STP_2017	STP_2018	TLI_2017	TLI_2018
1	WGN07	0.33	0	0	0
2	WGN15	0.4	0	0.5	0
3	WGN26	1	0.33	0.17	0
4	WGN36	0.83	1.33	0.33	0.4
5	WGN38	0.4	0.4	0.17	0.17
6	WGN39	1	0.67	0.5	0
7	WGN45	0	0.17	0	0
8	WGN46	0.6	0.75	0.33	0.5
9	WGN55	0.83	0.4	0.17	0
10	WGN59	1.18	1.44	1.28	0.02
11	WGN63	0.67	1	1.17	0.33

	floret_score_mean
famID	STP_2017	STP_2018	TLI_2017	TLI_2018
1	WGN07	1.67	1.83	1.5	0
2	WGN15	0	0	0.33	0
3	WGN26	4.17	4.67	3.33	0.5
4	WGN36	0.83	0.83	1.17	0
5	WGN38	0.6	1.6	0.33	0
6	WGN39	6.17	5.17	2.17	0.25
7	WGN45	0.4	0.83	0.83	0
8	WGN46	1	0.75	1	0
9	WGN55	2.33	0.6	2.5	0.2
10	WGN59	0.12	0.1	0.64	0
11	WGN63	2.5	3.67	1.5	0

	reproductive_tiller_ct
famID	STP_2017	STP_2018	TLI_2017	TLI_2018
1	WGN07	37.83	89.33	53.5	34.75
2	WGN15	106.8	228.2	115.67	131.5
3	WGN26	34.5	94.83	75.5	90
4	WGN36	73	141.17	70.33	122.5
5	WGN38	69.8	172.8	85.83	115
6	WGN39	99.17	226.5	146.83	93.67
7	WGN45	29	105.17	56.17	132.33
8	WGN46	58.2	119.83	90.33	79.67
9	WGN55	59	176	80.5	88.6
10	WGN59	37.98	108.22	49.71	65.6
11	WGN63	57.17	186.5	91.17	141

	threshability
famID	STP_2017	STP_2018	TLI_2017	TLI_2018
1	WGN07	98.33	93.67	87.33	99.75
2	WGN15	93.2	83	74.17	100
3	WGN26	88.17	82.5	78.33	90
4	WGN36	94.67	88.17	85.83	87.5
5	WGN38	82	64	59.17	99.67
6	WGN39	85.33	65	70	100
7	WGN45	91.83	93.17	84.17	91.33
8	WGN46	95.4	92	75	88.33
9	WGN55	92.67	89.4	81.67	99.5
10	WGN59	97.48	97.52	87.51	99.51
11	WGN63	70.83	50.83	63.33	100

	floret_site_utilization
famID	STP_2017	STP_2018	TLI_2017	TLI_2018
1	WGN07	42.52	53.9	31.26	3.24
2	WGN15	49.13	52.99	28.62	NA
3	WGN26	37.85	57.01	38.21	6.6
4	WGN36	36.17	52.34	12.16	NA
5	WGN38	27.56	42.49	11.29	NA
6	WGN39	39.55	48.44	34.01	NA
7	WGN45	38.41	61.89	27.54	3.04
8	WGN46	40.32	70.23	21.99	5.97
9	WGN55	51.05	62.15	38.78	NA
10	WGN59	49.73	61.8	39.86	4.74
11	WGN63	14.06	44.2	19.27	2.31

	height
famID	STP_2017	STP_2018	TLI_2017	TLI_2018
1	WGN07	78.33	90	60	68.75
2	WGN15	126	137	123.33	98.33
3	WGN26	119.17	149.17	119.17	110.83
4	WGN36	94.17	130.83	87.5	90.83
5	WGN38	88	114	85.83	89.17
6	WGN39	120	132.5	118.33	96.67
7	WGN45	116.67	136.67	120	114.17
8	WGN46	92	122	100	80.83
9	WGN55	111.67	132.5	97.5	79.17
10	WGN59	117.95	136.31	104.44	93
11	WGN63	134.17	144.17	129.17	105

	thousand_grain_weight
famID	STP_2017	STP_2018	TLI_2017	TLI_2018
1	WGN07	7.17	5.69	5.32	5.31
2	WGN15	8.56	7.82	8.27	NA
3	WGN26	10.84	9.39	8.62	6.48
4	WGN36	10.18	9.43	9.17	NA
5	WGN38	8.82	8.85	6.97	NA
6	WGN39	11.53	10.94	9.46	NA
7	WGN45	8.89	8.03	6.81	5.28
8	WGN46	7.47	7.59	4.98	4.62
9	WGN55	7.9	6.99	6.71	NA
10	WGN59	9.53	8.67	8.43	5.55
11	WGN63	10.66	11.26	9.9	8.25

	rachis_breaks_mean
famID	STP_2017	STP_2018	TLI_2017	TLI_2018
1	WGN07	0.33	0	0	0
2	WGN15	0.4	0	0.5	0
3	WGN26	1	0.33	0.17	0
4	WGN36	0.83	1.33	0.33	0.4
5	WGN38	0.4	0.4	0.17	0.17
6	WGN39	1	0.67	0.5	0
7	WGN45	0	0.17	0	0
8	WGN46	0.6	0.75	0.33	0.5
9	WGN55	0.83	0.4	0.17	0
10	WGN59	1.18	1.44	1.28	0.02
11	WGN63	0.67	1	1.17	0.33

	floret_score_mean
famID	STP_2017	STP_2018	TLI_2017	TLI_2018
1	WGN07	1.67	1.83	1.5	0
2	WGN15	0	0	0.33	0
3	WGN26	4.17	4.67	3.33	0.5
4	WGN36	0.83	0.83	1.17	0
5	WGN38	0.6	1.6	0.33	0
6	WGN39	6.17	5.17	2.17	0.25
7	WGN45	0.4	0.83	0.83	0
8	WGN46	1	0.75	1	0
9	WGN55	2.33	0.6	2.5	0.2
10	WGN59	0.12	0.1	0.64	0
11	WGN63	2.5	3.67	1.5	0

	reproductive_tiller_ct
famID	STP_2017	STP_2018	TLI_2017	TLI_2018
1	WGN07	37.83	89.33	53.5	34.75
2	WGN15	106.8	228.2	115.67	131.5
3	WGN26	34.5	94.83	75.5	90
4	WGN36	73	141.17	70.33	122.5
5	WGN38	69.8	172.8	85.83	115
6	WGN39	99.17	226.5	146.83	93.67
7	WGN45	29	105.17	56.17	132.33
8	WGN46	58.2	119.83	90.33	79.67
9	WGN55	59	176	80.5	88.6
10	WGN59	37.98	108.22	49.71	65.6
11	WGN63	57.17	186.5	91.17	141

	threshability
famID	STP_2017	STP_2018	TLI_2017	TLI_2018
1	WGN07	98.33	93.67	87.33	99.75
2	WGN15	93.2	83	74.17	100
3	WGN26	88.17	82.5	78.33	90
4	WGN36	94.67	88.17	85.83	87.5
5	WGN38	82	64	59.17	99.67
6	WGN39	85.33	65	70	100
7	WGN45	91.83	93.17	84.17	91.33
8	WGN46	95.4	92	75	88.33
9	WGN55	92.67	89.4	81.67	99.5
10	WGN59	97.48	97.52	87.51	99.51
11	WGN63	70.83	50.83	63.33	100

	floret_site_utilization
famID	STP_2017	STP_2018	TLI_2017	TLI_2018
1	WGN07	42.52	53.9	31.26	3.24
2	WGN15	49.13	52.99	28.62	NA
3	WGN26	37.85	57.01	38.21	6.6
4	WGN36	36.17	52.34	12.16	NA
5	WGN38	27.56	42.49	11.29	NA
6	WGN39	39.55	48.44	34.01	NA
7	WGN45	38.41	61.89	27.54	3.04
8	WGN46	40.32	70.23	21.99	5.97
9	WGN55	51.05	62.15	38.78	NA
10	WGN59	49.73	61.8	39.86	4.74
11	WGN63	14.06	44.2	19.27	2.31

	height
famID	STP_2017	STP_2018	TLI_2017	TLI_2018
1	WGN07	78.33	90	60	68.75
2	WGN15	126	137	123.33	98.33
3	WGN26	119.17	149.17	119.17	110.83
4	WGN36	94.17	130.83	87.5	90.83
5	WGN38	88	114	85.83	89.17
6	WGN39	120	132.5	118.33	96.67
7	WGN45	116.67	136.67	120	114.17
8	WGN46	92	122	100	80.83
9	WGN55	111.67	132.5	97.5	79.17
10	WGN59	117.95	136.31	104.44	93
11	WGN63	134.17	144.17	129.17	105

	thousand_grain_weight
famID	STP_2017	STP_2018	TLI_2017	TLI_2018
1	WGN07	7.17	5.69	5.32	5.31
2	WGN15	8.56	7.82	8.27	NA
3	WGN26	10.84	9.39	8.62	6.48
4	WGN36	10.18	9.43	9.17	NA
5	WGN38	8.82	8.85	6.97	NA
6	WGN39	11.53	10.94	9.46	NA
7	WGN45	8.89	8.03	6.81	5.28
8	WGN46	7.47	7.59	4.98	4.62
9	WGN55	7.9	6.99	6.71	NA
10	WGN59	9.53	8.67	8.43	5.55
11	WGN63	10.66	11.26	9.9	8.25

	rachis_breaks_mean
famID	STP_2017	STP_2018	TLI_2017	TLI_2018
1	WGN07	0.33	0	0	0
2	WGN15	0.4	0	0.5	0
3	WGN26	1	0.33	0.17	0
4	WGN36	0.83	1.33	0.33	0.4
5	WGN38	0.4	0.4	0.17	0.17
6	WGN39	1	0.67	0.5	0
7	WGN45	0	0.17	0	0
8	WGN46	0.6	0.75	0.33	0.5
9	WGN55	0.83	0.4	0.17	0
10	WGN59	1.18	1.44	1.28	0.02
11	WGN63	0.67	1	1.17	0.33

	floret_score_mean
famID	STP_2017	STP_2018	TLI_2017	TLI_2018
1	WGN07	1.67	1.83	1.5	0
2	WGN15	0	0	0.33	0
3	WGN26	4.17	4.67	3.33	0.5
4	WGN36	0.83	0.83	1.17	0
5	WGN38	0.6	1.6	0.33	0
6	WGN39	6.17	5.17	2.17	0.25
7	WGN45	0.4	0.83	0.83	0
8	WGN46	1	0.75	1	0
9	WGN55	2.33	0.6	2.5	0.2
10	WGN59	0.12	0.1	0.64	0
11	WGN63	2.5	3.67	1.5	0

	reproductive_tiller_ct
famID	STP_2017	STP_2018	TLI_2017	TLI_2018
1	WGN07	37.83	89.33	53.5	34.75
2	WGN15	106.8	228.2	115.67	131.5
3	WGN26	34.5	94.83	75.5	90
4	WGN36	73	141.17	70.33	122.5
5	WGN38	69.8	172.8	85.83	115
6	WGN39	99.17	226.5	146.83	93.67
7	WGN45	29	105.17	56.17	132.33
8	WGN46	58.2	119.83	90.33	79.67
9	WGN55	59	176	80.5	88.6
10	WGN59	37.98	108.22	49.71	65.6
11	WGN63	57.17	186.5	91.17	141

	threshability
famID	STP_2017	STP_2018	TLI_2017	TLI_2018
1	WGN07	98.33	93.67	87.33	99.75
2	WGN15	93.2	83	74.17	100
3	WGN26	88.17	82.5	78.33	90
4	WGN36	94.67	88.17	85.83	87.5
5	WGN38	82	64	59.17	99.67
6	WGN39	85.33	65	70	100
7	WGN45	91.83	93.17	84.17	91.33
8	WGN46	95.4	92	75	88.33
9	WGN55	92.67	89.4	81.67	99.5
10	WGN59	97.48	97.52	87.51	99.51
11	WGN63	70.83	50.83	63.33	100

	floret_site_utilization
famID	STP_2017	STP_2018	TLI_2017	TLI_2018
1	WGN07	42.52	53.9	31.26	3.24
2	WGN15	49.13	52.99	28.62	NA
3	WGN26	37.85	57.01	38.21	6.6
4	WGN36	36.17	52.34	12.16	NA
5	WGN38	27.56	42.49	11.29	NA
6	WGN39	39.55	48.44	34.01	NA
7	WGN45	38.41	61.89	27.54	3.04
8	WGN46	40.32	70.23	21.99	5.97
9	WGN55	51.05	62.15	38.78	NA
10	WGN59	49.73	61.8	39.86	4.74
11	WGN63	14.06	44.2	19.27	2.31

	height
famID	STP_2017	STP_2018	TLI_2017	TLI_2018
1	WGN07	78.33	90	60	68.75
2	WGN15	126	137	123.33	98.33
3	WGN26	119.17	149.17	119.17	110.83
4	WGN36	94.17	130.83	87.5	90.83
5	WGN38	88	114	85.83	89.17
6	WGN39	120	132.5	118.33	96.67
7	WGN45	116.67	136.67	120	114.17
8	WGN46	92	122	100	80.83
9	WGN55	111.67	132.5	97.5	79.17
10	WGN59	117.95	136.31	104.44	93
11	WGN63	134.17	144.17	129.17	105

	thousand_grain_weight
famID	STP_2017	STP_2018	TLI_2017	TLI_2018
1	WGN07	7.17	5.69	5.32	5.31
2	WGN15	8.56	7.82	8.27	NA
3	WGN26	10.84	9.39	8.62	6.48
4	WGN36	10.18	9.43	9.17	NA
5	WGN38	8.82	8.85	6.97	NA
6	WGN39	11.53	10.94	9.46	NA
7	WGN45	8.89	8.03	6.81	5.28
8	WGN46	7.47	7.59	4.98	4.62
9	WGN55	7.9	6.99	6.71	NA
10	WGN59	9.53	8.67	8.43	5.55
11	WGN63	10.66	11.26	9.9	8.25

	rachis_breaks_mean
famID	STP_2017	STP_2018	TLI_2017	TLI_2018
1	WGN07	0.33	0	0	0
2	WGN15	0.4	0	0.5	0
3	WGN26	1	0.33	0.17	0
4	WGN36	0.83	1.33	0.33	0.4
5	WGN38	0.4	0.4	0.17	0.17
6	WGN39	1	0.67	0.5	0
7	WGN45	0	0.17	0	0
8	WGN46	0.6	0.75	0.33	0.5
9	WGN55	0.83	0.4	0.17	0
10	WGN59	1.18	1.44	1.28	0.02
11	WGN63	0.67	1	1.17	0.33

	floret_score_mean
famID	STP_2017	STP_2018	TLI_2017	TLI_2018
1	WGN07	1.67	1.83	1.5	0
2	WGN15	0	0	0.33	0
3	WGN26	4.17	4.67	3.33	0.5
4	WGN36	0.83	0.83	1.17	0
5	WGN38	0.6	1.6	0.33	0
6	WGN39	6.17	5.17	2.17	0.25
7	WGN45	0.4	0.83	0.83	0
8	WGN46	1	0.75	1	0
9	WGN55	2.33	0.6	2.5	0.2
10	WGN59	0.12	0.1	0.64	0
11	WGN63	2.5	3.67	1.5	0

	threshability
famID	STP_2017	STP_2018	TLI_2017	TLI_2018
1	WGN07	98.33	93.67	87.33	99.75
2	WGN15	93.2	83	74.17	100
3	WGN26	88.17	82.5	78.33	90
4	WGN36	94.67	88.17	85.83	87.5
5	WGN38	82	64	59.17	99.67
6	WGN39	85.33	65	70	100
7	WGN45	91.83	93.17	84.17	91.33
8	WGN46	95.4	92	75	88.33
9	WGN55	92.67	89.4	81.67	99.5
10	WGN59	97.48	97.52	87.51	99.51
11	WGN63	70.83	50.83	63.33	100

	rachis_breaks_mean
famID	STP_2017	STP_2018	TLI_2017	TLI_2018
1	WGN07	0.33	0	0	0
2	WGN15	0.4	0	0.5	0
3	WGN26	1	0.33	0.17	0
4	WGN36	0.83	1.33	0.33	0.4
5	WGN38	0.4	0.4	0.17	0.17
6	WGN39	1	0.67	0.5	0
7	WGN45	0	0.17	0	0
8	WGN46	0.6	0.75	0.33	0.5
9	WGN55	0.83	0.4	0.17	0
10	WGN59	1.18	1.44	1.28	0.02
11	WGN63	0.67	1	1.17	0.33

	floret_score_mean
famID	STP_2017	STP_2018	TLI_2017	TLI_2018
1	WGN07	1.67	1.83	1.5	0
2	WGN15	0	0	0.33	0
3	WGN26	4.17	4.67	3.33	0.5
4	WGN36	0.83	0.83	1.17	0
5	WGN38	0.6	1.6	0.33	0
6	WGN39	6.17	5.17	2.17	0.25
7	WGN45	0.4	0.83	0.83	0
8	WGN46	1	0.75	1	0
9	WGN55	2.33	0.6	2.5	0.2
10	WGN59	0.12	0.1	0.64	0
11	WGN63	2.5	3.67	1.5	0

	threshability
famID	STP_2017	STP_2018	TLI_2017	TLI_2018
1	WGN07	98.33	93.67	87.33	99.75
2	WGN15	93.2	83	74.17	100
3	WGN26	88.17	82.5	78.33	90
4	WGN36	94.67	88.17	85.83	87.5
5	WGN38	82	64	59.17	99.67
6	WGN39	85.33	65	70	100
7	WGN45	91.83	93.17	84.17	91.33
8	WGN46	95.4	92	75	88.33
9	WGN55	92.67	89.4	81.67	99.5
10	WGN59	97.48	97.52	87.51	99.51
11	WGN63	70.83	50.83	63.33	100

	seeds_per_spike
famID	STP_2017	STP_2018	TLI_2017	TLI_2018
1	WGN07	NA	NA	NA	NA
2	WGN15	5.43	4.27	3.09	0.05
3	WGN26	NA	NA	NA	NA
4	WGN36	NA	NA	NA	NA
5	WGN38	3.67	3.12	1.56	0.06
6	WGN39	3.96	3.3	2.99	0.06
7	WGN45	NA	NA	NA	NA
8	WGN46	4.74	5.49	2.57	0.3
9	WGN55	NA	NA	NA	NA
10	WGN63	NA	NA	NA	NA

	seed_area
famID	STP_2017	STP_2018	TLI_2017	TLI_2018
1	WGN07	NA	NA	NA	NA
2	WGN15	8.24	7.72	7.92	NA
3	WGN26	NA	NA	NA	NA
4	WGN36	NA	NA	NA	NA
5	WGN38	8.56	8.08	7.92	NA
6	WGN39	10.05	9.52	9.27	NA
7	WGN45	NA	NA	NA	NA
8	WGN46	7.34	7.12	6.08	5.95
9	WGN55	NA	NA	NA	NA
10	WGN63	NA	NA	NA	NA

	seed_area
famID	STP_2017	STP_2018	TLI_2017	TLI_2018
1	WGN07	6.77	6.02	5.97	5.8
2	WGN15	8.24	7.72	7.92	NA
3	WGN26	10.82	9.6	9.43	7.44
4	WGN36	8.95	8.13	8.68	NA
5	WGN38	8.56	8.08	7.92	NA
6	WGN39	10.05	9.52	9.27	NA
7	WGN45	8.13	7.45	7.12	5.82
8	WGN46	7.34	7.12	6.08	5.95
9	WGN55	7.93	7.17	7.08	NA
10	WGN59	8.5	7.84	7.89	6.14
11	WGN63	9.92	9.82	9.4	8.3

	seeds_per_spike
famID	STP_2017	STP_2018	TLI_2017	TLI_2018
1	WGN07	4.69	4.39	3.45	0.24
2	WGN15	5.43	4.27	3.09	0.05
3	WGN26	4.37	4.72	3.89	0.42
4	WGN36	4.16	3.83	1.56	0.02
5	WGN38	3.67	3.12	1.56	0.06
6	WGN39	3.96	3.3	2.99	0.06
7	WGN45	3.97	4.18	3	0.14
8	WGN46	4.74	5.49	2.57	0.3
9	WGN55	5.51	4.44	3.56	0.05
10	WGN59	4.07	3.58	3.45	0.09
11	WGN63	1.46	3.17	1.56	0.04

	seed_area
famID	STP_2017	STP_2018	TLI_2017	TLI_2018
1	WGN07	6.77	6.02	5.97	5.8
2	WGN15	8.24	7.72	7.92	NA
3	WGN26	10.82	9.6	9.43	7.44
4	WGN36	8.95	8.13	8.68	NA
5	WGN38	8.56	8.08	7.92	NA
6	WGN39	10.05	9.52	9.27	NA
7	WGN45	8.13	7.45	7.12	5.82
8	WGN46	7.34	7.12	6.08	5.95
9	WGN55	7.93	7.17	7.08	NA
10	WGN59	8.5	7.84	7.89	6.14
11	WGN63	9.92	9.82	9.4	8.3

	flag_leaf_area
famID	STP_2017	STP_2018	TLI_2017	TLI_2018
1	WGN07	24.75	15.1	56.25	29.48
2	WGN15	22.02	11.22	44.2	12.97
3	WGN26	25.73	17.98	61.6	21.9
4	WGN36	28.63	12.17	71.7	16.67
5	WGN38	32.36	17.78	56.63	19.18
6	WGN39	24.72	13.28	50.4	21.92
7	WGN45	20.77	16.98	52.6	22.42
8	WGN46	22.94	18.16	60.07	23.92
9	WGN55	21.4	12.12	28.7	13
10	WGN59	23.23	12.06	47.45	17.65
11	WGN63	23.28	12	47.93	15.83

	flag_leaf_area
famID	STP_2017	STP_2018	TLI_2017	TLI_2018
1	WGN07	24.75	15.1	56.25	29.48
2	WGN15	22.02	11.22	44.2	12.97
3	WGN26	25.73	17.98	61.6	21.9
4	WGN36	28.63	12.17	71.7	16.67
5	WGN38	32.36	17.78	56.63	19.18
6	WGN39	24.72	13.28	50.4	21.92
7	WGN45	20.77	16.98	52.6	22.42
8	WGN46	22.94	18.16	60.07	23.92
9	WGN55	21.4	12.12	28.7	13
10	WGN59	23.23	12.06	47.45	17.65
11	WGN63	23.28	12	47.93	15.83

	floret_site_utilization
famID	STP_2017	STP_2018	TLI_2017	TLI_2018
1	WGN07	0.44	0.56	0.32	0.03
2	WGN15	0.52	0.59	0.35	0.01
3	WGN26	0.44	0.66	0.43	0.07
4	WGN36	0.4	0.57	0.14	0
5	WGN38	0.32	0.5	0.13	0.01
6	WGN39	0.42	0.56	0.38	0.01
7	WGN45	0.44	0.62	0.3	0.03
8	WGN46	0.45	0.75	0.25	0.05
9	WGN55	0.56	0.64	0.43	0.01
10	WGN59	0.53	0.64	0.43	0.02
11	WGN63	0.17	0.52	0.22	0.01

	height
famID	STP_2017	STP_2018	TLI_2017	TLI_2018
1	WGN07	78.33	90	60	68.75
2	WGN15	126	137	123.33	98.33
3	WGN26	119.17	149.17	119.17	110.83
4	WGN36	94.17	130.83	87.5	90.83
5	WGN38	88	114	85.83	89.17
6	WGN39	120	132.5	118.33	96.67
7	WGN45	116.67	136.67	120	114.17
8	WGN46	92	122	100	80.83
9	WGN55	111.67	132.5	97.5	79.17
10	WGN59	117.95	136.31	104.44	93
11	WGN63	134.17	144.17	129.17	105

	reproductive_tiller_ct
famID	STP_2017	STP_2018	TLI_2017	TLI_2018
1	WGN07	37.83	89.33	53.5	34.75
2	WGN15	106.8	228.2	115.67	131.5
3	WGN26	34.5	94.83	75.5	90
4	WGN36	73	141.17	70.33	122.5
5	WGN38	69.8	172.8	85.83	115
6	WGN39	99.17	226.5	146.83	93.67
7	WGN45	29	105.17	56.17	132.33
8	WGN46	58.2	119.83	90.33	79.67
9	WGN55	59	176	80.5	88.6
10	WGN59	37.98	108.22	49.71	65.6
11	WGN63	57.17	186.5	91.17	141

	seed_area
famID	STP_2017	STP_2018	TLI_2017	TLI_2018
1	WGN07	6.77	6.02	5.97	5.8
2	WGN15	8.24	7.72	7.92	NA
3	WGN26	10.82	9.6	9.43	7.44
4	WGN36	8.95	8.13	8.68	NA
5	WGN38	8.56	8.08	7.92	NA
6	WGN39	10.05	9.52	9.27	NA
7	WGN45	8.13	7.45	7.12	5.82
8	WGN46	7.34	7.12	6.08	5.95
9	WGN55	7.93	7.17	7.08	NA
10	WGN59	8.5	7.84	7.89	6.14
11	WGN63	9.92	9.82	9.4	8.3

	seeds_per_spike
famID	STP_2017	STP_2018	TLI_2017	TLI_2018
1	WGN07	4.69	4.39	3.45	0.24
2	WGN15	5.43	4.27	3.09	0.05
3	WGN26	4.37	4.72	3.89	0.42
4	WGN36	4.16	3.83	1.56	0.02
5	WGN38	3.67	3.12	1.56	0.06
6	WGN39	3.96	3.3	2.99	0.06
7	WGN45	3.97	4.18	3	0.14
8	WGN46	4.74	5.49	2.57	0.3
9	WGN55	5.51	4.44	3.56	0.05
10	WGN59	4.07	3.58	3.45	0.09
11	WGN63	1.46	3.17	1.56	0.04

	spikelet_density
famID	STP_2017	STP_2018	TLI_2017	TLI_2018
1	WGN07	0.96	1.04	0.85	1.03
2	WGN15	0.67	0.69	0.64	0.85
3	WGN26	0.64	0.63	0.53	0.74
4	WGN36	0.76	0.8	0.7	1.03
5	WGN38	0.84	0.83	0.75	0.98
6	WGN39	0.69	0.78	0.58	0.76
7	WGN45	0.76	0.83	0.73	0.98
8	WGN46	0.94	1.05	0.82	1.09
9	WGN55	0.83	0.97	0.77	1.06
10	WGN59	0.78	0.8	0.67	0.87
11	WGN63	0.65	0.68	0.65	0.9

	spikelets_per_spike
famID	STP_2017	STP_2018	TLI_2017	TLI_2018
1	WGN07	22.94	22.06	29.56	26.83
2	WGN15	19.27	17.07	25.06	22.06
3	WGN26	19.67	19.67	22.89	23.17
4	WGN36	20.11	20.61	26.61	25.8
5	WGN38	21.47	21.13	28.61	27.22
6	WGN39	20.72	19.28	23.61	22.25
7	WGN45	18.94	19.61	29.06	28.39
8	WGN46	23.27	21.83	30.78	27.67
9	WGN55	21.44	19.93	28.39	23.07
10	WGN59	20.02	20.64	25.94	22.03
11	WGN63	18.83	17.83	27.11	23.22

	stem_diameter
famID	STP_2017	STP_2018	TLI_2017	TLI_2018
1	WGN07	2.32	1.71	3.06	2.29
2	WGN15	2.15	1.62	2.8	1.61
3	WGN26	2.56	2.08	3.28	2.13
4	WGN36	2.29	1.76	3.01	1.9
5	WGN38	2.34	1.77	3.35	2.21
6	WGN39	2.49	1.85	2.92	2.09
7	WGN45	2.18	1.72	3.69	2.11
8	WGN46	2.55	1.98	3.22	2.29
9	WGN55	2.31	1.55	3.1	1.82
10	WGN59	2.22	1.78	3.34	2.05
11	WGN63	2.13	1.68	2.92	1.77

	thousand_grain_weight
famID	STP_2017	STP_2018	TLI_2017	TLI_2018
1	WGN07	7.17	5.69	5.32	5.31
2	WGN15	8.56	7.82	8.27	NA
3	WGN26	10.84	9.39	8.62	6.48
4	WGN36	10.18	9.43	9.17	NA
5	WGN38	8.82	8.85	6.97	NA
6	WGN39	11.53	10.94	9.46	NA
7	WGN45	8.89	8.03	6.81	5.28
8	WGN46	7.47	7.59	4.98	4.62
9	WGN55	7.9	6.99	6.71	NA
10	WGN59	9.53	8.67	8.43	5.55
11	WGN63	10.66	11.26	9.9	8.25

	yield_per_spike
famID	STP_2017	STP_2018	TLI_2017	TLI_2018
1	WGN07	0.74	0.53	0.51	0.04
2	WGN15	0.84	0.51	0.51	0.01
3	WGN26	0.8	0.93	0.67	0.05
4	WGN36	0.76	0.68	0.33	0
5	WGN38	0.6	0.48	0.26	0.01
6	WGN39	0.88	0.6	0.6	0.01
7	WGN45	0.58	0.64	0.54	0.02
8	WGN46	0.73	0.86	0.34	0.04
9	WGN55	0.85	0.59	0.61	0.01
10	WGN59	0.73	0.62	0.7	0.01
11	WGN63	0.24	0.54	0.37	0.01

	flag_leaf_area
famID	STP_2017	STP_2018	TLI_2017	TLI_2018
1	WGN07	24.75	15.1	56.25	29.48
2	WGN15	22.02	11.22	44.2	12.97
3	WGN26	25.73	17.98	61.6	21.9
4	WGN36	28.63	12.17	71.7	16.67
5	WGN38	32.36	17.78	56.63	19.18
6	WGN39	24.72	13.28	50.4	21.92
7	WGN45	20.77	16.98	52.6	22.42
8	WGN46	22.94	18.16	60.07	23.92
9	WGN55	21.4	12.12	28.7	13
10	WGN59	23.23	12.06	47.45	17.65
11	WGN63	23.28	12	47.93	15.83

	floret_site_utilization
famID	STP_2017	STP_2018	TLI_2017	TLI_2018
1	WGN07	0.44	0.56	0.32	0.03
2	WGN15	0.52	0.59	0.35	0.01
3	WGN26	0.44	0.66	0.43	0.07
4	WGN36	0.4	0.57	0.14	0
5	WGN38	0.32	0.5	0.13	0.01
6	WGN39	0.42	0.56	0.38	0.01
7	WGN45	0.44	0.62	0.3	0.03
8	WGN46	0.45	0.75	0.25	0.05
9	WGN55	0.56	0.64	0.43	0.01
10	WGN59	0.53	0.64	0.43	0.02
11	WGN63	0.17	0.52	0.22	0.01

	florets_per_spikelet
famID	STP_2017	STP_2018	TLI_2017	TLI_2018
1	WGN07	10.67	8	10.83	7.08
2	WGN15	10.4	7.33	8.83	5.22
3	WGN26	10.11	7.22	9.06	5.89
4	WGN36	10.33	6.83	10.89	6.07
5	WGN38	11.67	6.4	11.78	7
6	WGN39	9.39	5.89	7.89	6.33
7	WGN45	9.11	6.87	10	5.28
8	WGN46	10.6	7.33	10.56	6.17
9	WGN55	9.83	7	8.5	4.53
10	WGN59	7.84	5.66	7.96	4.2
11	WGN63	9.11	6.11	7.17	4.11

	height
famID	STP_2017	STP_2018	TLI_2017	TLI_2018
1	WGN07	78.33	90	60	68.75
2	WGN15	126	137	123.33	98.33
3	WGN26	119.17	149.17	119.17	110.83
4	WGN36	94.17	130.83	87.5	90.83
5	WGN38	88	114	85.83	89.17
6	WGN39	120	132.5	118.33	96.67
7	WGN45	116.67	136.67	120	114.17
8	WGN46	92	122	100	80.83
9	WGN55	111.67	132.5	97.5	79.17
10	WGN59	117.95	136.31	104.44	93
11	WGN63	134.17	144.17	129.17	105

	reproductive_tiller_ct
famID	STP_2017	STP_2018	TLI_2017	TLI_2018
1	WGN07	37.83	89.33	53.5	34.75
2	WGN15	106.8	228.2	115.67	131.5
3	WGN26	34.5	94.83	75.5	90
4	WGN36	73	141.17	70.33	122.5
5	WGN38	69.8	172.8	85.83	115
6	WGN39	99.17	226.5	146.83	93.67
7	WGN45	29	105.17	56.17	132.33
8	WGN46	58.2	119.83	90.33	79.67
9	WGN55	59	176	80.5	88.6
10	WGN59	37.98	108.22	49.71	65.6
11	WGN63	57.17	186.5	91.17	141

	seed_area
famID	STP_2017	STP_2018	TLI_2017	TLI_2018
1	WGN07	6.77	6.02	5.97	5.8
2	WGN15	8.24	7.72	7.92	NA
3	WGN26	10.82	9.6	9.43	7.44
4	WGN36	8.95	8.13	8.68	NA
5	WGN38	8.56	8.08	7.92	NA
6	WGN39	10.05	9.52	9.27	NA
7	WGN45	8.13	7.45	7.12	5.82
8	WGN46	7.34	7.12	6.08	5.95
9	WGN55	7.93	7.17	7.08	NA
10	WGN59	8.5	7.84	7.89	6.14
11	WGN63	9.92	9.82	9.4	8.3

	seeds_per_spike
famID	STP_2017	STP_2018	TLI_2017	TLI_2018
1	WGN07	4.69	4.39	3.45	0.24
2	WGN15	5.43	4.27	3.09	0.05
3	WGN26	4.37	4.72	3.89	0.42
4	WGN36	4.16	3.83	1.56	0.02
5	WGN38	3.67	3.12	1.56	0.06
6	WGN39	3.96	3.3	2.99	0.06
7	WGN45	3.97	4.18	3	0.14
8	WGN46	4.74	5.49	2.57	0.3
9	WGN55	5.51	4.44	3.56	0.05
10	WGN59	4.07	3.58	3.45	0.09
11	WGN63	1.46	3.17	1.56	0.04

	spikelet_density
famID	STP_2017	STP_2018	TLI_2017	TLI_2018
1	WGN07	0.96	1.04	0.85	1.03
2	WGN15	0.67	0.69	0.64	0.85
3	WGN26	0.64	0.63	0.53	0.74
4	WGN36	0.76	0.8	0.7	1.03
5	WGN38	0.84	0.83	0.75	0.98
6	WGN39	0.69	0.78	0.58	0.76
7	WGN45	0.76	0.83	0.73	0.98
8	WGN46	0.94	1.05	0.82	1.09
9	WGN55	0.83	0.97	0.77	1.06
10	WGN59	0.78	0.8	0.67	0.87
11	WGN63	0.65	0.68	0.65	0.9

	spikelets_per_spike
famID	STP_2017	STP_2018	TLI_2017	TLI_2018
1	WGN07	22.94	22.06	29.56	26.83
2	WGN15	19.27	17.07	25.06	22.06
3	WGN26	19.67	19.67	22.89	23.17
4	WGN36	20.11	20.61	26.61	25.8
5	WGN38	21.47	21.13	28.61	27.22
6	WGN39	20.72	19.28	23.61	22.25
7	WGN45	18.94	19.61	29.06	28.39
8	WGN46	23.27	21.83	30.78	27.67
9	WGN55	21.44	19.93	28.39	23.07
10	WGN59	20.02	20.64	25.94	22.03
11	WGN63	18.83	17.83	27.11	23.22

	stem_diameter
famID	STP_2017	STP_2018	TLI_2017	TLI_2018
1	WGN07	2.32	1.71	3.06	2.29
2	WGN15	2.15	1.62	2.8	1.61
3	WGN26	2.56	2.08	3.28	2.13
4	WGN36	2.29	1.76	3.01	1.9
5	WGN38	2.34	1.77	3.35	2.21
6	WGN39	2.49	1.85	2.92	2.09
7	WGN45	2.18	1.72	3.69	2.11
8	WGN46	2.55	1.98	3.22	2.29
9	WGN55	2.31	1.55	3.1	1.82
10	WGN59	2.22	1.78	3.34	2.05
11	WGN63	2.13	1.68	2.92	1.77

	thousand_grain_weight
famID	STP_2017	STP_2018	TLI_2017	TLI_2018
1	WGN07	7.17	5.69	5.32	5.31
2	WGN15	8.56	7.82	8.27	NA
3	WGN26	10.84	9.39	8.62	6.48
4	WGN36	10.18	9.43	9.17	NA
5	WGN38	8.82	8.85	6.97	NA
6	WGN39	11.53	10.94	9.46	NA
7	WGN45	8.89	8.03	6.81	5.28
8	WGN46	7.47	7.59	4.98	4.62
9	WGN55	7.9	6.99	6.71	NA
10	WGN59	9.53	8.67	8.43	5.55
11	WGN63	10.66	11.26	9.9	8.25

	yield_per_spike
famID	STP_2017	STP_2018	TLI_2017	TLI_2018
1	WGN07	0.74	0.53	0.51	0.04
2	WGN15	0.84	0.51	0.51	0.01
3	WGN26	0.8	0.93	0.67	0.05
4	WGN36	0.76	0.68	0.33	0
5	WGN38	0.6	0.48	0.26	0.01
6	WGN39	0.88	0.6	0.6	0.01
7	WGN45	0.58	0.64	0.54	0.02
8	WGN46	0.73	0.86	0.34	0.04
9	WGN55	0.85	0.59	0.61	0.01
10	WGN59	0.73	0.62	0.7	0.01
11	WGN63	0.24	0.54	0.37	0.01

	flag_leaf_area
famID	STP_2017	STP_2018	TLI_2017	TLI_2018
1	WGN07	24.75	15.1	56.25	29.48
2	WGN15	22.02	11.22	44.2	12.97
3	WGN26	25.73	17.98	61.6	21.9
4	WGN36	28.63	12.17	71.7	16.67
5	WGN38	32.36	17.78	56.63	19.18
6	WGN39	24.72	13.28	50.4	21.92
7	WGN45	20.77	16.98	52.6	22.42
8	WGN46	22.94	18.16	60.07	23.92
9	WGN55	21.4	12.12	28.7	13
10	WGN59	23.23	12.06	47.45	17.65
11	WGN63	23.28	12	47.93	15.83

	floret_site_utilization
famID	STP_2017	STP_2018	TLI_2017	TLI_2018
1	WGN07	0.44	0.56	0.32	0.03
2	WGN15	0.52	0.59	0.35	0.01
3	WGN26	0.44	0.66	0.43	0.07
4	WGN36	0.4	0.57	0.14	0
5	WGN38	0.32	0.5	0.13	0.01
6	WGN39	0.42	0.56	0.38	0.01
7	WGN45	0.44	0.62	0.3	0.03
8	WGN46	0.45	0.75	0.25	0.05
9	WGN55	0.56	0.64	0.43	0.01
10	WGN59	0.53	0.64	0.43	0.02
11	WGN63	0.17	0.52	0.22	0.01

	florets_per_spikelet
famID	STP_2017	STP_2018	TLI_2017	TLI_2018
1	WGN07	10.67	8	10.83	7.08
2	WGN15	10.4	7.33	8.83	5.22
3	WGN26	10.11	7.22	9.06	5.89
4	WGN36	10.33	6.83	10.89	6.07
5	WGN38	11.67	6.4	11.78	7
6	WGN39	9.39	5.89	7.89	6.33
7	WGN45	9.11	6.87	10	5.28
8	WGN46	10.6	7.33	10.56	6.17
9	WGN55	9.83	7	8.5	4.53
10	WGN59	7.84	5.66	7.96	4.2
11	WGN63	9.11	6.11	7.17	4.11

	height
famID	STP_2017	STP_2018	TLI_2017	TLI_2018
1	WGN07	78.33	90	60	68.75
2	WGN15	126	137	123.33	98.33
3	WGN26	119.17	149.17	119.17	110.83
4	WGN36	94.17	130.83	87.5	90.83
5	WGN38	88	114	85.83	89.17
6	WGN39	120	132.5	118.33	96.67
7	WGN45	116.67	136.67	120	114.17
8	WGN46	92	122	100	80.83
9	WGN55	111.67	132.5	97.5	79.17
10	WGN59	117.95	136.31	104.44	93
11	WGN63	134.17	144.17	129.17	105

	reproductive_tiller_ct
famID	STP_2017	STP_2018	TLI_2017	TLI_2018
1	WGN07	37.83	89.33	53.5	34.75
2	WGN15	106.8	228.2	115.67	131.5
3	WGN26	34.5	94.83	75.5	90
4	WGN36	73	141.17	70.33	122.5
5	WGN38	69.8	172.8	85.83	115
6	WGN39	99.17	226.5	146.83	93.67
7	WGN45	29	105.17	56.17	132.33
8	WGN46	58.2	119.83	90.33	79.67
9	WGN55	59	176	80.5	88.6
10	WGN59	37.98	108.22	49.71	65.6
11	WGN63	57.17	186.5	91.17	141

	seed_area
famID	STP_2017	STP_2018	TLI_2017	TLI_2018
1	WGN07	6.77	6.02	5.97	5.8
2	WGN15	8.24	7.72	7.92	NA
3	WGN26	10.82	9.6	9.43	7.44
4	WGN36	8.95	8.13	8.68	NA
5	WGN38	8.56	8.08	7.92	NA
6	WGN39	10.05	9.52	9.27	NA
7	WGN45	8.13	7.45	7.12	5.82
8	WGN46	7.34	7.12	6.08	5.95
9	WGN55	7.93	7.17	7.08	NA
10	WGN59	8.5	7.84	7.89	6.14
11	WGN63	9.92	9.82	9.4	8.3

	seeds_per_spike
famID	STP_2017	STP_2018	TLI_2017	TLI_2018
1	WGN07	4.69	4.39	3.45	0.24
2	WGN15	5.43	4.27	3.09	0.05
3	WGN26	4.37	4.72	3.89	0.42
4	WGN36	4.16	3.83	1.56	0.02
5	WGN38	3.67	3.12	1.56	0.06
6	WGN39	3.96	3.3	2.99	0.06
7	WGN45	3.97	4.18	3	0.14
8	WGN46	4.74	5.49	2.57	0.3
9	WGN55	5.51	4.44	3.56	0.05
10	WGN59	4.07	3.58	3.45	0.09
11	WGN63	1.46	3.17	1.56	0.04

	spikelet_density
famID	STP_2017	STP_2018	TLI_2017	TLI_2018
1	WGN07	0.96	1.04	0.85	1.03
2	WGN15	0.67	0.69	0.64	0.85
3	WGN26	0.64	0.63	0.53	0.74
4	WGN36	0.76	0.8	0.7	1.03
5	WGN38	0.84	0.83	0.75	0.98
6	WGN39	0.69	0.78	0.58	0.76
7	WGN45	0.76	0.83	0.73	0.98
8	WGN46	0.94	1.05	0.82	1.09
9	WGN55	0.83	0.97	0.77	1.06
10	WGN59	0.78	0.8	0.67	0.87
11	WGN63	0.65	0.68	0.65	0.9

	spikelets_per_spike
famID	STP_2017	STP_2018	TLI_2017	TLI_2018
1	WGN07	22.94	22.06	29.56	26.83
2	WGN15	19.27	17.07	25.06	22.06
3	WGN26	19.67	19.67	22.89	23.17
4	WGN36	20.11	20.61	26.61	25.8
5	WGN38	21.47	21.13	28.61	27.22
6	WGN39	20.72	19.28	23.61	22.25
7	WGN45	18.94	19.61	29.06	28.39
8	WGN46	23.27	21.83	30.78	27.67
9	WGN55	21.44	19.93	28.39	23.07
10	WGN59	20.02	20.64	25.94	22.03
11	WGN63	18.83	17.83	27.11	23.22

	stem_diameter
famID	STP_2017	STP_2018	TLI_2017	TLI_2018
1	WGN07	2.32	1.71	3.06	2.29
2	WGN15	2.15	1.62	2.8	1.61
3	WGN26	2.56	2.08	3.28	2.13
4	WGN36	2.29	1.76	3.01	1.9
5	WGN38	2.34	1.77	3.35	2.21
6	WGN39	2.49	1.85	2.92	2.09
7	WGN45	2.18	1.72	3.69	2.11
8	WGN46	2.55	1.98	3.22	2.29
9	WGN55	2.31	1.55	3.1	1.82
10	WGN59	2.22	1.78	3.34	2.05
11	WGN63	2.13	1.68	2.92	1.77

	thousand_grain_weight
famID	STP_2017	STP_2018	TLI_2017	TLI_2018
1	WGN07	7.17	5.69	5.32	5.31
2	WGN15	8.56	7.82	8.27	NA
3	WGN26	10.84	9.39	8.62	6.48
4	WGN36	10.18	9.43	9.17	NA
5	WGN38	8.82	8.85	6.97	NA
6	WGN39	11.53	10.94	9.46	NA
7	WGN45	8.89	8.03	6.81	5.28
8	WGN46	7.47	7.59	4.98	4.62
9	WGN55	7.9	6.99	6.71	NA
10	WGN59	9.53	8.67	8.43	5.55
11	WGN63	10.66	11.26	9.9	8.25

	yield_per_spike
famID	STP_2017	STP_2018	TLI_2017	TLI_2018
1	WGN07	0.74	0.53	0.51	0.04
2	WGN15	0.84	0.51	0.51	0.01
3	WGN26	0.8	0.93	0.67	0.05
4	WGN36	0.76	0.68	0.33	0
5	WGN38	0.6	0.48	0.26	0.01
6	WGN39	0.88	0.6	0.6	0.01
7	WGN45	0.58	0.64	0.54	0.02
8	WGN46	0.73	0.86	0.34	0.04
9	WGN55	0.85	0.59	0.61	0.01
10	WGN59	0.73	0.62	0.7	0.01
11	WGN63	0.24	0.54	0.37	0.01

	flag_leaf_area
famID	STP_2017	STP_2018	TLI_2017	TLI_2018
1	WGN07	24.75	15.1	56.25	29.48
2	WGN15	22.02	11.22	44.2	12.97
3	WGN26	25.73	17.98	61.6	21.9
4	WGN36	28.63	12.17	71.7	16.67
5	WGN38	32.36	17.78	56.63	19.18
6	WGN39	24.72	13.28	50.4	21.92
7	WGN45	20.77	16.98	52.6	22.42
8	WGN46	22.94	18.16	60.07	23.92
9	WGN55	21.4	12.12	28.7	13
10	WGN59	23.23	12.06	47.45	17.65
11	WGN63	23.28	12	47.93	15.83

	floret_site_utilization
famID	STP_2017	STP_2018	TLI_2017	TLI_2018
1	WGN07	0.44	0.56	0.32	0.03
2	WGN15	0.52	0.59	0.35	0.01
3	WGN26	0.44	0.66	0.43	0.07
4	WGN36	0.4	0.57	0.14	0
5	WGN38	0.32	0.5	0.13	0.01
6	WGN39	0.42	0.56	0.38	0.01
7	WGN45	0.44	0.62	0.3	0.03
8	WGN46	0.45	0.75	0.25	0.05
9	WGN55	0.56	0.64	0.43	0.01
10	WGN59	0.53	0.64	0.43	0.02
11	WGN63	0.17	0.52	0.22	0.01

	florets_per_spikelet
famID	STP_2017	STP_2018	TLI_2017	TLI_2018
1	WGN07	10.67	8	10.83	7.08
2	WGN15	10.4	7.33	8.83	5.22
3	WGN26	10.11	7.22	9.06	5.89
4	WGN36	10.33	6.83	10.89	6.07
5	WGN38	11.67	6.4	11.78	7
6	WGN39	9.39	5.89	7.89	6.33
7	WGN45	9.11	6.87	10	5.28
8	WGN46	10.6	7.33	10.56	6.17
9	WGN55	9.83	7	8.5	4.53
10	WGN59	7.84	5.66	7.96	4.2
11	WGN63	9.11	6.11	7.17	4.11

	height
famID	STP_2017	STP_2018	TLI_2017	TLI_2018
1	WGN07	78.33	90	60	68.75
2	WGN15	126	137	123.33	98.33
3	WGN26	119.17	149.17	119.17	110.83
4	WGN36	94.17	130.83	87.5	90.83
5	WGN38	88	114	85.83	89.17
6	WGN39	120	132.5	118.33	96.67
7	WGN45	116.67	136.67	120	114.17
8	WGN46	92	122	100	80.83
9	WGN55	111.67	132.5	97.5	79.17
10	WGN59	117.95	136.31	104.44	93
11	WGN63	134.17	144.17	129.17	105

	reproductive_tiller_ct
famID	STP_2017	STP_2018	TLI_2017	TLI_2018
1	WGN07	37.83	89.33	53.5	34.75
2	WGN15	106.8	228.2	115.67	131.5
3	WGN26	34.5	94.83	75.5	90
4	WGN36	73	141.17	70.33	122.5
5	WGN38	69.8	172.8	85.83	115
6	WGN39	99.17	226.5	146.83	93.67
7	WGN45	29	105.17	56.17	132.33
8	WGN46	58.2	119.83	90.33	79.67
9	WGN55	59	176	80.5	88.6
10	WGN59	37.98	108.22	49.71	65.6
11	WGN63	57.17	186.5	91.17	141

	seed_area
famID	STP_2017	STP_2018	TLI_2017	TLI_2018
1	WGN07	6.77	6.02	5.97	5.8
2	WGN15	8.24	7.72	7.92	NA
3	WGN26	10.82	9.6	9.43	7.44
4	WGN36	8.95	8.13	8.68	NA
5	WGN38	8.56	8.08	7.92	NA
6	WGN39	10.05	9.52	9.27	NA
7	WGN45	8.13	7.45	7.12	5.82
8	WGN46	7.34	7.12	6.08	5.95
9	WGN55	7.93	7.17	7.08	NA
10	WGN59	8.5	7.84	7.89	6.14
11	WGN63	9.92	9.82	9.4	8.3

	seeds_per_spike
famID	STP_2017	STP_2018	TLI_2017	TLI_2018
1	WGN07	4.69	4.39	3.45	0.24
2	WGN15	5.43	4.27	3.09	0.05
3	WGN26	4.37	4.72	3.89	0.42
4	WGN36	4.16	3.83	1.56	0.02
5	WGN38	3.67	3.12	1.56	0.06
6	WGN39	3.96	3.3	2.99	0.06
7	WGN45	3.97	4.18	3	0.14
8	WGN46	4.74	5.49	2.57	0.3
9	WGN55	5.51	4.44	3.56	0.05
10	WGN59	4.07	3.58	3.45	0.09
11	WGN63	1.46	3.17	1.56	0.04

	spikelet_density
famID	STP_2017	STP_2018	TLI_2017	TLI_2018
1	WGN07	0.96	1.04	0.85	1.03
2	WGN15	0.67	0.69	0.64	0.85
3	WGN26	0.64	0.63	0.53	0.74
4	WGN36	0.76	0.8	0.7	1.03
5	WGN38	0.84	0.83	0.75	0.98
6	WGN39	0.69	0.78	0.58	0.76
7	WGN45	0.76	0.83	0.73	0.98
8	WGN46	0.94	1.05	0.82	1.09
9	WGN55	0.83	0.97	0.77	1.06
10	WGN59	0.78	0.8	0.67	0.87
11	WGN63	0.65	0.68	0.65	0.9

	spikelets_per_spike
famID	STP_2017	STP_2018	TLI_2017	TLI_2018
1	WGN07	22.94	22.06	29.56	26.83
2	WGN15	19.27	17.07	25.06	22.06
3	WGN26	19.67	19.67	22.89	23.17
4	WGN36	20.11	20.61	26.61	25.8
5	WGN38	21.47	21.13	28.61	27.22
6	WGN39	20.72	19.28	23.61	22.25
7	WGN45	18.94	19.61	29.06	28.39
8	WGN46	23.27	21.83	30.78	27.67
9	WGN55	21.44	19.93	28.39	23.07
10	WGN59	20.02	20.64	25.94	22.03
11	WGN63	18.83	17.83	27.11	23.22

	stem_diameter
famID	STP_2017	STP_2018	TLI_2017	TLI_2018
1	WGN07	2.32	1.71	3.06	2.29
2	WGN15	2.15	1.62	2.8	1.61
3	WGN26	2.56	2.08	3.28	2.13
4	WGN36	2.29	1.76	3.01	1.9
5	WGN38	2.34	1.77	3.35	2.21
6	WGN39	2.49	1.85	2.92	2.09
7	WGN45	2.18	1.72	3.69	2.11
8	WGN46	2.55	1.98	3.22	2.29
9	WGN55	2.31	1.55	3.1	1.82
10	WGN59	2.22	1.78	3.34	2.05
11	WGN63	2.13	1.68	2.92	1.77

	thousand_grain_weight
famID	STP_2017	STP_2018	TLI_2017	TLI_2018
1	WGN07	7.17	5.69	5.32	5.31
2	WGN15	8.56	7.82	8.27	NA
3	WGN26	10.84	9.39	8.62	6.48
4	WGN36	10.18	9.43	9.17	NA
5	WGN38	8.82	8.85	6.97	NA
6	WGN39	11.53	10.94	9.46	NA
7	WGN45	8.89	8.03	6.81	5.28
8	WGN46	7.47	7.59	4.98	4.62
9	WGN55	7.9	6.99	6.71	NA
10	WGN59	9.53	8.67	8.43	5.55
11	WGN63	10.66	11.26	9.9	8.25

	yield_per_spike
famID	STP_2017	STP_2018	TLI_2017	TLI_2018
1	WGN07	0.74	0.53	0.51	0.04
2	WGN15	0.84	0.51	0.51	0.01
3	WGN26	0.8	0.93	0.67	0.05
4	WGN36	0.76	0.68	0.33	0
5	WGN38	0.6	0.48	0.26	0.01
6	WGN39	0.88	0.6	0.6	0.01
7	WGN45	0.58	0.64	0.54	0.02
8	WGN46	0.73	0.86	0.34	0.04
9	WGN55	0.85	0.59	0.61	0.01
10	WGN59	0.73	0.62	0.7	0.01
11	WGN63	0.24	0.54	0.37	0.01

	flag_leaf_area
famID	STP_2017	STP_2018	TLI_2017	TLI_2018
1	WGN07	24.75	15.1	56.25	29.48
2	WGN15	22.02	11.22	44.2	12.97
3	WGN26	25.73	17.98	61.6	21.9
4	WGN36	28.63	12.17	71.7	16.67
5	WGN38	32.36	17.78	56.63	19.18
6	WGN39	24.72	13.28	50.4	21.92
7	WGN45	20.77	16.98	52.6	22.42
8	WGN46	22.94	18.16	60.07	23.92
9	WGN55	21.4	12.12	28.7	13
10	WGN59	23.23	12.06	47.45	17.65
11	WGN63	23.28	12	47.93	15.83

	floret_site_utilization
famID	STP_2017	STP_2018	TLI_2017	TLI_2018
1	WGN07	0.44	0.56	0.32	0.03
2	WGN15	0.52	0.59	0.35	0.01
3	WGN26	0.44	0.66	0.43	0.07
4	WGN36	0.4	0.57	0.14	0
5	WGN38	0.32	0.5	0.13	0.01
6	WGN39	0.42	0.56	0.38	0.01
7	WGN45	0.44	0.62	0.3	0.03
8	WGN46	0.45	0.75	0.25	0.05
9	WGN55	0.56	0.64	0.43	0.01
10	WGN59	0.53	0.64	0.43	0.02
11	WGN63	0.17	0.52	0.22	0.01

	florets_per_spikelet
famID	STP_2017	STP_2018	TLI_2017	TLI_2018
1	WGN07	10.67	8	10.83	7.08
2	WGN15	10.4	7.33	8.83	5.22
3	WGN26	10.11	7.22	9.06	5.89
4	WGN36	10.33	6.83	10.89	6.07
5	WGN38	11.67	6.4	11.78	7
6	WGN39	9.39	5.89	7.89	6.33
7	WGN45	9.11	6.87	10	5.28
8	WGN46	10.6	7.33	10.56	6.17
9	WGN55	9.83	7	8.5	4.53
10	WGN59	7.84	5.66	7.96	4.2
11	WGN63	9.11	6.11	7.17	4.11

	height
famID	STP_2017	STP_2018	TLI_2017	TLI_2018
1	WGN07	78.33	90	60	68.75
2	WGN15	126	137	123.33	98.33
3	WGN26	119.17	149.17	119.17	110.83
4	WGN36	94.17	130.83	87.5	90.83
5	WGN38	88	114	85.83	89.17
6	WGN39	120	132.5	118.33	96.67
7	WGN45	116.67	136.67	120	114.17
8	WGN46	92	122	100	80.83
9	WGN55	111.67	132.5	97.5	79.17
10	WGN59	117.95	136.31	104.44	93
11	WGN63	134.17	144.17	129.17	105

	reproductive_tiller_ct
famID	STP_2017	STP_2018	TLI_2017	TLI_2018
1	WGN07	37.83	89.33	53.5	34.75
2	WGN15	106.8	228.2	115.67	131.5
3	WGN26	34.5	94.83	75.5	90
4	WGN36	73	141.17	70.33	122.5
5	WGN38	69.8	172.8	85.83	115
6	WGN39	99.17	226.5	146.83	93.67
7	WGN45	29	105.17	56.17	132.33
8	WGN46	58.2	119.83	90.33	79.67
9	WGN55	59	176	80.5	88.6
10	WGN59	37.98	108.22	49.71	65.6
11	WGN63	57.17	186.5	91.17	141

	seed_area
famID	STP_2017	STP_2018	TLI_2017	TLI_2018
1	WGN07	6.77	6.02	5.97	5.8
2	WGN15	8.24	7.72	7.92	NA
3	WGN26	10.82	9.6	9.43	7.44
4	WGN36	8.95	8.13	8.68	NA
5	WGN38	8.56	8.08	7.92	NA
6	WGN39	10.05	9.52	9.27	NA
7	WGN45	8.13	7.45	7.12	5.82
8	WGN46	7.34	7.12	6.08	5.95
9	WGN55	7.93	7.17	7.08	NA
10	WGN59	8.5	7.84	7.89	6.14
11	WGN63	9.92	9.82	9.4	8.3

	seeds_per_spike
famID	STP_2017	STP_2018	TLI_2017	TLI_2018
1	WGN07	4.69	4.39	3.45	0.24
2	WGN15	5.43	4.27	3.09	0.05
3	WGN26	4.37	4.72	3.89	0.42
4	WGN36	4.16	3.83	1.56	0.02
5	WGN38	3.67	3.12	1.56	0.06
6	WGN39	3.96	3.3	2.99	0.06
7	WGN45	3.97	4.18	3	0.14
8	WGN46	4.74	5.49	2.57	0.3
9	WGN55	5.51	4.44	3.56	0.05
10	WGN59	4.07	3.58	3.45	0.09
11	WGN63	1.46	3.17	1.56	0.04

	spikelet_density
famID	STP_2017	STP_2018	TLI_2017	TLI_2018
1	WGN07	0.96	1.04	0.85	1.03
2	WGN15	0.67	0.69	0.64	0.85
3	WGN26	0.64	0.63	0.53	0.74
4	WGN36	0.76	0.8	0.7	1.03
5	WGN38	0.84	0.83	0.75	0.98
6	WGN39	0.69	0.78	0.58	0.76
7	WGN45	0.76	0.83	0.73	0.98
8	WGN46	0.94	1.05	0.82	1.09
9	WGN55	0.83	0.97	0.77	1.06
10	WGN59	0.78	0.8	0.67	0.87
11	WGN63	0.65	0.68	0.65	0.9

	spikelets_per_spike
famID	STP_2017	STP_2018	TLI_2017	TLI_2018
1	WGN07	22.94	22.06	29.56	26.83
2	WGN15	19.27	17.07	25.06	22.06
3	WGN26	19.67	19.67	22.89	23.17
4	WGN36	20.11	20.61	26.61	25.8
5	WGN38	21.47	21.13	28.61	27.22
6	WGN39	20.72	19.28	23.61	22.25
7	WGN45	18.94	19.61	29.06	28.39
8	WGN46	23.27	21.83	30.78	27.67
9	WGN55	21.44	19.93	28.39	23.07
10	WGN59	20.02	20.64	25.94	22.03
11	WGN63	18.83	17.83	27.11	23.22

	stem_diameter
famID	STP_2017	STP_2018	TLI_2017	TLI_2018
1	WGN07	2.32	1.71	3.06	2.29
2	WGN15	2.15	1.62	2.8	1.61
3	WGN26	2.56	2.08	3.28	2.13
4	WGN36	2.29	1.76	3.01	1.9
5	WGN38	2.34	1.77	3.35	2.21
6	WGN39	2.49	1.85	2.92	2.09
7	WGN45	2.18	1.72	3.69	2.11
8	WGN46	2.55	1.98	3.22	2.29
9	WGN55	2.31	1.55	3.1	1.82
10	WGN59	2.22	1.78	3.34	2.05
11	WGN63	2.13	1.68	2.92	1.77

	thousand_grain_weight
famID	STP_2017	STP_2018	TLI_2017	TLI_2018
1	WGN07	7.17	5.69	5.32	5.31
2	WGN15	8.56	7.82	8.27	NA
3	WGN26	10.84	9.39	8.62	6.48
4	WGN36	10.18	9.43	9.17	NA
5	WGN38	8.82	8.85	6.97	NA
6	WGN39	11.53	10.94	9.46	NA
7	WGN45	8.89	8.03	6.81	5.28
8	WGN46	7.47	7.59	4.98	4.62
9	WGN55	7.9	6.99	6.71	NA
10	WGN59	9.53	8.67	8.43	5.55
11	WGN63	10.66	11.26	9.9	8.25

	yield_per_spike
famID	STP_2017	STP_2018	TLI_2017	TLI_2018
1	WGN07	0.74	0.53	0.51	0.04
2	WGN15	0.84	0.51	0.51	0.01
3	WGN26	0.8	0.93	0.67	0.05
4	WGN36	0.76	0.68	0.33	0
5	WGN38	0.6	0.48	0.26	0.01
6	WGN39	0.88	0.6	0.6	0.01
7	WGN45	0.58	0.64	0.54	0.02
8	WGN46	0.73	0.86	0.34	0.04
9	WGN55	0.85	0.59	0.61	0.01
10	WGN59	0.73	0.62	0.7	0.01
11	WGN63	0.24	0.54	0.37	0.01

	flag_leaf_area
famID	STP_2017	STP_2018	TLI_2017	TLI_2018
1	WGN07	24.75	15.1	56.25	29.48
2	WGN15	22.02	11.22	44.2	12.97
3	WGN26	25.73	17.98	61.6	21.9
4	WGN36	28.63	12.17	71.7	16.67
5	WGN38	32.36	17.78	56.63	19.18
6	WGN39	24.72	13.28	50.4	21.92
7	WGN45	20.77	16.98	52.6	22.42
8	WGN46	22.94	18.16	60.07	23.92
9	WGN55	21.4	12.12	28.7	13
10	WGN59	23.23	12.06	47.45	17.65
11	WGN63	23.28	12	47.93	15.83

	floret_site_utilization
famID	STP_2017	STP_2018	TLI_2017	TLI_2018
1	WGN07	0.44	0.56	0.32	0.03
2	WGN15	0.52	0.59	0.35	0.01
3	WGN26	0.44	0.66	0.43	0.07
4	WGN36	0.4	0.57	0.14	0
5	WGN38	0.32	0.5	0.13	0.01
6	WGN39	0.42	0.56	0.38	0.01
7	WGN45	0.44	0.62	0.3	0.03
8	WGN46	0.45	0.75	0.25	0.05
9	WGN55	0.56	0.64	0.43	0.01
10	WGN59	0.53	0.64	0.43	0.02
11	WGN63	0.17	0.52	0.22	0.01

	florets_per_spikelet
famID	STP_2017	STP_2018	TLI_2017	TLI_2018
1	WGN07	10.67	8	10.83	7.08
2	WGN15	10.4	7.33	8.83	5.22
3	WGN26	10.11	7.22	9.06	5.89
4	WGN36	10.33	6.83	10.89	6.07
5	WGN38	11.67	6.4	11.78	7
6	WGN39	9.39	5.89	7.89	6.33
7	WGN45	9.11	6.87	10	5.28
8	WGN46	10.6	7.33	10.56	6.17
9	WGN55	9.83	7	8.5	4.53
10	WGN59	7.84	5.66	7.96	4.2
11	WGN63	9.11	6.11	7.17	4.11

	height
famID	STP_2017	STP_2018	TLI_2017	TLI_2018
1	WGN07	78.33	90	60	68.75
2	WGN15	126	137	123.33	98.33
3	WGN26	119.17	149.17	119.17	110.83
4	WGN36	94.17	130.83	87.5	90.83
5	WGN38	88	114	85.83	89.17
6	WGN39	120	132.5	118.33	96.67
7	WGN45	116.67	136.67	120	114.17
8	WGN46	92	122	100	80.83
9	WGN55	111.67	132.5	97.5	79.17
10	WGN59	117.95	136.31	104.44	93
11	WGN63	134.17	144.17	129.17	105

	reproductive_tiller_ct
famID	STP_2017	STP_2018	TLI_2017	TLI_2018
1	WGN07	37.83	89.33	53.5	34.75
2	WGN15	106.8	228.2	115.67	131.5
3	WGN26	34.5	94.83	75.5	90
4	WGN36	73	141.17	70.33	122.5
5	WGN38	69.8	172.8	85.83	115
6	WGN39	99.17	226.5	146.83	93.67
7	WGN45	29	105.17	56.17	132.33
8	WGN46	58.2	119.83	90.33	79.67
9	WGN55	59	176	80.5	88.6
10	WGN59	37.98	108.22	49.71	65.6
11	WGN63	57.17	186.5	91.17	141

	seed_area
famID	STP_2017	STP_2018	TLI_2017	TLI_2018
1	WGN07	6.77	6.02	5.97	5.8
2	WGN15	8.24	7.72	7.92	NA
3	WGN26	10.82	9.6	9.43	7.44
4	WGN36	8.95	8.13	8.68	NA
5	WGN38	8.56	8.08	7.92	NA
6	WGN39	10.05	9.52	9.27	NA
7	WGN45	8.13	7.45	7.12	5.82
8	WGN46	7.34	7.12	6.08	5.95
9	WGN55	7.93	7.17	7.08	NA
10	WGN59	8.5	7.84	7.89	6.14
11	WGN63	9.92	9.82	9.4	8.3

	seeds_per_spike
famID	STP_2017	STP_2018	TLI_2017	TLI_2018
1	WGN07	4.69	4.39	3.45	0.24
2	WGN15	5.43	4.27	3.09	0.05
3	WGN26	4.37	4.72	3.89	0.42
4	WGN36	4.16	3.83	1.56	0.02
5	WGN38	3.67	3.12	1.56	0.06
6	WGN39	3.96	3.3	2.99	0.06
7	WGN45	3.97	4.18	3	0.14
8	WGN46	4.74	5.49	2.57	0.3
9	WGN55	5.51	4.44	3.56	0.05
10	WGN59	4.07	3.58	3.45	0.09
11	WGN63	1.46	3.17	1.56	0.04

	spikelet_density
famID	STP_2017	STP_2018	TLI_2017	TLI_2018
1	WGN07	0.96	1.04	0.85	1.03
2	WGN15	0.67	0.69	0.64	0.85
3	WGN26	0.64	0.63	0.53	0.74
4	WGN36	0.76	0.8	0.7	1.03
5	WGN38	0.84	0.83	0.75	0.98
6	WGN39	0.69	0.78	0.58	0.76
7	WGN45	0.76	0.83	0.73	0.98
8	WGN46	0.94	1.05	0.82	1.09
9	WGN55	0.83	0.97	0.77	1.06
10	WGN59	0.78	0.8	0.67	0.87
11	WGN63	0.65	0.68	0.65	0.9

	spikelets_per_spike
famID	STP_2017	STP_2018	TLI_2017	TLI_2018
1	WGN07	22.94	22.06	29.56	26.83
2	WGN15	19.27	17.07	25.06	22.06
3	WGN26	19.67	19.67	22.89	23.17
4	WGN36	20.11	20.61	26.61	25.8
5	WGN38	21.47	21.13	28.61	27.22
6	WGN39	20.72	19.28	23.61	22.25
7	WGN45	18.94	19.61	29.06	28.39
8	WGN46	23.27	21.83	30.78	27.67
9	WGN55	21.44	19.93	28.39	23.07
10	WGN59	20.02	20.64	25.94	22.03
11	WGN63	18.83	17.83	27.11	23.22

	stem_diameter
famID	STP_2017	STP_2018	TLI_2017	TLI_2018
1	WGN07	2.32	1.71	3.06	2.29
2	WGN15	2.15	1.62	2.8	1.61
3	WGN26	2.56	2.08	3.28	2.13
4	WGN36	2.29	1.76	3.01	1.9
5	WGN38	2.34	1.77	3.35	2.21
6	WGN39	2.49	1.85	2.92	2.09
7	WGN45	2.18	1.72	3.69	2.11
8	WGN46	2.55	1.98	3.22	2.29
9	WGN55	2.31	1.55	3.1	1.82
10	WGN59	2.22	1.78	3.34	2.05
11	WGN63	2.13	1.68	2.92	1.77

	thousand_grain_weight
famID	STP_2017	STP_2018	TLI_2017	TLI_2018
1	WGN07	7.17	5.69	5.32	5.31
2	WGN15	8.56	7.82	8.27	NA
3	WGN26	10.84	9.39	8.62	6.48
4	WGN36	10.18	9.43	9.17	NA
5	WGN38	8.82	8.85	6.97	NA
6	WGN39	11.53	10.94	9.46	NA
7	WGN45	8.89	8.03	6.81	5.28
8	WGN46	7.47	7.59	4.98	4.62
9	WGN55	7.9	6.99	6.71	NA
10	WGN59	9.53	8.67	8.43	5.55
11	WGN63	10.66	11.26	9.9	8.25

	yield_per_spike
famID	STP_2017	STP_2018	TLI_2017	TLI_2018
1	WGN07	0.74	0.53	0.51	0.04
2	WGN15	0.84	0.51	0.51	0.01
3	WGN26	0.8	0.93	0.67	0.05
4	WGN36	0.76	0.68	0.33	0
5	WGN38	0.6	0.48	0.26	0.01
6	WGN39	0.88	0.6	0.6	0.01
7	WGN45	0.58	0.64	0.54	0.02
8	WGN46	0.73	0.86	0.34	0.04
9	WGN55	0.85	0.59	0.61	0.01
10	WGN59	0.73	0.62	0.7	0.01
11	WGN63	0.24	0.54	0.37	0.01

