plantID3	famID	emmean	SE	df	lower.CL	upper.CL
1	WGN07	7.20000000000487	1.9856440093536	1145	3.30409101558006	11.0959089844297
2	WGN07	14.3999999999949	1.98564400935524	1145	10.5040910155669	18.295908984423
3	WGN07	13.2500000000052	1.98564400935527	1145	9.35409101557708	17.1459089844333
4	WGN07	13.6000000000035	1.98564400935527	1145	9.70409101557538	17.4959089844316
5	WGN07	12.1500000000009	1.98564400935521	1145	8.25409101557289	16.0459089844288
6	WGN07	10.5500000000005	1.98564400935529	1145	6.65409101557236	14.4459089844286
7	WGN07	13.6000000000002	1.98564400935522	1145	9.70409101557225	17.4959089844282
8	WGN07	16.8500000000003	1.98564400935522	1145	12.9540910155723	20.7459089844283
9	WGN07	15.3999999999999	1.98564400935519	1145	11.504091015572	19.2959089844279
10	WGN07	7.20000000000024	1.98564400935526	1145	3.30409101557219	11.0959089844283
11	WGN07	19.5999999999999	1.98564400935527	1145	15.7040910155718	23.4959089844279
12	WGN07	10.0000000000002	1.98564400935523	1145	6.10409101557223	13.8959089844282
13	WGN07	13.2500000000001	1.98564400935528	1145	9.35409101557198	17.1459089844282
14	WGN07	12.9000000000002	1.98564400935528	1145	9.00409101557207	16.7959089844283
15	WGN07	18.5000000000002	1.98564400935523	1145	14.6040910155722	22.3959089844282
16	WGN07	9.50000000000006	1.98564400935533	1145	5.60409101557186	13.3959089844283
17	WGN07	12.8499999999999	1.98564400935526	1145	8.95409101557187	16.745908984428
18	WGN07	12.3500000000005	1.98564400935529	1145	8.45409101557238	16.2459089844286
20	WGN07	9.10000000000031	1.98564400935529	1145	5.20409101557218	12.9959089844284
21	WGN07	11.2000000000003	1.98564400935525	1145	7.30409101557224	15.0959089844283
22	WGN07	11.8999999999999	1.98564400935528	1145	8.00409101557182	15.795908984428
23	WGN07	16.4000000000004	1.98564400935527	1145	12.5040910155723	20.2959089844285
24	WGN07	14.6000000000003	1.98564400935523	1145	10.7040910155723	18.4959089844283
25	WGN07	9.50000000000027	1.98564400935522	1145	5.60409101557228	13.3959089844283
26	WGN07	16.4999999999998	1.98564400935521	1145	12.6040910155719	20.3959089844278
27	WGN07	15.9000000000001	1.98564400935519	1145	12.0040910155722	19.795908984428
28	WGN07	10.6500000000004	1.98564400935527	1145	6.75409101557233	14.5459089844285
29	WGN07	10.2500000000003	1.98564400935523	1145	6.35409101557227	14.1459089844283
30	WGN07	8.40000000000033	1.98564400935522	1145	4.50409101557235	12.2959089844283
31	WGN07	7.05000000000023	1.98564400935525	1145	3.15409101557219	10.9459089844283
32	WGN07	13.1000000000001	1.98564400935524	1145	9.20409101557211	16.9959089844282
33	WGN07	11.4000000000003	1.98564400935525	1145	7.50409101557226	15.2959089844284
34	WGN07	12.7500000000005	1.98564400935526	1145	8.85409101557238	16.6459089844285
35	WGN07	11.9500000000001	1.98564400935522	1145	8.05409101557209	15.8459089844281
36	WGN07	12.9000000000001	1.9856440093553	1145	9.00409101557192	16.7959089844282
37	WGN07	13.6500000000004	1.98564400935529	1145	9.7540910155723	17.5459089844286
38	WGN07	11.5500000000003	1.98564400935529	1145	7.65409101557215	15.4459089844284
39	WGN07	11.5000000000002	1.98564400935527	1145	7.60409101557215	15.3959089844283
40	WGN07	7.75000000000039	1.98564400935529	1145	3.85409101557227	11.6459089844285
41	WGN07	11.5500000000007	1.98564400935527	1145	7.65409101557261	15.4459089844288
42	WGN07	13.5500000000003	1.98564400935521	1145	9.65409101557231	17.4459089844283
44	WGN07	8.75000000000023	1.98564400935529	1145	4.8540910155721	12.6459089844284
46	WGN07	10.4000000000002	1.98564400935526	1145	6.50409101557214	14.2959089844283
47	WGN07	8.00000000000025	1.98564400935522	1145	4.10409101557227	11.8959089844282
48	WGN07	17.0000000000002	1.98564400935523	1145	13.1040910155722	20.8959089844282
49	WGN07	13.2000000000003	1.9856440093552	1145	9.30409101557233	17.0959089844282
50	WGN07	13.7000000000003	1.98564400935524	1145	9.80409101557226	17.5959089844283
51	WGN07	13.7500000000004	1.9856440093553	1145	9.85409101557229	17.6459089844286
52	WGN07	14.0000000000005	1.9856440093553	1145	10.1040910155723	17.8959089844286
53	WGN07	16.75	1.98564400935526	1145	12.8540910155719	20.645908984428
54	WGN07	13.7431064572429	2.80873721391687	1145	8.23225733472108	19.2539555797648
55	WGN07	9.75000000000023	1.9856440093553	1145	5.85409101557209	13.6459089844284
56	WGN07	13.3000000000004	1.98564400935525	1145	9.40409101557233	17.1959089844284
57	WGN07	11.9500000000004	1.98564400935524	1145	8.05409101557235	15.8459089844284
58	WGN07	12.1000000000001	1.98564400935525	1145	8.20409101557207	15.9959089844282
59	WGN07	11.6500000000001	1.98564400935522	1145	7.75409101557214	15.5459089844281
60	WGN07	10.8000000000004	1.98564400935525	1145	6.90409101557232	14.6959089844284
61	WGN07	13.0500000000002	1.98564400935523	1145	9.15409101557219	16.9459089844282
63	WGN07	12.8000000000002	1.98564400935526	1145	8.90409101557217	16.6959089844283
64	WGN07	12.3	1.98564400935526	1145	8.40409101557197	16.1959089844281
66	WGN07	10.5	1.98564400935528	1145	6.60409101557191	14.3959089844281
67	WGN07	9.70000000000034	1.98564400935522	1145	5.80409101557236	13.5959089844283
68	WGN07	5.74999999999998	1.98564400935525	1145	1.85409101557193	9.64590898442804
69	WGN07	14.6000000000002	1.98564400935532	1145	10.704091015572	18.4959089844284
71	WGN07	13.3500000000004	1.98564400935521	1145	9.45409101557244	17.2459089844284
73	WGN07	10.0000000000004	1.98564400935527	1145	6.10409101557229	13.8959089844285
74	WGN07	15.2000000000002	1.98564400935524	1145	11.3040910155722	19.0959089844283
75	WGN07	10.8000000000002	1.98564400935527	1145	6.90409101557215	14.6959089844283
76	WGN07	10.6500000000003	1.98564400935527	1145	6.75409101557223	14.5459089844284
77	WGN07	17.0000000000002	1.98564400935527	1145	13.1040910155721	20.8959089844283
78	WGN07	8.75000000000033	1.9856440093553	1145	4.85409101557219	12.6459089844285
79	WGN07	8.50000000000014	1.98564400935525	1145	4.60409101557209	12.3959089844282
80	WGN07	16.1500000000005	1.98564400935527	1145	12.2540910155725	20.0459089844286
81	WGN07	15.2500000000004	1.98564400935527	1145	11.3540910155723	19.1459089844285
82	WGN07	13.5500000000005	1.9856440093553	1145	9.65409101557234	17.4459089844286
83	WGN07	15.1000000000001	1.98564400935523	1145	11.2040910155721	18.9959089844282
84	WGN07	21.0000000000005	1.98564400935528	1145	17.1040910155724	24.8959089844287
85	WGN07	11.4000000000003	1.98564400935522	1145	7.50409101557232	15.2959089844283
86	WGN07	14.5000000000002	1.98564400935528	1145	10.6040910155721	18.3959089844283
87	WGN07	10.9500000000002	1.98564400935523	1145	7.05409101557215	14.8459089844282
88	WGN07	14.5000000000003	1.98564400935526	1145	10.6040910155723	18.3959089844284
89	WGN07	10.8000000000001	1.98564400935523	1145	6.90409101557207	14.6959089844281
90	WGN07	17.0000000000002	1.98564400935523	1145	13.1040910155722	20.8959089844282
91	WGN07	10.8000000000002	1.98564400935523	1145	6.90409101557217	14.6959089844282
92	WGN07	14.2500000000003	1.98564400935527	1145	10.3540910155722	18.1459089844284
93	WGN07	15.8500000000003	1.98564400935524	1145	11.9540910155722	19.7459089844283
94	WGN07	15.3000000000001	1.98564400935524	1145	11.4040910155721	19.1959089844282
95	WGN07	13.8000000000005	1.98564400935528	1145	9.90409101557235	17.6959089844286
96	WGN07	12.3000000000001	1.98564400935522	1145	8.40409101557211	16.1959089844281
97	WGN07	13.2000000000002	1.98564400935523	1145	9.30409101557217	17.0959089844282
98	WGN07	12.8500000000002	1.98564400935524	1145	8.95409101557218	16.7459089844282
99	WGN07	15.2999999999996	1.98564400935529	1145	11.4040910155715	19.1959089844278
100	WGN07	10.8500000000002	1.98564400935526	1145	6.9540910155721	14.7459089844283
101	WGN07	13.0500000000002	1.98564400935523	1145	9.15409101557215	16.9459089844282
102	WGN07	17.3500000000003	1.98564400935524	1145	13.4540910155723	21.2459089844283
103	WGN07	13.3000000000002	1.98564400935526	1145	9.40409101557219	17.1959089844283
104	WGN07	20.1000000000002	1.98564400935528	1145	16.2040910155721	23.9959089844283
105	WGN07	14.4000000000004	1.98564400935526	1145	10.5040910155724	18.2959089844285
106	WGN07	9.90000000000026	1.98564400935528	1145	6.00409101557216	13.7959089844284
107	WGN07	13.2000000000002	1.98564400935527	1145	9.30409101557213	17.0959089844283
108	WGN07	12.3000000000004	1.98564400935532	1145	8.40409101557219	16.1959089844286
109	WGN07	7.50000000000033	1.98564400935524	1145	3.60409101557231	11.3959089844283
110	WGN07	16.8500000000004	1.98564400935528	1145	12.9540910155723	20.7459089844285
111	WGN07	12.1500000000002	1.98564400935526	1145	8.25409101557214	16.0459089844283
112	WGN07	16.0000000000002	1.98564400935524	1145	12.1040910155722	19.8959089844283
113	WGN07	11.9499999999999	1.98564400935529	1145	8.05409101557179	15.845908984428
114	WGN07	16.1000000000002	1.98564400935526	1145	12.2040910155721	19.9959089844283
115	WGN07	14.1500000000001	1.98564400935528	1145	10.254091015572	18.0459089844282
116	WGN07	16.1000000000002	1.98564400935527	1145	12.2040910155721	19.9959089844283
117	WGN07	14.4500000000002	1.98564400935523	1145	10.5540910155722	18.3459089844282
118	WGN07	14.2500000000001	1.98564400935524	1145	10.3540910155721	18.1459089844281
119	WGN07	15.3500000000002	1.98564400935523	1145	11.4540910155722	19.2459089844282
120	WGN07	11.5500000000002	1.98564400935528	1145	7.65409101557208	15.4459089844283
121	WGN07	12.0000000000002	1.98564400935526	1145	8.10409101557217	15.8959089844283
122	WGN07	7.25689354275771	2.80873721391682	1145	1.74604442023596	12.7677426652795
123	WGN07	10.2500000000005	1.98564400935528	1145	6.35409101557244	14.1459089844287
124	WGN07	13.3500000000002	1.98564400935521	1145	9.45409101557225	17.2459089844282
125	WGN07	8.15000000000023	1.98564400935528	1145	4.25409101557213	12.0459089844283
126	WGN07	9.85000000000025	1.98564400935524	1145	5.95409101557222	13.7459089844283
127	WGN07	13.5000000000002	1.98564400935525	1145	9.60409101557212	17.3959089844282
128	WGN07	9.7000000000002	1.98564400935524	1145	5.80409101557216	13.5959089844282
129	WGN07	16.2500000000002	1.98564400935525	1145	12.3540910155722	20.1459089844283
130	WGN07	10.8500000000002	1.98564400935526	1145	6.95409101557213	14.7459089844283
1	WGN15	11.9999999999998	1.98564400935504	1145	8.10409101557213	15.8959089844274
2	WGN15	8.74999999999971	1.98564400935525	1145	4.85409101557167	12.6459089844278
3	WGN15	13.1499999999995	1.98564400935524	1145	9.2540910155715	17.0459089844276
4	WGN15	13.1999999999994	1.9856440093552	1145	9.30409101557145	17.0959089844273
5	WGN15	10.1999999999996	1.98564400935525	1145	6.30409101557155	14.0959089844277
7	WGN15	16.8999999999995	1.98564400935526	1145	13.0040910155715	20.7959089844276
8	WGN15	18.1499999999995	1.98564400935524	1145	14.2540910155714	22.0459089844275
9	WGN15	12.3999999999996	1.98564400935525	1145	8.50409101557153	16.2959089844276
10	WGN15	15.7999999999996	1.9856440093553	1145	11.9040910155715	19.6959089844278
11	WGN15	14.4999999999996	1.98564400935526	1145	10.6040910155715	18.3959089844277
12	WGN15	10.1999999999994	1.98564400935529	1145	6.30409101557125	14.0959089844275
13	WGN15	9.49999999999959	1.98564400935527	1145	5.60409101557151	13.3959089844277
14	WGN15	13.4499999999994	1.98564400935519	1145	9.55409101557143	17.3459089844273
15	WGN15	10.8499999999994	1.98564400935526	1145	6.95409101557136	14.7459089844275
16	WGN15	8.09999999999934	1.98564400935529	1145	4.2040910155712	11.9959089844275
17	WGN15	14.2568935427569	2.80873721391685	1145	8.74604442023509	19.7677426652787
18	WGN15	12.0999999999995	1.98564400935523	1145	8.20409101557147	15.9959089844275
19	WGN15	12.0999999999996	1.98564400935527	1145	8.2040910155715	15.9959089844277
20	WGN15	18.0499999999992	1.9856440093552	1145	14.1540910155713	21.9459089844272
21	WGN15	15.2999999999998	1.98564400935523	1145	11.4040910155717	19.1959089844278
22	WGN15	10.9499999999996	1.98564400935525	1145	7.05409101557156	14.8459089844277
23	WGN15	12.3999999999994	1.98564400935526	1145	8.50409101557135	16.2959089844275
24	WGN15	8.156893542757	2.80873721391683	1145	2.64604442023524	13.6677426652788
25	WGN15	11.1999999999996	1.98564400935521	1145	7.30409101557161	15.0959089844275
26	WGN15	14.9499999999996	1.98564400935528	1145	11.0540910155715	18.8459089844277
27	WGN15	18.3499999999996	1.98564400935527	1145	14.4540910155715	22.2459089844277
28	WGN15	14.1999999999996	1.98564400935529	1145	10.3040910155715	18.0959089844277
29	WGN15	12.7999999999995	1.98564400935526	1145	8.9040910155714	16.6959089844276
30	WGN15	12.0999999999994	1.98564400935521	1145	8.20409101557148	15.9959089844274
31	WGN15	11.856893542757	2.80873721391681	1145	6.3460444202353	17.3677426652788
32	WGN15	13.6499999999995	1.98564400935524	1145	9.75409101557146	17.5459089844275
33	WGN15	15.2499999999995	1.98564400935527	1145	11.3540910155714	19.1459089844276
34	WGN15	15.0499999999996	1.98564400935525	1145	11.1540910155715	18.9459089844276
35	WGN15	10.5999999999995	1.98564400935522	1145	6.70409101557155	14.4959089844275
36	WGN15	9.59999999999956	1.98564400935524	1145	5.70409101557153	13.4959089844276
37	WGN15	14.3999999999994	1.98564400935524	1145	10.5040910155714	18.2959089844275
38	WGN15	10.8499999999994	1.98564400935521	1145	6.9540910155714	14.7459089844273
39	WGN15	11.8499999999995	1.98564400935523	1145	7.95409101557147	15.7459089844275
40	WGN15	14.4999999999996	1.98564400935526	1145	10.6040910155715	18.3959089844277
41	WGN15	12.7999999999996	1.98564400935522	1145	8.90409101557158	16.6959089844276
43	WGN15	15.2999999999996	1.98564400935528	1145	11.4040910155715	19.1959089844277
44	WGN15	11.3	1.98564400935528	1145	7.40409101557193	15.1959089844281
45	WGN15	11.1999999999995	1.98564400935527	1145	7.30409101557142	15.0959089844276
46	WGN15	8.09999999999958	1.98564400935525	1145	4.20409101557154	11.9959089844276
47	WGN15	11.8499999999994	1.98564400935526	1145	7.95409101557131	15.7459089844274
48	WGN15	13.4999999999996	1.98564400935526	1145	9.60409101557157	17.3959089844277
50	WGN15	15.7999999999995	1.98564400935526	1145	11.9040910155714	19.6959089844275
51	WGN15	9.29999999999947	1.98564400935526	1145	5.40409101557141	13.1959089844275
52	WGN15	7.6499999999996	1.98564400935524	1145	3.75409101557158	11.5459089844276
53	WGN15	10.5499999999994	1.98564400935525	1145	6.65409101557133	14.4459089844274
54	WGN15	10.4568935427569	2.80873721391679	1145	4.94604442023523	15.9677426652786
55	WGN15	9.39999999999931	1.98564400935522	1145	5.50409101557133	13.2959089844273
56	WGN15	9.59999999999922	1.98564400935527	1145	5.70409101557113	13.4959089844273
57	WGN15	7.69999999999952	1.98564400935526	1145	3.80409101557146	11.5959089844276
58	WGN15	16.7999999999995	1.98564400935526	1145	12.9040910155714	20.6959089844275
59	WGN15	14.8499999999991	1.98564400935525	1145	10.954091015571	18.7459089844271
60	WGN15	11.2999999999994	1.98564400935527	1145	7.40409101557135	15.1959089844275
61	WGN15	10.4999999999995	1.98564400935526	1145	6.60409101557145	14.3959089844276
62	WGN15	13.5499999999995	1.98564400935529	1145	9.65409101557136	17.4459089844276
63	WGN15	14.4999999999994	1.98564400935524	1145	10.6040910155714	18.3959089844274
64	WGN15	9.99999999999941	1.98564400935527	1145	6.10409101557133	13.8959089844275
65	WGN15	15.9999999999995	1.98564400935525	1145	12.1040910155714	19.8959089844275
66	WGN15	7.99999999999941	1.98564400935526	1145	4.10409101557135	11.8959089844275
67	WGN15	13.9999999999995	1.98564400935526	1145	10.1040910155715	17.8959089844276
68	WGN15	8.04999999999942	1.98564400935525	1145	4.15409101557137	11.9459089844275
69	WGN15	10.2999999999996	1.98564400935527	1145	6.40409101557151	14.1959089844277
70	WGN15	15.1499999999994	1.98564400935528	1145	11.2540910155713	19.0459089844275
71	WGN15	11.1999999999995	1.98564400935524	1145	7.30409101557147	15.0959089844275
72	WGN15	14.6999999999996	1.98564400935526	1145	10.8040910155715	18.5959089844276
73	WGN15	11.8999999999996	1.9856440093552	1145	8.00409101557169	15.7959089844276
74	WGN15	7.44999999999931	1.98564400935528	1145	3.55409101557121	11.3459089844274
75	WGN15	11.8568935427569	2.80873721391682	1145	6.34604442023517	17.3677426652786
77	WGN15	8.69999999999957	1.98564400935525	1145	4.80409101557152	12.5959089844276
78	WGN15	8.14999999999947	1.98564400935526	1145	4.2540910155714	12.0459089844275
79	WGN15	12.5499999999997	1.98564400935525	1145	8.65409101557163	16.4459089844277
80	WGN15	11.1999999999995	1.98564400935528	1145	7.30409101557142	15.0959089844276
81	WGN15	13.5999999999996	1.98564400935526	1145	9.7040910155715	17.4959089844276
82	WGN15	13.4999999999995	1.98564400935525	1145	9.60409101557147	17.3959089844276
83	WGN15	12.3999999999995	1.98564400935523	1145	8.50409101557146	16.2959089844275
84	WGN15	11.2499999999998	1.98564400935525	1145	7.35409101557175	15.1459089844279
85	WGN15	14.0499999999996	1.9856440093553	1145	10.1540910155715	17.9459089844278
86	WGN15	9.74999999999953	1.98564400935522	1145	5.85409101557154	13.6459089844275
87	WGN15	8.64999999999946	1.98564400935525	1145	4.75409101557141	12.5459089844275
88	WGN15	8.99999999999948	1.98564400935524	1145	5.10409101557144	12.8959089844275
89	WGN15	10.9999999999995	1.98564400935525	1145	7.10409101557145	14.8959089844275
90	WGN15	11.5999999999995	1.98564400935525	1145	7.70409101557148	15.4959089844276
91	WGN15	10.3999999999994	1.98564400935525	1145	6.5040910155714	14.2959089844275
92	WGN15	8.54999999999948	1.98564400935524	1145	4.65409101557146	12.4459089844275
93	WGN15	9.44999999999967	1.98564400935525	1145	5.55409101557163	13.3459089844277
94	WGN15	13.5499999999995	1.98564400935527	1145	9.65409101557137	17.4459089844275
95	WGN15	9.59999999999953	1.98564400935524	1145	5.70409101557149	13.4959089844276
96	WGN15	14.4999999999995	1.98564400935524	1145	10.6040910155714	18.3959089844275
97	WGN15	9.49999999999946	1.98564400935525	1145	5.60409101557141	13.3959089844275
98	WGN15	12.7999999999996	1.98564400935526	1145	8.90409101557153	16.6959089844277
99	WGN15	12.3999999999995	1.98564400935526	1145	8.5040910155714	16.2959089844275
100	WGN15	12.7999999999995	1.98564400935528	1145	8.90409101557136	16.6959089844276
101	WGN15	18.3999999999995	1.98564400935528	1145	14.5040910155714	22.2959089844276
102	WGN15	9.14999999999953	1.98564400935523	1145	5.25409101557153	13.0459089844275
103	WGN15	10.3999999999995	1.98564400935527	1145	6.50409101557143	14.2959089844276
104	WGN15	8.69999999999958	1.98564400935524	1145	4.80409101557155	12.5959089844276
106	WGN15	10.6999999999995	1.98564400935525	1145	6.80409101557143	14.5959089844275
107	WGN15	10.8499999999995	1.98564400935526	1145	6.9540910155714	14.7459089844275
108	WGN15	12.0499999999996	1.98564400935528	1145	8.15409101557151	15.9459089844277
109	WGN15	11.6999999999996	1.98564400935527	1145	7.80409101557147	15.5959089844276
110	WGN15	10.3999999999995	1.98564400935525	1145	6.50409101557141	14.2959089844275
111	WGN15	14.5999999999994	1.98564400935523	1145	10.7040910155714	18.4959089844275
112	WGN15	11.2499999999995	1.98564400935527	1145	7.35409101557143	15.1459089844276
113	WGN15	12.2999999999996	1.98564400935527	1145	8.40409101557147	16.1959089844276
114	WGN15	13.4999999999996	1.98564400935525	1145	9.60409101557151	17.3959089844276
115	WGN15	12.3999999999994	1.98564400935524	1145	8.50409101557139	16.2959089844275
116	WGN15	12.7999999999995	1.98564400935527	1145	8.90409101557144	16.6959089844276
117	WGN15	14.3999999999994	1.98564400935525	1145	10.5040910155714	18.2959089844275
118	WGN15	8.59999999999969	1.98564400935526	1145	4.70409101557162	12.4959089844277
119	WGN15	11.3999999999994	1.98564400935527	1145	7.50409101557131	15.2959089844275
120	WGN15	15.6499999999995	1.98564400935527	1145	11.7540910155714	19.5459089844276
121	WGN15	8.24999999999949	1.98564400935524	1145	4.35409101557146	12.1459089844275
122	WGN15	9.14999999999949	1.98564400935525	1145	5.25409101557145	13.0459089844275
123	WGN15	10.7999999999996	1.98564400935526	1145	6.90409101557149	14.6959089844276
124	WGN15	11.6999999999995	1.98564400935525	1145	7.80409101557147	15.5959089844276
125	WGN15	10.8499999999995	1.98564400935527	1145	6.95409101557143	14.7459089844276
126	WGN15	8.54999999999949	1.98564400935529	1145	4.65409101557136	12.4459089844276
127	WGN15	11.2499999999998	1.98564400935527	1145	7.35409101557173	15.1459089844279
128	WGN15	16.1999999999995	1.98564400935524	1145	12.3040910155714	20.0959089844275
129	WGN15	13.0499999999994	1.98564400935527	1145	9.15409101557134	16.9459089844275
130	WGN15	10.1499999999995	1.98564400935527	1145	6.25409101557139	14.0459089844276
1	WGN26	5.34310645724368	2.8087372139168	1145	-0.167742665278024	10.8539555797654
3	WGN26	14.8500000000004	1.98564400935525	1145	10.9540910155724	18.7459089844285
4	WGN26	17.2000000000003	1.98564400935525	1145	13.3040910155723	21.0959089844284
5	WGN26	15.3000000000002	1.98564400935523	1145	11.4040910155722	19.1959089844282
6	WGN26	11.5500000000001	1.98564400935525	1145	7.65409101557204	15.4459089844281
7	WGN26	16.2000000000004	1.98564400935526	1145	12.3040910155723	20.0959089844284
8	WGN26	8.6000000000004	1.98564400935523	1145	4.70409101557239	12.4959089844284
9	WGN26	9.45000000000068	1.98564400935529	1145	5.55409101557256	13.3459089844288
10	WGN26	18.0000000000004	1.98564400935524	1145	14.1040910155724	21.8959089844285
11	WGN26	12.8000000000005	1.98564400935525	1145	8.90409101557248	16.6959089844286
12	WGN26	12.0000000000002	1.98564400935525	1145	8.10409101557217	15.8959089844283
13	WGN26	11.2500000000002	1.98564400935524	1145	7.35409101557218	15.1459089844282
14	WGN26	12.0000000000001	1.98564400935526	1145	8.10409101557203	15.8959089844282
15	WGN26	10.9500000000002	1.98564400935527	1145	7.0540910155721	14.8459089844283
17	WGN26	18.5500000000004	1.98564400935527	1145	14.6540910155723	22.4459089844285
18	WGN26	8.65000000000024	1.98564400935525	1145	4.75409101557219	12.5459089844283
19	WGN26	19.143106457243	2.80873721391685	1145	13.6322573347212	24.6539555797648
20	WGN26	10.4999999999999	1.98564400935525	1145	6.60409101557188	14.395908984428
21	WGN26	15.4999999999999	1.98564400935524	1145	11.6040910155719	19.395908984428
22	WGN26	16.7000000000002	1.98564400935526	1145	12.8040910155721	20.5959089844282
23	WGN26	12.4000000000004	1.98564400935528	1145	8.50409101557231	16.2959089844285
25	WGN26	13.7000000000004	1.98564400935527	1145	9.80409101557233	17.5959089844285
26	WGN26	12.7500000000002	1.98564400935524	1145	8.8540910155722	16.6459089844283
27	WGN26	14.7000000000001	1.98564400935524	1145	10.8040910155721	18.5959089844281
28	WGN26	18.05	1.98564400935523	1145	14.154091015572	21.945908984428
29	WGN26	12.1000000000001	1.98564400935524	1145	8.20409101557212	15.9959089844282
30	WGN26	10.4000000000004	1.98564400935526	1145	6.50409101557236	14.2959089844285
31	WGN26	14.4000000000008	1.9856440093553	1145	10.5040910155727	18.2959089844289
32	WGN26	13.2000000000003	1.98564400935524	1145	9.30409101557229	17.0959089844284
33	WGN26	11.1568935427575	2.80873721391676	1145	5.64604442023591	16.6677426652792
34	WGN26	17.3500000000006	1.98564400935529	1145	13.4540910155725	21.2459089844287
35	WGN26	14.4999999999996	1.98564400935521	1145	10.6040910155716	18.3959089844276
36	WGN26	16.6000000000006	1.98564400935527	1145	12.7040910155725	20.4959089844287
38	WGN26	17.0999999999998	1.98564400935523	1145	13.2040910155718	20.9959089844278
39	WGN26	15.2500000000003	1.98564400935524	1145	11.3540910155722	19.1459089844283
40	WGN26	14.8500000000003	1.98564400935522	1145	10.9540910155723	18.7459089844283
41	WGN26	8.35000000000059	1.9856440093553	1145	4.45409101557246	12.2459089844287
42	WGN26	15.7000000000005	1.98564400935526	1145	11.8040910155724	19.5959089844285
43	WGN26	13.3	1.98564400935524	1145	9.40409101557199	17.195908984428
44	WGN26	17.5000000000003	1.98564400935526	1145	13.6040910155723	21.3959089844284
45	WGN26	18.2000000000001	1.98564400935523	1145	14.3040910155721	22.0959089844281
46	WGN26	11.5500000000004	1.98564400935524	1145	7.65409101557239	15.4459089844284
47	WGN26	10.8500000000003	1.98564400935524	1145	6.95409101557224	14.7459089844283
48	WGN26	21.5000000000003	1.98564400935525	1145	17.6040910155723	25.3959089844283
49	WGN26	14.0000000000005	1.98564400935524	1145	10.1040910155725	17.8959089844286
50	WGN26	14.3500000000003	1.98564400935524	1145	10.4540910155722	18.2459089844283
51	WGN26	9.90000000000024	1.98564400935523	1145	6.00409101557223	13.7959089844282
52	WGN26	11.9499999999999	1.98564400935524	1145	8.05409101557188	15.8459089844279
53	WGN26	10.6000000000004	1.98564400935526	1145	6.70409101557234	14.4959089844285
54	WGN26	14.0500000000005	1.98564400935525	1145	10.1540910155724	17.9459089844285
55	WGN26	8.2500000000002	1.98564400935524	1145	4.35409101557218	12.1459089844282
56	WGN26	11.3000000000001	1.98564400935524	1145	7.40409101557212	15.1959089844282
57	WGN26	18.9500000000002	1.98564400935523	1145	15.0540910155722	22.8459089844282
58	WGN26	15.2000000000003	1.98564400935526	1145	11.3040910155723	19.0959089844284
59	WGN26	14.3431064572431	2.80873721391686	1145	8.83225733472126	19.8539555797649
60	WGN26	13.6000000000003	1.98564400935525	1145	9.70409101557228	17.4959089844284
61	WGN26	16.7000000000006	1.98564400935528	1145	12.8040910155725	20.5959089844287
62	WGN26	16.2000000000001	1.98564400935523	1145	12.3040910155721	20.0959089844281
64	WGN26	13.2500000000003	1.98564400935526	1145	9.35409101557225	17.1459089844284
65	WGN26	15.7500000000003	1.98564400935525	1145	11.8540910155723	19.6459089844284
66	WGN26	12.8000000000004	1.98564400935526	1145	8.90409101557235	16.6959089844285
67	WGN26	14.0000000000005	1.98564400935525	1145	10.1040910155725	17.8959089844286
68	WGN26	13.9500000000004	1.98564400935526	1145	10.0540910155723	17.8459089844285
69	WGN26	11.3000000000004	1.98564400935527	1145	7.40409101557228	15.1959089844284
70	WGN26	12.1000000000004	1.98564400935526	1145	8.20409101557232	15.9959089844284
71	WGN26	12.8000000000004	1.98564400935524	1145	8.90409101557234	16.6959089844284
73	WGN26	11.3000000000006	1.98564400935528	1145	7.40409101557249	15.1959089844287
74	WGN26	18.7500000000003	1.98564400935526	1145	14.8540910155722	22.6459089844283
75	WGN26	18.6000000000001	1.98564400935524	1145	14.7040910155721	22.4959089844282
76	WGN26	13.5000000000006	1.98564400935527	1145	9.60409101557247	17.3959089844286
77	WGN26	6.45000000000025	1.98564400935525	1145	2.5540910155722	10.3459089844283
78	WGN26	16.8500000000003	1.98564400935525	1145	12.9540910155723	20.7459089844284
79	WGN26	17.7568935427577	2.80873721391682	1145	12.246044420236	23.2677426652795
80	WGN26	14.7500000000003	1.98564400935525	1145	10.8540910155723	18.6459089844284
81	WGN26	16.3000000000002	1.98564400935525	1145	12.4040910155722	20.1959089844283
82	WGN26	17.5500000000005	1.98564400935526	1145	13.6540910155724	21.4459089844286
83	WGN26	11.8000000000003	1.98564400935526	1145	7.90409101557228	15.6959089844284
85	WGN26	13.8000000000004	1.98564400935527	1145	9.90409101557233	17.6959089844285
86	WGN26	5.8431064572429	2.80873721391678	1145	0.332257334721225	11.3539555797646
87	WGN26	10.7000000000004	1.98564400935526	1145	6.8040910155723	14.5959089844284
88	WGN26	10.0500000000003	1.98564400935523	1145	6.15409101557233	13.9459089844283
89	WGN26	13.3000000000002	1.98564400935524	1145	9.40409101557215	17.1959089844282
90	WGN26	11.9500000000003	1.98564400935524	1145	8.05409101557225	15.8459089844283
91	WGN26	13.1500000000004	1.98564400935525	1145	9.25409101557234	17.0459089844284
92	WGN26	10.5000000000003	1.98564400935524	1145	6.60409101557229	14.3959089844284
93	WGN26	13.2000000000003	1.98564400935524	1145	9.30409101557228	17.0959089844283
94	WGN26	14.5000000000004	1.98564400935527	1145	10.6040910155723	18.3959089844285
95	WGN26	14.4000000000003	1.98564400935525	1145	10.5040910155722	18.2959089844283
96	WGN26	8.80000000000035	1.98564400935526	1145	4.90409101557229	12.6959089844284
97	WGN26	9.80000000000042	1.98564400935527	1145	5.90409101557233	13.6959089844285
98	WGN26	17.0000000000003	1.98564400935525	1145	13.1040910155723	20.8959089844284
99	WGN26	17.6500000000003	1.98564400935524	1145	13.7540910155722	21.5459089844283
100	WGN26	12.3500000000003	1.98564400935525	1145	8.45409101557228	16.2459089844284
101	WGN26	11.6000000000003	1.98564400935525	1145	7.7040910155723	15.4959089844284
102	WGN26	18.7000000000003	1.98564400935525	1145	14.8040910155723	22.5959089844284
103	WGN26	11.4500000000003	1.98564400935524	1145	7.55409101557232	15.3459089844284
104	WGN26	16.6500000000003	1.98564400935526	1145	12.7540910155722	20.5459089844283
105	WGN26	13.7000000000003	1.98564400935525	1145	9.80409101557228	17.5959089844284
106	WGN26	14.0000000000004	1.98564400935526	1145	10.1040910155723	17.8959089844284
108	WGN26	9.40000000000027	1.98564400935525	1145	5.50409101557222	13.2959089844283
109	WGN26	14.9000000000004	1.98564400935526	1145	11.0040910155723	18.7959089844284
111	WGN26	13.6000000000003	1.98564400935525	1145	9.70409101557227	17.4959089844284
112	WGN26	14.8500000000003	1.98564400935525	1145	10.9540910155722	18.7459089844283
113	WGN26	6.00000000000031	1.98564400935525	1145	2.10409101557226	9.89590898442836
115	WGN26	11.2500000000003	1.98564400935525	1145	7.35409101557229	15.1459089844284
116	WGN26	15.3500000000003	1.98564400935527	1145	11.4540910155723	19.2459089844284
117	WGN26	11.243106457243	2.80873721391684	1145	5.7322573347212	16.7539555797648
118	WGN26	11.7000000000002	1.98564400935525	1145	7.8040910155722	15.5959089844283
119	WGN26	16.0000000000003	1.98564400935525	1145	12.1040910155723	19.8959089844284
120	WGN26	11.6000000000003	1.98564400935525	1145	7.70409101557225	15.4959089844283
121	WGN26	10.5000000000003	1.98564400935524	1145	6.60409101557225	14.3959089844283
122	WGN26	13.2500000000004	1.98564400935525	1145	9.35409101557235	17.1459089844285
123	WGN26	10.1500000000003	1.98564400935526	1145	6.25409101557219	14.0459089844283
124	WGN26	7.65689354275773	2.80873721391684	1145	2.14604442023595	13.1677426652795
125	WGN26	18.5000000000005	1.98564400935526	1145	14.6040910155724	22.3959089844285
126	WGN26	10.8500000000004	1.98564400935527	1145	6.95409101557228	14.7459089844285
127	WGN26	6.90000000000036	1.98564400935526	1145	3.00409101557229	10.7959089844284
128	WGN26	12.8000000000003	1.98564400935526	1145	8.90409101557224	16.6959089844284
129	WGN26	7.50000000000034	1.98564400935524	1145	3.6040910155723	11.3959089844284
130	WGN26	15.2000000000004	1.98564400935526	1145	11.3040910155723	19.0959089844284
1	WGN36	15.8500000000014	1.98564400935541	1145	11.954091015573	19.7459089844297
2	WGN36	12.5000000000003	1.9856440093553	1145	8.60409101557217	16.3959089844285
4	WGN36	11.8500000000004	1.9856440093553	1145	7.95409101557223	15.7459089844285
5	WGN36	13.1500000000004	1.98564400935527	1145	9.25409101557229	17.0459089844285
6	WGN36	17.5000000000004	1.98564400935524	1145	13.6040910155724	21.3959089844284
7	WGN36	13.0500000000006	1.98564400935526	1145	9.15409101557251	16.9459089844286
8	WGN36	14.3000000000004	1.98564400935522	1145	10.4040910155724	18.1959089844284
9	WGN36	19.3568935427577	2.80873721391679	1145	13.846044420236	24.8677426652794
10	WGN36	13.0500000000004	1.98564400935526	1145	9.15409101557233	16.9459089844284
11	WGN36	9.30000000000044	1.98564400935525	1145	5.4040910155724	13.1959089844285
12	WGN36	18.6568935427576	2.80873721391679	1145	13.1460444202359	24.1677426652793
13	WGN36	12.0000000000006	1.98564400935527	1145	8.10409101557252	15.8959089844287
14	WGN36	12.7500000000004	1.98564400935529	1145	8.85409101557232	16.6459089844286
15	WGN36	15.6500000000005	1.98564400935525	1145	11.7540910155724	19.5459089844285
16	WGN36	13.0500000000005	1.98564400935525	1145	9.15409101557248	16.9459089844286
17	WGN36	13.9500000000005	1.98564400935523	1145	10.0540910155725	17.8459089844285
18	WGN36	10.5500000000004	1.98564400935527	1145	6.65409101557231	14.4459089844285
19	WGN36	12.4000000000005	1.98564400935523	1145	8.50409101557253	16.2959089844285
20	WGN36	13.9000000000004	1.98564400935527	1145	10.0040910155723	17.7959089844285
21	WGN36	16.5000000000006	1.98564400935528	1145	12.6040910155725	20.3959089844288
22	WGN36	10.5000000000004	1.98564400935525	1145	6.60409101557239	14.3959089844285
23	WGN36	12.0000000000004	1.98564400935526	1145	8.10409101557238	15.8959089844285
24	WGN36	14.9000000000007	1.98564400935523	1145	11.0040910155727	18.7959089844287
26	WGN36	11.2000000000004	1.98564400935525	1145	7.3040910155724	15.0959089844285
27	WGN36	12.7000000000004	1.98564400935527	1145	8.80409101557229	16.5959089844285
28	WGN36	11.7500000000006	1.98564400935522	1145	7.85409101557261	15.6459089844286
30	WGN36	14.3000000000005	1.98564400935524	1145	10.4040910155725	18.1959089844285
31	WGN36	16.2000000000003	1.98564400935525	1145	12.3040910155723	20.0959089844284
32	WGN36	15.7000000000005	1.98564400935522	1145	11.8040910155725	19.5959089844285
33	WGN36	9.50000000000046	1.98564400935525	1145	5.6040910155724	13.3959089844285
34	WGN36	13.5500000000004	1.98564400935527	1145	9.65409101557233	17.4459089844285
35	WGN36	11.8000000000005	1.98564400935525	1145	7.90409101557241	15.6959089844285
36	WGN36	15.6000000000005	1.98564400935526	1145	11.7040910155724	19.4959089844286
37	WGN36	10.0500000000003	1.98564400935527	1145	6.15409101557222	13.9459089844284
38	WGN36	11.856893542758	2.80873721391679	1145	6.34604442023636	17.3677426652797
39	WGN36	15.2500000000005	1.98564400935525	1145	11.3540910155724	19.1459089844285
40	WGN36	17.4000000000005	1.98564400935526	1145	13.5040910155724	21.2959089844286
41	WGN36	15.2000000000005	1.98564400935526	1145	11.3040910155724	19.0959089844285
42	WGN36	14.8500000000005	1.98564400935524	1145	10.9540910155725	18.7459089844285
43	WGN36	12.7000000000005	1.98564400935525	1145	8.80409101557242	16.5959089844285
44	WGN36	16.6500000000005	1.98564400935527	1145	12.7540910155724	20.5459089844286
45	WGN36	12.4500000000004	1.98564400935527	1145	8.55409101557233	16.3459089844285
46	WGN36	12.4000000000004	1.98564400935527	1145	8.50409101557235	16.2959089844285
47	WGN36	14.8500000000005	1.98564400935525	1145	10.9540910155724	18.7459089844285
48	WGN36	17.1000000000005	1.98564400935524	1145	13.2040910155724	20.9959089844285
49	WGN36	11.2500000000005	1.98564400935526	1145	7.35409101557241	15.1459089844285
51	WGN36	9.75000000000052	1.98564400935525	1145	5.85409101557248	13.6459089844286
52	WGN36	20.9000000000004	1.98564400935524	1145	17.0040910155724	24.7959089844285
53	WGN36	13.8500000000005	1.98564400935526	1145	9.95409101557242	17.7459089844285
54	WGN36	12.8000000000005	1.98564400935524	1145	8.90409101557248	16.6959089844286
55	WGN36	14.7000000000004	1.98564400935526	1145	10.8040910155724	18.5959089844285
56	WGN36	7.20000000000049	1.98564400935525	1145	3.30409101557243	11.0959089844285
57	WGN36	14.4500000000005	1.98564400935525	1145	10.5540910155724	18.3459089844285
58	WGN36	10.4500000000005	1.98564400935525	1145	6.55409101557242	14.3459089844285
59	WGN36	15.3000000000005	1.98564400935525	1145	11.4040910155724	19.1959089844285
60	WGN36	12.4000000000005	1.98564400935525	1145	8.50409101557245	16.2959089844285
62	WGN36	7.80000000000049	1.98564400935525	1145	3.90409101557244	11.6959089844285
64	WGN36	14.1500000000005	1.98564400935524	1145	10.2540910155725	18.0459089844285
65	WGN36	14.9000000000005	1.98564400935526	1145	11.0040910155724	18.7959089844285
66	WGN36	17.1000000000005	1.98564400935524	1145	13.2040910155724	20.9959089844285
68	WGN36	16.1500000000005	1.98564400935526	1145	12.2540910155724	20.0459089844286
69	WGN36	14.8000000000005	1.98564400935526	1145	10.9040910155724	18.6959089844286
70	WGN36	11.9000000000005	1.98564400935526	1145	8.00409101557239	15.7959089844285
71	WGN36	8.10000000000053	1.98564400935525	1145	4.20409101557248	11.9959089844286
72	WGN36	15.2500000000005	1.98564400935525	1145	11.3540910155724	19.1459089844285
74	WGN36	17.3500000000005	1.98564400935525	1145	13.4540910155724	21.2459089844285
75	WGN36	14.3000000000005	1.98564400935526	1145	10.4040910155724	18.1959089844285
76	WGN36	12.2500000000005	1.98564400935525	1145	8.35409101557241	16.1459089844285
77	WGN36	12.9000000000005	1.98564400935526	1145	9.0040910155724	16.7959089844285
78	WGN36	6.80000000000056	1.98564400935525	1145	2.90409101557252	10.6959089844286
79	WGN36	12.0000000000005	1.98564400935526	1145	8.1040910155724	15.8959089844285
80	WGN36	7.90000000000066	1.98564400935523	1145	4.00409101557265	11.7959089844287
81	WGN36	19.2000000000004	1.98564400935526	1145	15.3040910155724	23.0959089844285
82	WGN36	16.3000000000004	1.98564400935526	1145	12.4040910155724	20.1959089844285
83	WGN36	16.8000000000005	1.98564400935527	1145	12.9040910155724	20.6959089844286
84	WGN36	11.4500000000004	1.98564400935526	1145	7.55409101557236	15.3459089844285
85	WGN36	7.10000000000049	1.98564400935525	1145	3.20409101557244	10.9959089844285
86	WGN36	13.5500000000005	1.98564400935525	1145	9.6540910155724	17.4459089844285
87	WGN36	9.70000000000061	1.98564400935523	1145	5.8040910155726	13.5959089844286
88	WGN36	13.1000000000005	1.98564400935525	1145	9.20409101557242	16.9959089844285
89	WGN36	9.40000000000046	1.98564400935526	1145	5.5040910155724	13.2959089844285
90	WGN36	7.65000000000037	1.98564400935526	1145	3.7540910155723	11.5459089844284
92	WGN36	10.0000000000005	1.98564400935525	1145	6.10409101557241	13.8959089844285
93	WGN36	14.4000000000005	1.98564400935525	1145	10.5040910155724	18.2959089844285
94	WGN36	12.1500000000004	1.98564400935526	1145	8.25409101557237	16.0459089844285
95	WGN36	16.1000000000005	1.98564400935526	1145	12.2040910155724	19.9959089844286
96	WGN36	15.9000000000004	1.98564400935527	1145	12.0040910155723	19.7959089844285
97	WGN36	16.0000000000005	1.98564400935526	1145	12.1040910155724	19.8959089844285
98	WGN36	13.1000000000005	1.98564400935526	1145	9.20409101557241	16.9959089844285
99	WGN36	10.8500000000005	1.98564400935525	1145	6.95409101557246	14.7459089844285
100	WGN36	11.4000000000005	1.98564400935526	1145	7.50409101557239	15.2959089844285
102	WGN36	14.2000000000005	1.98564400935525	1145	10.3040910155724	18.0959089844285
104	WGN36	10.5000000000004	1.98564400935525	1145	6.60409101557237	14.3959089844285
105	WGN36	15.2000000000005	1.98564400935525	1145	11.3040910155724	19.0959089844285
106	WGN36	13.9500000000005	1.98564400935526	1145	10.0540910155724	17.8459089844286
107	WGN36	14.3500000000005	1.98564400935525	1145	10.4540910155725	18.2459089844286
108	WGN36	17.1000000000005	1.98564400935525	1145	13.2040910155724	20.9959089844285
109	WGN36	14.7000000000005	1.98564400935526	1145	10.8040910155724	18.5959089844285
110	WGN36	11.5000000000005	1.98564400935526	1145	7.60409101557248	15.3959089844286
112	WGN36	10.4000000000004	1.98564400935525	1145	6.50409101557236	14.2959089844285
114	WGN36	9.30000000000047	1.98564400935525	1145	5.40409101557242	13.1959089844285
116	WGN36	16.0000000000004	1.98564400935526	1145	12.1040910155724	19.8959089844285
117	WGN36	13.5000000000005	1.98564400935526	1145	9.6040910155724	17.3959089844285
118	WGN36	14.5000000000005	1.98564400935525	1145	10.6040910155724	18.3959089844285
119	WGN36	15.3000000000005	1.98564400935525	1145	11.4040910155724	19.1959089844285
120	WGN36	13.9500000000005	1.98564400935525	1145	10.0540910155725	17.8459089844285
121	WGN36	17.5000000000005	1.98564400935526	1145	13.6040910155724	21.3959089844285
122	WGN36	12.3500000000005	1.98564400935525	1145	8.45409101557242	16.2459089844285
123	WGN36	11.3500000000005	1.98564400935525	1145	7.45409101557244	15.2459089844285
124	WGN36	19.8500000000004	1.98564400935525	1145	15.9540910155724	23.7459089844285
125	WGN36	20.4000000000005	1.98564400935525	1145	16.5040910155724	24.2959089844285
126	WGN36	14.2500000000005	1.98564400935525	1145	10.3540910155724	18.1459089844285
127	WGN36	14.4000000000005	1.98564400935525	1145	10.5040910155724	18.2959089844285
128	WGN36	14.2500000000005	1.98564400935526	1145	10.3540910155724	18.1459089844285
129	WGN36	19.4500000000005	1.98564400935526	1145	15.5540910155724	23.3459089844285
130	WGN36	14.2000000000005	1.98564400935525	1145	10.3040910155724	18.0959089844285
1	WGN38	17.8499999999992	1.9856440093551	1145	13.9540910155714	21.745908984427
2	WGN38	13.4999999999993	1.98564400935527	1145	9.60409101557118	17.3959089844273
3	WGN38	13.6499999999994	1.98564400935523	1145	9.75409101557138	17.5459089844274
4	WGN38	17.2499999999993	1.98564400935527	1145	13.3540910155712	21.1459089844274
5	WGN38	13.5999999999992	1.98564400935527	1145	9.70409101557108	17.4959089844273
6	WGN38	22.2568935427568	2.80873721391686	1145	16.7460444202349	27.7677426652786
7	WGN38	14.4499999999992	1.98564400935526	1145	10.5540910155712	18.3459089844273
8	WGN38	10.8999999999995	1.98564400935525	1145	7.00409101557145	14.7959089844275
10	WGN38	9.39999999999929	1.98564400935528	1145	5.50409101557119	13.2959089844274
11	WGN38	13.7499999999993	1.98564400935523	1145	9.8540910155713	17.6459089844273
12	WGN38	15.7499999999994	1.98564400935526	1145	11.8540910155713	19.6459089844274
13	WGN38	15.2999999999994	1.98564400935524	1145	11.4040910155713	19.1959089844274
14	WGN38	13.4999999999993	1.98564400935524	1145	9.60409101557124	17.3959089844273
16	WGN38	11.7999999999994	1.98564400935522	1145	7.90409101557144	15.6959089844274
18	WGN38	15.2999999999993	1.98564400935527	1145	11.4040910155712	19.1959089844274
19	WGN38	13.5999999999995	1.98564400935525	1145	9.7040910155715	17.4959089844276
20	WGN38	14.0999999999994	1.98564400935527	1145	10.2040910155713	17.9959089844274
21	WGN38	16.1999999999993	1.98564400935526	1145	12.3040910155712	20.0959089844274
22	WGN38	14.3999999999993	1.98564400935526	1145	10.5040910155712	18.2959089844273
23	WGN38	11.5499999999996	1.9856440093552	1145	7.65409101557161	15.4459089844275
24	WGN38	13.4999999999993	1.98564400935528	1145	9.60409101557117	17.3959089844274
26	WGN38	17.0999999999993	1.98564400935527	1145	13.2040910155712	20.9959089844274
27	WGN38	15.7499999999992	1.98564400935525	1145	11.8540910155712	19.6459089844273
28	WGN38	13.5999999999995	1.98564400935522	1145	9.70409101557147	17.4959089844274
29	WGN38	11.7499999999992	1.98564400935526	1145	7.85409101557112	15.6459089844273
30	WGN38	14.4999999999995	1.98564400935521	1145	10.6040910155716	18.3959089844275
32	WGN38	16.4999999999993	1.98564400935524	1145	12.6040910155712	20.3959089844273
33	WGN38	13.9999999999993	1.98564400935527	1145	10.1040910155712	17.8959089844274
34	WGN38	13.2499999999993	1.98564400935525	1145	9.35409101557125	17.1459089844273
35	WGN38	15.4999999999993	1.98564400935523	1145	11.6040910155713	19.3959089844273
36	WGN38	12.7499999999993	1.98564400935525	1145	8.85409101557121	16.6459089844273
37	WGN38	12.6999999999991	1.98564400935531	1145	8.80409101557095	16.5959089844273
38	WGN38	14.4999999999993	1.98564400935526	1145	10.6040910155713	18.3959089844274
39	WGN38	14.9499999999993	1.98564400935523	1145	11.0540910155713	18.8459089844273
40	WGN38	18.4999999999993	1.98564400935527	1145	14.6040910155712	22.3959089844274
41	WGN38	13.1999999999993	1.98564400935525	1145	9.3040910155712	17.0959089844273
42	WGN38	14.0499999999994	1.98564400935525	1145	10.1540910155714	17.9459089844274
43	WGN38	5.64310645724223	2.80873721391681	1145	0.132257334720509	11.153955579764
45	WGN38	17.9999999999993	1.98564400935525	1145	14.1040910155713	21.8959089844274
46	WGN38	12.1999999999993	1.98564400935525	1145	8.30409101557127	16.0959089844274
47	WGN38	10.2499999999992	1.98564400935527	1145	6.35409101557116	14.1459089844273
48	WGN38	12.3499999999993	1.98564400935526	1145	8.45409101557124	16.2459089844274
49	WGN38	13.7999999999993	1.98564400935527	1145	9.90409101557118	17.6959089844273
50	WGN38	17.9999999999993	1.98564400935526	1145	14.1040910155713	21.8959089844274
51	WGN38	9.7999999999993	1.98564400935526	1145	5.90409101557123	13.6959089844274
52	WGN38	15.5999999999993	1.98564400935526	1145	11.7040910155713	19.4959089844274
53	WGN38	11.6999999999993	1.98564400935525	1145	7.80409101557127	15.5959089844274
54	WGN38	15.3499999999993	1.98564400935525	1145	11.4540910155712	19.2459089844274
55	WGN38	12.7499999999993	1.98564400935525	1145	8.85409101557128	16.6459089844274
56	WGN38	15.2999999999993	1.98564400935526	1145	11.4040910155712	19.1959089844273
59	WGN38	14.4999999999993	1.98564400935525	1145	10.6040910155713	18.3959089844274
61	WGN38	14.3999999999993	1.98564400935526	1145	10.5040910155712	18.2959089844274
63	WGN38	12.8999999999993	1.98564400935525	1145	9.00409101557128	16.7959089844274
64	WGN38	16.4999999999993	1.98564400935526	1145	12.6040910155712	20.3959089844274
65	WGN38	13.4999999999994	1.98564400935525	1145	9.60409101557131	17.3959089844274
66	WGN38	16.4999999999993	1.98564400935525	1145	12.6040910155713	20.3959089844274
67	WGN38	13.7999999999993	1.98564400935525	1145	9.90409101557128	17.6959089844274
68	WGN38	10.1999999999994	1.98564400935526	1145	6.30409101557129	14.0959089844274
69	WGN38	17.6499999999993	1.98564400935525	1145	13.7540910155713	21.5459089844274
70	WGN38	11.8999999999993	1.98564400935526	1145	8.00409101557124	15.7959089844274
72	WGN38	10.8499999999993	1.98564400935526	1145	6.95409101557128	14.7459089844274
73	WGN38	11.1999999999994	1.98564400935525	1145	7.30409101557132	15.0959089844274
74	WGN38	13.2499999999993	1.98564400935526	1145	9.3540910155712	17.1459089844273
76	WGN38	11.5999999999992	1.98564400935526	1145	7.70409101557117	15.4959089844273
77	WGN38	9.89999999999933	1.98564400935525	1145	6.00409101557128	13.7959089844274
78	WGN38	11.0999999999993	1.98564400935526	1145	7.20409101557121	14.9959089844274
80	WGN38	12.4499999999993	1.98564400935526	1145	8.55409101557123	16.3459089844274
81	WGN38	15.7499999999993	1.98564400935525	1145	11.8540910155713	19.6459089844274
82	WGN38	10.9499999999993	1.98564400935526	1145	7.05409101557119	14.8459089844273
83	WGN38	14.2499999999993	1.98564400935526	1145	10.3540910155712	18.1459089844274
84	WGN38	14.5999999999993	1.98564400935525	1145	10.7040910155713	18.4959089844274
85	WGN38	15.0999999999993	1.98564400935526	1145	11.2040910155712	18.9959089844274
86	WGN38	15.0499999999993	1.98564400935525	1145	11.1540910155713	18.9459089844274
87	WGN38	16.0499999999993	1.98564400935525	1145	12.1540910155713	19.9459089844274
88	WGN38	10.4999999999993	1.98564400935526	1145	6.60409101557125	14.3959089844274
89	WGN38	10.8999999999993	1.98564400935525	1145	7.00409101557129	14.7959089844274
90	WGN38	14.9999999999993	1.98564400935526	1145	11.1040910155712	18.8959089844274
91	WGN38	13.4999999999993	1.98564400935525	1145	9.60409101557127	17.3959089844274
92	WGN38	15.2999999999993	1.98564400935525	1145	11.4040910155713	19.1959089844274
93	WGN38	12.7999999999993	1.98564400935525	1145	8.90409101557127	16.6959089844274
94	WGN38	13.5999999999993	1.98564400935526	1145	9.70409101557125	17.4959089844274
95	WGN38	14.5999999999993	1.98564400935525	1145	10.7040910155713	18.4959089844274
96	WGN38	14.3999999999993	1.98564400935525	1145	10.5040910155713	18.2959089844274
97	WGN38	7.34999999999929	1.98564400935526	1145	3.45409101557123	11.2459089844274
98	WGN38	14.3999999999993	1.98564400935525	1145	10.5040910155713	18.2959089844274
99	WGN38	14.1499999999993	1.98564400935525	1145	10.2540910155713	18.0459089844274
100	WGN38	8.64999999999931	1.98564400935526	1145	4.75409101557125	12.5459089844274
101	WGN38	9.99999999999931	1.98564400935526	1145	6.10409101557125	13.8959089844274
102	WGN38	12.8499999999993	1.98564400935525	1145	8.95409101557125	16.7459089844274
103	WGN38	16.6499999999993	1.98564400935526	1145	12.7540910155713	20.5459089844274
104	WGN38	15.2999999999993	1.98564400935526	1145	11.4040910155712	19.1959089844274
106	WGN38	18.2568935427567	2.80873721391683	1145	12.7460444202349	23.7677426652785
107	WGN38	15.7499999999993	1.98564400935526	1145	11.8540910155713	19.6459089844274
108	WGN38	12.8431064572419	2.80873721391685	1145	7.33225733472007	18.3539555797637
109	WGN38	16.3431064572419	2.80873721391683	1145	10.8322573347201	21.8539555797637
110	WGN38	14.6999999999993	1.98564400935525	1145	10.8040910155713	18.5959089844274
111	WGN38	12.3999999999993	1.98564400935526	1145	8.50409101557123	16.2959089844274
112	WGN38	16.6568935427567	2.80873721391684	1145	11.146044420235	22.1677426652785
113	WGN38	16.7499999999993	1.98564400935525	1145	12.8540910155713	20.6459089844274
114	WGN38	15.2499999999993	1.98564400935525	1145	11.3540910155713	19.1459089844274
115	WGN38	15.8499999999993	1.98564400935526	1145	11.9540910155713	19.7459089844274
1	WGN39	17.2000000000002	1.98564400935521	1145	13.3040910155722	21.0959089844282
2	WGN39	10.2500000000002	1.98564400935527	1145	6.35409101557212	14.1459089844283
3	WGN39	18.8000000000003	1.98564400935525	1145	14.9040910155722	22.6959089844283
4	WGN39	14.5000000000001	1.98564400935522	1145	10.6040910155721	18.3959089844281
5	WGN39	21.0000000000001	1.98564400935527	1145	17.1040910155721	24.8959089844282
6	WGN39	18.0000000000001	1.98564400935528	1145	14.104091015572	21.8959089844282
7	WGN39	15.0000000000002	1.98564400935524	1145	11.1040910155722	18.8959089844282
8	WGN39	20	1.98564400935522	1145	16.104091015572	23.8959089844279
9	WGN39	14.3999999999999	1.98564400935529	1145	10.5040910155718	18.295908984428
10	WGN39	19.0500000000001	1.98564400935527	1145	15.154091015572	22.9459089844282
11	WGN39	14.1000000000001	1.98564400935522	1145	10.2040910155721	17.9959089844281
12	WGN39	16.2000000000001	1.98564400935527	1145	12.304091015572	20.0959089844282
13	WGN39	10.4000000000003	1.98564400935522	1145	6.50409101557232	14.2959089844283
14	WGN39	13.05	1.98564400935527	1145	9.15409101557193	16.9459089844281
15	WGN39	18.5000000000001	1.98564400935524	1145	14.6040910155721	22.3959089844281
16	WGN39	12.4500000000002	1.98564400935524	1145	8.55409101557216	16.3459089844282
17	WGN39	13.6000000000002	1.98564400935523	1145	9.70409101557217	17.4959089844282
18	WGN39	16.8	1.98564400935524	1145	12.904091015572	20.6959089844281
19	WGN39	14.85	1.98564400935525	1145	10.9540910155719	18.745908984428
20	WGN39	14.9	1.98564400935528	1145	11.0040910155719	18.7959089844281
21	WGN39	16.6000000000001	1.98564400935526	1145	12.704091015572	20.4959089844281
22	WGN39	14.05	1.98564400935525	1145	10.154091015572	17.9459089844281
24	WGN39	16.0000000000001	1.98564400935524	1145	12.104091015572	19.8959089844281
25	WGN39	16.1999999999999	1.98564400935531	1145	12.3040910155718	20.0959089844281
26	WGN39	17.8000000000001	1.98564400935525	1145	13.904091015572	21.6959089844281
27	WGN39	14.1000000000001	1.98564400935523	1145	10.2040910155721	17.9959089844281
28	WGN39	10.8000000000001	1.98564400935525	1145	6.904091015572	14.6959089844281
29	WGN39	11.7500000000001	1.98564400935525	1145	7.85409101557206	15.6459089844282
30	WGN39	19.1	1.98564400935526	1145	15.2040910155719	22.9959089844281
31	WGN39	16.0000000000001	1.98564400935527	1145	12.104091015572	19.8959089844282
32	WGN39	12.75	1.98564400935527	1145	8.85409101557192	16.6459089844281
34	WGN39	8.90000000000012	1.98564400935525	1145	5.00409101557208	12.7959089844282
35	WGN39	16.2	1.98564400935526	1145	12.3040910155719	20.0959089844281
36	WGN39	18.45	1.98564400935525	1145	14.554091015572	22.3459089844281
37	WGN39	10.4499999999999	1.98564400935526	1145	6.55409101557185	14.345908984428
38	WGN39	11.8568935427575	2.80873721391684	1145	6.3460444202357	17.3677426652793
39	WGN39	19.25	1.98564400935527	1145	15.354091015572	23.1459089844281
40	WGN39	21.2000000000001	1.98564400935527	1145	17.304091015572	25.0959089844282
41	WGN39	17.05	1.98564400935526	1145	13.154091015572	20.9459089844281
42	WGN39	13.15	1.98564400935527	1145	9.25409101557188	17.0459089844281
43	WGN39	18.5	1.98564400935524	1145	14.604091015572	22.395908984428
44	WGN39	14.1	1.98564400935526	1145	10.204091015572	17.9959089844281
45	WGN39	12.0000000000001	1.98564400935524	1145	8.10409101557205	15.8959089844281
46	WGN39	15.1000000000001	1.98564400935524	1145	11.2040910155721	18.9959089844281
47	WGN39	12.1500000000001	1.98564400935525	1145	8.254091015572	16.0459089844281
48	WGN39	17.2	1.98564400935526	1145	13.304091015572	21.0959089844281
49	WGN39	16.25	1.98564400935526	1145	12.354091015572	20.1459089844281
50	WGN39	11.2000000000001	1.98564400935524	1145	7.30409101557212	15.0959089844282
51	WGN39	13.45	1.98564400935525	1145	9.55409101557197	17.3459089844281
52	WGN39	17.8	1.98564400935527	1145	13.904091015572	21.6959089844281
53	WGN39	13.95	1.98564400935526	1145	10.0540910155719	17.845908984428
54	WGN39	12.35	1.98564400935527	1145	8.45409101557188	16.245908984428
55	WGN39	15.25	1.98564400935524	1145	11.354091015572	19.1459089844281
56	WGN39	17.55	1.98564400935524	1145	13.654091015572	21.445908984428
57	WGN39	12	1.98564400935525	1145	8.10409101557195	15.8959089844281
58	WGN39	20.9	1.98564400935525	1145	17.004091015572	24.795908984428
59	WGN39	14.5000000000001	1.98564400935524	1145	10.604091015572	18.3959089844281
60	WGN39	12.75	1.98564400935526	1145	8.85409101557195	16.6459089844281
61	WGN39	15.65	1.98564400935524	1145	11.754091015572	19.5459089844281
62	WGN39	13.1	1.98564400935526	1145	9.20409101557192	16.9959089844281
63	WGN39	19.3	1.98564400935525	1145	15.404091015572	23.1959089844281
64	WGN39	19.55	1.98564400935525	1145	15.654091015572	23.4459089844281
65	WGN39	14.95	1.98564400935525	1145	11.054091015572	18.8459089844281
66	WGN39	22.05	1.98564400935524	1145	18.154091015572	25.945908984428
67	WGN39	21.5	1.98564400935524	1145	17.604091015572	25.3959089844281
68	WGN39	16.7	1.98564400935525	1145	12.804091015572	20.5959089844281
69	WGN39	12.7	1.98564400935527	1145	8.80409101557189	16.595908984428
70	WGN39	13.1	1.98564400935526	1145	9.20409101557195	16.9959089844281
71	WGN39	17	1.98564400935527	1145	13.104091015572	20.8959089844281
72	WGN39	12	1.98564400935526	1145	8.10409101557196	15.8959089844281
73	WGN39	13.2000000000001	1.98564400935526	1145	9.30409101557199	17.0959089844281
74	WGN39	19.4000000000001	1.98564400935526	1145	15.504091015572	23.2959089844281
75	WGN39	15.3000000000001	1.98564400935525	1145	11.404091015572	19.1959089844281
76	WGN39	10.95	1.98564400935525	1145	7.05409101557197	14.8459089844281
77	WGN39	12.0000000000001	1.98564400935525	1145	8.10409101557202	15.8959089844281
78	WGN39	15.5	1.98564400935526	1145	11.604091015572	19.3959089844281
79	WGN39	13.5	1.98564400935525	1145	9.60409101557198	17.3959089844281
80	WGN39	19.7	1.98564400935526	1145	15.804091015572	23.5959089844281
81	WGN39	10.35	1.98564400935525	1145	6.45409101557199	14.2459089844281
82	WGN39	11.6	1.98564400935526	1145	7.70409101557191	15.495908984428
83	WGN39	14.85	1.98564400935525	1145	10.954091015572	18.7459089844281
84	WGN39	22.05	1.98564400935525	1145	18.154091015572	25.945908984428
85	WGN39	12.45	1.98564400935525	1145	8.55409101557199	16.3459089844281
86	WGN39	19.3	1.98564400935526	1145	15.404091015572	23.1959089844281
87	WGN39	15.4	1.98564400935525	1145	11.504091015572	19.2959089844281
88	WGN39	17.8	1.98564400935526	1145	13.904091015572	21.6959089844281
89	WGN39	14.25	1.98564400935526	1145	10.354091015572	18.1459089844281
90	WGN39	9.60000000000009	1.98564400935525	1145	5.70409101557205	13.4959089844281
91	WGN39	16.85	1.98564400935525	1145	12.954091015572	20.7459089844281
92	WGN39	13.3000000000001	1.98564400935525	1145	9.40409101557202	17.1959089844281
93	WGN39	21.95	1.98564400935525	1145	18.054091015572	25.8459089844281
94	WGN39	16.2	1.98564400935525	1145	12.304091015572	20.0959089844281
95	WGN39	18.35	1.98564400935526	1145	14.454091015572	22.2459089844281
96	WGN39	20.2	1.98564400935525	1145	16.304091015572	24.0959089844281
97	WGN39	13.7000000000001	1.98564400935525	1145	9.80409101557201	17.5959089844281
98	WGN39	14.85	1.98564400935525	1145	10.954091015572	18.7459089844281
99	WGN39	8.50000000000005	1.98564400935525	1145	4.604091015572	12.3959089844281
100	WGN39	19	1.98564400935525	1145	15.104091015572	22.8959089844281
101	WGN39	16.7	1.98564400935525	1145	12.804091015572	20.5959089844281
102	WGN39	17.9	1.98564400935525	1145	14.004091015572	21.7959089844281
104	WGN39	12.5	1.98564400935526	1145	8.60409101557196	16.3959089844281
105	WGN39	14.65	1.98564400935525	1145	10.754091015572	18.5459089844281
106	WGN39	19.3	1.98564400935526	1145	15.404091015572	23.1959089844281
107	WGN39	13.75	1.98564400935525	1145	9.85409101557197	17.6459089844281
108	WGN39	10.4	1.98564400935525	1145	6.50409101557198	14.2959089844281
109	WGN39	14.4	1.98564400935525	1145	10.504091015572	18.2959089844281
110	WGN39	15.75	1.98564400935526	1145	11.854091015572	19.6459089844281
111	WGN39	10.4	1.98564400935525	1145	6.50409101557196	14.2959089844281
112	WGN39	10.4	1.98564400935525	1145	6.50409101557197	14.2959089844281
113	WGN39	15.45	1.98564400935525	1145	11.554091015572	19.3459089844281
114	WGN39	19.5	1.98564400935525	1145	15.604091015572	23.3959089844281
115	WGN39	11.7	1.98564400935525	1145	7.80409101557197	15.5959089844281
116	WGN39	14.5	1.98564400935525	1145	10.604091015572	18.3959089844281
117	WGN39	11.5	1.98564400935525	1145	7.60409101557197	15.3959089844281
118	WGN39	21.55	1.98564400935525	1145	17.654091015572	25.4459089844281
120	WGN39	18.2	1.98564400935525	1145	14.304091015572	22.0959089844281
121	WGN39	15.9568935427574	2.80873721391683	1145	10.4460444202357	21.4677426652792
122	WGN39	13.1	1.98564400935526	1145	9.20409101557194	16.9959089844281
123	WGN39	19.2	1.98564400935525	1145	15.304091015572	23.0959089844281
124	WGN39	17.7	1.98564400935525	1145	13.804091015572	21.5959089844281
125	WGN39	12.8	1.98564400935525	1145	8.90409101557196	16.6959089844281
126	WGN39	13.4	1.98564400935525	1145	9.50409101557197	17.2959089844281
127	WGN39	11.4	1.98564400935526	1145	7.50409101557197	15.2959089844281
128	WGN39	19.3431064572426	2.80873721391683	1145	13.8322573347208	24.8539555797644
129	WGN39	11.15	1.98564400935525	1145	7.25409101557199	15.0459089844281
130	WGN39	14.6	1.98564400935525	1145	10.704091015572	18.4959089844281
1	WGN45	11.5999999999997	1.98564400935517	1145	7.70409101557186	15.4959089844276
2	WGN45	19.9	1.98564400935527	1145	16.004091015572	23.7959089844281
3	WGN45	12.9000000000001	1.98564400935529	1145	9.00409101557196	16.7959089844282
4	WGN45	15.1	1.98564400935526	1145	11.204091015572	18.9959089844281
5	WGN45	13.0500000000001	1.98564400935526	1145	9.15409101557208	16.9459089844282
6	WGN45	13.7	1.98564400935524	1145	9.80409101557199	17.595908984428
7	WGN45	18.4000000000003	1.98564400935529	1145	14.5040910155722	22.2959089844284
8	WGN45	18.9999999999999	1.98564400935526	1145	15.1040910155718	22.895908984428
9	WGN45	13.2	1.98564400935523	1145	9.30409101557196	17.095908984428
10	WGN45	13.6	1.98564400935527	1145	9.7040910155719	17.4959089844281
11	WGN45	17.1	1.98564400935524	1145	13.204091015572	20.995908984428
12	WGN45	12.9000000000001	1.98564400935527	1145	9.00409101557203	16.7959089844282
13	WGN45	11.6499999999999	1.9856440093553	1145	7.75409101557181	15.5459089844281
14	WGN45	14.8499999999999	1.98564400935524	1145	10.9540910155718	18.7459089844279
15	WGN45	9.45000000000006	1.98564400935523	1145	5.55409101557206	13.3459089844281
16	WGN45	20.4999999999999	1.98564400935524	1145	16.6040910155718	24.3959089844279
17	WGN45	8.74999999999989	1.98564400935526	1145	4.85409101557183	12.645908984428
18	WGN45	9.40000000000015	1.98564400935526	1145	5.50409101557208	13.2959089844282
19	WGN45	15.3	1.98564400935525	1145	11.404091015572	19.1959089844281
20	WGN45	13.6	1.98564400935529	1145	9.7040910155719	17.4959089844281
22	WGN45	12.8499999999999	1.98564400935522	1145	8.95409101557194	16.7459089844279
23	WGN45	15.3	1.98564400935526	1145	11.4040910155719	19.1959089844281
24	WGN45	12.7999999999999	1.98564400935522	1145	8.90409101557187	16.6959089844278
25	WGN45	14.5431064572426	2.80873721391686	1145	9.03225733472077	20.0539555797644
26	WGN45	10.3500000000001	1.98564400935525	1145	6.45409101557204	14.2459089844281
28	WGN45	10.85	1.98564400935526	1145	6.95409101557192	14.7459089844281
29	WGN45	7.5500000000001	1.98564400935524	1145	3.65409101557206	11.4459089844281
30	WGN45	8.39999999999999	1.98564400935526	1145	4.50409101557192	12.2959089844281
31	WGN45	14.6499999999999	1.98564400935523	1145	10.7540910155719	18.5459089844279
32	WGN45	12	1.98564400935525	1145	8.10409101557192	15.895908984428
33	WGN45	10.85	1.98564400935528	1145	6.95409101557191	14.7459089844281
34	WGN45	11.7499999999999	1.98564400935524	1145	7.85409101557191	15.645908984428
35	WGN45	16.2	1.98564400935526	1145	12.304091015572	20.0959089844281
36	WGN45	16.5	1.98564400935525	1145	12.6040910155719	20.395908984428
37	WGN45	17.6000000000002	1.98564400935528	1145	13.7040910155721	21.4959089844283
38	WGN45	4.65689354275741	2.80873721391682	1145	-0.853955579764344	10.1677426652792
40	WGN45	14.5999999999999	1.98564400935525	1145	10.7040910155719	18.4959089844279
41	WGN45	14.9	1.98564400935524	1145	11.0040910155719	18.795908984428
42	WGN45	11.3	1.98564400935527	1145	7.40409101557191	15.1959089844281
43	WGN45	21.0499999999999	1.98564400935524	1145	17.1540910155718	24.9459089844279
44	WGN45	14.3999999999999	1.98564400935524	1145	10.5040910155719	18.2959089844279
45	WGN45	12.9	1.98564400935524	1145	9.00409101557196	16.795908984428
46	WGN45	10.25	1.98564400935525	1145	6.35409101557193	14.145908984428
47	WGN45	4.6568935427574	2.80873721391685	1145	-0.853955579764392	10.1677426652792
48	WGN45	15.3431064572425	2.80873721391682	1145	9.83225733472072	20.8539555797642
49	WGN45	13.5	1.98564400935528	1145	9.60409101557193	17.3959089844281
50	WGN45	8.35689354275743	2.80873721391681	1145	2.84604442023571	13.8677426652792
52	WGN45	10.3	1.98564400935525	1145	6.40409101557195	14.195908984428
53	WGN45	14.7499999999999	1.98564400935525	1145	10.8540910155719	18.645908984428
54	WGN45	11.1	1.98564400935525	1145	7.20409101557192	14.995908984428
55	WGN45	18.7499999999999	1.98564400935525	1145	14.8540910155719	22.645908984428
56	WGN45	13.65	1.98564400935527	1145	9.75409101557191	17.5459089844281
57	WGN45	11.85	1.98564400935528	1145	7.9540910155719	15.7459089844281
58	WGN45	13.2	1.98564400935525	1145	9.30409101557191	17.095908984428
59	WGN45	13.15	1.98564400935525	1145	9.25409101557192	17.045908984428
60	WGN45	14.5	1.98564400935528	1145	10.6040910155719	18.3959089844281
61	WGN45	14.4	1.98564400935526	1145	10.5040910155719	18.2959089844281
62	WGN45	11.7	1.98564400935525	1145	7.80409101557192	15.595908984428
64	WGN45	13.6	1.98564400935525	1145	9.70409101557192	17.495908984428
65	WGN45	14.45	1.98564400935526	1145	10.5540910155719	18.3459089844281
66	WGN45	9.8	1.98564400935527	1145	5.90409101557191	13.6959089844281
67	WGN45	3.34310645724228	2.80873721391687	1145	-2.16774266527956	8.85395557976411
68	WGN45	14.7	1.98564400935526	1145	10.804091015572	18.5959089844281
69	WGN45	11.8	1.98564400935527	1145	7.90409101557191	15.6959089844281
70	WGN45	12.7499999999999	1.98564400935525	1145	8.85409101557183	16.6459089844279
71	WGN45	18.9999999999999	1.98564400935525	1145	15.1040910155719	22.8959089844279
72	WGN45	14.85	1.98564400935526	1145	10.9540910155719	18.745908984428
73	WGN45	7.49999999999996	1.98564400935526	1145	3.6040910155719	11.395908984428
74	WGN45	8.35689354275736	2.80873721391683	1145	2.84604442023559	13.8677426652791
75	WGN45	16.8568935427573	2.80873721391682	1145	11.3460444202356	22.367742665279
76	WGN45	15.6999999999999	1.98564400935525	1145	11.8040910155719	19.595908984428
77	WGN45	9.05689354275739	2.80873721391683	1145	3.54604442023563	14.5677426652791
78	WGN45	9.75000000000002	1.98564400935525	1145	5.85409101557197	13.6459089844281
80	WGN45	12.9	1.98564400935525	1145	9.00409101557192	16.795908984428
81	WGN45	18	1.98564400935526	1145	14.104091015572	21.8959089844281
82	WGN45	15.3431064572425	2.80873721391682	1145	9.83225733472073	20.8539555797642
84	WGN45	24	1.98564400935525	1145	20.104091015572	27.8959089844281
85	WGN45	16.9999999999999	1.98564400935525	1145	13.1040910155719	20.895908984428
86	WGN45	18.1	1.98564400935525	1145	14.2040910155719	21.9959089844281
87	WGN45	6.3	1.98564400935526	1145	2.40409101557193	10.1959089844281
88	WGN45	16	1.98564400935526	1145	12.1040910155719	19.895908984428
89	WGN45	14	1.98564400935526	1145	10.1040910155719	17.895908984428
90	WGN45	14.5	1.98564400935526	1145	10.6040910155719	18.3959089844281
92	WGN45	17.05	1.98564400935526	1145	13.154091015572	20.9459089844281
93	WGN45	10.4	1.98564400935525	1145	6.50409101557192	14.295908984428
94	WGN45	16.15	1.98564400935525	1145	12.2540910155719	20.045908984428
95	WGN45	16.1	1.98564400935526	1145	12.204091015572	19.9959089844281
96	WGN45	9.84999999999997	1.98564400935525	1145	5.95409101557192	13.745908984428
98	WGN45	19.0499999999999	1.98564400935525	1145	15.1540910155719	22.945908984428
99	WGN45	8.04999999999998	1.98564400935525	1145	4.15409101557193	11.945908984428
100	WGN45	16.2	1.98564400935526	1145	12.304091015572	20.0959089844281
101	WGN45	17.1	1.98564400935526	1145	13.2040910155719	20.995908984428
102	WGN45	14.7	1.98564400935526	1145	10.8040910155719	18.595908984428
103	WGN45	16.1999999999999	1.98564400935525	1145	12.3040910155719	20.095908984428
104	WGN45	11.35	1.98564400935526	1145	7.45409101557192	15.245908984428
105	WGN45	17.9999999999999	1.98564400935524	1145	14.1040910155719	21.8959089844279
106	WGN45	13.2	1.98564400935526	1145	9.30409101557194	17.0959089844281
107	WGN45	14.8	1.98564400935525	1145	10.9040910155719	18.695908984428
108	WGN45	12.75	1.98564400935526	1145	8.85409101557193	16.6459089844281
109	WGN45	20.3	1.98564400935526	1145	16.404091015572	24.1959089844281
110	WGN45	14.95	1.98564400935525	1145	11.0540910155719	18.845908984428
111	WGN45	12.45	1.98564400935525	1145	8.55409101557194	16.345908984428
112	WGN45	12.6568935427574	2.80873721391683	1145	7.14604442023564	18.1677426652792
114	WGN45	20.15	1.98564400935525	1145	16.2540910155719	24.0459089844281
115	WGN45	5.9	1.98564400935525	1145	2.00409101557195	9.79590898442805
116	WGN45	11.7	1.98564400935525	1145	7.80409101557194	15.595908984428
117	WGN45	8.99999999999999	1.98564400935526	1145	5.10409101557193	12.8959089844281
118	WGN45	11.6	1.98564400935525	1145	7.70409101557192	15.495908984428
119	WGN45	15.35	1.98564400935525	1145	11.4540910155719	19.245908984428
120	WGN45	14.9	1.98564400935525	1145	11.0040910155719	18.795908984428
121	WGN45	20.1	1.98564400935525	1145	16.2040910155719	23.995908984428
122	WGN45	21.3431064572426	2.80873721391684	1145	15.8322573347208	26.8539555797644
123	WGN45	16.8568935427574	2.80873721391682	1145	11.3460444202356	22.3677426652791
124	WGN45	14.4	1.98564400935525	1145	10.5040910155719	18.295908984428
126	WGN45	11.55	1.98564400935526	1145	7.65409101557193	15.445908984428
127	WGN45	17.5	1.98564400935525	1145	13.6040910155719	21.395908984428
128	WGN45	16.65	1.98564400935525	1145	12.7540910155719	20.545908984428
129	WGN45	11.95	1.98564400935525	1145	8.05409101557193	15.845908984428
1	WGN46	15.9999999999997	1.98564400935521	1145	12.1040910155718	19.8959089844277
2	WGN46	10.7999999999999	1.98564400935525	1145	6.9040910155719	14.695908984428
3	WGN46	13.2999999999998	1.98564400935525	1145	9.40409101557177	17.1959089844279
4	WGN46	16.8999999999998	1.98564400935523	1145	13.0040910155718	20.7959089844278
6	WGN46	20.7999999999999	1.98564400935527	1145	16.9040910155719	24.695908984428
7	WGN46	10.7999999999999	1.98564400935525	1145	6.90409101557185	14.6959089844279
8	WGN46	17.9999999999998	1.98564400935524	1145	14.1040910155718	21.8959089844278
9	WGN46	14.3499999999998	1.98564400935525	1145	10.4540910155718	18.2459089844279
10	WGN46	14.9499999999999	1.98564400935526	1145	11.0540910155718	18.8459089844279
11	WGN46	15.2499999999998	1.98564400935526	1145	11.3540910155718	19.1459089844279
12	WGN46	14.1999999999999	1.98564400935524	1145	10.3040910155718	18.0959089844279
13	WGN46	11.8499999999998	1.98564400935526	1145	7.95409101557179	15.7459089844279
14	WGN46	19.6499999999999	1.98564400935526	1145	15.7540910155718	23.5459089844279
15	WGN46	11.9499999999998	1.98564400935526	1145	8.05409101557174	15.8459089844279
16	WGN46	13.4999999999998	1.98564400935528	1145	9.60409101557175	17.3959089844279
17	WGN46	18.3431064572424	2.80873721391683	1145	12.8322573347207	23.8539555797642
18	WGN46	10.2499999999999	1.98564400935525	1145	6.35409101557182	14.1459089844279
19	WGN46	13.9999999999998	1.98564400935526	1145	10.1040910155717	17.8959089844279
20	WGN46	12.3499999999999	1.98564400935526	1145	8.45409101557186	16.245908984428
21	WGN46	7.74310645724241	2.80873721391682	1145	2.23225733472066	13.2539555797642
22	WGN46	12.6999999999999	1.98564400935526	1145	8.80409101557181	16.5959089844279
23	WGN46	15.9568935427573	2.80873721391679	1145	10.4460444202356	21.467742665279
24	WGN46	13.1999999999998	1.98564400935524	1145	9.30409101557174	17.0959089844278
25	WGN46	15.6499999999999	1.98564400935525	1145	11.7540910155718	19.5459089844279
26	WGN46	13.9499999999998	1.98564400935525	1145	10.0540910155718	17.8459089844279
27	WGN46	10.4999999999999	1.98564400935524	1145	6.60409101557189	14.3959089844279
28	WGN46	9.69999999999981	1.98564400935526	1145	5.80409101557175	13.5959089844279
29	WGN46	14.4999999999999	1.98564400935523	1145	10.6040910155718	18.3959089844279
30	WGN46	13.0499999999999	1.98564400935525	1145	9.1540910155718	16.9459089844279
31	WGN46	13.4999999999999	1.98564400935524	1145	9.60409101557187	17.3959089844279
32	WGN46	12.6999999999998	1.98564400935527	1145	8.80409101557169	16.5959089844279
33	WGN46	11.2499999999999	1.98564400935525	1145	7.35409101557185	15.1459089844279
34	WGN46	12.3999999999998	1.98564400935527	1145	8.50409101557169	16.2959089844279
36	WGN46	16.9499999999998	1.98564400935527	1145	13.0540910155718	20.8459089844279
37	WGN46	18.2499999999998	1.98564400935526	1145	14.3540910155718	22.1459089844279
38	WGN46	16.1999999999998	1.98564400935524	1145	12.3040910155718	20.0959089844279
39	WGN46	15.1999999999999	1.98564400935526	1145	11.3040910155718	19.0959089844279
40	WGN46	14.0999999999999	1.98564400935526	1145	10.2040910155718	17.9959089844279
41	WGN46	18.3499999999998	1.98564400935523	1145	14.4540910155718	22.2459089844278
42	WGN46	14.2999999999998	1.98564400935526	1145	10.4040910155718	18.1959089844279
43	WGN46	11.5999999999997	1.98564400935529	1145	7.70409101557157	15.4959089844278
44	WGN46	16.5999999999998	1.98564400935526	1145	12.7040910155718	20.4959089844279
45	WGN46	14.9999999999998	1.98564400935526	1145	11.1040910155718	18.8959089844279
46	WGN46	13.6999999999999	1.98564400935525	1145	9.80409101557185	17.5959089844279
47	WGN46	16.8499999999999	1.98564400935526	1145	12.9540910155718	20.7459089844279
48	WGN46	11.2999999999998	1.98564400935527	1145	7.40409101557172	15.1959089844279
49	WGN46	13.4499999999999	1.98564400935525	1145	9.55409101557184	17.3459089844279
50	WGN46	20.8999999999998	1.98564400935525	1145	17.0040910155718	24.7959089844279
51	WGN46	18.2568935427572	2.80873721391682	1145	12.7460444202355	23.767742665279
52	WGN46	9.19999999999993	1.98564400935524	1145	5.3040910155719	13.095908984428
53	WGN46	17.1499999999998	1.98564400935524	1145	13.2540910155718	21.0459089844279
54	WGN46	11.5999999999998	1.98564400935526	1145	7.70409101557176	15.4959089844279
55	WGN46	15.9999999999998	1.98564400935525	1145	12.1040910155718	19.8959089844279
56	WGN46	14.3999999999999	1.98564400935524	1145	10.5040910155718	18.2959089844279
57	WGN46	16.1999999999998	1.98564400935526	1145	12.3040910155718	20.0959089844279
58	WGN46	12.7999999999999	1.98564400935524	1145	8.90409101557185	16.6959089844279
59	WGN46	14.8499999999998	1.98564400935526	1145	10.9540910155717	18.7459089844279
60	WGN46	13.2999999999998	1.98564400935525	1145	9.40409101557178	17.1959089844279
61	WGN46	14.2499999999999	1.98564400935525	1145	10.3540910155718	18.1459089844279
62	WGN46	15.3999999999999	1.98564400935525	1145	11.5040910155718	19.2959089844279
63	WGN46	14.0999999999999	1.98564400935524	1145	10.2040910155718	17.9959089844279
64	WGN46	16.6999999999999	1.98564400935525	1145	12.8040910155718	20.5959089844279
65	WGN46	17.6568935427574	2.80873721391681	1145	12.1460444202357	23.1677426652792
66	WGN46	14.4999999999999	1.98564400935525	1145	10.6040910155718	18.3959089844279
67	WGN46	15.5999999999999	1.98564400935527	1145	11.7040910155718	19.495908984428
68	WGN46	12.1499999999999	1.98564400935526	1145	8.25409101557178	16.0459089844279
69	WGN46	17.1499999999998	1.98564400935526	1145	13.2540910155718	21.0459089844279
70	WGN46	18.6499999999999	1.98564400935527	1145	14.7540910155718	22.545908984428
71	WGN46	18.4999999999999	1.98564400935525	1145	14.6040910155719	22.395908984428
72	WGN46	13.7499999999999	1.98564400935525	1145	9.85409101557186	17.645908984428
73	WGN46	14.7999999999999	1.98564400935525	1145	10.9040910155718	18.6959089844279
74	WGN46	12.7499999999998	1.98564400935526	1145	8.85409101557177	16.6459089844279
75	WGN46	11.5499999999999	1.98564400935526	1145	7.65409101557184	15.445908984428
76	WGN46	10.8499999999998	1.98564400935526	1145	6.95409101557178	14.7459089844279
78	WGN46	16.1499999999998	1.98564400935526	1145	12.2540910155718	20.0459089844279
79	WGN46	11.8999999999999	1.98564400935525	1145	8.0040910155718	15.7959089844279
80	WGN46	13.9999999999998	1.98564400935526	1145	10.1040910155718	17.8959089844279
81	WGN46	16.1999999999999	1.98564400935527	1145	12.3040910155718	20.0959089844279
82	WGN46	12.3999999999998	1.98564400935527	1145	8.50409101557168	16.2959089844278
83	WGN46	18.8499999999998	1.98564400935525	1145	14.9540910155718	22.7459089844279
84	WGN46	14.3999999999999	1.98564400935524	1145	10.5040910155718	18.2959089844279
85	WGN46	13.8999999999999	1.98564400935525	1145	10.0040910155718	17.7959089844279
86	WGN46	14.3999999999998	1.98564400935526	1145	10.5040910155718	18.2959089844279
87	WGN46	11.5999999999998	1.98564400935526	1145	7.70409101557178	15.4959089844279
88	WGN46	17.3499999999998	1.98564400935524	1145	13.4540910155718	21.2459089844278
89	WGN46	18.8999999999998	1.98564400935526	1145	15.0040910155718	22.7959089844279
90	WGN46	11.0999999999998	1.98564400935526	1145	7.20409101557176	14.9959089844279
91	WGN46	13.7431064572424	2.80873721391683	1145	8.23225733472067	19.2539555797642
93	WGN46	13.1999999999999	1.98564400935525	1145	9.3040910155718	17.0959089844279
94	WGN46	16.6499999999998	1.98564400935525	1145	12.7540910155718	20.5459089844279
95	WGN46	16.7999999999998	1.98564400935526	1145	12.9040910155718	20.6959089844279
96	WGN46	16.1999999999998	1.98564400935525	1145	12.3040910155718	20.0959089844279
98	WGN46	21.5999999999998	1.98564400935525	1145	17.7040910155718	25.4959089844279
100	WGN46	14.9999999999999	1.98564400935525	1145	11.1040910155718	18.8959089844279
101	WGN46	15.7499999999999	1.98564400935525	1145	11.8540910155718	19.6459089844279
102	WGN46	14.3999999999999	1.98564400935525	1145	10.5040910155718	18.2959089844279
103	WGN46	15.7999999999998	1.98564400935525	1145	11.9040910155718	19.6959089844279
104	WGN46	13.9499999999999	1.98564400935525	1145	10.0540910155718	17.8459089844279
106	WGN46	14.3999999999998	1.98564400935526	1145	10.5040910155718	18.2959089844279
107	WGN46	18.9499999999998	1.98564400935525	1145	15.0540910155718	22.8459089844279
108	WGN46	13.2499999999999	1.98564400935526	1145	9.35409101557179	17.1459089844279
109	WGN46	16.6499999999998	1.98564400935525	1145	12.7540910155718	20.5459089844279
110	WGN46	16.3499999999999	1.98564400935525	1145	12.4540910155718	20.2459089844279
111	WGN46	13.9999999999999	1.98564400935525	1145	10.1040910155718	17.8959089844279
112	WGN46	18.4999999999999	1.98564400935526	1145	14.6040910155718	22.3959089844279
113	WGN46	12.7999999999998	1.98564400935526	1145	8.90409101557179	16.6959089844279
114	WGN46	18.4499999999998	1.98564400935526	1145	14.5540910155718	22.3459089844279
115	WGN46	12.7999999999999	1.98564400935525	1145	8.90409101557181	16.6959089844279
116	WGN46	21.5999999999998	1.98564400935525	1145	17.7040910155718	25.4959089844279
117	WGN46	12.8499999999999	1.98564400935525	1145	8.9540910155718	16.7459089844279
118	WGN46	14.8999999999999	1.98564400935525	1145	11.0040910155718	18.7959089844279
119	WGN46	13.3999999999999	1.98564400935525	1145	9.5040910155718	17.2959089844279
120	WGN46	15.7499999999998	1.98564400935525	1145	11.8540910155718	19.6459089844279
121	WGN46	15.4999999999999	1.98564400935526	1145	11.6040910155718	19.3959089844279
122	WGN46	13.0999999999999	1.98564400935526	1145	9.20409101557179	16.9959089844279
123	WGN46	11.8999999999999	1.98564400935525	1145	8.0040910155718	15.7959089844279
124	WGN46	13.4999999999999	1.98564400935525	1145	9.6040910155718	17.3959089844279
125	WGN46	13.9499999999999	1.98564400935525	1145	10.0540910155718	17.8459089844279
126	WGN46	16.1999999999999	1.98564400935525	1145	12.3040910155718	20.0959089844279
127	WGN46	16.7999999999999	1.98564400935525	1145	12.9040910155718	20.6959089844279
128	WGN46	13.8999999999999	1.98564400935525	1145	10.0040910155718	17.7959089844279
129	WGN46	12.7999999999998	1.98564400935525	1145	8.90409101557179	16.6959089844279
130	WGN46	14.2499999999999	1.98564400935525	1145	10.3540910155718	18.1459089844279
1	WGN55	16.35	1.98564400935525	1145	12.454091015572	20.2459089844281
2	WGN55	11.2000000000001	1.98564400935526	1145	7.30409101557198	15.0959089844281
3	WGN55	12.7500000000002	1.98564400935524	1145	8.85409101557222	16.6459089844283
4	WGN55	16.6000000000001	1.98564400935525	1145	12.704091015572	20.4959089844282
5	WGN55	15.2500000000003	1.98564400935525	1145	11.3540910155722	19.1459089844283
6	WGN55	14.5000000000002	1.98564400935526	1145	10.6040910155721	18.3959089844282
7	WGN55	9.24999999999991	1.98564400935528	1145	5.3540910155718	13.145908984428
8	WGN55	11.4000000000002	1.98564400935526	1145	7.5040910155721	15.2959089844282
9	WGN55	14.4000000000001	1.98564400935524	1145	10.5040910155721	18.2959089844282
10	WGN55	12.7000000000004	1.98564400935525	1145	8.80409101557236	16.5959089844285
11	WGN55	15.7000000000001	1.98564400935527	1145	11.804091015572	19.5959089844282
12	WGN55	11.0568935427576	2.80873721391685	1145	5.54604442023582	16.5677426652794
13	WGN55	15.2500000000001	1.98564400935528	1145	11.354091015572	19.1459089844282
14	WGN55	17.8500000000002	1.98564400935525	1145	13.9540910155722	21.7459089844282
15	WGN55	13.9500000000003	1.98564400935524	1145	10.0540910155723	17.8459089844283
16	WGN55	10.1500000000002	1.98564400935526	1145	6.25409101557214	14.0459089844283
17	WGN55	18.6568935427575	2.80873721391681	1145	13.1460444202357	24.1677426652792
18	WGN55	13.2000000000001	1.98564400935526	1145	9.30409101557208	17.0959089844282
19	WGN55	13.2000000000001	1.98564400935526	1145	9.30409101557205	17.0959089844282
20	WGN55	18.3000000000002	1.98564400935527	1145	14.4040910155721	22.1959089844283
21	WGN55	18.4500000000001	1.98564400935525	1145	14.5540910155721	22.3459089844282
22	WGN55	14.5000000000001	1.98564400935527	1145	10.604091015572	18.3959089844282
23	WGN55	16.0000000000001	1.98564400935524	1145	12.1040910155721	19.8959089844282
24	WGN55	16.6000000000001	1.98564400935526	1145	12.704091015572	20.4959089844282
25	WGN55	16.1000000000002	1.98564400935526	1145	12.2040910155721	19.9959089844282
26	WGN55	17.1000000000001	1.98564400935523	1145	13.2040910155721	20.9959089844281
27	WGN55	12.4000000000002	1.98564400935525	1145	8.50409101557214	16.2959089844282
28	WGN55	19.6568935427576	2.80873721391683	1145	14.1460444202358	25.1677426652794
29	WGN55	14.6000000000001	1.98564400935526	1145	10.7040910155721	18.4959089844282
30	WGN55	12.7000000000001	1.98564400935523	1145	8.80409101557206	16.5959089844281
31	WGN55	14.4	1.98564400935526	1145	10.504091015572	18.2959089844281
32	WGN55	13.9500000000002	1.98564400935524	1145	10.0540910155722	17.8459089844282
33	WGN55	10.5500000000001	1.98564400935526	1145	6.65409101557205	14.4459089844282
34	WGN55	11.2000000000001	1.98564400935528	1145	7.30409101557196	15.0959089844282
35	WGN55	14.6000000000002	1.98564400935525	1145	10.7040910155721	18.4959089844282
36	WGN55	13.1500000000002	1.98564400935524	1145	9.25409101557219	17.0459089844283
37	WGN55	11.6500000000001	1.98564400935526	1145	7.75409101557208	15.5459089844282
38	WGN55	14.4000000000002	1.98564400935526	1145	10.5040910155721	18.2959089844282
40	WGN55	12.6000000000002	1.98564400935525	1145	8.70409101557216	16.4959089844282
41	WGN55	14.5500000000002	1.98564400935524	1145	10.6540910155722	18.4459089844282
42	WGN55	16.6500000000002	1.98564400935525	1145	12.7540910155721	20.5459089844282
43	WGN55	13.2000000000002	1.98564400935524	1145	9.30409101557218	17.0959089844283
44	WGN55	13.0500000000001	1.98564400935526	1145	9.15409101557203	16.9459089844282
45	WGN55	14.8500000000002	1.98564400935526	1145	10.9540910155721	18.7459089844282
46	WGN55	12.1500000000001	1.98564400935525	1145	8.25409101557206	16.0459089844282
47	WGN55	16.6000000000001	1.98564400935524	1145	12.7040910155721	20.4959089844282
48	WGN55	15.7000000000001	1.98564400935525	1145	11.8040910155721	19.5959089844282
49	WGN55	17.2500000000002	1.98564400935524	1145	13.3540910155721	21.1459089844282
50	WGN55	15.3000000000001	1.98564400935527	1145	11.4040910155721	19.1959089844282
52	WGN55	12.6000000000002	1.98564400935526	1145	8.70409101557214	16.4959089844283
53	WGN55	9.45000000000005	1.98564400935527	1145	5.55409101557196	13.3459089844281
54	WGN55	11.3000000000001	1.98564400935525	1145	7.40409101557209	15.1959089844282
55	WGN55	14.8000000000001	1.98564400935525	1145	10.9040910155721	18.6959089844282
56	WGN55	12.8000000000002	1.98564400935525	1145	8.90409101557217	16.6959089844283
57	WGN55	10.0000000000002	1.98564400935526	1145	6.10409101557212	13.8959089844282
58	WGN55	15.3500000000002	1.98564400935525	1145	11.4540910155721	19.2459089844282
59	WGN55	19.4500000000002	1.98564400935526	1145	15.5540910155721	23.3459089844283
60	WGN55	17.0500000000002	1.98564400935526	1145	13.1540910155721	20.9459089844282
61	WGN55	12.6500000000002	1.98564400935524	1145	8.75409101557217	16.5459089844282
62	WGN55	16.2000000000002	1.98564400935525	1145	12.3040910155721	20.0959089844282
63	WGN55	17.5000000000002	1.98564400935525	1145	13.6040910155721	21.3959089844282
64	WGN55	14.7000000000002	1.98564400935525	1145	10.8040910155721	18.5959089844282
65	WGN55	12.3000000000001	1.98564400935526	1145	8.40409101557204	16.1959089844282
66	WGN55	11.6499999999998	1.98564400935526	1145	7.75409101557177	15.5459089844279
67	WGN55	13.2000000000001	1.98564400935526	1145	9.30409101557201	17.0959089844282
68	WGN55	14.8500000000001	1.98564400935525	1145	10.9540910155721	18.7459089844282
69	WGN55	13.5	1.98564400935525	1145	9.604091015572	17.3959089844281
70	WGN55	11.4000000000001	1.98564400935525	1145	7.50409101557201	15.2959089844281
71	WGN55	16.0000000000003	1.98564400935527	1145	12.1040910155722	19.8959089844283
72	WGN55	11.2000000000001	1.98564400935526	1145	7.30409101557202	15.0959089844282
73	WGN55	14.1000000000002	1.98564400935524	1145	10.2040910155722	17.9959089844283
74	WGN55	12.7000000000002	1.98564400935525	1145	8.80409101557211	16.5959089844282
75	WGN55	14.4000000000002	1.98564400935526	1145	10.5040910155721	18.2959089844283
76	WGN55	17.7000000000002	1.98564400935526	1145	13.8040910155721	21.5959089844282
77	WGN55	10.1500000000002	1.98564400935525	1145	6.2540910155721	14.0459089844282
78	WGN55	13.2500000000002	1.98564400935526	1145	9.35409101557212	17.1459089844282
80	WGN55	10.8000000000002	1.98564400935525	1145	6.9040910155721	14.6959089844282
81	WGN55	15.6000000000002	1.98564400935526	1145	11.7040910155721	19.4959089844282
82	WGN55	15.7500000000001	1.98564400935526	1145	11.8540910155721	19.6459089844282
83	WGN55	8.10000000000019	1.98564400935525	1145	4.20409101557214	11.9959089844282
84	WGN55	14.0500000000001	1.98564400935526	1145	10.1540910155721	17.9459089844282
85	WGN55	14.4000000000002	1.98564400935525	1145	10.5040910155721	18.2959089844282
86	WGN55	13.6000000000002	1.98564400935525	1145	9.70409101557212	17.4959089844282
87	WGN55	13.9500000000002	1.98564400935525	1145	10.0540910155721	17.8459089844282
88	WGN55	13.5500000000002	1.98564400935525	1145	9.65409101557213	17.4459089844282
89	WGN55	14.0500000000002	1.98564400935525	1145	10.1540910155721	17.9459089844282
90	WGN55	11.7000000000002	1.98564400935525	1145	7.80409101557217	15.5959089844283
91	WGN55	15.2000000000002	1.98564400935525	1145	11.3040910155721	19.0959089844282
92	WGN55	16.5000000000002	1.98564400935525	1145	12.6040910155721	20.3959089844282
93	WGN55	14.2500000000002	1.98564400935525	1145	10.3540910155721	18.1459089844282
94	WGN55	15.0000000000002	1.98564400935525	1145	11.1040910155721	18.8959089844282
95	WGN55	18.1500000000002	1.98564400935525	1145	14.2540910155721	22.0459089844282
96	WGN55	12.0000000000002	1.98564400935525	1145	8.10409101557211	15.8959089844282
97	WGN55	13.5000000000001	1.98564400935525	1145	9.60409101557208	17.3959089844282
98	WGN55	10.6500000000001	1.98564400935526	1145	6.75409101557205	14.5459089844282
99	WGN55	13.1000000000002	1.98564400935526	1145	9.2040910155721	16.9959089844282
100	WGN55	13.3500000000002	1.98564400935525	1145	9.45409101557213	17.2459089844282
101	WGN55	13.9500000000002	1.98564400935525	1145	10.0540910155721	17.8459089844282
102	WGN55	14.8500000000002	1.98564400935525	1145	10.9540910155721	18.7459089844282
103	WGN55	10.9500000000002	1.98564400935525	1145	7.05409101557211	14.8459089844282
104	WGN55	18.0000000000002	1.98564400935526	1145	14.1040910155721	21.8959089844282
105	WGN55	16.6500000000002	1.98564400935525	1145	12.7540910155721	20.5459089844282
106	WGN55	15.7000000000002	1.98564400935525	1145	11.8040910155721	19.5959089844282
107	WGN55	12.0500000000002	1.98564400935525	1145	8.15409101557214	15.9459089844282
108	WGN55	13.2500000000002	1.98564400935525	1145	9.35409101557211	17.1459089844282
109	WGN55	12.3500000000002	1.98564400935525	1145	8.45409101557211	16.2459089844282
110	WGN55	16.7000000000002	1.98564400935525	1145	12.8040910155721	20.5959089844282
111	WGN55	16.1500000000002	1.98564400935525	1145	12.2540910155721	20.0459089844282
112	WGN55	12.3500000000002	1.98564400935525	1145	8.45409101557212	16.2459089844282
113	WGN55	16.2000000000002	1.98564400935525	1145	12.3040910155721	20.0959089844282
114	WGN55	21.3500000000002	1.98564400935526	1145	17.4540910155721	25.2459089844282
115	WGN55	14.5500000000001	1.98564400935526	1145	10.6540910155721	18.4459089844282
116	WGN55	11.2431064572427	2.80873721391683	1145	5.73225733472097	16.7539555797645
117	WGN55	14.4000000000002	1.98564400935526	1145	10.5040910155721	18.2959089844282
118	WGN55	16.2000000000002	1.98564400935526	1145	12.3040910155721	20.0959089844282
119	WGN55	14.8000000000002	1.98564400935526	1145	10.9040910155721	18.6959089844282
120	WGN55	17.3500000000002	1.98564400935526	1145	13.4540910155721	21.2459089844282
121	WGN55	14.8500000000002	1.98564400935525	1145	10.9540910155721	18.7459089844282
122	WGN55	15.2500000000002	1.98564400935525	1145	11.3540910155721	19.1459089844282
123	WGN55	12.3500000000001	1.98564400935525	1145	8.45409101557209	16.2459089844282
124	WGN55	14.0000000000002	1.98564400935525	1145	10.1040910155721	17.8959089844282
125	WGN55	9.60000000000017	1.98564400935525	1145	5.70409101557211	13.4959089844282
126	WGN55	12.9000000000002	1.98564400935525	1145	9.00409101557211	16.7959089844282
128	WGN55	11.5000000000002	1.98564400935525	1145	7.6040910155721	15.3959089844282
129	WGN55	15.7500000000002	1.98564400935525	1145	11.8540910155721	19.6459089844282
130	WGN55	13.2000000000001	1.98564400935525	1145	9.30409101557209	17.0959089844282
1	WGN63	12.8	1.98564400935527	1145	8.90409101557196	16.6959089844281
2	WGN63	11.9000000000001	1.98564400935527	1145	8.00409101557196	15.7959089844281
3	WGN63	15.4500000000003	1.98564400935527	1145	11.5540910155722	19.3459089844284
4	WGN63	14.8000000000002	1.98564400935526	1145	10.9040910155721	18.6959089844282
5	WGN63	13.6000000000002	1.98564400935526	1145	9.70409101557212	17.4959089844283
6	WGN63	15.8568935427575	2.80873721391683	1145	10.3460444202358	21.3677426652793
7	WGN63	12.6000000000001	1.98564400935524	1145	8.70409101557211	16.4959089844282
8	WGN63	13.9000000000001	1.98564400935523	1145	10.0040910155721	17.7959089844282
9	WGN63	14.4000000000002	1.98564400935525	1145	10.5040910155721	18.2959089844282
10	WGN63	14.6000000000002	1.98564400935525	1145	10.7040910155721	18.4959089844282
12	WGN63	13.4000000000001	1.98564400935526	1145	9.50409101557205	17.2959089844282
13	WGN63	21.9500000000001	1.98564400935524	1145	18.0540910155721	25.8459089844281
14	WGN63	16.0000000000002	1.98564400935525	1145	12.1040910155721	19.8959089844282
16	WGN63	16.5000000000001	1.98564400935526	1145	12.6040910155721	20.3959089844282
17	WGN63	19.4000000000002	1.98564400935526	1145	15.5040910155721	23.2959089844283
18	WGN63	13.7500000000002	1.98564400935527	1145	9.8540910155721	17.6459089844283
19	WGN63	11.7500000000002	1.98564400935525	1145	7.85409101557212	15.6459089844282
20	WGN63	13.6000000000001	1.98564400935528	1145	9.70409101557205	17.4959089844282
21	WGN63	17.8500000000001	1.98564400935524	1145	13.9540910155721	21.7459089844282
22	WGN63	13.3500000000002	1.98564400935526	1145	9.45409101557209	17.2459089844282
23	WGN63	16.5000000000002	1.98564400935526	1145	12.6040910155721	20.3959089844282
24	WGN63	12.3000000000002	1.98564400935523	1145	8.40409101557219	16.1959089844282
25	WGN63	12.4500000000002	1.98564400935525	1145	8.55409101557211	16.3459089844282
26	WGN63	14.7000000000002	1.98564400935525	1145	10.8040910155721	18.5959089844282
27	WGN63	14.1000000000002	1.98564400935527	1145	10.2040910155721	17.9959089844283
28	WGN63	12.3500000000002	1.98564400935523	1145	8.45409101557214	16.2459089844282
29	WGN63	15.7000000000002	1.98564400935527	1145	11.8040910155721	19.5959089844283
30	WGN63	16.0000000000003	1.98564400935527	1145	12.1040910155722	19.8959089844284
31	WGN63	14.4000000000002	1.98564400935526	1145	10.5040910155721	18.2959089844283
32	WGN63	11.0000000000002	1.98564400935525	1145	7.10409101557213	14.8959089844282
33	WGN63	8.05000000000018	1.98564400935525	1145	4.15409101557214	11.9459089844282
34	WGN63	11.2500000000002	1.98564400935526	1145	7.35409101557209	15.1459089844282
35	WGN63	20.5000000000003	1.98564400935527	1145	16.6040910155722	24.3959089844283
36	WGN63	15.5500000000002	1.98564400935527	1145	11.6540910155721	19.4459089844283
37	WGN63	15.3000000000002	1.98564400935526	1145	11.4040910155721	19.1959089844283
38	WGN63	13.9500000000002	1.98564400935527	1145	10.0540910155721	17.8459089844283
39	WGN63	13.9500000000001	1.98564400935524	1145	10.0540910155721	17.8459089844282
40	WGN63	14.4000000000002	1.98564400935526	1145	10.5040910155721	18.2959089844282
41	WGN63	11.8568935427576	2.80873721391684	1145	6.34604442023581	17.3677426652794
42	WGN63	17.1500000000001	1.98564400935525	1145	13.2540910155721	21.0459089844282
43	WGN63	10.6500000000002	1.98564400935525	1145	6.75409101557214	14.5459089844282
44	WGN63	9.40000000000013	1.98564400935526	1145	5.50409101557206	13.2959089844282
45	WGN63	13.9500000000001	1.98564400935525	1145	10.0540910155721	17.8459089844282
46	WGN63	11.1000000000002	1.98564400935525	1145	7.20409101557215	14.9959089844283
47	WGN63	9.00000000000013	1.98564400935526	1145	5.10409101557206	12.8959089844282
48	WGN63	11.5000000000002	1.98564400935524	1145	7.60409101557215	15.3959089844282
49	WGN63	13.9500000000002	1.98564400935526	1145	10.0540910155721	17.8459089844282
50	WGN63	12.6000000000001	1.98564400935525	1145	8.7040910155721	16.4959089844282
51	WGN63	13.7431064572427	2.80873721391682	1145	8.232257334721	19.2539555797645
52	WGN63	15.2000000000001	1.98564400935524	1145	11.3040910155721	19.0959089844282
53	WGN63	17.0000000000001	1.98564400935524	1145	13.1040910155721	20.8959089844281
54	WGN63	12.3000000000002	1.98564400935525	1145	8.40409101557212	16.1959089844282
55	WGN63	13.0500000000001	1.98564400935524	1145	9.15409101557208	16.9459089844282
56	WGN63	9.3000000000002	1.98564400935524	1145	5.40409101557217	13.1959089844282
57	WGN63	12.7500000000001	1.98564400935526	1145	8.85409101557209	16.6459089844282
58	WGN63	14.3500000000001	1.98564400935524	1145	10.4540910155721	18.2459089844282
59	WGN63	14.9500000000002	1.98564400935526	1145	11.0540910155721	18.8459089844282
60	WGN63	13.2000000000002	1.98564400935525	1145	9.30409101557212	17.0959089844282
61	WGN63	15.1500000000002	1.98564400935525	1145	11.2540910155721	19.0459089844282
62	WGN63	15.2000000000002	1.98564400935525	1145	11.3040910155721	19.0959089844282
63	WGN63	15.7000000000001	1.98564400935524	1145	11.8040910155721	19.5959089844282
64	WGN63	12.8500000000002	1.98564400935524	1145	8.95409101557213	16.7459089844282
65	WGN63	14.6000000000002	1.98564400935525	1145	10.7040910155721	18.4959089844282
66	WGN63	13.6000000000001	1.98564400935524	1145	9.70409101557211	17.4959089844282
67	WGN63	12.7500000000002	1.98564400935526	1145	8.85409101557212	16.6459089844282
68	WGN63	12.8000000000002	1.98564400935524	1145	8.90409101557215	16.6959089844282
69	WGN63	14.4000000000002	1.98564400935526	1145	10.5040910155721	18.2959089844282
70	WGN63	14.4000000000002	1.98564400935526	1145	10.5040910155721	18.2959089844282
72	WGN63	13.4000000000002	1.98564400935526	1145	9.50409101557213	17.2959089844283
73	WGN63	16.5000000000002	1.98564400935525	1145	12.6040910155721	20.3959089844282
74	WGN63	13.0500000000002	1.98564400935525	1145	9.15409101557212	16.9459089844282
75	WGN63	12.7500000000002	1.98564400935525	1145	8.85409101557213	16.6459089844282
76	WGN63	12.0500000000001	1.98564400935526	1145	8.15409101557209	15.9459089844282
77	WGN63	11.2000000000002	1.98564400935525	1145	7.30409101557212	15.0959089844282
78	WGN63	13.1500000000002	1.98564400935526	1145	9.2540910155721	17.0459089844282
79	WGN63	14.8000000000002	1.98564400935525	1145	10.9040910155721	18.6959089844282
80	WGN63	9.20000000000016	1.98564400935526	1145	5.30409101557209	13.0959089844282
81	WGN63	14.4000000000002	1.98564400935525	1145	10.5040910155721	18.2959089844282
82	WGN63	9.75000000000017	1.98564400935525	1145	5.85409101557213	13.6459089844282
83	WGN63	13.5000000000002	1.98564400935525	1145	9.60409101557211	17.3959089844282
84	WGN63	13.2500000000002	1.98564400935526	1145	9.35409101557211	17.1459089844282
85	WGN63	13.2000000000002	1.98564400935525	1145	9.30409101557211	17.0959089844282
86	WGN63	11.6500000000002	1.98564400935526	1145	7.7540910155721	15.5459089844282
87	WGN63	8.05000000000015	1.98564400935525	1145	4.1540910155721	11.9459089844282
88	WGN63	13.3000000000002	1.98564400935525	1145	9.40409101557212	17.1959089844282
89	WGN63	16.1000000000001	1.98564400935525	1145	12.2040910155721	19.9959089844282
90	WGN63	9.7431064572428	2.80873721391683	1145	4.23225733472103	15.2539555797646
91	WGN63	14.2500000000002	1.98564400935525	1145	10.3540910155721	18.1459089844282
92	WGN63	12.3000000000002	1.98564400935525	1145	8.40409101557212	16.1959089844282
93	WGN63	14.2000000000002	1.98564400935525	1145	10.3040910155721	18.0959089844282
94	WGN63	18.9000000000001	1.98564400935525	1145	15.0040910155721	22.7959089844282
95	WGN63	11.8568935427576	2.80873721391684	1145	6.34604442023582	17.3677426652794
96	WGN63	13.0000000000002	1.98564400935525	1145	9.10409101557213	16.8959089844282
97	WGN63	15.3000000000002	1.98564400935525	1145	11.4040910155721	19.1959089844282
98	WGN63	17.5500000000001	1.98564400935525	1145	13.6540910155721	21.4459089844282
99	WGN63	17.3000000000001	1.98564400935525	1145	13.4040910155721	21.1959089844282
100	WGN63	13.6000000000002	1.98564400935525	1145	9.70409101557212	17.4959089844282
101	WGN63	17.6000000000002	1.98564400935525	1145	13.7040910155721	21.4959089844282
102	WGN63	13.5000000000002	1.98564400935526	1145	9.60409101557212	17.3959089844282
103	WGN63	15.8000000000002	1.98564400935525	1145	11.9040910155721	19.6959089844282
105	WGN63	9.45000000000019	1.98564400935525	1145	5.55409101557215	13.3459089844282
106	WGN63	14.4500000000002	1.98564400935525	1145	10.5540910155721	18.3459089844282
107	WGN63	12.0000000000002	1.98564400935525	1145	8.10409101557212	15.8959089844282
109	WGN63	12.0000000000002	1.98564400935525	1145	8.10409101557212	15.8959089844282
110	WGN63	13.6500000000002	1.98564400935525	1145	9.75409101557213	17.5459089844282
111	WGN63	17.3000000000001	1.98564400935525	1145	13.4040910155721	21.1959089844282
112	WGN63	10.4000000000002	1.98564400935525	1145	6.50409101557211	14.2959089844282
114	WGN63	11.7500000000002	1.98564400935525	1145	7.85409101557213	15.6459089844282
115	WGN63	12.0000000000002	1.98564400935525	1145	8.10409101557214	15.8959089844282
116	WGN63	13.2000000000002	1.98564400935525	1145	9.30409101557212	17.0959089844282
117	WGN63	12.3000000000002	1.98564400935525	1145	8.40409101557213	16.1959089844282
118	WGN63	12.0000000000002	1.98564400935525	1145	8.10409101557213	15.8959089844282
119	WGN63	11.6500000000002	1.98564400935525	1145	7.75409101557213	15.5459089844282
121	WGN63	15.0000000000002	1.98564400935525	1145	11.1040910155721	18.8959089844282
122	WGN63	15.2000000000002	1.98564400935525	1145	11.3040910155721	19.0959089844282
123	WGN63	12.3000000000002	1.98564400935525	1145	8.40409101557213	16.1959089844282
124	WGN63	11.0000000000002	1.98564400935525	1145	7.10409101557213	14.8959089844282
125	WGN63	11.6000000000002	1.98564400935525	1145	7.70409101557213	15.4959089844282
126	WGN63	11.7000000000002	1.98564400935525	1145	7.80409101557213	15.5959089844282
127	WGN63	14.0000000000002	1.98564400935525	1145	10.1040910155721	17.8959089844282
128	WGN63	19.0000000000002	1.98564400935525	1145	15.1040910155721	22.8959089844282
129	WGN63	10.0500000000002	1.98564400935525	1145	6.15409101557212	13.9459089844282
130	WGN63	16.6000000000002	1.98564400935525	1145	12.7040910155721	20.4959089844282
