plantID3	famID	emmean	SE	df	lower.CL	upper.CL
1	WGN07	18.8000000000007	2.98165503873085	1119	12.9497356980548	24.6502643019465
2	WGN07	26.3999999999983	2.98165503873219	1119	20.5497356980498	32.2502643019468
3	WGN07	24.5999999999978	2.9816550387319	1119	18.7497356980499	30.4502643019457
4	WGN07	21.7500000000014	2.98165503873183	1119	15.8997356980536	27.6002643019492
5	WGN07	28.549999999999	2.98165503873204	1119	22.6997356980508	34.4002643019472
6	WGN07	15.0999999999991	2.98165503873188	1119	9.24973569805124	20.950264301947
7	WGN07	17.4999999999998	2.98165503873198	1119	11.6497356980517	23.3502643019479
8	WGN07	25.4999999999996	2.98165503873196	1119	19.6497356980516	31.3502643019477
9	WGN07	23.3499999999999	2.9816550387319	1119	17.499735698052	29.2002643019479
10	WGN07	16	2.98165503873197	1119	10.1497356980519	21.8502643019481
11	WGN07	24.6	2.98165503873191	1119	18.749735698052	30.4502643019479
12	WGN07	27.8499999999993	2.98165503873193	1119	21.9997356980513	33.7002643019473
13	WGN07	22.1499999999995	2.98165503873191	1119	16.2997356980515	28.0002643019474
14	WGN07	23.05	2.98165503873192	1119	17.199735698052	28.9002643019479
15	WGN07	23.6499999999997	2.98165503873198	1119	17.7997356980516	29.5002643019477
16	WGN07	19.0999999999999	2.98165503873188	1119	13.249735698052	24.9502643019478
17	WGN07	26.3999999999996	2.98165503873191	1119	20.5497356980517	32.2502643019476
18	WGN07	22.4499999999998	2.98165503873196	1119	16.5997356980517	28.3002643019478
20	WGN07	26.5999999999998	2.98165503873193	1119	20.7497356980518	32.4502643019478
21	WGN07	25.3499999999999	2.98165503873198	1119	19.4997356980518	31.200264301948
22	WGN07	33.3499999999999	2.98165503873199	1119	27.4997356980518	39.200264301948
23	WGN07	31	2.9816550387319	1119	25.1497356980521	36.8502643019479
24	WGN07	30.2499999999997	2.98165503873192	1119	24.3997356980517	36.1002643019477
25	WGN07	16.9999999999997	2.98165503873195	1119	11.1497356980517	22.8502643019477
26	WGN07	28.5000000000004	2.98165503873206	1119	22.6497356980521	34.3502643019486
27	WGN07	28.5999999999998	2.98165503873194	1119	22.7497356980518	34.4502643019478
28	WGN07	20.3499999999998	2.98165503873188	1119	14.4997356980519	26.2002643019477
29	WGN07	25.6999999999999	2.98165503873195	1119	19.8497356980519	31.5502643019479
30	WGN07	25.5999999999998	2.9816550387319	1119	19.7497356980519	31.4502643019478
31	WGN07	21.7999999999998	2.98165503873195	1119	15.9497356980517	27.6502643019478
32	WGN07	21.4999999999999	2.98165503873199	1119	15.6497356980518	27.350264301948
33	WGN07	30	2.98165503873198	1119	24.1497356980519	35.850264301948
34	WGN07	27.2499999999998	2.98165503873187	1119	21.3997356980519	33.1002643019476
35	WGN07	27.9999999999999	2.98165503873194	1119	22.1497356980519	33.8502643019479
36	WGN07	21.5999999999999	2.98165503873203	1119	15.7497356980517	27.450264301948
37	WGN07	27.6000000000002	2.98165503873201	1119	21.7497356980521	33.4502643019483
38	WGN07	23.3999999999999	2.98165503873193	1119	17.5497356980519	29.2502643019479
39	WGN07	20.3499999999998	2.98165503873196	1119	14.4997356980518	26.2002643019479
40	WGN07	22.85	2.98165503873196	1119	16.999735698052	28.7002643019481
41	WGN07	32.2999999999997	2.98165503873195	1119	26.4497356980516	38.1502643019477
42	WGN07	32.4999999999991	2.98165503873183	1119	26.6497356980513	38.3502643019469
44	WGN07	13.6999999999998	2.98165503873197	1119	7.84973569805176	19.5502643019479
46	WGN07	17.6999999999998	2.98165503873195	1119	11.8497356980518	23.5502643019478
47	WGN07	20.3999999999999	2.9816550387319	1119	14.549735698052	26.2502643019478
48	WGN07	25.9999999999993	2.98165503873192	1119	20.1497356980513	31.8502643019473
49	WGN07	31.85	2.98165503873197	1119	25.9997356980519	37.7002643019481
50	WGN07	24.5999999999997	2.9816550387319	1119	18.7497356980518	30.4502643019477
51	WGN07	24.5999999999998	2.98165503873192	1119	18.7497356980518	30.4502643019478
52	WGN07	29.0999999999999	2.981655038732	1119	23.2497356980518	34.950264301948
53	WGN07	35.6999999999998	2.98165503873203	1119	29.8497356980517	41.550264301948
54	WGN07	19.9109374999997	4.21763811607621	1119	11.6355678182308	28.1863071817686
55	WGN07	26.9999999999998	2.98165503873188	1119	21.1497356980519	32.8502643019476
56	WGN07	31.1	2.98165503873191	1119	25.249735698052	36.9502643019479
57	WGN07	17.5999999999998	2.98165503873188	1119	11.7497356980519	23.4502643019477
58	WGN07	25.6	2.98165503873192	1119	19.749735698052	31.450264301948
59	WGN07	24.1999999999997	2.9816550387319	1119	18.3497356980518	30.0502643019476
60	WGN07	19.4999999999998	2.98165503873196	1119	13.6497356980518	25.3502643019478
61	WGN07	28.3000000000001	2.98165503873198	1119	22.449735698052	34.1502643019482
63	WGN07	23.6000000000002	2.98165503873197	1119	17.7497356980522	29.4502643019483
64	WGN07	25.65	2.98165503873192	1119	19.799735698052	31.5002643019479
66	WGN07	32.2	2.98165503873198	1119	26.3497356980519	38.0502643019481
67	WGN07	18.5	2.9816550387319	1119	12.649735698052	24.3502643019479
68	WGN07	19.7999999999998	2.98165503873189	1119	13.9497356980519	25.6502643019477
69	WGN07	33.5999999999996	2.98165503873191	1119	27.7497356980516	39.4502643019475
71	WGN07	23.7499999999999	2.98165503873188	1119	17.8997356980521	29.6002643019478
73	WGN07	20.8999999999999	2.98165503873201	1119	15.0497356980517	26.750264301948
74	WGN07	23.8999999999998	2.98165503873194	1119	18.0497356980518	29.7502643019478
75	WGN07	25.4	2.98165503873197	1119	19.5497356980519	31.250264301948
76	WGN07	20.1999999999998	2.98165503873196	1119	14.3497356980517	26.0502643019478
77	WGN07	24.1999999999998	2.98165503873189	1119	18.3497356980519	30.0502643019477
78	WGN07	22.7	2.98165503873195	1119	16.8497356980519	28.550264301948
79	WGN07	25.2	2.98165503873186	1119	19.3497356980521	31.0502643019478
80	WGN07	24.4999999999999	2.9816550387319	1119	18.649735698052	30.3502643019478
81	WGN07	22.6499999999997	2.98165503873199	1119	16.7997356980516	28.5002643019478
82	WGN07	20.8499999999997	2.98165503873189	1119	14.9997356980519	26.7002643019476
83	WGN07	23.8000000000001	2.98165503873194	1119	17.9497356980521	29.6502643019481
84	WGN07	19.3000000000001	2.98165503873208	1119	13.4497356980518	25.1502643019484
85	WGN07	19.55	2.98165503873198	1119	13.6997356980519	25.4002643019481
86	WGN07	22.5999999999999	2.98165503873199	1119	16.7497356980518	28.450264301948
87	WGN07	23.6499999999998	2.98165503873194	1119	17.7997356980518	29.5002643019478
88	WGN07	23.4999999999998	2.98165503873191	1119	17.6497356980519	29.3502643019478
89	WGN07	21.9999999999998	2.98165503873195	1119	16.1497356980517	27.8502643019478
90	WGN07	25.4000000000002	2.98165503873197	1119	19.5497356980521	31.2502643019482
91	WGN07	25.3499999999999	2.98165503873187	1119	19.499735698052	31.2002643019477
92	WGN07	23.8499999999998	2.98165503873192	1119	17.9997356980518	29.7002643019478
93	WGN07	30.8	2.98165503873191	1119	24.9497356980521	36.650264301948
94	WGN07	24.2999999999997	2.98165503873189	1119	18.4497356980518	30.1502643019476
95	WGN07	25.1999999999996	2.98165503873192	1119	19.3497356980516	31.0502643019476
96	WGN07	18.7499999999998	2.98165503873193	1119	12.8997356980518	24.6002643019478
97	WGN07	29.0999999999997	2.98165503873191	1119	23.2497356980517	34.9502643019476
98	WGN07	17.8499999999996	2.98165503873199	1119	11.9997356980515	23.7002643019477
99	WGN07	23.3499999999993	2.98165503873193	1119	17.4997356980513	29.2002643019473
100	WGN07	20.8499999999998	2.98165503873197	1119	14.9997356980518	26.7002643019479
101	WGN07	22.3999999999998	2.98165503873194	1119	16.5497356980518	28.2502643019478
102	WGN07	26.6000000000001	2.98165503873198	1119	20.749735698052	32.4502643019482
103	WGN07	21.3499999999997	2.98165503873198	1119	15.4997356980516	27.2002643019478
104	WGN07	30.4499999999998	2.98165503873197	1119	24.5997356980518	36.3002643019479
105	WGN07	29.3	2.98165503873187	1119	23.4497356980521	35.1502643019479
106	WGN07	25.7999999999996	2.98165503873191	1119	19.9497356980517	31.6502643019476
107	WGN07	25.7999999999996	2.98165503873193	1119	19.9497356980516	31.6502643019476
108	WGN07	25.2	2.98165503873203	1119	19.3497356980518	31.0502643019482
109	WGN07	16.5	2.9816550387319	1119	10.6497356980521	22.3502643019479
110	WGN07	26.5999999999998	2.98165503873192	1119	20.7497356980519	32.4502643019478
111	WGN07	23.4	2.98165503873188	1119	17.5497356980521	29.2502643019479
112	WGN07	23.7	2.98165503873201	1119	17.8497356980519	29.5502643019482
113	WGN07	20.9999999999998	2.98165503873198	1119	15.1497356980517	26.8502643019479
114	WGN07	30.3499999999998	2.98165503873191	1119	24.4997356980519	36.2002643019478
115	WGN07	31.4999999999996	2.98165503873187	1119	25.6497356980517	37.3502643019474
116	WGN07	26.9999999999998	2.98165503873195	1119	21.1497356980517	32.8502643019478
117	WGN07	25.1999999999999	2.98165503873187	1119	19.349735698052	31.0502643019477
118	WGN07	22.9499999999997	2.98165503873196	1119	17.0997356980517	28.8002643019478
119	WGN07	31.4499999999995	2.98165503873192	1119	25.5997356980516	37.3002643019475
120	WGN07	22.1999999999999	2.98165503873193	1119	16.3497356980519	28.0502643019479
121	WGN07	19.1999999999999	2.98165503873193	1119	13.3497356980519	25.0502643019478
122	WGN07	17.0890624999998	4.2176381160761	1119	8.81369281823111	25.3644321817686
123	WGN07	26.4	2.98165503873188	1119	20.5497356980521	32.2502643019479
124	WGN07	24.9499999999998	2.98165503873193	1119	19.0997356980518	30.8002643019478
125	WGN07	20.3499999999998	2.98165503873193	1119	14.4997356980518	26.2002643019477
126	WGN07	18.4	2.98165503873186	1119	12.5497356980521	24.2502643019478
127	WGN07	42.5499999999999	2.98165503873193	1119	36.6997356980519	48.4002643019479
128	WGN07	21.8999999999997	2.9816550387319	1119	16.0497356980518	27.7502643019477
129	WGN07	27.2999999999997	2.98165503873194	1119	21.4497356980517	33.1502643019477
130	WGN07	24.3999999999999	2.98165503873192	1119	18.549735698052	30.2502643019479
1	WGN15	19.7999999999986	2.98165503873202	1119	13.9497356980504	25.6502643019467
2	WGN15	18.9999999999995	2.98165503873193	1119	13.1497356980515	24.8502643019474
3	WGN15	27.2499999999994	2.98165503873192	1119	21.3997356980514	33.1002643019474
4	WGN15	22.4499999999997	2.98165503873198	1119	16.5997356980516	28.3002643019477
5	WGN15	23.0999999999996	2.98165503873187	1119	17.2497356980517	28.9502643019474
7	WGN15	23.5499999999995	2.98165503873188	1119	17.6997356980516	29.4002643019473
8	WGN15	32.9499999999994	2.98165503873191	1119	27.0997356980515	38.8002643019474
9	WGN15	24.3999999999994	2.9816550387319	1119	18.5497356980515	30.2502643019473
10	WGN15	24.0999999999997	2.98165503873197	1119	18.2497356980516	29.9502643019477
11	WGN15	23.7999999999995	2.98165503873189	1119	17.9497356980516	29.6502643019474
12	WGN15	18.9999999999996	2.98165503873193	1119	13.1497356980517	24.8502643019476
13	WGN15	29.1499999999998	2.98165503873196	1119	23.2997356980517	35.0002643019478
14	WGN15	17.3499999999996	2.98165503873193	1119	11.4997356980516	23.2002643019475
15	WGN15	23.8999999999997	2.98165503873199	1119	18.0497356980516	29.7502643019478
16	WGN15	15.2999999999995	2.98165503873194	1119	9.44973569805152	21.1502643019475
17	WGN15	23.0890624999997	4.21763811607613	1119	14.8136928182309	31.3644321817684
18	WGN15	24.8499999999996	2.98165503873191	1119	18.9997356980517	30.7002643019476
19	WGN15	18.9999999999996	2.98165503873197	1119	13.1497356980516	24.8502643019477
20	WGN15	23.0999999999996	2.98165503873195	1119	17.2497356980516	28.9502643019476
21	WGN15	29.3999999999995	2.98165503873192	1119	23.5497356980515	35.2502643019475
22	WGN15	17.9999999999998	2.98165503873187	1119	12.149735698052	23.8502643019477
23	WGN15	22.9999999999995	2.98165503873185	1119	17.1497356980517	28.8502643019473
24	WGN15	18.1890624999995	4.21763811607618	1119	9.91369281823065	26.4644321817684
25	WGN15	22.5499999999996	2.9816550387319	1119	16.6997356980517	28.4002643019475
26	WGN15	24.1499999999998	2.98165503873198	1119	18.2997356980517	30.0002643019479
27	WGN15	30.5499999999999	2.98165503873198	1119	24.6997356980518	36.400264301948
28	WGN15	29.1999999999994	2.9816550387319	1119	23.3497356980515	35.0502643019474
29	WGN15	27.0499999999995	2.98165503873193	1119	21.1997356980515	32.9002643019475
30	WGN15	29.2499999999996	2.98165503873192	1119	23.3997356980517	35.1002643019476
31	WGN15	20.0890624999997	4.21763811607609	1119	11.813692818231	28.3644321817684
32	WGN15	28.1999999999998	2.98165503873196	1119	22.3497356980517	34.0502643019478
33	WGN15	23.0999999999996	2.98165503873192	1119	17.2497356980516	28.9502643019476
34	WGN15	15.9499999999997	2.9816550387319	1119	10.0997356980518	21.8002643019477
35	WGN15	32.9499999999996	2.98165503873191	1119	27.0997356980516	38.8002643019475
36	WGN15	20.0999999999997	2.98165503873195	1119	14.2497356980516	25.9502643019477
37	WGN15	25.9499999999994	2.98165503873186	1119	20.0997356980515	31.8002643019472
38	WGN15	17.2499999999995	2.98165503873194	1119	11.3997356980515	23.1002643019475
39	WGN15	23.0999999999996	2.98165503873192	1119	17.2497356980516	28.9502643019475
40	WGN15	25.5999999999998	2.98165503873196	1119	19.7497356980517	31.4502643019478
41	WGN15	22.9999999999996	2.98165503873196	1119	17.1497356980516	28.8502643019477
43	WGN15	27.5499999999998	2.98165503873196	1119	21.6997356980518	33.4002643019479
44	WGN15	21.8999999999996	2.98165503873187	1119	16.0497356980517	27.7502643019474
45	WGN15	25.2499999999995	2.98165503873194	1119	19.3997356980515	31.1002643019475
46	WGN15	18.4999999999996	2.98165503873197	1119	12.6497356980515	24.3502643019476
47	WGN15	23.3999999999997	2.98165503873198	1119	17.5497356980516	29.2502643019478
48	WGN15	23.6499999999994	2.98165503873188	1119	17.7997356980515	29.5002643019473
50	WGN15	27.2499999999997	2.9816550387319	1119	21.3997356980518	33.1002643019477
51	WGN15	16.1999999999997	2.98165503873193	1119	10.3497356980517	22.0502643019477
52	WGN15	11.2499999999998	2.98165503873194	1119	5.39973569805181	17.1002643019478
53	WGN15	14.2499999999995	2.98165503873193	1119	8.39973569805156	20.1002643019475
54	WGN15	21.8999999999996	2.98165503873187	1119	16.0497356980518	27.7502643019475
55	WGN15	24.1999999999996	2.98165503873192	1119	18.3497356980516	30.0502643019476
56	WGN15	23.6999999999996	2.98165503873192	1119	17.8497356980516	29.5502643019476
57	WGN15	19.9999999999997	2.98165503873192	1119	14.1497356980517	25.8502643019477
58	WGN15	22.8499999999997	2.98165503873196	1119	16.9997356980517	28.7002643019478
59	WGN15	34.6499999999997	2.98165503873191	1119	28.7997356980517	40.5002643019476
60	WGN15	22.0999999999995	2.98165503873192	1119	16.2497356980515	27.9502643019475
61	WGN15	28.6999999999997	2.98165503873193	1119	22.8497356980517	34.5502643019476
62	WGN15	19.5999999999997	2.98165503873185	1119	13.7497356980519	25.4502643019475
63	WGN15	26.3499999999996	2.98165503873191	1119	20.4997356980516	32.2002643019475
64	WGN15	16.1999999999995	2.98165503873192	1119	10.3497356980515	22.0502643019475
65	WGN15	25.8499999999996	2.98165503873193	1119	19.9997356980516	31.7002643019476
66	WGN15	14.7499999999996	2.98165503873194	1119	8.89973569805158	20.6002643019476
67	WGN15	23.6499999999996	2.98165503873191	1119	17.7997356980517	29.5002643019476
68	WGN15	6.49999999999965	2.98165503873192	1119	0.649735698051693	12.3502643019476
69	WGN15	17.3999999999995	2.98165503873194	1119	11.5497356980515	23.2502643019475
70	WGN15	26.4999999999996	2.98165503873192	1119	20.6497356980516	32.3502643019475
71	WGN15	23.6499999999997	2.98165503873199	1119	17.7997356980516	29.5002643019478
72	WGN15	19.7890624999996	4.21763811607624	1119	11.5136928182306	28.0644321817686
73	WGN15	25.1999999999996	2.98165503873194	1119	19.3497356980516	31.0502643019476
74	WGN15	19.5999999999996	2.98165503873195	1119	13.7497356980516	25.4502643019476
75	WGN15	26.5890624999997	4.21763811607619	1119	18.3136928182308	34.8644321817686
77	WGN15	19.5999999999998	2.98165503873194	1119	13.7497356980518	25.4502643019479
78	WGN15	18.8999999999996	2.98165503873197	1119	13.0497356980515	24.7502643019476
79	WGN15	23.5999999999997	2.98165503873198	1119	17.7497356980516	29.4502643019478
80	WGN15	19.4999999999995	2.98165503873199	1119	13.6497356980514	25.3502643019476
81	WGN15	29.8499999999995	2.98165503873192	1119	23.9997356980515	35.7002643019474
82	WGN15	26.3999999999995	2.98165503873186	1119	20.5497356980517	32.2502643019474
83	WGN15	29.3999999999996	2.98165503873196	1119	23.5497356980515	35.2502643019476
84	WGN15	24.5999999999994	2.98165503873191	1119	18.7497356980515	30.4502643019474
85	WGN15	24.1499999999996	2.98165503873195	1119	18.2997356980516	30.0002643019476
86	WGN15	24.7999999999997	2.98165503873193	1119	18.9497356980517	30.6502643019477
87	WGN15	21.9999999999996	2.98165503873193	1119	16.1497356980516	27.8502643019476
88	WGN15	19.3999999999996	2.98165503873194	1119	13.5497356980516	25.2502643019477
89	WGN15	20.9999999999994	2.98165503873193	1119	15.1497356980515	26.8502643019474
90	WGN15	26.3499999999996	2.98165503873193	1119	20.4997356980516	32.2002643019476
91	WGN15	16.0999999999997	2.98165503873196	1119	10.2497356980516	21.9502643019477
92	WGN15	27.2499999999995	2.98165503873192	1119	21.3997356980516	33.1002643019475
93	WGN15	22.0999999999996	2.98165503873192	1119	16.2497356980516	27.9502643019476
94	WGN15	27.5999999999996	2.98165503873194	1119	21.7497356980516	33.4502643019476
95	WGN15	18.8999999999996	2.98165503873193	1119	13.0497356980516	24.7502643019476
96	WGN15	27.5999999999997	2.98165503873194	1119	21.7497356980517	33.4502643019477
97	WGN15	19.9999999999996	2.98165503873194	1119	14.1497356980516	25.8502643019476
98	WGN15	23.1999999999995	2.98165503873193	1119	17.3497356980515	29.0502643019475
99	WGN15	23.7499999999996	2.98165503873194	1119	17.8997356980516	29.6002643019476
100	WGN15	24.2999999999997	2.98165503873193	1119	18.4497356980517	30.1502643019477
101	WGN15	25.5999999999997	2.98165503873195	1119	19.7497356980517	31.4502643019477
102	WGN15	24.9999999999994	2.98165503873192	1119	19.1497356980514	30.8502643019474
103	WGN15	19.2999999999997	2.98165503873191	1119	13.4497356980518	25.1502643019477
104	WGN15	21.4499999999995	2.98165503873193	1119	15.5997356980515	27.3002643019474
106	WGN15	19.3999999999997	2.98165503873199	1119	13.5497356980516	25.2502643019478
107	WGN15	28.6499999999997	2.98165503873196	1119	22.7997356980516	34.5002643019477
108	WGN15	25.0999999999996	2.98165503873193	1119	19.2497356980516	30.9502643019476
109	WGN15	23.3999999999996	2.98165503873192	1119	17.5497356980516	29.2502643019475
110	WGN15	14.0999999999996	2.98165503873196	1119	8.24973569805159	19.9502643019477
111	WGN15	27.0999999999995	2.9816550387319	1119	21.2497356980516	32.9502643019474
112	WGN15	23.5499999999996	2.98165503873196	1119	17.6997356980515	29.4002643019476
113	WGN15	22.6499999999996	2.98165503873191	1119	16.7997356980517	28.5002643019476
114	WGN15	23.5499999999996	2.98165503873193	1119	17.6997356980517	29.4002643019476
115	WGN15	22.1999999999997	2.98165503873188	1119	16.3497356980518	28.0502643019476
116	WGN15	17.7499999999996	2.98165503873192	1119	11.8997356980516	23.6002643019475
117	WGN15	22.1999999999995	2.98165503873192	1119	16.3497356980515	28.0502643019475
118	WGN15	20.0499999999997	2.98165503873192	1119	14.1997356980517	25.9002643019476
119	WGN15	26.6499999999996	2.98165503873193	1119	20.7997356980516	32.5002643019476
120	WGN15	27.9999999999995	2.98165503873192	1119	22.1497356980515	33.8502643019474
121	WGN15	17.9999999999996	2.98165503873195	1119	12.1497356980516	23.8502643019477
122	WGN15	19.9999999999994	2.98165503873191	1119	14.1497356980515	25.8502643019474
123	WGN15	19.0999999999996	2.98165503873193	1119	13.2497356980516	24.9502643019476
124	WGN15	20.6999999999995	2.9816550387319	1119	14.8497356980516	26.5502643019474
125	WGN15	20.8999999999996	2.98165503873193	1119	15.0497356980516	26.7502643019476
126	WGN15	15.9999999999997	2.98165503873198	1119	10.1497356980516	21.8502643019478
127	WGN15	21.3499999999997	2.98165503873195	1119	15.4997356980517	27.2002643019477
128	WGN15	23.7999999999996	2.98165503873194	1119	17.9497356980516	29.6502643019476
129	WGN15	19.9499999999998	2.98165503873194	1119	14.0997356980518	25.8002643019478
130	WGN15	26.6499999999996	2.98165503873194	1119	20.7997356980516	32.5002643019476
3	WGN26	18.4999999999998	2.98165503873193	1119	12.6497356980518	24.3502643019478
4	WGN26	22.0999999999997	2.98165503873193	1119	16.2497356980517	27.9502643019477
5	WGN26	21.1999999999995	2.98165503873197	1119	15.3497356980515	27.0502643019476
6	WGN26	24.9	2.98165503873196	1119	19.049735698052	30.750264301948
7	WGN26	19.4999999999995	2.98165503873198	1119	13.6497356980514	25.3502643019476
9	WGN26	20.5999999999998	2.98165503873191	1119	14.7497356980518	26.4502643019477
10	WGN26	25.1999999999997	2.98165503873195	1119	19.3497356980517	31.0502643019478
11	WGN26	19.5000000000001	2.9816550387319	1119	13.6497356980521	25.350264301948
12	WGN26	23.5999999999998	2.98165503873197	1119	17.7497356980518	29.4502643019479
13	WGN26	24.6999999999998	2.98165503873196	1119	18.8497356980517	30.5502643019478
14	WGN26	28.3499999999993	2.9816550387319	1119	22.4997356980514	34.2002643019472
15	WGN26	22.7999999999997	2.98165503873197	1119	16.9497356980516	28.6502643019478
17	WGN26	28.7999999999997	2.98165503873195	1119	22.9497356980517	34.6502643019477
18	WGN26	20.0890624999996	4.21763811607613	1119	11.8136928182308	28.3644321817684
19	WGN26	25.3109374999995	4.21763811607619	1119	17.0355678182306	33.5863071817684
20	WGN26	17.0890625000004	4.217638116076	1119	8.8136928182319	25.364432181769
21	WGN26	21.9499999999998	2.98165503873192	1119	16.0997356980518	27.8002643019478
22	WGN26	21.2999999999998	2.9816550387319	1119	15.4497356980519	27.1502643019477
23	WGN26	25.8999999999997	2.9816550387319	1119	20.0497356980517	31.7502643019476
25	WGN26	23.7499999999997	2.98165503873194	1119	17.8997356980517	29.6002643019477
26	WGN26	19.7999999999997	2.98165503873192	1119	13.9497356980517	25.6502643019477
27	WGN26	28.3499999999995	2.98165503873186	1119	22.4997356980517	34.2002643019474
28	WGN26	25.5999999999997	2.98165503873197	1119	19.7497356980516	31.4502643019478
29	WGN26	19.7999999999996	2.98165503873197	1119	13.9497356980515	25.6502643019477
30	WGN26	22.6499999999997	2.98165503873199	1119	16.7997356980516	28.5002643019478
31	WGN26	25.4499999999996	2.98165503873187	1119	19.5997356980518	31.3002643019475
32	WGN26	18.6999999999994	2.98165503873202	1119	12.8497356980513	24.5502643019476
33	WGN26	23.8890624999997	4.21763811607616	1119	15.6136928182309	32.1644321817686
34	WGN26	24.9499999999998	2.98165503873196	1119	19.0997356980517	30.8002643019478
35	WGN26	28.9999999999997	2.98165503873191	1119	23.1497356980517	34.8502643019476
36	WGN26	23.8999999999997	2.98165503873188	1119	18.0497356980518	29.7502643019476
38	WGN26	19.8999999999997	2.98165503873194	1119	14.0497356980517	25.7502643019477
39	WGN26	23.8999999999997	2.98165503873192	1119	18.0497356980517	29.7502643019477
40	WGN26	27.1999999999998	2.98165503873194	1119	21.3497356980518	33.0502643019478
41	WGN26	20.5109374999997	4.21763811607616	1119	12.2355678182309	28.7863071817685
42	WGN26	28.4499999999998	2.98165503873194	1119	22.5997356980518	34.3002643019478
43	WGN26	25.3999999999998	2.98165503873201	1119	19.5497356980517	31.2502643019479
44	WGN26	21.2999999999997	2.98165503873192	1119	15.4497356980518	27.1502643019477
45	WGN26	33.9999999999996	2.98165503873192	1119	28.1497356980516	39.8502643019475
46	WGN26	23.2499999999997	2.98165503873192	1119	17.3997356980518	29.1002643019477
47	WGN26	29.5999999999998	2.98165503873197	1119	23.7497356980518	35.4502643019479
48	WGN26	24.9999999999996	2.98165503873193	1119	19.1497356980517	30.8502643019476
49	WGN26	24.6999999999998	2.98165503873194	1119	18.8497356980518	30.5502643019478
50	WGN26	22.1999999999997	2.98165503873194	1119	16.3497356980517	28.0502643019477
51	WGN26	14.9999999999997	2.98165503873195	1119	9.14973569805162	20.8502643019477
52	WGN26	27.6999999999996	2.98165503873189	1119	21.8497356980517	33.5502643019475
53	WGN26	27.9999999999998	2.98165503873197	1119	22.1497356980518	33.8502643019479
54	WGN26	21.1499999999997	2.98165503873191	1119	15.2997356980518	27.0002643019477
55	WGN26	18.4999999999998	2.9816550387319	1119	12.6497356980519	24.3502643019478
56	WGN26	23.9999999999997	2.98165503873193	1119	18.1497356980517	29.8502643019477
57	WGN26	24.7499999999997	2.98165503873191	1119	18.8997356980518	30.6002643019476
58	WGN26	28.3499999999997	2.98165503873191	1119	22.4997356980517	34.2002643019476
59	WGN26	22.3109374999997	4.21763811607612	1119	14.035567818231	30.5863071817685
60	WGN26	21.9999999999997	2.98165503873192	1119	16.1497356980517	27.8502643019477
61	WGN26	25.9999999999997	2.9816550387319	1119	20.1497356980517	31.8502643019476
62	WGN26	29.3999999999996	2.9816550387319	1119	23.5497356980517	35.2502643019476
64	WGN26	23.6499999999997	2.98165503873197	1119	17.7997356980516	29.5002643019478
65	WGN26	26.4999999999998	2.98165503873198	1119	20.6497356980517	32.3502643019479
66	WGN26	26.9999999999997	2.98165503873194	1119	21.1497356980517	32.8502643019477
67	WGN26	23.5499999999998	2.98165503873191	1119	17.6997356980519	29.4002643019478
68	WGN26	26.3999999999998	2.98165503873195	1119	20.5497356980518	32.2502643019478
69	WGN26	26.9499999999998	2.98165503873197	1119	21.0997356980517	32.8002643019478
70	WGN26	24.4999999999996	2.98165503873192	1119	18.6497356980517	30.3502643019476
71	WGN26	25.5499999999997	2.98165503873193	1119	19.6997356980517	31.4002643019477
72	WGN26	14.3999999999998	2.98165503873192	1119	8.54973569805184	20.2502643019478
73	WGN26	21.7999999999997	2.98165503873194	1119	15.9497356980517	27.6502643019477
74	WGN26	24.2499999999997	2.98165503873195	1119	18.3997356980517	30.1002643019477
75	WGN26	26.2499999999998	2.98165503873195	1119	20.3997356980518	32.1002643019478
76	WGN26	30.7499999999997	2.98165503873192	1119	24.8997356980517	36.6002643019476
77	WGN26	16.9109374999995	4.21763811607623	1119	8.63556781823056	25.1863071817685
78	WGN26	28.4499999999997	2.98165503873195	1119	22.5997356980517	34.3002643019477
79	WGN26	31.0890624999998	4.21763811607616	1119	22.813692818231	39.3644321817687
80	WGN26	23.1499999999997	2.98165503873194	1119	17.2997356980517	29.0002643019477
81	WGN26	23.7499999999997	2.98165503873191	1119	17.8997356980518	29.6002643019477
82	WGN26	26.3999999999998	2.98165503873194	1119	20.5497356980518	32.2502643019478
83	WGN26	20.9999999999996	2.98165503873191	1119	15.1497356980517	26.8502643019476
85	WGN26	20.9109374999996	4.21763811607621	1119	12.6355678182306	29.1863071817685
86	WGN26	14.9109374999998	4.21763811607618	1119	6.63556781823091	23.1863071817687
87	WGN26	25.7999999999997	2.98165503873193	1119	19.9497356980517	31.6502643019477
88	WGN26	19.9499999999997	2.98165503873192	1119	14.0997356980517	25.8002643019476
89	WGN26	20.6499999999997	2.98165503873194	1119	14.7997356980517	26.5002643019477
90	WGN26	17.9499999999998	2.98165503873193	1119	12.0997356980518	23.8002643019478
91	WGN26	23.6499999999997	2.98165503873193	1119	17.7997356980517	29.5002643019477
92	WGN26	19.2499999999997	2.98165503873192	1119	13.3997356980517	25.1002643019477
93	WGN26	23.4999999999997	2.98165503873195	1119	17.6497356980516	29.3502643019477
94	WGN26	28.4999999999997	2.98165503873193	1119	22.6497356980517	34.3502643019477
95	WGN26	29.3999999999998	2.98165503873195	1119	23.5497356980518	35.2502643019478
96	WGN26	22.1499999999997	2.98165503873194	1119	16.2997356980517	28.0002643019477
97	WGN26	24.1499999999997	2.98165503873194	1119	18.2997356980517	30.0002643019477
98	WGN26	23.1999999999998	2.98165503873193	1119	17.3497356980518	29.0502643019477
99	WGN26	28.2499999999995	2.98165503873193	1119	22.3997356980515	34.1002643019475
100	WGN26	13.4999999999997	2.98165503873194	1119	7.64973569805165	19.3502643019477
101	WGN26	26.4999999999997	2.98165503873192	1119	20.6497356980518	32.3502643019477
102	WGN26	23.6499999999997	2.98165503873192	1119	17.7997356980517	29.5002643019476
103	WGN26	23.6499999999997	2.98165503873195	1119	17.7997356980517	29.5002643019477
104	WGN26	26.5999999999997	2.9816550387319	1119	20.7497356980517	32.4502643019476
105	WGN26	29.4999999999997	2.98165503873196	1119	23.6497356980517	35.3502643019478
106	WGN26	19.4999999999997	2.98165503873193	1119	13.6497356980517	25.3502643019477
108	WGN26	23.1999999999998	2.98165503873194	1119	17.3497356980518	29.0502643019478
109	WGN26	28.0499999999997	2.98165503873194	1119	22.1997356980517	33.9002643019477
111	WGN26	26.2499999999997	2.98165503873193	1119	20.3997356980517	32.1002643019477
112	WGN26	22.1999999999997	2.98165503873194	1119	16.3497356980517	28.0502643019477
113	WGN26	14.1109374999999	4.2176381160761	1119	5.83556781823113	22.3863071817686
114	WGN26	8.78906249999954	4.21763811607622	1119	0.513692818230583	17.0644321817685
115	WGN26	27.4499999999997	2.98165503873194	1119	21.5997356980517	33.3002643019477
116	WGN26	22.5499999999998	2.98165503873191	1119	16.6997356980518	28.4002643019477
117	WGN26	28.9109374999997	4.21763811607615	1119	20.6355678182309	37.1863071817685
118	WGN26	25.7999999999997	2.98165503873192	1119	19.9497356980517	31.6502643019477
119	WGN26	24.7499999999997	2.98165503873193	1119	18.8997356980518	30.6002643019477
120	WGN26	10.9109374999997	4.2176381160762	1119	2.63556781823079	19.1863071817686
121	WGN26	22.4499999999997	2.98165503873194	1119	16.5997356980517	28.3002643019477
122	WGN26	19.7999999999998	2.98165503873193	1119	13.9497356980518	25.6502643019477
123	WGN26	25.3499999999997	2.98165503873195	1119	19.4997356980517	31.2002643019477
124	WGN26	8.2890624999997	4.21763811607613	1119	0.0136928182309166	16.5644321817685
125	WGN26	28.8499999999997	2.98165503873194	1119	22.9997356980517	34.7002643019477
127	WGN26	20.7499999999997	2.98165503873193	1119	14.8997356980517	26.6002643019477
128	WGN26	26.1999999999998	2.98165503873192	1119	20.3497356980518	32.0502643019477
129	WGN26	16.6499999999997	2.98165503873192	1119	10.7997356980518	22.5002643019477
130	WGN26	24.0999999999996	2.98165503873195	1119	18.2497356980516	29.9502643019476
1	WGN36	23.2000000000015	2.9816550387319	1119	17.3497356980536	29.0502643019494
2	WGN36	20.0000000000001	2.9816550387319	1119	14.1497356980522	25.8502643019481
4	WGN36	22.5500000000001	2.98165503873187	1119	16.6997356980522	28.4002643019479
5	WGN36	19.3500000000004	2.98165503873189	1119	13.4997356980524	25.2002643019483
6	WGN36	29.7500000000001	2.98165503873192	1119	23.8997356980521	35.600264301948
7	WGN36	25.8000000000002	2.98165503873192	1119	19.9497356980522	31.6502643019481
8	WGN36	33.8999999999999	2.98165503873191	1119	28.0497356980519	39.7502643019478
9	WGN36	27.6890624999997	4.21763811607611	1119	19.413692818231	35.9644321817684
10	WGN36	27.6499999999998	2.9816550387319	1119	21.7997356980519	33.5002643019478
11	WGN36	28.0000000000003	2.9816550387319	1119	22.1497356980524	33.8502643019482
12	WGN36	23.0890625000003	4.21763811607615	1119	14.8136928182315	31.3644321817691
13	WGN36	26.4000000000003	2.98165503873197	1119	20.5497356980522	32.2502643019483
14	WGN36	22.1	2.98165503873198	1119	16.2497356980519	27.9502643019481
15	WGN36	23.75	2.98165503873194	1119	17.899735698052	29.600264301948
16	WGN36	24.4	2.9816550387319	1119	18.5497356980521	30.2502643019479
17	WGN36	25.6	2.9816550387319	1119	19.7497356980521	31.450264301948
18	WGN36	28.1000000000005	2.98165503873199	1119	22.2497356980524	33.9502643019486
19	WGN36	26.2000000000002	2.98165503873196	1119	20.3497356980521	32.0502643019482
20	WGN36	29.5000000000003	2.98165503873197	1119	23.6497356980522	35.3502643019484
21	WGN36	29.7999999999998	2.9816550387319	1119	23.9497356980518	35.6502643019477
22	WGN36	25.0000000000002	2.98165503873196	1119	19.1497356980521	30.8502643019482
23	WGN36	25.7500000000001	2.98165503873195	1119	19.8997356980521	31.6002643019482
24	WGN36	30.7999999999999	2.9816550387319	1119	24.949735698052	36.6502643019478
26	WGN36	22.6	2.98165503873197	1119	16.749735698052	28.4502643019481
27	WGN36	25.6	2.98165503873187	1119	19.7497356980521	31.4502643019479
28	WGN36	21.1000000000001	2.98165503873194	1119	15.2497356980521	26.9502643019481
30	WGN36	33.2500000000001	2.98165503873192	1119	27.3997356980521	39.100264301948
31	WGN36	24.3000000000001	2.98165503873193	1119	18.4497356980521	30.1502643019481
32	WGN36	31.5000000000001	2.98165503873192	1119	25.6497356980521	37.350264301948
33	WGN36	19.5	2.98165503873196	1119	13.649735698052	25.3502643019481
34	WGN36	27.3000000000001	2.98165503873197	1119	21.4497356980521	33.1502643019482
35	WGN36	17.6000000000002	2.9816550387319	1119	11.7497356980523	23.4502643019482
36	WGN36	29.4500000000001	2.98165503873192	1119	23.5997356980522	35.3002643019481
37	WGN36	18.6890625	4.21763811607623	1119	10.4136928182311	26.964432181769
38	WGN36	38.5890625000001	4.21763811607616	1119	30.3136928182312	46.8644321817689
39	WGN36	24.6000000000001	2.98165503873193	1119	18.7497356980521	30.4502643019481
40	WGN36	29.2500000000002	2.98165503873195	1119	23.3997356980522	35.1002643019482
41	WGN36	22.8000000000001	2.98165503873195	1119	16.9497356980521	28.6502643019481
42	WGN36	27.5000000000001	2.98165503873191	1119	21.6497356980521	33.350264301948
43	WGN36	26.9500000000001	2.98165503873193	1119	21.0997356980522	32.8002643019481
44	WGN36	27.5000000000002	2.98165503873196	1119	21.6497356980521	33.3502643019482
45	WGN36	25.8000000000001	2.98165503873195	1119	19.9497356980521	31.6502643019482
46	WGN36	30.8000000000002	2.98165503873195	1119	24.9497356980522	36.6502643019482
47	WGN36	22.0000000000001	2.98165503873192	1119	16.1497356980521	27.8502643019481
48	WGN36	26.2500000000001	2.98165503873192	1119	20.3997356980521	32.100264301948
49	WGN36	27.0000000000001	2.98165503873194	1119	21.1497356980521	32.8502643019481
51	WGN36	22.5000000000001	2.98165503873193	1119	16.6497356980521	28.3502643019481
52	WGN36	24.7000000000001	2.98165503873192	1119	18.8497356980521	30.550264301948
53	WGN36	30.0000000000001	2.98165503873194	1119	24.1497356980521	35.8502643019481
54	WGN36	30.5	2.98165503873192	1119	24.6497356980521	36.350264301948
55	WGN36	24.0000000000001	2.98165503873195	1119	18.1497356980521	29.8502643019482
56	WGN36	22.5000000000001	2.98165503873194	1119	16.6497356980521	28.3502643019481
57	WGN36	30.1000000000001	2.98165503873194	1119	24.2497356980521	35.9502643019481
58	WGN36	24.4000000000001	2.98165503873194	1119	18.5497356980521	30.2502643019481
59	WGN36	24.7000000000001	2.98165503873192	1119	18.8497356980521	30.5502643019481
60	WGN36	24.7500000000001	2.98165503873192	1119	18.8997356980521	30.6002643019481
62	WGN36	26.5000000000001	2.98165503873193	1119	20.6497356980521	32.3502643019481
64	WGN36	22.6500000000001	2.98165503873195	1119	16.7997356980521	28.5002643019481
65	WGN36	32.1500000000002	2.98165503873194	1119	26.2997356980522	38.0002643019482
66	WGN36	29.0000000000002	2.98165503873195	1119	23.1497356980521	34.8502643019482
68	WGN36	24.2000000000001	2.98165503873194	1119	18.3497356980521	30.0502643019481
69	WGN36	21.2500000000001	2.98165503873194	1119	15.3997356980521	27.1002643019481
70	WGN36	25.2000000000001	2.98165503873195	1119	19.3497356980521	31.0502643019481
71	WGN36	24.8500000000001	2.98165503873193	1119	18.9997356980521	30.7002643019481
72	WGN36	31.4000000000001	2.98165503873194	1119	25.5497356980521	37.2502643019481
74	WGN36	29.1000000000001	2.98165503873193	1119	23.2497356980521	34.950264301948
75	WGN36	30.2000000000001	2.98165503873194	1119	24.3497356980521	36.0502643019481
76	WGN36	24.2000000000001	2.98165503873193	1119	18.3497356980521	30.0502643019481
77	WGN36	25.9000000000001	2.98165503873194	1119	20.0497356980521	31.7502643019481
78	WGN36	20.65	2.98165503873201	1119	14.7997356980519	26.5002643019481
79	WGN36	28.7000000000003	2.981655038732	1119	22.8497356980522	34.5502643019484
80	WGN36	21.9000000000001	2.98165503873198	1119	16.049735698052	27.7502643019481
81	WGN36	25.4000000000002	2.98165503873197	1119	19.5497356980521	31.2502643019483
82	WGN36	30.7500000000003	2.98165503873199	1119	24.8997356980522	36.6002643019484
83	WGN36	25.6000000000001	2.98165503873199	1119	19.749735698052	31.4502643019482
84	WGN36	25.4000000000001	2.98165503873197	1119	19.549735698052	31.2502643019482
85	WGN36	17.5499999999999	2.98165503873199	1119	11.6997356980518	23.400264301948
86	WGN36	31.2000000000003	2.98165503873197	1119	25.3497356980522	37.0502643019483
87	WGN36	26.9000000000002	2.98165503873197	1119	21.0497356980521	32.7502643019482
88	WGN36	24.7000000000001	2.98165503873198	1119	18.8497356980521	30.5502643019482
89	WGN36	21.4000000000001	2.98165503873195	1119	15.5497356980521	27.2502643019481
90	WGN36	22.7000000000001	2.98165503873194	1119	16.8497356980521	28.5502643019481
92	WGN36	22.8000000000001	2.98165503873193	1119	16.9497356980521	28.6502643019481
93	WGN36	31.5	2.98165503873193	1119	25.6497356980521	37.350264301948
94	WGN36	24.7500000000001	2.98165503873196	1119	18.8997356980521	30.6002643019482
95	WGN36	26.9000000000001	2.98165503873196	1119	21.0497356980521	32.7502643019482
96	WGN36	26.9000000000001	2.98165503873194	1119	21.0497356980521	32.7502643019481
97	WGN36	26.8500000000001	2.98165503873195	1119	20.999735698052	32.7002643019481
98	WGN36	28.6	2.98165503873194	1119	22.749735698052	34.4502643019481
99	WGN36	24.1000000000001	2.98165503873194	1119	18.2497356980521	29.9502643019481
100	WGN36	19.6000000000001	2.98165503873193	1119	13.7497356980521	25.4502643019481
102	WGN36	29.0000000000001	2.98165503873193	1119	23.1497356980521	34.8502643019481
104	WGN36	26.5000000000001	2.98165503873195	1119	20.6497356980521	32.3502643019481
105	WGN36	28.2000000000001	2.98165503873193	1119	22.3497356980521	34.050264301948
106	WGN36	33.7500000000001	2.98165503873194	1119	27.8997356980521	39.6002643019481
107	WGN36	26.5000000000001	2.98165503873193	1119	20.6497356980521	32.350264301948
108	WGN36	33.6000000000001	2.98165503873194	1119	27.7497356980521	39.4502643019481
109	WGN36	25.3500000000001	2.98165503873193	1119	19.4997356980521	31.2002643019481
110	WGN36	21.2500000000001	2.98165503873194	1119	15.3997356980521	27.1002643019481
112	WGN36	26	2.98165503873194	1119	20.149735698052	31.8502643019481
114	WGN36	21.4500000000001	2.98165503873195	1119	15.5997356980521	27.3002643019481
116	WGN36	18.15	2.98165503873194	1119	12.299735698052	24.000264301948
117	WGN36	26.1500000000001	2.98165503873193	1119	20.2997356980521	32.0002643019481
118	WGN36	30.1000000000001	2.98165503873194	1119	24.2497356980521	35.9502643019481
119	WGN36	24.7000000000001	2.98165503873194	1119	18.8497356980521	30.5502643019481
120	WGN36	20.8000000000001	2.98165503873194	1119	14.9497356980521	26.6502643019481
121	WGN36	26.6	2.98165503873194	1119	20.749735698052	32.450264301948
122	WGN36	23.0000000000001	2.98165503873194	1119	17.1497356980521	28.8502643019481
123	WGN36	27.3	2.98165503873193	1119	21.4497356980521	33.150264301948
124	WGN36	26.8000000000001	2.98165503873195	1119	20.9497356980521	32.6502643019482
125	WGN36	23.9500000000001	2.98165503873193	1119	18.0997356980521	29.8002643019481
126	WGN36	28.2500000000001	2.98165503873195	1119	22.3997356980521	34.1002643019481
127	WGN36	27.3000000000001	2.98165503873195	1119	21.4497356980521	33.1502643019481
128	WGN36	25.7000000000001	2.98165503873193	1119	19.8497356980521	31.5502643019481
129	WGN36	26.4000000000001	2.98165503873195	1119	20.5497356980521	32.2502643019481
130	WGN36	18.5000000000001	2.98165503873195	1119	12.649735698052	24.3502643019481
1	WGN38	34.6000000000005	2.98165503873194	1119	28.7497356980525	40.4502643019485
2	WGN38	27.6000000000003	2.98165503873193	1119	21.7497356980523	33.4502643019483
3	WGN38	25.0000000000002	2.98165503873192	1119	19.1497356980522	30.8502643019481
4	WGN38	33	2.98165503873201	1119	27.1497356980518	38.8502643019481
5	WGN38	29.4000000000003	2.98165503873199	1119	23.5497356980522	35.2502643019483
6	WGN38	17.0890625000004	4.21763811607615	1119	8.81369281823162	25.3644321817693
7	WGN38	25.1000000000002	2.98165503873193	1119	19.2497356980523	30.9502643019482
8	WGN38	21.6000000000006	2.9816550387319	1119	15.7497356980527	27.4502643019485
10	WGN38	25.7000000000004	2.98165503873189	1119	19.8497356980525	31.5502643019483
11	WGN38	27.9000000000004	2.98165503873192	1119	22.0497356980524	33.7502643019483
12	WGN38	25.0890625000005	4.21763811607609	1119	16.8136928182318	33.3644321817692
13	WGN38	24.85	2.98165503873194	1119	18.999735698052	30.7002643019481
14	WGN38	25.0999999999999	2.98165503873197	1119	19.2497356980518	30.9502643019479
16	WGN38	25.0000000000002	2.98165503873192	1119	19.1497356980522	30.8502643019481
18	WGN38	33.5000000000001	2.98165503873194	1119	27.6497356980521	39.3502643019481
19	WGN38	25.8000000000001	2.98165503873193	1119	19.9497356980522	31.6502643019481
20	WGN38	27.6000000000002	2.98165503873191	1119	21.7497356980523	33.4502643019482
21	WGN38	23.6500000000002	2.98165503873193	1119	17.7997356980522	29.5002643019481
22	WGN38	23.8	2.98165503873196	1119	17.9497356980519	29.650264301948
23	WGN38	28.45	2.98165503873195	1119	22.599735698052	34.300264301948
24	WGN38	23.1000000000003	2.98165503873191	1119	17.2497356980524	28.9502643019483
26	WGN38	30.1000000000002	2.98165503873194	1119	24.2497356980522	35.9502643019482
27	WGN38	21.6499999999999	2.98165503873196	1119	15.7997356980519	27.5002643019479
28	WGN38	29.3	2.98165503873196	1119	23.449735698052	35.1502643019481
29	WGN38	22.9999999999999	2.98165503873196	1119	17.1497356980519	28.850264301948
30	WGN38	29.3500000000002	2.98165503873192	1119	23.4997356980522	35.2002643019482
32	WGN38	33.4000000000001	2.98165503873192	1119	27.5497356980521	39.2502643019481
33	WGN38	30.6000000000001	2.98165503873194	1119	24.7497356980521	36.4502643019481
34	WGN38	24.8000000000002	2.98165503873193	1119	18.9497356980522	30.6502643019481
35	WGN38	26.8500000000002	2.98165503873192	1119	20.9997356980522	32.7002643019482
36	WGN38	18.5	2.98165503873194	1119	12.649735698052	24.350264301948
37	WGN38	26.0000000000002	2.98165503873192	1119	20.1497356980522	31.8502643019482
38	WGN38	27.3	2.98165503873195	1119	21.449735698052	33.150264301948
39	WGN38	28.9500000000001	2.98165503873194	1119	23.0997356980521	34.8002643019481
40	WGN38	24.5000000000001	2.98165503873194	1119	18.6497356980521	30.3502643019481
41	WGN38	27.1500000000001	2.98165503873194	1119	21.2997356980521	33.0002643019481
42	WGN38	22.6000000000002	2.98165503873193	1119	16.7497356980522	28.4502643019482
45	WGN38	27.0000000000002	2.98165503873192	1119	21.1497356980522	32.8502643019481
46	WGN38	19.5500000000001	2.98165503873194	1119	13.6997356980521	25.4002643019481
47	WGN38	16.9999999999999	2.98165503873196	1119	11.1497356980519	22.850264301948
48	WGN38	31.9000000000001	2.98165503873195	1119	26.0497356980521	37.7502643019481
49	WGN38	30.6000000000002	2.98165503873192	1119	24.7497356980522	36.4502643019481
50	WGN38	32.6000000000001	2.98165503873194	1119	26.7497356980521	38.4502643019481
51	WGN38	19	2.98165503873195	1119	13.149735698052	24.8502643019481
52	WGN38	26.9000000000001	2.98165503873195	1119	21.0497356980521	32.7502643019481
53	WGN38	26.4000000000001	2.98165503873194	1119	20.5497356980521	32.2502643019481
54	WGN38	26.1500000000002	2.98165503873194	1119	20.2997356980521	32.0002643019481
55	WGN38	25.4000000000002	2.98165503873193	1119	19.5497356980522	31.2502643019482
56	WGN38	22.6	2.98165503873194	1119	16.749735698052	28.450264301948
59	WGN38	27.5000000000001	2.98165503873194	1119	21.6497356980521	33.3502643019481
61	WGN38	33.4000000000001	2.98165503873195	1119	27.5497356980521	39.2502643019481
63	WGN38	20.2500000000001	2.98165503873194	1119	14.3997356980521	26.1002643019481
64	WGN38	30.1500000000001	2.98165503873195	1119	24.2997356980521	36.0002643019481
65	WGN38	28.3000000000001	2.98165503873193	1119	22.4497356980521	34.1502643019481
66	WGN38	20.8500000000002	2.98165503873193	1119	14.9997356980522	26.7002643019482
67	WGN38	31.8500000000001	2.98165503873194	1119	25.9997356980521	37.7002643019481
68	WGN38	25.2000000000001	2.98165503873195	1119	19.3497356980521	31.0502643019481
69	WGN38	33.0500000000001	2.98165503873194	1119	27.1997356980521	38.9002643019481
70	WGN38	32.0000000000001	2.98165503873194	1119	26.1497356980521	37.8502643019481
72	WGN38	21.1000000000001	2.98165503873194	1119	15.2497356980521	26.9502643019481
73	WGN38	24.1500000000002	2.98165503873193	1119	18.2997356980522	30.0002643019482
74	WGN38	26.6500000000002	2.98165503873193	1119	20.7997356980522	32.5002643019482
76	WGN38	28.6500000000002	2.98165503873193	1119	22.7997356980522	34.5002643019481
77	WGN38	24.1000000000001	2.98165503873194	1119	18.2497356980521	29.9502643019481
78	WGN38	23.6000000000002	2.98165503873193	1119	17.7497356980522	29.4502643019482
80	WGN38	24.7500000000001	2.98165503873195	1119	18.8997356980521	30.6002643019481
81	WGN38	23.2500000000001	2.98165503873194	1119	17.3997356980521	29.1002643019481
82	WGN38	29.6000000000001	2.98165503873193	1119	23.7497356980522	35.4502643019481
83	WGN38	24.4000000000002	2.98165503873193	1119	18.5497356980522	30.2502643019481
84	WGN38	28.0000000000001	2.98165503873194	1119	22.1497356980521	33.8502643019481
85	WGN38	24.7500000000001	2.98165503873193	1119	18.8997356980522	30.6002643019481
86	WGN38	28.7500000000001	2.98165503873194	1119	22.8997356980521	34.6002643019481
87	WGN38	22.9000000000001	2.98165503873194	1119	17.0497356980521	28.7502643019481
88	WGN38	20.5000000000001	2.98165503873194	1119	14.6497356980521	26.3502643019481
89	WGN38	24.3500000000001	2.98165503873194	1119	18.4997356980521	30.2002643019481
90	WGN38	31.1000000000001	2.98165503873194	1119	25.2497356980521	36.9502643019481
91	WGN38	26.4000000000001	2.98165503873194	1119	20.5497356980521	32.2502643019481
92	WGN38	25.9500000000001	2.98165503873194	1119	20.0997356980521	31.8002643019481
93	WGN38	25.7000000000001	2.98165503873194	1119	19.8497356980521	31.5502643019481
94	WGN38	23.0000000000002	2.98165503873193	1119	17.1497356980522	28.8502643019482
95	WGN38	28.2000000000001	2.98165503873193	1119	22.3497356980522	34.0502643019481
96	WGN38	35.7000000000001	2.98165503873194	1119	29.8497356980521	41.5502643019481
97	WGN38	22.2000000000001	2.98165503873194	1119	16.3497356980521	28.0502643019481
98	WGN38	26.6000000000001	2.98165503873194	1119	20.7497356980521	32.4502643019481
99	WGN38	27.0000000000001	2.98165503873194	1119	21.1497356980521	32.8502643019481
100	WGN38	23.4000000000001	2.98165503873194	1119	17.5497356980521	29.2502643019481
101	WGN38	25.4000000000001	2.98165503873194	1119	19.5497356980521	31.2502643019481
102	WGN38	26.3000000000001	2.98165503873194	1119	20.4497356980521	32.1502643019481
103	WGN38	23.0000000000002	2.98165503873193	1119	17.1497356980523	28.8502643019482
104	WGN38	28.8000000000001	2.98165503873194	1119	22.9497356980521	34.6502643019481
106	WGN38	18.1890625000001	4.21763811607618	1119	9.91369281823123	26.464432181769
107	WGN38	25.0500000000001	2.98165503873193	1119	19.1997356980522	30.9002643019481
108	WGN38	28.8109375	4.21763811607618	1119	20.5355678182311	37.0863071817689
109	WGN38	28.3109375000001	4.21763811607618	1119	20.0355678182312	36.586307181769
110	WGN38	20.4000000000002	2.98165503873193	1119	14.5497356980522	26.2502643019482
111	WGN38	23.05	2.98165503873194	1119	17.199735698052	28.900264301948
112	WGN38	17.0890625000001	4.21763811607618	1119	8.81369281823124	25.364432181769
113	WGN38	24.0000000000001	2.98165503873193	1119	18.1497356980521	29.8502643019481
114	WGN38	22.1500000000001	2.98165503873194	1119	16.299735698052	28.0002643019481
115	WGN38	26.8000000000001	2.98165503873194	1119	20.9497356980521	32.6502643019481
1	WGN39	26.3500000000003	2.98165503873189	1119	20.4997356980524	32.2002643019482
2	WGN39	21.45	2.98165503873187	1119	15.5997356980521	27.3002643019478
3	WGN39	28.6999999999997	2.98165503873188	1119	22.8497356980518	34.5502643019475
4	WGN39	28.0999999999997	2.98165503873188	1119	22.2497356980518	33.9502643019476
5	WGN39	31.7000000000001	2.98165503873193	1119	25.8497356980521	37.5502643019481
6	WGN39	25.6499999999998	2.98165503873199	1119	19.7997356980517	31.5002643019479
7	WGN39	23.0999999999997	2.98165503873195	1119	17.2497356980517	28.9502643019477
8	WGN39	21.9999999999998	2.98165503873192	1119	16.1497356980519	27.8502643019478
9	WGN39	23.0499999999996	2.98165503873195	1119	17.1997356980515	28.9002643019476
10	WGN39	27.3499999999999	2.98165503873196	1119	21.4997356980519	33.200264301948
11	WGN39	26.6499999999999	2.98165503873193	1119	20.7997356980519	32.5002643019479
12	WGN39	24.9499999999998	2.98165503873191	1119	19.0997356980518	30.8002643019477
13	WGN39	19.6499999999999	2.98165503873192	1119	13.7997356980519	25.5002643019478
14	WGN39	21.0999999999999	2.98165503873192	1119	15.249735698052	26.9502643019479
15	WGN39	25.1999999999998	2.98165503873194	1119	19.3497356980518	31.0502643019478
16	WGN39	21.6	2.98165503873189	1119	15.749735698052	27.4502643019479
17	WGN39	21.6499999999999	2.9816550387319	1119	15.7997356980519	27.5002643019478
18	WGN39	33	2.98165503873198	1119	27.1497356980519	38.850264301948
19	WGN39	23.2000000000001	2.98165503873189	1119	17.3497356980522	29.050264301948
20	WGN39	31.2499999999997	2.98165503873191	1119	25.3997356980518	37.1002643019477
21	WGN39	14.9499999999995	2.98165503873199	1119	9.09973569805142	20.8002643019476
22	WGN39	21.5999999999997	2.98165503873196	1119	15.7497356980517	27.4502643019478
24	WGN39	20.3999999999996	2.98165503873195	1119	14.5497356980516	26.2502643019476
25	WGN39	22.5999999999997	2.98165503873201	1119	16.7497356980516	28.4502643019479
26	WGN39	31.9499999999998	2.98165503873194	1119	26.0997356980518	37.8002643019478
27	WGN39	29.4999999999998	2.98165503873191	1119	23.6497356980518	35.3502643019477
28	WGN39	20.9109374999999	4.21763811607618	1119	12.635567818231	29.1863071817688
29	WGN39	23.6499999999998	2.98165503873196	1119	17.7997356980517	29.5002643019478
30	WGN39	33.1499999999997	2.98165503873191	1119	27.2997356980517	39.0002643019476
31	WGN39	24.2999999999998	2.98165503873198	1119	18.4497356980517	30.1502643019479
32	WGN39	25.2999999999999	2.9816550387319	1119	19.4497356980519	31.1502643019478
34	WGN39	20.7499999999998	2.98165503873196	1119	14.8997356980518	26.6002643019479
35	WGN39	27.5999999999999	2.98165503873195	1119	21.7497356980519	33.4502643019479
36	WGN39	27.0499999999999	2.98165503873194	1119	21.1997356980519	32.9002643019479
37	WGN39	17.4499999999999	2.98165503873192	1119	11.599735698052	23.3002643019479
38	WGN39	20.0890624999997	4.21763811607619	1119	11.8136928182308	28.3644321817686
39	WGN39	23.8999999999998	2.98165503873196	1119	18.0497356980518	29.7502643019479
40	WGN39	32.8999999999999	2.98165503873197	1119	27.0497356980518	38.750264301948
41	WGN39	25.4999999999998	2.98165503873197	1119	19.6497356980517	31.3502643019479
42	WGN39	29.3999999999998	2.98165503873191	1119	23.5497356980519	35.2502643019478
43	WGN39	20.1499999999999	2.98165503873191	1119	14.299735698052	26.0002643019479
44	WGN39	28.1999999999998	2.98165503873194	1119	22.3497356980518	34.0502643019478
45	WGN39	30.7499999999999	2.98165503873193	1119	24.8997356980519	36.6002643019478
46	WGN39	28.0999999999998	2.98165503873195	1119	22.2497356980518	33.9502643019478
47	WGN39	27.6499999999999	2.98165503873191	1119	21.7997356980519	33.5002643019478
48	WGN39	20.1999999999998	2.98165503873193	1119	14.3497356980518	26.0502643019478
49	WGN39	23.3499999999999	2.98165503873192	1119	17.4997356980519	29.2002643019478
50	WGN39	20.6499999999998	2.98165503873194	1119	14.7997356980518	26.5002643019478
51	WGN39	17.1999999999996	2.98165503873198	1119	11.3497356980515	23.0502643019477
52	WGN39	23.7999999999999	2.98165503873189	1119	17.949735698052	29.6502643019478
53	WGN39	25.1999999999999	2.98165503873195	1119	19.3497356980518	31.0502643019479
54	WGN39	22.1999999999999	2.98165503873193	1119	16.3497356980519	28.0502643019478
55	WGN39	29.3999999999999	2.98165503873192	1119	23.5497356980519	35.2502643019478
56	WGN39	31.4999999999999	2.98165503873194	1119	25.6497356980519	37.3502643019479
57	WGN39	24.1499999999998	2.98165503873193	1119	18.2997356980518	30.0002643019478
58	WGN39	32.0999999999999	2.98165503873194	1119	26.2497356980519	37.9502643019479
59	WGN39	25.0999999999999	2.98165503873197	1119	19.2497356980518	30.9502643019479
60	WGN39	21.2999999999999	2.98165503873193	1119	15.4497356980519	27.1502643019478
61	WGN39	23.5499999999998	2.98165503873195	1119	17.6997356980518	29.4002643019479
62	WGN39	21.9999999999998	2.98165503873194	1119	16.1497356980518	27.8502643019478
63	WGN39	29.0499999999999	2.98165503873195	1119	23.1997356980518	34.9002643019479
64	WGN39	30.0999999999998	2.98165503873193	1119	24.2497356980518	35.9502643019478
65	WGN39	30.5499999999999	2.98165503873195	1119	24.6997356980519	36.4002643019479
66	WGN39	20.0999999999998	2.98165503873194	1119	14.2497356980518	25.9502643019478
67	WGN39	32.5999999999997	2.98165503873191	1119	26.7497356980518	38.4502643019477
68	WGN39	23.9999999999998	2.98165503873194	1119	18.1497356980518	29.8502643019478
69	WGN39	29.0999999999999	2.98165503873195	1119	23.2497356980519	34.9502643019479
70	WGN39	23.6499999999998	2.98165503873194	1119	17.7997356980518	29.5002643019478
71	WGN39	24.3999999999998	2.98165503873193	1119	18.5497356980518	30.2502643019478
72	WGN39	20.1499999999998	2.98165503873194	1119	14.2997356980518	26.0002643019478
73	WGN39	22.9999999999998	2.98165503873195	1119	17.1497356980518	28.8502643019478
74	WGN39	21.8999999999998	2.98165503873195	1119	16.0497356980517	27.7502643019478
75	WGN39	22.0999999999998	2.98165503873194	1119	16.2497356980518	27.9502643019478
76	WGN39	22.0999999999998	2.98165503873196	1119	16.2497356980518	27.9502643019479
77	WGN39	22.7999999999999	2.98165503873192	1119	16.9497356980519	28.6502643019479
78	WGN39	24.7499999999998	2.98165503873193	1119	18.8997356980518	30.6002643019478
79	WGN39	19.7999999999997	2.98165503873196	1119	13.9497356980517	25.6502643019478
80	WGN39	21.9499999999998	2.98165503873194	1119	16.0997356980518	27.8002643019478
81	WGN39	21.9999999999999	2.98165503873193	1119	16.1497356980519	27.8502643019479
82	WGN39	17.8999999999999	2.98165503873194	1119	12.0497356980519	23.7502643019479
83	WGN39	23.3999999999998	2.98165503873193	1119	17.5497356980518	29.2502643019478
84	WGN39	32.0999999999998	2.98165503873194	1119	26.2497356980518	37.9502643019478
85	WGN39	27.2999999999998	2.98165503873193	1119	21.4497356980519	33.1502643019478
86	WGN39	29.1999999999998	2.98165503873193	1119	23.3497356980518	35.0502643019478
87	WGN39	24.6999999999998	2.98165503873193	1119	18.8497356980519	30.5502643019478
88	WGN39	28.6999999999998	2.98165503873193	1119	22.8497356980518	34.5502643019478
89	WGN39	25.5999999999998	2.98165503873193	1119	19.7497356980519	31.4502643019478
90	WGN39	19.9999999999998	2.98165503873194	1119	14.1497356980518	25.8502643019478
91	WGN39	25.0499999999999	2.98165503873192	1119	19.1997356980519	30.9002643019478
92	WGN39	18.9999999999998	2.98165503873194	1119	13.1497356980518	24.8502643019478
93	WGN39	30.7499999999998	2.98165503873194	1119	24.8997356980518	36.6002643019478
94	WGN39	20.4999999999999	2.98165503873192	1119	14.6497356980519	26.3502643019479
95	WGN39	27.2999999999999	2.98165503873194	1119	21.4497356980519	33.1502643019479
96	WGN39	30.7499999999999	2.98165503873194	1119	24.8997356980519	36.6002643019479
97	WGN39	27.0499999999998	2.98165503873194	1119	21.1997356980518	32.9002643019479
98	WGN39	28.5999999999998	2.98165503873195	1119	22.7497356980518	34.4502643019479
99	WGN39	18.4999999999999	2.98165503873193	1119	12.6497356980519	24.3502643019478
100	WGN39	36.5499999999999	2.98165503873194	1119	30.6997356980519	42.4002643019479
101	WGN39	27.7499999999998	2.98165503873193	1119	21.8997356980518	33.6002643019478
102	WGN39	25.9999999999998	2.98165503873193	1119	20.1497356980519	31.8502643019478
104	WGN39	23.3999999999998	2.98165503873193	1119	17.5497356980519	29.2502643019478
105	WGN39	25.3499999999998	2.98165503873193	1119	19.4997356980518	31.2002643019478
106	WGN39	27.6999999999998	2.98165503873192	1119	21.8497356980519	33.5502643019478
107	WGN39	20.6499999999998	2.98165503873193	1119	14.7997356980519	26.5002643019478
108	WGN39	29.5890624999999	4.21763811607619	1119	21.313692818231	37.8644321817688
109	WGN39	26.6499999999998	2.98165503873193	1119	20.7997356980518	32.5002643019478
110	WGN39	24.2499999999998	2.98165503873194	1119	18.3997356980518	30.1002643019478
111	WGN39	32.2499999999998	2.98165503873194	1119	26.3997356980518	38.1002643019478
112	WGN39	25.7999999999998	2.98165503873194	1119	19.9497356980518	31.6502643019478
113	WGN39	18.9999999999999	2.98165503873193	1119	13.1497356980519	24.8502643019478
114	WGN39	27.6499999999998	2.98165503873194	1119	21.7997356980518	33.5002643019478
115	WGN39	28.6999999999998	2.98165503873194	1119	22.8497356980518	34.5502643019478
116	WGN39	23.1999999999998	2.98165503873194	1119	17.3497356980518	29.0502643019478
117	WGN39	21.9999999999998	2.98165503873194	1119	16.1497356980518	27.8502643019478
118	WGN39	32.9999999999998	2.98165503873194	1119	27.1497356980518	38.8502643019478
120	WGN39	24.6999999999998	2.98165503873193	1119	18.8497356980518	30.5502643019478
121	WGN39	28.3890624999998	4.21763811607617	1119	20.113692818231	36.6644321817687
122	WGN39	20.3999999999998	2.98165503873194	1119	14.5497356980518	26.2502643019478
123	WGN39	21.8999999999998	2.98165503873194	1119	16.0497356980518	27.7502643019478
124	WGN39	25.0999999999998	2.98165503873193	1119	19.2497356980518	30.9502643019478
125	WGN39	30.0999999999998	2.98165503873194	1119	24.2497356980518	35.9502643019478
126	WGN39	24.4499999999998	2.98165503873194	1119	18.5997356980518	30.3002643019478
127	WGN39	30.0999999999998	2.98165503873194	1119	24.2497356980518	35.9502643019478
128	WGN39	27.5109374999998	4.21763811607618	1119	19.2355678182309	35.7863071817687
129	WGN39	30.1499999999998	2.98165503873194	1119	24.2997356980518	36.0002643019478
130	WGN39	20.6999999999998	2.98165503873194	1119	14.8497356980518	26.5502643019478
1	WGN45	22.1499999999999	2.98165503873193	1119	16.2997356980519	28.0002643019479
2	WGN45	29.9999999999999	2.98165503873193	1119	24.1497356980519	35.8502643019479
3	WGN45	15.7999999999998	2.98165503873198	1119	9.94973569805169	21.6502643019479
4	WGN45	26.4999999999999	2.98165503873194	1119	20.6497356980519	32.3502643019479
5	WGN45	27.2999999999998	2.98165503873195	1119	21.4497356980518	33.1502643019478
6	WGN45	22.35	2.98165503873193	1119	16.499735698052	28.200264301948
7	WGN45	29.7999999999998	2.98165503873191	1119	23.9497356980519	35.6502643019477
8	WGN45	29.3	2.98165503873193	1119	23.4497356980521	35.150264301948
9	WGN45	21.3499999999997	2.98165503873191	1119	15.4997356980518	27.2002643019477
10	WGN45	22.5	2.98165503873186	1119	16.6497356980522	28.3502643019479
11	WGN45	26.8000000000001	2.98165503873196	1119	20.9497356980521	32.6502643019482
12	WGN45	21.9499999999999	2.98165503873191	1119	16.0997356980519	27.8002643019478
13	WGN45	23.5000000000001	2.98165503873189	1119	17.6497356980522	29.3502643019481
14	WGN45	27.5999999999999	2.98165503873189	1119	21.749735698052	33.4502643019478
15	WGN45	27.4499999999998	2.9816550387319	1119	21.5997356980518	33.3002643019477
16	WGN45	25.25	2.98165503873195	1119	19.399735698052	31.100264301948
17	WGN45	20.7	2.9816550387319	1119	14.8497356980521	26.5502643019479
18	WGN45	18.0999999999999	2.98165503873194	1119	12.2497356980519	23.9502643019479
19	WGN45	24.8	2.98165503873196	1119	18.949735698052	30.650264301948
20	WGN45	23.7999999999999	2.98165503873191	1119	17.9497356980519	29.6502643019478
22	WGN45	30.45	2.98165503873192	1119	24.599735698052	36.3002643019479
23	WGN45	21.8000000000001	2.98165503873191	1119	15.9497356980521	27.650264301948
24	WGN45	16.0109374999999	4.21763811607614	1119	7.73556781823109	24.2863071817687
26	WGN45	16.0890624999997	4.21763811607624	1119	7.81369281823074	24.3644321817687
28	WGN45	15.1499999999999	2.98165503873194	1119	9.29973569805191	21.0002643019479
29	WGN45	10.6109375000003	4.21763811607613	1119	2.33556781823149	18.886307181769
31	WGN45	21.5999999999999	2.98165503873196	1119	15.7497356980519	27.450264301948
32	WGN45	23.7500000000001	2.98165503873195	1119	17.899735698052	29.6002643019481
33	WGN45	20.5	2.98165503873194	1119	14.649735698052	26.350264301948
34	WGN45	21.1999999999999	2.98165503873197	1119	15.3497356980519	27.050264301948
35	WGN45	31.4999999999998	2.98165503873192	1119	25.6497356980518	37.3502643019478
36	WGN45	30.8	2.98165503873194	1119	24.949735698052	36.650264301948
37	WGN45	26.25	2.98165503873197	1119	20.3997356980519	32.1002643019481
38	WGN45	10.9109375	4.2176381160762	1119	2.63556781823108	19.1863071817689
40	WGN45	30.4	2.98165503873194	1119	24.549735698052	36.250264301948
41	WGN45	28.3499999999999	2.98165503873192	1119	22.4997356980519	34.2002643019479
42	WGN45	23.1999999999999	2.98165503873192	1119	17.349735698052	29.0502643019479
43	WGN45	25	2.98165503873194	1119	19.149735698052	30.850264301948
44	WGN45	26.7999999999999	2.98165503873192	1119	20.9497356980519	32.6502643019478
45	WGN45	21.9	2.98165503873195	1119	16.0497356980519	27.750264301948
46	WGN45	21.9	2.98165503873194	1119	16.049735698052	27.750264301948
47	WGN45	15.0890624999998	4.2176381160762	1119	6.81369281823089	23.3644321817687
49	WGN45	32.6	2.98165503873194	1119	26.749735698052	38.450264301948
50	WGN45	16.0890624999998	4.21763811607622	1119	7.81369281823088	24.3644321817688
52	WGN45	12.9109374999998	4.21763811607621	1119	4.63556781823088	21.1863071817687
53	WGN45	20.9	2.9816550387319	1119	15.0497356980521	26.750264301948
54	WGN45	19.1999999999999	2.98165503873194	1119	13.3497356980519	25.0502643019479
55	WGN45	28.5999999999998	2.98165503873194	1119	22.7497356980517	34.4502643019478
56	WGN45	24.05	2.98165503873193	1119	18.199735698052	29.900264301948
57	WGN45	25.4	2.98165503873195	1119	19.5497356980519	31.250264301948
58	WGN45	24.45	2.98165503873193	1119	18.599735698052	30.3002643019479
59	WGN45	19	2.98165503873193	1119	13.149735698052	24.850264301948
60	WGN45	21.9890625	4.21763811607619	1119	13.7136928182311	30.2644321817689
61	WGN45	17.0499999999999	2.98165503873194	1119	11.1997356980519	22.9002643019479
62	WGN45	21.1	2.98165503873193	1119	15.249735698052	26.950264301948
64	WGN45	23.55	2.98165503873193	1119	17.699735698052	29.400264301948
65	WGN45	21.25	2.98165503873195	1119	15.399735698052	27.100264301948
66	WGN45	18.9999999999999	2.98165503873196	1119	13.1497356980519	24.8502643019479
67	WGN45	16.0109374999999	4.2176381160762	1119	7.73556781823098	24.2863071817688
68	WGN45	18.4999999999998	2.98165503873197	1119	12.6497356980518	24.3502643019479
69	WGN45	24.9499999999999	2.98165503873193	1119	19.099735698052	30.8002643019479
70	WGN45	16.8999999999999	2.98165503873194	1119	11.0497356980519	22.7502643019479
71	WGN45	30.4499999999999	2.98165503873192	1119	24.5997356980519	36.3002643019478
72	WGN45	22.4499999999999	2.98165503873194	1119	16.5997356980519	28.300264301948
73	WGN45	16.9109374999999	4.2176381160762	1119	8.63556781823103	25.1863071817689
74	WGN45	26.2890625000002	4.21763811607616	1119	18.0136928182313	34.564432181769
75	WGN45	32.2890625	4.21763811607619	1119	24.0136928182311	40.5644321817689
76	WGN45	23.4	2.98165503873194	1119	17.549735698052	29.250264301948
78	WGN45	16.1499999999998	2.98165503873196	1119	10.2997356980518	22.0002643019479
80	WGN45	26.8999999999999	2.98165503873193	1119	21.049735698052	32.7502643019479
81	WGN45	31.7499999999998	2.98165503873191	1119	25.8997356980519	37.6002643019478
82	WGN45	26.5109375	4.21763811607615	1119	18.2355678182312	34.7863071817688
84	WGN45	30.5	2.98165503873194	1119	24.649735698052	36.350264301948
85	WGN45	33.6999999999999	2.98165503873193	1119	27.8497356980519	39.5502643019479
86	WGN45	30.0499999999998	2.98165503873192	1119	24.1997356980519	35.9002643019478
88	WGN45	26.4	2.98165503873193	1119	20.549735698052	32.250264301948
89	WGN45	19.4	2.98165503873192	1119	13.549735698052	25.250264301948
90	WGN45	26.4	2.98165503873194	1119	20.549735698052	32.250264301948
92	WGN45	21.45	2.98165503873191	1119	15.599735698052	27.3002643019479
93	WGN45	14.1499999999999	2.98165503873195	1119	8.29973569805192	20.0002643019479
94	WGN45	26.65	2.98165503873193	1119	20.799735698052	32.500264301948
95	WGN45	24.3	2.98165503873195	1119	18.4497356980519	30.150264301948
98	WGN45	28.3499999999999	2.98165503873192	1119	22.4997356980519	34.2002643019479
99	WGN45	10.8890625	4.21763811607616	1119	2.61369281823113	19.1644321817688
100	WGN45	21.5	2.98165503873192	1119	15.649735698052	27.3502643019479
101	WGN45	27.7499999999999	2.98165503873193	1119	21.8997356980519	33.6002643019479
102	WGN45	28.9	2.98165503873194	1119	23.049735698052	34.750264301948
103	WGN45	28	2.98165503873193	1119	22.149735698052	33.8502643019479
104	WGN45	20.35	2.98165503873194	1119	14.499735698052	26.200264301948
105	WGN45	28.3499999999999	2.98165503873193	1119	22.499735698052	34.2002643019479
106	WGN45	20.9	2.98165503873194	1119	15.049735698052	26.750264301948
107	WGN45	30.15	2.98165503873195	1119	24.299735698052	36.0002643019481
108	WGN45	22.45	2.98165503873193	1119	16.599735698052	28.3002643019479
109	WGN45	29.25	2.98165503873193	1119	23.399735698052	35.100264301948
110	WGN45	24	2.98165503873194	1119	18.149735698052	29.850264301948
111	WGN45	22.35	2.98165503873193	1119	16.499735698052	28.200264301948
112	WGN45	14.3890625	4.21763811607617	1119	6.11369281823113	22.6644321817689
113	WGN45	7.31093749999989	4.21763811607618	1119	-0.96443218176899	15.5863071817688
114	WGN45	26.1999999999999	2.98165503873193	1119	20.349735698052	32.0502643019479
115	WGN45	13.3109375	4.21763811607617	1119	5.03556781823115	21.5863071817689
116	WGN45	22.5	2.98165503873193	1119	16.649735698052	28.350264301948
117	WGN45	6.41093749999991	4.21763811607617	1119	-1.86443218176895	14.6863071817688
118	WGN45	19.9	2.98165503873194	1119	14.049735698052	25.750264301948
119	WGN45	24.35	2.98165503873193	1119	18.499735698052	30.200264301948
120	WGN45	27.45	2.98165503873194	1119	21.599735698052	33.300264301948
121	WGN45	25.35	2.98165503873194	1119	19.499735698052	31.200264301948
122	WGN45	34.9109375	4.21763811607618	1119	26.6355678182311	43.1863071817689
123	WGN45	25.0890625	4.21763811607616	1119	16.8136928182311	33.3644321817688
124	WGN45	25.65	2.98165503873193	1119	19.799735698052	31.500264301948
126	WGN45	29.2	2.98165503873194	1119	23.349735698052	35.050264301948
127	WGN45	27.3	2.98165503873194	1119	21.449735698052	33.150264301948
128	WGN45	23.65	2.98165503873194	1119	17.799735698052	29.500264301948
129	WGN45	16.5	2.98165503873194	1119	10.649735698052	22.350264301948
1	WGN46	28.8999999999995	2.98165503873187	1119	23.0497356980516	34.7502643019473
2	WGN46	26.0999999999995	2.98165503873193	1119	20.2497356980515	31.9502643019474
3	WGN46	23.5999999999994	2.98165503873196	1119	17.7497356980513	29.4502643019474
4	WGN46	21.8499999999995	2.98165503873194	1119	15.9997356980515	27.7002643019475
6	WGN46	31.4999999999996	2.98165503873193	1119	25.6497356980516	37.3502643019476
7	WGN46	29.0999999999995	2.98165503873194	1119	23.2497356980515	34.9502643019475
8	WGN46	25.5499999999995	2.98165503873194	1119	19.6997356980515	31.4002643019475
9	WGN46	29.5499999999994	2.98165503873195	1119	23.6997356980514	35.4002643019474
10	WGN46	32.0499999999995	2.98165503873194	1119	26.1997356980515	37.9002643019476
11	WGN46	31.1999999999994	2.98165503873198	1119	25.3497356980514	37.0502643019475
12	WGN46	25.4499999999995	2.98165503873192	1119	19.5997356980515	31.3002643019475
13	WGN46	26.2499999999994	2.98165503873193	1119	20.3997356980514	32.1002643019474
14	WGN46	30.0999999999994	2.98165503873189	1119	24.2497356980515	35.9502643019473
15	WGN46	25.7999999999994	2.98165503873196	1119	19.9497356980513	31.6502643019474
16	WGN46	25.7999999999993	2.98165503873196	1119	19.9497356980512	31.6502643019473
17	WGN46	32.5109374999993	4.21763811607613	1119	24.2355678182305	40.7863071817681
18	WGN46	24.0499999999993	2.98165503873197	1119	18.1997356980512	29.9002643019474
19	WGN46	33.0999999999994	2.98165503873192	1119	27.2497356980514	38.9502643019474
20	WGN46	28.2999999999994	2.98165503873195	1119	22.4497356980514	34.1502643019474
21	WGN46	19.3109374999993	4.21763811607619	1119	11.0355678182304	27.5863071817682
22	WGN46	23.1999999999992	2.98165503873198	1119	17.3497356980511	29.0502643019473
23	WGN46	31.8890624999991	4.21763811607621	1119	23.6136928182302	40.1644321817681
24	WGN46	26.3999999999994	2.98165503873193	1119	20.5497356980514	32.2502643019474
25	WGN46	28.1999999999994	2.98165503873194	1119	22.3497356980514	34.0502643019474
26	WGN46	23.9999999999994	2.98165503873196	1119	18.1497356980513	29.8502643019474
27	WGN46	21.9999999999996	2.98165503873191	1119	16.1497356980516	27.8502643019475
28	WGN46	20.5499999999993	2.98165503873196	1119	14.6997356980513	26.4002643019474
29	WGN46	28.6999999999994	2.98165503873196	1119	22.8497356980514	34.5502643019475
30	WGN46	21.9999999999994	2.98165503873195	1119	16.1497356980514	27.8502643019474
31	WGN46	23.2999999999995	2.98165503873193	1119	17.4497356980515	29.1502643019474
32	WGN46	31.0999999999994	2.98165503873193	1119	25.2497356980515	36.9502643019474
33	WGN46	27.9499999999995	2.98165503873195	1119	22.0997356980515	33.8002643019475
34	WGN46	22.1999999999994	2.98165503873195	1119	16.3497356980514	28.0502643019474
36	WGN46	20.7999999999993	2.98165503873196	1119	14.9497356980512	26.6502643019473
37	WGN46	28.6499999999994	2.98165503873194	1119	22.7997356980514	34.5002643019474
38	WGN46	32.9999999999995	2.98165503873196	1119	27.1497356980515	38.8502643019476
39	WGN46	17.8499999999996	2.98165503873192	1119	11.9997356980516	23.7002643019475
40	WGN46	26.9499999999995	2.98165503873194	1119	21.0997356980515	32.8002643019475
41	WGN46	25.2999999999995	2.98165503873192	1119	19.4497356980515	31.1502643019475
42	WGN46	20.0999999999996	2.98165503873191	1119	14.2497356980517	25.9502643019476
43	WGN46	10.2499999999995	2.98165503873193	1119	4.39973569805155	16.1002643019475
44	WGN46	34.0499999999995	2.98165503873195	1119	28.1997356980515	39.9002643019475
45	WGN46	26.3999999999994	2.98165503873195	1119	20.5497356980514	32.2502643019474
46	WGN46	24.8999999999995	2.98165503873191	1119	19.0497356980516	30.7502643019475
47	WGN46	31.8499999999994	2.98165503873193	1119	25.9997356980514	37.7002643019474
48	WGN46	28.4999999999994	2.98165503873195	1119	22.6497356980514	34.3502643019475
49	WGN46	22.1499999999994	2.98165503873195	1119	16.2997356980513	28.0002643019474
50	WGN46	24.0999999999994	2.98165503873195	1119	18.2497356980513	29.9502643019474
51	WGN46	21.8890624999993	4.21763811607621	1119	13.6136928182304	30.1644321817683
52	WGN46	23.1999999999993	2.98165503873195	1119	17.3497356980513	29.0502643019474
53	WGN46	30.7499999999995	2.98165503873196	1119	24.8997356980514	36.6002643019475
54	WGN46	22.6499999999994	2.98165503873195	1119	16.7997356980513	28.5002643019474
55	WGN46	17.9999999999994	2.98165503873193	1119	12.1497356980515	23.8502643019474
56	WGN46	31.6499999999995	2.98165503873196	1119	25.7997356980514	37.5002643019475
57	WGN46	30.2999999999995	2.98165503873194	1119	24.4497356980514	36.1502643019475
58	WGN46	25.2999999999994	2.98165503873192	1119	19.4497356980515	31.1502643019474
59	WGN46	24.7499999999994	2.98165503873194	1119	18.8997356980514	30.6002643019474
60	WGN46	33.1999999999994	2.98165503873193	1119	27.3497356980515	39.0502643019474
61	WGN46	28.5999999999994	2.98165503873193	1119	22.7497356980514	34.4502643019473
62	WGN46	32.7499999999995	2.98165503873194	1119	26.8997356980515	38.6002643019475
63	WGN46	23.6499999999994	2.98165503873194	1119	17.7997356980514	29.5002643019474
64	WGN46	21.4999999999995	2.98165503873193	1119	15.6497356980515	27.3502643019475
65	WGN46	34.0890624999995	4.21763811607619	1119	25.8136928182306	42.3644321817684
66	WGN46	21.7999999999994	2.98165503873194	1119	15.9497356980514	27.6502643019474
67	WGN46	26.4999999999995	2.98165503873192	1119	20.6497356980515	32.3502643019474
68	WGN46	23.6499999999994	2.98165503873194	1119	17.7997356980514	29.5002643019474
69	WGN46	22.5499999999995	2.98165503873193	1119	16.6997356980515	28.4002643019475
70	WGN46	28.3499999999994	2.98165503873195	1119	22.4997356980513	34.2002643019474
71	WGN46	35.2499999999994	2.98165503873194	1119	29.3997356980514	41.1002643019474
72	WGN46	24.8999999999994	2.98165503873195	1119	19.0497356980514	30.7502643019474
73	WGN46	23.5499999999994	2.98165503873195	1119	17.6997356980514	29.4002643019474
74	WGN46	30.4499999999994	2.98165503873195	1119	24.5997356980514	36.3002643019475
75	WGN46	25.3999999999994	2.98165503873193	1119	19.5497356980514	31.2502643019474
76	WGN46	20.3499999999994	2.98165503873194	1119	14.4997356980514	26.2002643019474
78	WGN46	30.4499999999995	2.98165503873195	1119	24.5997356980514	36.3002643019475
79	WGN46	30.1499999999994	2.98165503873193	1119	24.2997356980514	36.0002643019474
80	WGN46	27.6499999999994	2.98165503873194	1119	21.7997356980514	33.5002643019474
81	WGN46	25.2999999999994	2.98165503873193	1119	19.4497356980514	31.1502643019474
82	WGN46	22.9499999999993	2.98165503873196	1119	17.0997356980513	28.8002643019474
83	WGN46	23.6499999999995	2.98165503873194	1119	17.7997356980514	29.5002643019475
84	WGN46	23.7999999999995	2.98165503873193	1119	17.9497356980515	29.6502643019475
85	WGN46	25.7499999999995	2.98165503873193	1119	19.8997356980515	31.6002643019474
86	WGN46	27.5999999999995	2.98165503873195	1119	21.7497356980514	33.4502643019475
87	WGN46	27.9999999999994	2.98165503873194	1119	22.1497356980514	33.8502643019474
88	WGN46	26.9999999999995	2.98165503873192	1119	21.1497356980515	32.8502643019474
89	WGN46	27.8999999999994	2.98165503873194	1119	22.0497356980514	33.7502643019474
90	WGN46	34.2999999999994	2.98165503873194	1119	28.4497356980514	40.1502643019474
91	WGN46	22.9109374999994	4.21763811607619	1119	14.6355678182305	31.1863071817683
93	WGN46	21.0999999999995	2.98165503873193	1119	15.2497356980515	26.9502643019474
94	WGN46	29.7999999999994	2.98165503873194	1119	23.9497356980514	35.6502643019474
95	WGN46	26.5999999999994	2.98165503873194	1119	20.7497356980514	32.4502643019474
96	WGN46	32.6999999999994	2.98165503873193	1119	26.8497356980514	38.5502643019474
98	WGN46	23.3999999999994	2.98165503873194	1119	17.5497356980514	29.2502643019474
100	WGN46	29.9999999999994	2.98165503873193	1119	24.1497356980515	35.8502643019474
101	WGN46	23.8999999999994	2.98165503873194	1119	18.0497356980514	29.7502643019474
102	WGN46	25.2999999999994	2.98165503873193	1119	19.4497356980515	31.1502643019474
103	WGN46	25.2499999999994	2.98165503873195	1119	19.3997356980514	31.1002643019474
104	WGN46	26.5999999999994	2.98165503873194	1119	20.7497356980514	32.4502643019474
106	WGN46	19.7999999999994	2.98165503873194	1119	13.9497356980514	25.6502643019474
107	WGN46	31.7499999999994	2.98165503873193	1119	25.8997356980514	37.6002643019474
108	WGN46	27.7499999999994	2.98165503873194	1119	21.8997356980514	33.6002643019475
109	WGN46	32.2499999999995	2.98165503873195	1119	26.3997356980514	38.1002643019475
110	WGN46	39.5999999999995	2.98165503873194	1119	33.7497356980515	45.4502643019475
111	WGN46	27.6499999999994	2.98165503873194	1119	21.7997356980514	33.5002643019474
112	WGN46	25.6499999999994	2.98165503873194	1119	19.7997356980514	31.5002643019474
113	WGN46	29.2499999999994	2.98165503873194	1119	23.3997356980514	35.1002643019475
114	WGN46	24.2499999999994	2.98165503873194	1119	18.3997356980514	30.1002643019474
115	WGN46	26.4999999999994	2.98165503873194	1119	20.6497356980514	32.3502643019474
116	WGN46	29.7499999999994	2.98165503873193	1119	23.8997356980515	35.6002643019474
117	WGN46	24.6499999999995	2.98165503873193	1119	18.7997356980515	30.5002643019474
118	WGN46	28.8109374999994	4.21763811607618	1119	20.5355678182306	37.0863071817683
119	WGN46	31.1499999999994	2.98165503873194	1119	25.2997356980514	37.0002643019474
120	WGN46	26.3999999999994	2.98165503873194	1119	20.5497356980514	32.2502643019474
121	WGN46	24.4999999999994	2.98165503873194	1119	18.6497356980514	30.3502643019474
122	WGN46	26.9999999999994	2.98165503873194	1119	21.1497356980514	32.8502643019474
123	WGN46	30.4999999999994	2.98165503873194	1119	24.6497356980514	36.3502643019474
124	WGN46	18.8499999999994	2.98165503873194	1119	12.9997356980514	24.7002643019474
125	WGN46	23.9499999999995	2.98165503873194	1119	18.0997356980515	29.8002643019474
126	WGN46	30.5499999999994	2.98165503873194	1119	24.6997356980514	36.4002643019474
127	WGN46	32.4999999999994	2.98165503873194	1119	26.6497356980514	38.3502643019474
128	WGN46	24.5499999999994	2.98165503873194	1119	18.6997356980514	30.4002643019474
129	WGN46	33.7499999999994	2.98165503873194	1119	27.8997356980514	39.6002643019474
130	WGN46	28.6499999999994	2.98165503873194	1119	22.7997356980514	34.5002643019474
1	WGN55	15.8500000000005	2.9816550387319	1119	9.99973569805261	21.7002643019484
2	WGN55	17.6000000000001	2.98165503873192	1119	11.7497356980521	23.4502643019481
3	WGN55	21.1999999999999	2.98165503873193	1119	15.3497356980519	27.0502643019479
4	WGN55	21.9000000000001	2.98165503873196	1119	16.049735698052	27.7502643019481
5	WGN55	29.0999999999998	2.98165503873193	1119	23.2497356980518	34.9502643019478
6	WGN55	23.3999999999999	2.98165503873195	1119	17.5497356980519	29.250264301948
7	WGN55	22.45	2.98165503873193	1119	16.599735698052	28.3002643019479
8	WGN55	27.7999999999999	2.98165503873193	1119	21.9497356980519	33.6502643019479
9	WGN55	19.7999999999999	2.98165503873195	1119	13.9497356980519	25.6502643019479
10	WGN55	26.2499999999998	2.98165503873193	1119	20.3997356980519	32.1002643019478
11	WGN55	27	2.98165503873198	1119	21.1497356980519	32.850264301948
12	WGN55	17.2890624999999	4.21763811607618	1119	9.01369281823101	25.5644321817688
13	WGN55	26.2999999999998	2.98165503873193	1119	20.4497356980519	32.1502643019478
14	WGN55	24.7500000000001	2.98165503873196	1119	18.8997356980521	30.6002643019481
15	WGN55	26.6500000000002	2.98165503873197	1119	20.7997356980521	32.5002643019482
16	WGN55	24.6000000000003	2.98165503873198	1119	18.7497356980522	30.4502643019484
17	WGN55	21.9890625000002	4.21763811607619	1119	13.7136928182313	30.2644321817691
18	WGN55	21.6499999999999	2.98165503873194	1119	15.7997356980519	27.500264301948
19	WGN55	21.2999999999999	2.98165503873195	1119	15.4497356980519	27.1502643019479
20	WGN55	26.0000000000002	2.98165503873197	1119	20.1497356980522	31.8502643019483
21	WGN55	31.0999999999998	2.98165503873193	1119	25.2497356980518	36.9502643019478
22	WGN55	35.2000000000004	2.98165503873197	1119	29.3497356980523	41.0502643019485
23	WGN55	30.1499999999998	2.98165503873192	1119	24.2997356980519	36.0002643019478
24	WGN55	23.4	2.98165503873195	1119	17.549735698052	29.2502643019481
25	WGN55	28.5999999999999	2.98165503873194	1119	22.7497356980519	34.4502643019479
26	WGN55	29.8499999999997	2.98165503873191	1119	23.9997356980518	35.7002643019476
27	WGN55	21.45	2.98165503873193	1119	15.599735698052	27.3002643019479
28	WGN55	20.0890624999999	4.21763811607615	1119	11.8136928182311	28.3644321817687
29	WGN55	21.0999999999999	2.98165503873191	1119	15.2497356980519	26.9502643019478
30	WGN55	27.05	2.98165503873195	1119	21.199735698052	32.900264301948
31	WGN55	19.0499999999999	2.98165503873195	1119	13.1997356980518	24.9002643019479
32	WGN55	22.3500000000001	2.98165503873196	1119	16.499735698052	28.2002643019481
33	WGN55	21.0000000000001	2.98165503873195	1119	15.149735698052	26.8502643019481
34	WGN55	18.5	2.98165503873194	1119	12.649735698052	24.350264301948
35	WGN55	26.25	2.98165503873195	1119	20.399735698052	32.1002643019481
36	WGN55	25.9999999999999	2.98165503873194	1119	20.1497356980519	31.850264301948
37	WGN55	22.1499999999999	2.98165503873192	1119	16.2997356980519	28.0002643019478
38	WGN55	24.6	2.98165503873194	1119	18.749735698052	30.450264301948
40	WGN55	21.9499999999999	2.98165503873194	1119	16.0997356980519	27.8002643019479
41	WGN55	19.9	2.98165503873195	1119	14.0497356980519	25.750264301948
42	WGN55	28.0000000000001	2.98165503873195	1119	22.1497356980521	33.8502643019481
43	WGN55	22.6	2.98165503873194	1119	16.749735698052	28.450264301948
44	WGN55	25.0999999999998	2.98165503873192	1119	19.2497356980518	30.9502643019478
45	WGN55	19.7999999999998	2.98165503873194	1119	13.9497356980518	25.6502643019478
46	WGN55	23.8499999999999	2.98165503873193	1119	17.9997356980519	29.7002643019479
47	WGN55	23.4000000000002	2.98165503873196	1119	17.5497356980521	29.2502643019482
48	WGN55	22.9	2.98165503873195	1119	17.0497356980519	28.750264301948
49	WGN55	37.2999999999999	2.98165503873193	1119	31.4497356980519	43.1502643019479
50	WGN55	28.15	2.98165503873195	1119	22.299735698052	34.000264301948
52	WGN55	26.2	2.98165503873193	1119	20.349735698052	32.050264301948
53	WGN55	21.4499999999999	2.98165503873194	1119	15.5997356980519	27.3002643019479
54	WGN55	17.6	2.98165503873193	1119	11.749735698052	23.4502643019479
55	WGN55	32.2000000000002	2.98165503873197	1119	26.3497356980521	38.0502643019482
56	WGN55	27.45	2.98165503873195	1119	21.599735698052	33.300264301948
57	WGN55	19.4	2.98165503873196	1119	13.549735698052	25.2502643019481
58	WGN55	29.75	2.98165503873195	1119	23.899735698052	35.600264301948
59	WGN55	27.1499999999999	2.98165503873193	1119	21.2997356980519	33.0002643019479
60	WGN55	23.3999999999999	2.98165503873192	1119	17.5497356980519	29.2502643019478
61	WGN55	15.2000000000001	2.98165503873192	1119	9.34973569805214	21.0502643019481
62	WGN55	24.6	2.98165503873195	1119	18.749735698052	30.4502643019481
63	WGN55	26.4999999999999	2.98165503873193	1119	20.6497356980519	32.3502643019479
64	WGN55	24.5999999999999	2.98165503873193	1119	18.7497356980519	30.4502643019479
65	WGN55	29.4000000000001	2.98165503873196	1119	23.5497356980521	35.2502643019482
66	WGN55	22.4499999999999	2.98165503873194	1119	16.5997356980519	28.3002643019479
67	WGN55	24.1999999999999	2.98165503873195	1119	18.3497356980519	30.0502643019479
68	WGN55	24	2.98165503873195	1119	18.149735698052	29.8502643019481
69	WGN55	24.3999999999998	2.98165503873193	1119	18.5497356980519	30.2502643019478
70	WGN55	29.1999999999999	2.98165503873194	1119	23.3497356980519	35.0502643019479
71	WGN55	26.85	2.98165503873194	1119	20.999735698052	32.700264301948
72	WGN55	19.8999999999999	2.98165503873193	1119	14.049735698052	25.7502643019479
73	WGN55	23.6	2.98165503873195	1119	17.749735698052	29.450264301948
74	WGN55	25.2999999999999	2.98165503873193	1119	19.4497356980519	31.1502643019479
75	WGN55	23.7499999999999	2.98165503873193	1119	17.8997356980519	29.6002643019479
76	WGN55	25.0499999999999	2.98165503873194	1119	19.1997356980519	30.9002643019479
77	WGN55	18	2.98165503873194	1119	12.1497356980519	23.850264301948
78	WGN55	16.1	2.98165503873193	1119	10.249735698052	21.9502643019479
80	WGN55	23.3499999999999	2.98165503873193	1119	17.4997356980519	29.2002643019479
81	WGN55	22.3499999999999	2.98165503873193	1119	16.4997356980519	28.2002643019479
82	WGN55	26.3	2.98165503873194	1119	20.449735698052	32.150264301948
83	WGN55	14.3999999999999	2.98165503873193	1119	8.54973569805196	20.2502643019479
84	WGN55	22	2.98165503873194	1119	16.149735698052	27.850264301948
85	WGN55	23.7499999999998	2.98165503873192	1119	17.8997356980518	29.6002643019478
86	WGN55	21.2	2.98165503873194	1119	15.349735698052	27.050264301948
87	WGN55	19.4999999999999	2.98165503873194	1119	13.6497356980519	25.3502643019479
88	WGN55	18.2999999999999	2.98165503873193	1119	12.4497356980519	24.1502643019479
89	WGN55	27.6	2.98165503873194	1119	21.749735698052	33.450264301948
90	WGN55	21.4499999999999	2.98165503873194	1119	15.5997356980519	27.3002643019479
91	WGN55	27.75	2.98165503873194	1119	21.899735698052	33.600264301948
92	WGN55	24.75	2.98165503873194	1119	18.899735698052	30.600264301948
93	WGN55	24.1499999999999	2.98165503873194	1119	18.2997356980519	30.0002643019479
94	WGN55	20.8999999999999	2.98165503873193	1119	15.0497356980519	26.7502643019479
95	WGN55	23.8499999999999	2.98165503873193	1119	17.9997356980519	29.7002643019479
96	WGN55	23.5499999999999	2.98165503873193	1119	17.6997356980519	29.4002643019479
97	WGN55	25.3499999999999	2.98165503873194	1119	19.4997356980519	31.2002643019479
98	WGN55	27.3	2.98165503873194	1119	21.449735698052	33.150264301948
99	WGN55	23.5499999999999	2.98165503873193	1119	17.6997356980519	29.4002643019479
100	WGN55	23.6999999999999	2.98165503873193	1119	17.8497356980519	29.5502643019479
101	WGN55	21.1999999999999	2.98165503873193	1119	15.3497356980519	27.0502643019479
102	WGN55	20.9999999999999	2.98165503873194	1119	15.1497356980519	26.8502643019479
103	WGN55	23.5	2.98165503873194	1119	17.649735698052	29.350264301948
104	WGN55	19.7499999999999	2.98165503873193	1119	13.8997356980519	25.6002643019479
105	WGN55	27.5499999999999	2.98165503873193	1119	21.6997356980519	33.4002643019479
106	WGN55	26.8	2.98165503873194	1119	20.9497356980519	32.650264301948
107	WGN55	17.5999999999999	2.98165503873193	1119	11.7497356980519	23.4502643019479
108	WGN55	29.4999999999999	2.98165503873193	1119	23.6497356980519	35.3502643019479
109	WGN55	26.25	2.98165503873194	1119	20.399735698052	32.100264301948
110	WGN55	29.3999999999999	2.98165503873193	1119	23.5497356980519	35.2502643019479
111	WGN55	28.3499999999999	2.98165503873194	1119	22.4997356980519	34.2002643019479
112	WGN55	30.8999999999999	2.98165503873193	1119	25.0497356980519	36.7502643019479
113	WGN55	26.7499999999999	2.98165503873193	1119	20.8997356980519	32.6002643019479
114	WGN55	21.8499999999999	2.98165503873193	1119	15.9997356980519	27.7002643019479
115	WGN55	20.85	2.98165503873194	1119	14.999735698052	26.7002643019479
116	WGN55	25.3109374999999	4.21763811607617	1119	17.0355678182311	33.5863071817688
117	WGN55	25.0499999999999	2.98165503873193	1119	19.1997356980519	30.9002643019479
118	WGN55	22.7999999999999	2.98165503873194	1119	16.9497356980519	28.6502643019479
119	WGN55	30.2999999999999	2.98165503873194	1119	24.4497356980519	36.1502643019479
120	WGN55	23.2499999999999	2.98165503873193	1119	17.3997356980519	29.1002643019479
121	WGN55	25.7999999999999	2.98165503873194	1119	19.9497356980519	31.6502643019479
122	WGN55	25.3999999999999	2.98165503873194	1119	19.5497356980519	31.2502643019479
123	WGN55	22.7499999999999	2.98165503873194	1119	16.8997356980519	28.6002643019479
124	WGN55	26.8999999999999	2.98165503873193	1119	21.0497356980519	32.7502643019479
125	WGN55	24.4499999999999	2.98165503873193	1119	18.5997356980519	30.3002643019479
126	WGN55	21.3499999999999	2.98165503873193	1119	15.4997356980519	27.2002643019479
128	WGN55	22.1999999999999	2.98165503873193	1119	16.3497356980519	28.0502643019479
129	WGN55	22.3999999999999	2.98165503873193	1119	16.5497356980519	28.2502643019479
130	WGN55	31.7499999999999	2.98165503873194	1119	25.8997356980519	37.6002643019479
1	WGN63	26.65	2.98165503873192	1119	20.799735698052	32.5002643019479
2	WGN63	24.4999999999998	2.98165503873193	1119	18.6497356980518	30.3502643019478
3	WGN63	32.6999999999997	2.98165503873192	1119	26.8497356980517	38.5502643019477
4	WGN63	34.3499999999997	2.98165503873192	1119	28.4997356980517	40.2002643019476
5	WGN63	24.4499999999998	2.98165503873192	1119	18.5997356980519	30.3002643019478
6	WGN63	29.6890625	4.21763811607619	1119	21.413692818231	37.9644321817689
7	WGN63	27.3999999999997	2.98165503873192	1119	21.5497356980517	33.2502643019477
8	WGN63	23.1999999999997	2.98165503873194	1119	17.3497356980517	29.0502643019477
9	WGN63	31.1999999999998	2.98165503873193	1119	25.3497356980518	37.0502643019478
10	WGN63	23.3499999999998	2.98165503873192	1119	17.4997356980518	29.2002643019478
12	WGN63	23.4999999999999	2.98165503873195	1119	17.6497356980519	29.350264301948
13	WGN63	38.2499999999998	2.98165503873193	1119	32.3997356980518	44.1002643019477
14	WGN63	22.4499999999998	2.98165503873195	1119	16.5997356980517	28.3002643019478
16	WGN63	25.1499999999998	2.98165503873196	1119	19.2997356980518	31.0002643019478
17	WGN63	29.0499999999997	2.98165503873194	1119	23.1997356980517	34.9002643019477
18	WGN63	21.4999999999999	2.98165503873194	1119	15.6497356980519	27.3502643019479
19	WGN63	20.6	2.98165503873192	1119	14.749735698052	26.450264301948
20	WGN63	21.4999999999997	2.98165503873192	1119	15.6497356980518	27.3502643019477
21	WGN63	23.0999999999999	2.98165503873193	1119	17.2497356980519	28.9502643019479
22	WGN63	23.8499999999999	2.98165503873193	1119	17.9997356980519	29.7002643019479
23	WGN63	25.7999999999998	2.98165503873195	1119	19.9497356980518	31.6502643019478
24	WGN63	25.1999999999998	2.98165503873194	1119	19.3497356980518	31.0502643019478
25	WGN63	26.9999999999998	2.98165503873193	1119	21.1497356980518	32.8502643019477
26	WGN63	27.7499999999998	2.98165503873195	1119	21.8997356980518	33.6002643019478
27	WGN63	29.2999999999998	2.98165503873195	1119	23.4497356980518	35.1502643019478
28	WGN63	23.9999999999998	2.98165503873194	1119	18.1497356980518	29.8502643019478
29	WGN63	24.5999999999998	2.98165503873194	1119	18.7497356980518	30.4502643019478
30	WGN63	26.8999999999998	2.98165503873194	1119	21.0497356980518	32.7502643019478
31	WGN63	23.7999999999997	2.98165503873194	1119	17.9497356980517	29.6502643019477
32	WGN63	28.2999999999998	2.98165503873193	1119	22.4497356980518	34.1502643019478
33	WGN63	19.0999999999998	2.98165503873195	1119	13.2497356980518	24.9502643019478
34	WGN63	21.1499999999999	2.98165503873192	1119	15.2997356980519	27.0002643019479
35	WGN63	31.8499999999998	2.98165503873194	1119	25.9997356980518	37.7002643019478
36	WGN63	23.0999999999999	2.98165503873195	1119	17.2497356980518	28.9502643019479
37	WGN63	28.1999999999998	2.98165503873193	1119	22.3497356980518	34.0502643019478
38	WGN63	23.7499999999997	2.98165503873194	1119	17.8997356980517	29.6002643019477
39	WGN63	31.4999999999998	2.98165503873192	1119	25.6497356980518	37.3502643019477
40	WGN63	21.9999999999998	2.98165503873192	1119	16.1497356980519	27.8502643019478
41	WGN63	28.6890624999998	4.21763811607615	1119	20.4136928182309	36.9644321817686
42	WGN63	25.3999999999998	2.98165503873191	1119	19.5497356980518	31.2502643019477
43	WGN63	21.9999999999998	2.98165503873193	1119	16.1497356980518	27.8502643019478
44	WGN63	26.3999999999998	2.98165503873195	1119	20.5497356980517	32.2502643019478
45	WGN63	22.9499999999997	2.98165503873194	1119	17.0997356980517	28.8002643019478
46	WGN63	25.1999999999998	2.98165503873191	1119	19.3497356980519	31.0502643019478
47	WGN63	18.9999999999998	2.98165503873193	1119	13.1497356980518	24.8502643019478
48	WGN63	23.3999999999997	2.98165503873195	1119	17.5497356980517	29.2502643019478
49	WGN63	27.5999999999998	2.98165503873195	1119	21.7497356980518	33.4502643019478
50	WGN63	21.8499999999997	2.98165503873195	1119	15.9997356980517	27.7002643019478
51	WGN63	30.4109374999998	4.21763811607618	1119	22.1355678182309	38.6863071817687
52	WGN63	29.6999999999998	2.98165503873193	1119	23.8497356980518	35.5502643019478
53	WGN63	32.8999999999998	2.98165503873194	1119	27.0497356980518	38.7502643019479
54	WGN63	26.0499999999998	2.98165503873193	1119	20.1997356980518	31.9002643019478
55	WGN63	24.1499999999998	2.98165503873195	1119	18.2997356980518	30.0002643019478
56	WGN63	23.1999999999998	2.98165503873193	1119	17.3497356980518	29.0502643019478
57	WGN63	27.2999999999998	2.98165503873195	1119	21.4497356980518	33.1502643019478
58	WGN63	23.9999999999998	2.98165503873194	1119	18.1497356980518	29.8502643019478
59	WGN63	20.4999999999999	2.98165503873193	1119	14.6497356980519	26.3502643019478
60	WGN63	27.0499999999998	2.98165503873194	1119	21.1997356980518	32.9002643019478
61	WGN63	22.7999999999998	2.98165503873193	1119	16.9497356980518	28.6502643019478
62	WGN63	32.9999999999997	2.98165503873192	1119	27.1497356980518	38.8502643019477
63	WGN63	26.1999999999998	2.98165503873193	1119	20.3497356980518	32.0502643019478
64	WGN63	24.9999999999998	2.98165503873194	1119	19.1497356980518	30.8502643019478
65	WGN63	35.0499999999998	2.98165503873194	1119	29.1997356980518	40.9002643019478
66	WGN63	24.0999999999998	2.98165503873193	1119	18.2497356980518	29.9502643019478
67	WGN63	28.7999999999998	2.98165503873193	1119	22.9497356980518	34.6502643019477
68	WGN63	22.0999999999998	2.98165503873193	1119	16.2497356980518	27.9502643019478
69	WGN63	28.3499999999998	2.98165503873193	1119	22.4997356980518	34.2002643019477
70	WGN63	23.4499999999998	2.98165503873194	1119	17.5997356980518	29.3002643019478
72	WGN63	21.1499999999998	2.98165503873192	1119	15.2997356980519	27.0002643019478
73	WGN63	26.9999999999998	2.98165503873193	1119	21.1497356980518	32.8502643019477
74	WGN63	21.9499999999998	2.98165503873193	1119	16.0997356980518	27.8002643019478
75	WGN63	22.7999999999998	2.98165503873193	1119	16.9497356980518	28.6502643019478
76	WGN63	24.8499999999998	2.98165503873193	1119	18.9997356980518	30.7002643019478
77	WGN63	23.8999999999998	2.98165503873193	1119	18.0497356980518	29.7502643019478
78	WGN63	15.4999999999998	2.98165503873194	1119	9.64973569805177	21.3502643019478
79	WGN63	24.3499999999998	2.98165503873194	1119	18.4997356980518	30.2002643019478
80	WGN63	22.9999999999998	2.98165503873193	1119	17.1497356980518	28.8502643019478
81	WGN63	28.1999999999998	2.98165503873194	1119	22.3497356980518	34.0502643019478
82	WGN63	20.8999999999998	2.98165503873193	1119	15.0497356980518	26.7502643019478
83	WGN63	25.6999999999998	2.98165503873193	1119	19.8497356980518	31.5502643019477
84	WGN63	29.2999999999998	2.98165503873193	1119	23.4497356980518	35.1502643019477
85	WGN63	23.7499999999998	2.98165503873194	1119	17.8997356980517	29.6002643019478
86	WGN63	22.5499999999998	2.98165503873194	1119	16.6997356980518	28.4002643019478
87	WGN63	24.3499999999998	2.98165503873194	1119	18.4997356980518	30.2002643019478
88	WGN63	22.1999999999998	2.98165503873194	1119	16.3497356980518	28.0502643019478
89	WGN63	28.0999999999998	2.98165503873194	1119	22.2497356980518	33.9502643019478
90	WGN63	18.9109374999997	4.21763811607616	1119	10.6355678182309	27.1863071817686
91	WGN63	23.9999999999998	2.98165503873193	1119	18.1497356980518	29.8502643019478
92	WGN63	24.9999999999998	2.98165503873194	1119	19.1497356980518	30.8502643019478
93	WGN63	23.5999999999998	2.98165503873194	1119	17.7497356980518	29.4502643019478
94	WGN63	30.7999999999998	2.98165503873194	1119	24.9497356980518	36.6502643019478
95	WGN63	20.8890624999998	4.21763811607617	1119	12.613692818231	29.1644321817687
96	WGN63	23.0999999999998	2.98165503873193	1119	17.2497356980518	28.9502643019478
97	WGN63	24.2999999999998	2.98165503873194	1119	18.4497356980518	30.1502643019478
98	WGN63	25.3499999999998	2.98165503873194	1119	19.4997356980518	31.2002643019478
99	WGN63	22.4999999999998	2.98165503873193	1119	16.6497356980518	28.3502643019478
100	WGN63	29.6499999999998	2.98165503873193	1119	23.7997356980518	35.5002643019478
101	WGN63	27.1499999999998	2.98165503873194	1119	21.2997356980518	33.0002643019478
102	WGN63	23.5999999999998	2.98165503873194	1119	17.7497356980518	29.4502643019478
103	WGN63	23.9999999999998	2.98165503873193	1119	18.1497356980518	29.8502643019478
105	WGN63	21.4999999999998	2.98165503873193	1119	15.6497356980518	27.3502643019478
106	WGN63	23.0890624999998	4.21763811607617	1119	14.8136928182309	31.3644321817687
107	WGN63	22.5499999999998	2.98165503873194	1119	16.6997356980518	28.4002643019478
109	WGN63	21.3499999999998	2.98165503873194	1119	15.4997356980518	27.2002643019478
110	WGN63	23.5999999999998	2.98165503873193	1119	17.7497356980518	29.4502643019478
111	WGN63	25.6999999999998	2.98165503873193	1119	19.8497356980518	31.5502643019478
112	WGN63	24.2499999999998	2.98165503873194	1119	18.3997356980518	30.1002643019478
114	WGN63	27.0499999999998	2.98165503873193	1119	21.1997356980518	32.9002643019478
115	WGN63	26.0999999999998	2.98165503873193	1119	20.2497356980518	31.9502643019478
116	WGN63	21.9999999999998	2.98165503873193	1119	16.1497356980518	27.8502643019478
117	WGN63	23.6499999999998	2.98165503873193	1119	17.7997356980518	29.5002643019478
118	WGN63	22.7999999999998	2.98165503873193	1119	16.9497356980518	28.6502643019478
119	WGN63	32.1999999999998	2.98165503873193	1119	26.3497356980518	38.0502643019478
121	WGN63	25.2999999999998	2.98165503873193	1119	19.4497356980518	31.1502643019478
122	WGN63	21.7999999999998	2.98165503873193	1119	15.9497356980518	27.6502643019478
123	WGN63	23.3999999999998	2.98165503873193	1119	17.5497356980518	29.2502643019478
124	WGN63	27.4999999999998	2.98165503873193	1119	21.6497356980518	33.3502643019478
125	WGN63	24.2499999999998	2.98165503873193	1119	18.3997356980518	30.1002643019478
126	WGN63	24.9999999999998	2.98165503873193	1119	19.1497356980518	30.8502643019478
127	WGN63	26.2999999999998	2.98165503873193	1119	20.4497356980518	32.1502643019478
128	WGN63	28.6499999999998	2.98165503873193	1119	22.7997356980518	34.5002643019478
129	WGN63	25.3999999999998	2.98165503873193	1119	19.5497356980518	31.2502643019478
130	WGN63	23.0499999999998	2.98165503873194	1119	17.1997356980518	28.9002643019478
