plantID3	famID	emmean	SE	df	lower.CL	upper.CL
1	WGN07	15.2500000000072	3.46471272671369	1125	8.45197411629438	22.04802588372
2	WGN07	23.4000000000013	3.4647127267153	1125	16.6019741162853	30.1980258837172
3	WGN07	30.5000000000014	3.46471272671575	1125	23.7019741162846	37.2980258837183
4	WGN07	21.4499999999998	3.46471272671575	1125	14.6519741162829	28.2480258837167
5	WGN07	15.3000000000004	3.46471272671568	1125	8.50197411628369	22.0980258837171
6	WGN07	9.75000000000059	3.46471272671573	1125	2.95197411628377	16.5480258837174
7	WGN07	15.5000000000001	3.46471272671585	1125	8.70197411628307	22.2980258837172
8	WGN07	18.3000000000003	3.46471272671572	1125	11.5019741162835	25.0980258837171
9	WGN07	20.0499999999999	3.46471272671557	1125	13.2519741162834	26.8480258837164
10	WGN07	18.9000000000001	3.46471272671568	1125	12.1019741162834	25.6980258837168
11	WGN07	22.4500000000002	3.46471272671569	1125	15.6519741162834	29.2480258837169
12	WGN07	19.6500000000003	3.46471272671569	1125	12.8519741162835	26.448025883717
13	WGN07	28.7499999999999	3.46471272671566	1125	21.9519741162832	35.5480258837166
14	WGN07	14.6000000000002	3.46471272671569	1125	7.80197411628343	21.3980258837169
15	WGN07	17.5000000000004	3.46471272671573	1125	10.7019741162836	24.2980258837173
16	WGN07	12.7999999999999	3.46471272671576	1125	6.00197411628297	19.5980258837167
17	WGN07	19.7000000000006	3.46471272671588	1125	12.9019741162835	26.4980258837177
18	WGN07	23.3999999999998	3.46471272671564	1125	16.6019741162832	30.1980258837164
20	WGN07	17.1884991119005	4.90093149425674	1125	7.57250443061512	26.8044937931859
21	WGN07	20.6	3.46471272671565	1125	13.8019741162834	27.3980258837167
22	WGN07	9.15000000000054	3.46471272671561	1125	2.35197411628395	15.9480258837171
23	WGN07	18.5000000000003	3.46471272671572	1125	11.7019741162835	25.298025883717
24	WGN07	20.0000000000001	3.46471272671571	1125	13.2019741162834	26.7980258837169
25	WGN07	21.3500000000001	3.46471272671572	1125	14.5519741162833	28.1480258837169
26	WGN07	23.8	3.46471272671567	1125	17.0019741162833	30.5980258837167
27	WGN07	16.5000000000001	3.46471272671573	1125	9.70197411628329	23.2980258837169
28	WGN07	14.6000000000003	3.46471272671571	1125	7.80197411628356	21.3980258837171
29	WGN07	24.0000000000004	3.46471272671576	1125	17.2019741162835	30.7980258837173
30	WGN07	11.4000000000002	3.46471272671568	1125	4.60197411628348	18.1980258837169
31	WGN07	25.2000000000006	3.46471272671581	1125	18.4019741162836	31.9980258837175
32	WGN07	18.0000000000002	3.46471272671567	1125	11.2019741162835	24.7980258837169
33	WGN07	21.6000000000001	3.46471272671572	1125	14.8019741162833	28.3980258837169
34	WGN07	17.9999999999999	3.46471272671572	1125	11.2019741162831	24.7980258837167
35	WGN07	20.9000000000002	3.46471272671571	1125	14.1019741162834	27.698025883717
36	WGN07	19.8000000000005	3.4647127267157	1125	13.0019741162838	26.5980258837173
37	WGN07	22.1999999999997	3.46471272671568	1125	15.401974116283	28.9980258837165
38	WGN07	12.1500000000002	3.46471272671575	1125	5.35197411628331	18.948025883717
39	WGN07	12.0000000000004	3.46471272671571	1125	5.20197411628358	18.7980258837172
40	WGN07	11.5499999999999	3.46471272671573	1125	4.75197411628313	18.3480258837168
41	WGN07	10.55	3.46471272671587	1125	3.75197411628296	17.3480258837171
42	WGN07	18.85	3.46471272671563	1125	12.0519741162834	25.6480258837166
44	WGN07	11.5000000000003	3.46471272671564	1125	4.70197411628363	18.2980258837169
46	WGN07	13.2000000000003	3.46471272671566	1125	6.40197411628363	19.998025883717
47	WGN07	13.1000000000001	3.46471272671577	1125	6.3019741162832	19.898025883717
48	WGN07	23.8000000000005	3.46471272671569	1125	17.0019741162838	30.5980258837173
49	WGN07	21.0000000000001	3.46471272671575	1125	14.2019741162832	27.7980258837169
50	WGN07	17.2000000000002	3.46471272671568	1125	10.4019741162834	23.9980258837169
51	WGN07	24.0500000000004	3.46471272671568	1125	17.2519741162837	30.8480258837171
52	WGN07	9.75000000000033	3.46471272671578	1125	2.95197411628341	16.5480258837172
53	WGN07	25.950000000001	3.46471272671577	1125	19.1519741162841	32.7480258837179
54	WGN07	16.0000000000004	3.46471272671567	1125	9.20197411628366	22.7980258837171
55	WGN07	15.7000000000002	3.46471272671562	1125	8.90197411628359	22.4980258837168
56	WGN07	23.0000000000001	3.4647127267157	1125	16.2019741162833	29.7980258837168
57	WGN07	21.1999999999995	3.46471272671576	1125	14.4019741162827	27.9980258837164
58	WGN07	17.55	3.46471272671567	1125	10.7519741162833	24.3480258837167
59	WGN07	16	3.46471272671564	1125	9.20197411628333	22.7980258837166
60	WGN07	16.9500000000002	3.46471272671568	1125	10.1519741162834	23.7480258837169
61	WGN07	23.1500000000001	3.46471272671567	1125	16.3519741162834	29.9480258837168
63	WGN07	14.6500000000003	3.46471272671568	1125	7.85197411628353	21.448025883717
64	WGN07	21.3000000000003	3.46471272671575	1125	14.5019741162834	28.0980258837171
66	WGN07	16.4000000000002	3.46471272671564	1125	9.60197411628352	23.1980258837168
67	WGN07	15.2000000000003	3.46471272671565	1125	8.40197411628363	21.998025883717
68	WGN07	15.0000000000001	3.46471272671569	1125	8.20197411628339	21.7980258837169
69	WGN07	12.1884991119006	4.90093149425685	1125	2.57250443061502	21.8044937931862
71	WGN07	14.4000000000002	3.4647127267157	1125	7.60197411628339	21.1980258837169
73	WGN07	17.8500000000002	3.46471272671579	1125	11.0519741162833	24.6480258837172
74	WGN07	28.7500000000004	3.46471272671575	1125	21.9519741162836	35.5480258837173
75	WGN07	24.1999999999999	3.46471272671579	1125	17.401974116283	30.9980258837168
76	WGN07	27.7000000000002	3.46471272671574	1125	20.9019741162834	34.498025883717
77	WGN07	20.4500000000003	3.46471272671568	1125	13.6519741162836	27.2480258837171
78	WGN07	13.2000000000001	3.46471272671578	1125	6.40197411628322	19.998025883717
79	WGN07	23.6000000000001	3.46471272671566	1125	16.8019741162834	30.3980258837168
80	WGN07	30.9	3.46471272671565	1125	24.1019741162833	37.6980258837167
81	WGN07	12.9000000000005	3.46471272671564	1125	6.10197411628386	19.6980258837171
82	WGN07	21.4000000000001	3.4647127267157	1125	14.6019741162833	28.1980258837169
83	WGN07	26.0000000000002	3.46471272671572	1125	19.2019741162834	32.798025883717
84	WGN07	21.0000000000003	3.46471272671574	1125	14.2019741162835	27.7980258837171
85	WGN07	21.6000000000001	3.46471272671577	1125	14.8019741162832	28.398025883717
86	WGN07	17.4000000000003	3.46471272671567	1125	10.6019741162836	24.198025883717
87	WGN07	20.3500000000003	3.46471272671568	1125	13.5519741162835	27.148025883717
88	WGN07	19.1000000000003	3.46471272671578	1125	12.3019741162834	25.8980258837172
89	WGN07	13.0500000000005	3.46471272671571	1125	6.25197411628378	19.8480258837173
90	WGN07	24.8000000000006	3.46471272671559	1125	18.001974116284	31.5980258837171
91	WGN07	20.0500000000002	3.46471272671572	1125	13.2519741162834	26.848025883717
92	WGN07	28.8115008880998	4.90093149425677	1125	19.1955062068144	38.4274955693853
93	WGN07	19.0500000000002	3.46471272671569	1125	12.2519741162835	25.848025883717
94	WGN07	21.0000000000001	3.46471272671573	1125	14.2019741162833	27.798025883717
95	WGN07	12.0000000000003	3.46471272671571	1125	5.20197411628349	18.7980258837171
96	WGN07	12.8500000000002	3.46471272671575	1125	6.05197411628332	19.648025883717
97	WGN07	17.1884991119007	4.90093149425685	1125	7.5725044306151	26.8044937931863
98	WGN07	16.2500000000004	3.46471272671575	1125	9.45197411628353	23.0480258837172
99	WGN07	20.4000000000003	3.46471272671576	1125	13.6019741162835	27.1980258837172
100	WGN07	25.6000000000001	3.46471272671573	1125	18.8019741162833	32.398025883717
101	WGN07	14.5500000000003	3.46471272671568	1125	7.75197411628354	21.348025883717
102	WGN07	19.8000000000002	3.46471272671576	1125	13.0019741162833	26.5980258837171
103	WGN07	18.3000000000002	3.46471272671569	1125	11.5019741162835	25.0980258837169
104	WGN07	39.1000000000008	3.46471272671578	1125	32.3019741162839	45.8980258837177
105	WGN07	19.0000000000004	3.46471272671575	1125	12.2019741162836	25.7980258837173
106	WGN07	15.5000000000001	3.46471272671573	1125	8.70197411628329	22.2980258837169
107	WGN07	23.0000000000002	3.46471272671571	1125	16.2019741162834	29.7980258837169
108	WGN07	20.6500000000001	3.46471272671573	1125	13.8519741162832	27.4480258837169
109	WGN07	11.8115008880997	4.90093149425684	1125	2.19550620681408	21.4274955693852
110	WGN07	19.3	3.46471272671563	1125	12.5019741162834	26.0980258837166
112	WGN07	24.5000000000006	3.46471272671563	1125	17.701974116284	31.2980258837172
113	WGN07	20.5000000000003	3.46471272671571	1125	13.7019741162835	27.2980258837171
114	WGN07	25.6	3.46471272671568	1125	18.8019741162833	32.3980258837167
115	WGN07	23.4000000000002	3.46471272671572	1125	16.6019741162834	30.198025883717
116	WGN07	19.8000000000003	3.46471272671567	1125	13.0019741162836	26.598025883717
117	WGN07	21.7	3.46471272671565	1125	14.9019741162834	28.4980258837167
118	WGN07	22.8000000000002	3.46471272671571	1125	16.0019741162834	29.5980258837169
119	WGN07	19.6000000000004	3.46471272671578	1125	12.8019741162834	26.3980258837173
120	WGN07	22.5500000000002	3.4647127267157	1125	15.7519741162834	29.3480258837169
121	WGN07	13.8000000000005	3.46471272671568	1125	7.00197411628378	20.5980258837172
122	WGN07	20.7884991119007	4.90093149425677	1125	11.1725044306153	30.4044937931862
123	WGN07	15.0000000000002	3.46471272671576	1125	8.20197411628331	21.7980258837171
124	WGN07	10.7000000000003	3.46471272671565	1125	3.90197411628363	17.498025883717
125	WGN07	19.6000000000002	3.46471272671565	1125	12.8019741162835	26.3980258837168
126	WGN07	19.8000000000003	3.46471272671568	1125	13.0019741162836	26.598025883717
127	WGN07	15.2	3.46471272671574	1125	8.40197411628314	21.9980258837168
128	WGN07	26.5500000000004	3.46471272671576	1125	19.7519741162835	33.3480258837173
129	WGN07	18.3000000000003	3.46471272671572	1125	11.5019741162835	25.0980258837171
130	WGN07	13.2000000000002	3.46471272671579	1125	6.40197411628327	19.9980258837171
1	WGN15	23.5999999999955	3.46471272671517	1125	16.8019741162798	30.3980258837112
2	WGN15	11.5499999999989	3.46471272671567	1125	4.75197411628218	18.3480258837156
3	WGN15	19.9999999999989	3.4647127267157	1125	13.2019741162822	26.7980258837157
4	WGN15	18.6999999999982	3.4647127267158	1125	11.9019741162813	25.4980258837152
5	WGN15	16.9999999999987	3.46471272671566	1125	10.201974116282	23.7980258837154
7	WGN15	19.4499999999987	3.46471272671567	1125	12.651974116282	26.2480258837154
8	WGN15	22.7499999999986	3.4647127267157	1125	15.9519741162818	29.5480258837153
9	WGN15	15.0999999999988	3.46471272671567	1125	8.3019741162821	21.8980258837155
10	WGN15	16.6499999999987	3.46471272671571	1125	9.85197411628195	23.4480258837155
11	WGN15	13.3499999999988	3.46471272671572	1125	6.551974116282	20.1480258837156
12	WGN15	13.1999999999989	3.46471272671566	1125	6.40197411628225	19.9980258837156
13	WGN15	18.4499999999987	3.46471272671576	1125	11.6519741162819	25.2480258837156
14	WGN15	15.4999999999987	3.46471272671573	1125	8.7019741162819	22.2980258837155
15	WGN15	14.6499999999987	3.46471272671569	1125	7.85197411628198	21.4480258837155
16	WGN15	10.7999999999988	3.46471272671572	1125	4.00197411628203	17.5980258837156
17	WGN15	11.599999999999	3.46471272671568	1125	4.8019741162823	18.3980258837157
18	WGN15	14.2499999999989	3.46471272671572	1125	7.45197411628209	21.0480258837157
19	WGN15	17.0999999999988	3.46471272671568	1125	10.301974116282	23.8980258837155
20	WGN15	16.549999999999	3.46471272671571	1125	9.7519741162822	23.3480258837157
21	WGN15	18.2999999999987	3.46471272671572	1125	11.5019741162819	25.0980258837155
22	WGN15	11.699999999999	3.46471272671569	1125	4.90197411628228	18.4980258837158
23	WGN15	17.5499999999984	3.46471272671576	1125	10.7519741162816	24.3480258837153
24	WGN15	9.14999999999907	3.46471272671569	1125	2.35197411628234	15.9480258837158
25	WGN15	17.4999999999984	3.46471272671578	1125	10.7019741162815	24.2980258837153
26	WGN15	16.1999999999988	3.46471272671568	1125	9.40197411628207	22.9980258837155
27	WGN15	25.3999999999985	3.46471272671572	1125	18.6019741162818	32.1980258837153
28	WGN15	15.7499999999985	3.46471272671572	1125	8.95197411628174	22.5480258837153
29	WGN15	15.1999999999987	3.46471272671573	1125	8.40197411628186	21.9980258837155
30	WGN15	15.7499999999988	3.46471272671572	1125	8.95197411628205	22.5480258837156
31	WGN15	18.8999999999988	3.46471272671574	1125	12.1019741162819	25.6980258837156
32	WGN15	13.9999999999986	3.46471272671574	1125	7.20197411628173	20.7980258837154
33	WGN15	17.5499999999987	3.46471272671572	1125	10.7519741162819	24.3480258837155
34	WGN15	12.8999999999985	3.46471272671576	1125	6.10197411628164	19.6980258837154
35	WGN15	18.9999999999989	3.46471272671567	1125	12.2019741162822	25.7980258837156
36	WGN15	13.5999999999989	3.46471272671566	1125	6.80197411628225	20.3980258837156
37	WGN15	23.6499999999987	3.46471272671575	1125	16.8519741162818	30.4480258837155
38	WGN15	14.3999999999985	3.46471272671574	1125	7.60197411628163	21.1980258837153
39	WGN15	14.7999999999992	3.46471272671565	1125	8.00197411628251	21.5980258837159
40	WGN15	16.6499999999983	3.46471272671584	1125	9.85197411628122	23.4480258837153
41	WGN15	18.149999999999	3.46471272671566	1125	11.3519741162823	24.9480258837157
43	WGN15	8.7999999999989	3.46471272671568	1125	2.00197411628219	15.5980258837156
44	WGN15	15.0499999999986	3.46471272671574	1125	8.25197411628174	21.8480258837154
45	WGN15	10.5499999999986	3.46471272671577	1125	3.75197411628171	17.3480258837155
46	WGN15	15.7499999999989	3.46471272671566	1125	8.95197411628218	22.5480258837156
47	WGN15	13.1499999999987	3.46471272671576	1125	6.35197411628178	19.9480258837156
48	WGN15	16.5499999999984	3.46471272671576	1125	9.75197411628151	23.3480258837153
50	WGN15	18.0999999999987	3.46471272671567	1125	11.301974116282	24.8980258837154
51	WGN15	21.649999999999	3.46471272671569	1125	14.8519741162823	28.4480258837157
52	WGN15	14.5499999999986	3.46471272671571	1125	7.75197411628179	21.3480258837154
53	WGN15	17.5499999999989	3.46471272671569	1125	10.7519741162822	24.3480258837157
54	WGN15	18.0999999999987	3.46471272671572	1125	11.3019741162819	24.8980258837155
55	WGN15	22.3499999999986	3.46471272671567	1125	15.5519741162819	29.1480258837152
56	WGN15	18.7999999999986	3.46471272671579	1125	12.0019741162816	25.5980258837155
57	WGN15	12.9499999999987	3.46471272671565	1125	6.15197411628207	19.7480258837154
58	WGN15	19.9999999999985	3.46471272671571	1125	13.2019741162818	26.7980258837153
59	WGN15	16.4999999999987	3.46471272671571	1125	9.70197411628197	23.2980258837155
60	WGN15	12.5999999999989	3.46471272671566	1125	5.80197411628225	19.3980258837156
61	WGN15	12.7499999999984	3.46471272671572	1125	5.95197411628159	19.5480258837152
62	WGN15	16.349999999999	3.46471272671562	1125	9.55197411628236	23.1480258837156
63	WGN15	16.6499999999986	3.46471272671572	1125	9.85197411628178	23.4480258837154
64	WGN15	16.6999999999986	3.46471272671572	1125	9.90197411628185	23.4980258837154
65	WGN15	20.1999999999984	3.46471272671574	1125	13.4019741162816	26.9980258837153
66	WGN15	9.34999999999854	3.4647127267157	1125	2.55197411628178	16.1480258837153
67	WGN15	19.6999999999987	3.46471272671572	1125	12.9019741162819	26.4980258837155
68	WGN15	11.299999999999	3.46471272671566	1125	4.50197411628231	18.0980258837157
69	WGN15	16.6499999999987	3.46471272671569	1125	9.85197411628199	23.4480258837155
70	WGN15	15.9499999999989	3.46471272671573	1125	9.15197411628203	22.7480258837157
71	WGN15	11.9999999999984	3.46471272671578	1125	5.20197411628152	18.7980258837153
72	WGN15	13.2999999999987	3.46471272671571	1125	6.50197411628192	20.0980258837155
73	WGN15	26.9999999999988	3.4647127267157	1125	20.2019741162821	33.7980258837156
74	WGN15	18.4999999999987	3.46471272671577	1125	11.7019741162818	25.2980258837156
75	WGN15	11.9999999999989	3.4647127267157	1125	5.2019741162821	18.7980258837156
77	WGN15	17.9999999999987	3.46471272671572	1125	11.2019741162819	24.7980258837155
78	WGN15	17.5999999999989	3.46471272671572	1125	10.8019741162821	24.3980258837157
79	WGN15	17.1499999999988	3.4647127267157	1125	10.3519741162821	23.9480258837156
80	WGN15	13.9999999999986	3.46471272671575	1125	7.20197411628172	20.7980258837154
81	WGN15	18.7999999999987	3.46471272671576	1125	12.0019741162819	25.5980258837156
82	WGN15	16.9999999999986	3.46471272671575	1125	10.2019741162818	23.7980258837155
83	WGN15	13.9499999999985	3.46471272671574	1125	7.15197411628168	20.7480258837154
84	WGN15	16.7499999999989	3.4647127267157	1125	9.95197411628209	23.5480258837156
85	WGN15	16.6499999999986	3.46471272671578	1125	9.85197411628164	23.4480258837155
86	WGN15	14.2499999999985	3.46471272671574	1125	7.45197411628171	21.0480258837154
87	WGN15	13.5999999999988	3.46471272671573	1125	6.80197411628198	20.3980258837156
88	WGN15	17.0999999999987	3.46471272671574	1125	10.3019741162819	23.8980258837155
89	WGN15	20.0999999999989	3.46471272671573	1125	13.3019741162821	26.8980258837157
90	WGN15	24.6499999999987	3.46471272671569	1125	17.851974116282	31.4480258837154
91	WGN15	11.5999999999986	3.4647127267157	1125	4.80197411628188	18.3980258837154
92	WGN15	14.2999999999986	3.46471272671572	1125	7.50197411628181	21.0980258837154
93	WGN15	18.6999999999987	3.4647127267157	1125	11.9019741162819	25.4980258837154
94	WGN15	19.3999999999986	3.46471272671574	1125	12.6019741162818	26.1980258837155
95	WGN15	12.8999999999986	3.4647127267157	1125	6.10197411628188	19.6980258837154
96	WGN15	21.1884991118993	4.90093149425674	1125	11.5725044306139	30.8044937931847
97	WGN15	11.2499999999987	3.46471272671571	1125	4.4519741162819	18.0480258837155
98	WGN15	18.9999999999988	3.46471272671568	1125	12.2019741162821	25.7980258837155
99	WGN15	16.4999999999988	3.46471272671563	1125	9.70197411628214	23.2980258837154
100	WGN15	12.3999999999985	3.46471272671577	1125	5.60197411628165	19.1980258837154
101	WGN15	17.4999999999986	3.46471272671573	1125	10.7019741162818	24.2980258837155
102	WGN15	14.3999999999988	3.46471272671571	1125	7.60197411628198	21.1980258837155
103	WGN15	13.4999999999988	3.46471272671568	1125	6.70197411628209	20.2980258837155
104	WGN15	12.5999999999988	3.46471272671569	1125	5.80197411628206	19.3980258837155
106	WGN15	14.2999999999987	3.46471272671575	1125	7.50197411628182	21.0980258837155
107	WGN15	12.4999999999987	3.46471272671573	1125	5.70197411628186	19.2980258837155
108	WGN15	11.0499999999989	3.46471272671571	1125	4.2519741162821	17.8480258837156
109	WGN15	21.4999999999988	3.46471272671573	1125	14.701974116282	28.2980258837156
110	WGN15	16.2999999999987	3.4647127267157	1125	9.50197411628191	23.0980258837154
111	WGN15	12.0999999999986	3.46471272671575	1125	5.30197411628178	18.8980258837155
112	WGN15	11.0499999999987	3.46471272671571	1125	4.25197411628196	17.8480258837155
113	WGN15	18.1999999999986	3.46471272671571	1125	11.4019741162818	24.9980258837154
114	WGN15	11.9999999999988	3.46471272671565	1125	5.20197411628211	18.7980258837155
115	WGN15	15.8499999999987	3.46471272671576	1125	9.05197411628182	22.6480258837156
116	WGN15	13.4499999999989	3.46471272671567	1125	6.65197411628215	20.2480258837156
117	WGN15	10.3999999999986	3.46471272671574	1125	3.60197411628175	17.1980258837154
118	WGN15	15.2999999999986	3.46471272671574	1125	8.50197411628173	22.0980258837154
119	WGN15	19.5499999999987	3.46471272671575	1125	12.7519741162818	26.3480258837156
120	WGN15	23.0999999999987	3.46471272671573	1125	16.3019741162819	29.8980258837156
121	WGN15	9.59999999999861	3.46471272671573	1125	2.8019741162818	16.3980258837154
122	WGN15	11.9999999999986	3.46471272671573	1125	5.20197411628182	18.7980258837155
123	WGN15	14.2999999999984	3.46471272671576	1125	7.50197411628157	21.0980258837153
124	WGN15	13.7499999999984	3.46471272671572	1125	6.95197411628164	20.5480258837153
125	WGN15	23.6499999999986	3.46471272671571	1125	16.8519741162819	30.4480258837154
126	WGN15	8.59999999999871	3.46471272671572	1125	1.80197411628192	15.3980258837155
127	WGN15	16.1999999999988	3.46471272671567	1125	9.40197411628207	22.9980258837155
128	WGN15	19.3999999999987	3.46471272671575	1125	12.6019741162819	26.1980258837156
129	WGN15	14.0999999999986	3.46471272671571	1125	7.30197411628186	20.8980258837154
130	WGN15	15.2999999999986	3.46471272671573	1125	8.50197411628179	22.0980258837154
1	WGN26	15.3500000000012	3.46471272671559	1125	8.55197411628464	22.1480258837177
3	WGN26	22.9000000000006	3.4647127267158	1125	16.1019741162837	29.6980258837176
4	WGN26	17.6500000000002	3.46471272671564	1125	10.8519741162836	24.4480258837169
5	WGN26	15.0000000000003	3.46471272671561	1125	8.20197411628369	21.7980258837169
6	WGN26	13.6500000000003	3.46471272671564	1125	6.85197411628366	20.4480258837169
7	WGN26	22.2000000000003	3.46471272671574	1125	15.4019741162835	28.9980258837171
8	WGN26	8.20000000000057	3.46471272671568	1125	1.40197411628384	14.9980258837173
9	WGN26	10.4000000000004	3.46471272671574	1125	3.60197411628352	17.1980258837172
10	WGN26	22.3500000000006	3.46471272671582	1125	15.5519741162836	29.1480258837176
11	WGN26	26.1000000000006	3.46471272671578	1125	19.3019741162837	32.8980258837175
12	WGN26	23.1000000000004	3.46471272671576	1125	16.3019741162835	29.8980258837173
13	WGN26	22.7500000000003	3.46471272671575	1125	15.9519741162835	29.5480258837172
14	WGN26	19.4000000000002	3.46471272671574	1125	12.6019741162834	26.198025883717
15	WGN26	17.2000000000004	3.46471272671574	1125	10.4019741162836	23.9980258837173
17	WGN26	16.8000000000003	3.46471272671574	1125	10.0019741162835	23.5980258837172
18	WGN26	26.9500000000004	3.46471272671576	1125	20.1519741162835	33.7480258837173
19	WGN26	19.8500000000002	3.46471272671572	1125	13.0519741162834	26.648025883717
20	WGN26	15.6884991119008	4.90093149425686	1125	6.07250443061517	25.3044937931864
21	WGN26	20.4500000000004	3.46471272671578	1125	13.6519741162835	27.2480258837174
22	WGN26	14.8500000000001	3.46471272671586	1125	8.05197411628307	21.6480258837172
23	WGN26	21.1500000000005	3.46471272671578	1125	14.3519741162836	27.9480258837174
24	WGN26	18.1500000000003	3.46471272671569	1125	11.3519741162835	24.948025883717
25	WGN26	20.2500000000001	3.46471272671568	1125	13.4519741162834	27.0480258837168
26	WGN26	15.7500000000004	3.4647127267158	1125	8.95197411628342	22.5480258837173
27	WGN26	18.2000000000001	3.46471272671574	1125	11.4019741162833	24.998025883717
28	WGN26	19.5000000000001	3.46471272671565	1125	12.7019741162834	26.2980258837168
29	WGN26	16.9000000000002	3.46471272671571	1125	10.1019741162835	23.698025883717
30	WGN26	23.8500000000002	3.46471272671573	1125	17.0519741162834	30.648025883717
31	WGN26	13.3500000000001	3.46471272671575	1125	6.55197411628328	20.148025883717
32	WGN26	19.5000000000003	3.46471272671574	1125	12.7019741162835	26.2980258837172
33	WGN26	18.8115008880998	4.9009314942568	1125	9.19550620681427	28.4274955693853
34	WGN26	19.3000000000004	3.46471272671575	1125	12.5019741162836	26.0980258837173
35	WGN26	16.5500000000001	3.46471272671572	1125	9.75197411628335	23.3480258837169
36	WGN26	28.7000000000002	3.46471272671572	1125	21.9019741162834	35.498025883717
38	WGN26	17.1500000000003	3.46471272671574	1125	10.3519741162835	23.9480258837172
39	WGN26	25.0000000000005	3.46471272671578	1125	18.2019741162836	31.7980258837174
40	WGN26	16.8500000000001	3.46471272671574	1125	10.0519741162832	23.6480258837169
41	WGN26	16.3000000000003	3.46471272671577	1125	9.50197411628339	23.0980258837172
42	WGN26	20.6000000000003	3.46471272671577	1125	13.8019741162834	27.3980258837172
43	WGN26	14.4000000000004	3.46471272671574	1125	7.60197411628353	21.1980258837172
44	WGN26	24.3000000000003	3.46471272671573	1125	17.5019741162835	31.0980258837171
45	WGN26	20.4000000000003	3.46471272671575	1125	13.6019741162834	27.1980258837172
46	WGN26	26.0500000000001	3.46471272671571	1125	19.2519741162834	32.8480258837169
47	WGN26	18.188499111901	4.90093149425682	1125	8.57250443061544	27.8044937931865
48	WGN26	14.5000000000002	3.46471272671576	1125	7.70197411628335	21.2980258837171
49	WGN26	21.0000000000003	3.46471272671575	1125	14.2019741162834	27.7980258837172
50	WGN26	21.1500000000003	3.46471272671573	1125	14.3519741162835	27.9480258837171
51	WGN26	15.5000000000003	3.46471272671573	1125	8.70197411628344	22.2980258837171
52	WGN26	18.4500000000003	3.46471272671573	1125	11.6519741162835	25.2480258837171
53	WGN26	16.6000000000003	3.46471272671568	1125	9.80197411628353	23.398025883717
54	WGN26	16.2000000000003	3.46471272671576	1125	9.4019741162834	22.9980258837171
55	WGN26	19.9500000000002	3.4647127267157	1125	13.1519741162834	26.7480258837169
56	WGN26	15.5000000000002	3.46471272671572	1125	8.70197411628341	22.298025883717
57	WGN26	11.6500000000002	3.46471272671575	1125	4.8519741162833	18.448025883717
58	WGN26	17.5000000000002	3.46471272671573	1125	10.7019741162834	24.2980258837171
59	WGN26	14.8115008880997	4.90093149425673	1125	5.19550620681437	24.4274955693851
60	WGN26	17.0000000000002	3.46471272671574	1125	10.2019741162834	23.7980258837171
61	WGN26	13.1884991119007	4.90093149425687	1125	3.57250443061506	22.8044937931863
62	WGN26	17.8500000000003	3.46471272671575	1125	11.0519741162834	24.6480258837171
64	WGN26	18.4000000000002	3.46471272671569	1125	11.6019741162835	25.198025883717
65	WGN26	18.4115008880997	4.90093149425682	1125	8.79550620681419	28.0274955693853
66	WGN26	13.1000000000003	3.46471272671572	1125	6.30197411628349	19.8980258837171
67	WGN26	14.8500000000002	3.4647127267157	1125	8.05197411628346	21.648025883717
68	WGN26	15.5500000000004	3.46471272671573	1125	8.75197411628355	22.3480258837172
69	WGN26	19.5000000000002	3.46471272671568	1125	12.7019741162835	26.2980258837169
70	WGN26	19.9000000000001	3.4647127267157	1125	13.1019741162834	26.6980258837169
71	WGN26	25.6000000000001	3.4647127267157	1125	18.8019741162834	32.3980258837169
72	WGN26	13.9000000000004	3.46471272671574	1125	7.10197411628352	20.6980258837172
73	WGN26	20.5000000000003	3.46471272671576	1125	13.7019741162834	27.2980258837172
74	WGN26	23.8000000000003	3.46471272671574	1125	17.0019741162835	30.5980258837172
75	WGN26	21.0000000000003	3.46471272671576	1125	14.2019741162834	27.7980258837172
76	WGN26	21.2884991119007	4.90093149425674	1125	11.6725044306153	30.9044937931861
77	WGN26	9.85000000000023	3.46471272671571	1125	3.05197411628345	16.648025883717
78	WGN26	16.4000000000003	3.46471272671575	1125	9.60197411628348	23.1980258837172
79	WGN26	13.2500000000002	3.46471272671574	1125	6.45197411628335	20.048025883717
80	WGN26	20.1500000000004	3.46471272671575	1125	13.3519741162836	26.9480258837172
81	WGN26	14.0000000000002	3.46471272671576	1125	7.20197411628329	20.7980258837171
82	WGN26	27.0500000000002	3.46471272671572	1125	20.2519741162834	33.848025883717
83	WGN26	25.3000000000001	3.4647127267157	1125	18.5019741162834	32.0980258837169
85	WGN26	22.1500000000002	3.46471272671572	1125	15.3519741162834	28.9480258837169
86	WGN26	20.0884991119008	4.90093149425675	1125	10.4725044306154	29.7044937931862
87	WGN26	15.0000000000002	3.46471272671571	1125	8.20197411628342	21.798025883717
88	WGN26	16.4500000000002	3.46471272671572	1125	9.65197411628341	23.248025883717
89	WGN26	29.9000000000002	3.46471272671572	1125	23.1019741162834	36.698025883717
90	WGN26	18.4000000000002	3.46471272671571	1125	11.6019741162834	25.198025883717
91	WGN26	17.3000000000003	3.46471272671574	1125	10.5019741162835	24.0980258837172
92	WGN26	12.1500000000002	3.46471272671573	1125	5.35197411628342	18.9480258837171
93	WGN26	11.1500000000002	3.46471272671574	1125	4.35197411628333	17.948025883717
94	WGN26	16.8500000000003	3.46471272671572	1125	10.0519741162835	23.6480258837171
95	WGN26	12.6000000000003	3.46471272671574	1125	5.8019741162835	19.3980258837172
96	WGN26	21.8000000000001	3.4647127267157	1125	15.0019741162834	28.5980258837169
97	WGN26	17.2000000000001	3.46471272671571	1125	10.4019741162833	23.9980258837169
98	WGN26	20.6000000000002	3.46471272671571	1125	13.8019741162834	27.3980258837169
99	WGN26	19.5000000000002	3.46471272671572	1125	12.7019741162835	26.298025883717
100	WGN26	20.4000000000003	3.46471272671575	1125	13.6019741162834	27.1980258837171
101	WGN26	16.8000000000002	3.46471272671572	1125	10.0019741162834	23.598025883717
102	WGN26	19.9000000000001	3.46471272671571	1125	13.1019741162833	26.6980258837169
103	WGN26	14.2000000000001	3.46471272671566	1125	7.40197411628344	20.9980258837168
104	WGN26	18.3000000000002	3.46471272671572	1125	11.5019741162834	25.098025883717
105	WGN26	21.0000000000003	3.46471272671572	1125	14.2019741162835	27.7980258837171
106	WGN26	18.4115008880997	4.90093149425681	1125	8.79550620681417	28.0274955693852
108	WGN26	12.6884991119008	4.90093149425681	1125	3.07250443061527	22.3044937931863
109	WGN26	17.8500000000003	3.4647127267157	1125	11.0519741162835	24.648025883717
111	WGN26	17.0000000000001	3.46471272671572	1125	10.2019741162833	23.7980258837169
112	WGN26	21.3500000000002	3.46471272671571	1125	14.5519741162834	28.1480258837169
113	WGN26	15.1500000000003	3.46471272671567	1125	8.35197411628357	21.948025883717
114	WGN26	15.2000000000002	3.46471272671572	1125	8.40197411628344	21.998025883717
115	WGN26	18.0000000000003	3.46471272671576	1125	11.2019741162835	24.7980258837172
116	WGN26	18.8115008880994	4.90093149425674	1125	9.195506206814	28.4274955693848
117	WGN26	8.20000000000024	3.46471272671572	1125	1.40197411628344	14.998025883717
118	WGN26	23.1000000000003	3.46471272671574	1125	16.3019741162834	29.8980258837171
119	WGN26	22.0000000000003	3.46471272671573	1125	15.2019741162835	28.7980258837171
120	WGN26	16.5000000000002	3.46471272671572	1125	9.70197411628344	23.2980258837171
121	WGN26	17.8500000000002	3.46471272671569	1125	11.0519741162834	24.6480258837169
122	WGN26	32.2000000000005	3.46471272671575	1125	25.4019741162836	38.9980258837174
123	WGN26	11.2500000000003	3.46471272671573	1125	4.45197411628346	18.0480258837171
125	WGN26	15.3500000000002	3.46471272671571	1125	8.55197411628343	22.148025883717
126	WGN26	8.01150088809952	4.90093149425678	1125	-1.60449379318595	17.627495569385
127	WGN26	14.2000000000002	3.46471272671574	1125	7.40197411628337	20.9980258837171
128	WGN26	18.8115008880997	4.90093149425673	1125	9.19550620681436	28.4274955693851
129	WGN26	16.1500000000002	3.4647127267157	1125	9.35197411628344	22.948025883717
130	WGN26	16.0000000000002	3.46471272671572	1125	9.2019741162834	22.798025883717
1	WGN36	19.5115008880994	4.9009314942567	1125	9.89550620681412	29.1274955693848
2	WGN36	24.2	3.46471272671571	1125	17.4019741162832	30.9980258837168
4	WGN36	15.8000000000002	3.46471272671565	1125	9.00197411628349	22.5980258837168
5	WGN36	14.4999999999996	3.46471272671581	1125	7.70197411628264	21.2980258837166
6	WGN36	21.7	3.46471272671574	1125	14.9019741162831	28.4980258837168
7	WGN36	14.6999999999999	3.46471272671576	1125	7.90197411628302	21.4980258837168
8	WGN36	15.8499999999999	3.46471272671573	1125	9.05197411628311	22.6480258837167
9	WGN36	18.3884991119004	4.9009314942569	1125	8.77250443061467	28.0044937931861
10	WGN36	15.6499999999999	3.46471272671572	1125	8.8519741162831	22.4480258837167
11	WGN36	18.9884991119004	4.90093149425679	1125	9.37250443061495	28.6044937931859
12	WGN36	15.4999999999999	3.46471272671569	1125	8.70197411628317	22.2980258837166
13	WGN36	19.8499999999999	3.46471272671567	1125	13.0519741162832	26.6480258837166
14	WGN36	13.0499999999999	3.46471272671574	1125	6.25197411628302	19.8480258837167
15	WGN36	17.7499999999999	3.46471272671567	1125	10.9519741162832	24.5480258837166
16	WGN36	13.2999999999997	3.46471272671575	1125	6.50197411628286	20.0980258837166
17	WGN36	17.0999999999998	3.46471272671576	1125	10.3019741162829	23.8980258837167
18	WGN36	17.8884991119005	4.90093149425676	1125	8.27250443061504	27.5044937931859
19	WGN36	12.3999999999998	3.46471272671573	1125	5.60197411628301	19.1980258837167
20	WGN36	22.7999999999999	3.46471272671571	1125	16.0019741162831	29.5980258837166
21	WGN36	16.4999999999999	3.46471272671571	1125	9.70197411628312	23.2980258837167
22	WGN36	10.5999999999998	3.46471272671573	1125	3.80197411628302	17.3980258837167
23	WGN36	16.8999999999998	3.46471272671574	1125	10.101974116283	23.6980258837167
24	WGN36	15.9999999999998	3.46471272671575	1125	9.20197411628296	22.7980258837167
26	WGN36	13.6999999999997	3.46471272671573	1125	6.9019741162829	20.4980258837165
27	WGN36	20.4999999999999	3.46471272671575	1125	13.701974116283	27.2980258837167
28	WGN36	16.1999999999999	3.4647127267157	1125	9.40197411628317	22.9980258837167
30	WGN36	14.4999999999999	3.46471272671573	1125	7.70197411628307	21.2980258837167
31	WGN36	23.0999999999999	3.4647127267157	1125	16.3019741162831	29.8980258837166
32	WGN36	17.1884991119005	4.90093149425679	1125	7.57250443061496	26.8044937931859
33	WGN36	9.39999999999991	3.46471272671573	1125	2.6019741162831	16.1980258837167
34	WGN36	19.55	3.46471272671572	1125	12.7519741162832	26.3480258837168
35	WGN36	19.5999999999998	3.46471272671569	1125	12.8019741162831	26.3980258837165
36	WGN36	19.7499999999999	3.46471272671575	1125	12.951974116283	26.5480258837168
37	WGN36	20.6115008880995	4.90093149425678	1125	10.995506206814	30.227495569385
38	WGN36	17.8115008880994	4.9009314942568	1125	8.19550620681392	27.4274955693849
39	WGN36	14.6499999999999	3.46471272671575	1125	7.851974116283	21.4480258837167
40	WGN36	25.7999999999998	3.46471272671574	1125	19.001974116283	32.5980258837166
41	WGN36	22.4999999999998	3.46471272671568	1125	15.7019741162831	29.2980258837165
42	WGN36	35.8499999999998	3.4647127267157	1125	29.0519741162831	42.6480258837166
43	WGN36	18.9999999999999	3.46471272671571	1125	12.2019741162831	25.7980258837166
44	WGN36	16.9999999999999	3.46471272671569	1125	10.2019741162831	23.7980258837166
45	WGN36	19.9999999999999	3.46471272671578	1125	13.201974116283	26.7980258837168
46	WGN36	8.99999999999988	3.46471272671574	1125	2.20197411628305	15.7980258837167
47	WGN36	19.3499999999999	3.46471272671569	1125	12.5519741162832	26.1480258837166
48	WGN36	17.6	3.46471272671572	1125	10.8019741162832	24.3980258837168
49	WGN36	16.8499999999997	3.46471272671576	1125	10.0519741162828	23.6480258837166
51	WGN36	11.7499999999996	3.46471272671575	1125	4.95197411628277	18.5480258837165
52	WGN36	31.3499999999998	3.46471272671572	1125	24.551974116283	38.1480258837166
53	WGN36	20.9999999999998	3.46471272671568	1125	14.2019741162831	27.7980258837166
54	WGN36	16.0999999999998	3.46471272671575	1125	9.30197411628296	22.8980258837167
55	WGN36	26.5999999999997	3.4647127267157	1125	19.801974116283	33.3980258837165
56	WGN36	17.6999999999999	3.46471272671572	1125	10.9019741162831	24.4980258837167
57	WGN36	20.9	3.46471272671574	1125	14.1019741162831	27.6980258837168
58	WGN36	11.2	3.46471272671571	1125	4.40197411628318	17.9980258837167
59	WGN36	13.5999999999999	3.46471272671574	1125	6.80197411628304	20.3980258837167
60	WGN36	17.4999999999999	3.46471272671573	1125	10.7019741162831	24.2980258837167
62	WGN36	21.4499999999999	3.46471272671573	1125	14.6519741162831	28.2480258837167
64	WGN36	13.85	3.46471272671569	1125	7.05197411628327	20.6480258837167
65	WGN36	18.2999999999999	3.46471272671575	1125	11.501974116283	25.0980258837167
66	WGN36	16.9999999999999	3.46471272671571	1125	10.2019741162832	23.7980258837167
68	WGN36	14.9999999999999	3.46471272671573	1125	8.20197411628307	21.7980258837167
69	WGN36	25.1884991119005	4.90093149425679	1125	15.572504430615	34.804493793186
70	WGN36	28.6999999999999	3.46471272671572	1125	21.9019741162831	35.4980258837167
71	WGN36	12.3999999999999	3.46471272671571	1125	5.6019741162831	19.1980258837167
72	WGN36	20.3499999999999	3.46471272671572	1125	13.5519741162831	27.1480258837167
74	WGN36	19.7999999999999	3.46471272671571	1125	13.0019741162831	26.5980258837167
75	WGN36	14.1884991119004	4.90093149425676	1125	4.57250443061501	23.8044937931859
76	WGN36	19.2499999999999	3.46471272671572	1125	12.4519741162831	26.0480258837167
77	WGN36	15.3999999999999	3.46471272671571	1125	8.60197411628311	22.1980258837167
78	WGN36	19.7999999999999	3.46471272671574	1125	13.001974116283	26.5980258837167
79	WGN36	15.9999999999999	3.46471272671572	1125	9.20197411628309	22.7980258837167
80	WGN36	25.5115008880993	4.90093149425678	1125	15.8955062068139	35.1274955693848
81	WGN36	17.3499999999999	3.46471272671574	1125	10.551974116283	24.1480258837167
82	WGN36	13.7999999999999	3.4647127267157	1125	7.00197411628317	20.5980258837167
83	WGN36	15.4999999999999	3.46471272671572	1125	8.7019741162831	22.2980258837167
84	WGN36	15.9999999999999	3.46471272671572	1125	9.20197411628308	22.7980258837167
85	WGN36	10.9999999999999	3.46471272671572	1125	4.20197411628308	17.7980258837167
86	WGN36	13.25	3.4647127267157	1125	6.45197411628323	20.0480258837167
87	WGN36	15.2499999999998	3.46471272671576	1125	8.45197411628293	22.0480258837167
88	WGN36	17.6999999999999	3.46471272671572	1125	10.9019741162831	24.4980258837167
89	WGN36	19.1999999999999	3.46471272671572	1125	12.4019741162831	25.9980258837167
90	WGN36	14.8499999999999	3.46471272671572	1125	8.05197411628311	21.6480258837167
92	WGN36	24.5999999999999	3.46471272671572	1125	17.8019741162831	31.3980258837167
93	WGN36	21.1884991119004	4.90093149425679	1125	11.572504430615	30.8044937931859
94	WGN36	27.9999999999998	3.4647127267157	1125	21.201974116283	34.7980258837166
95	WGN36	17.1999999999999	3.4647127267157	1125	10.4019741162832	23.9980258837167
96	WGN36	15.9999999999999	3.46471272671573	1125	9.20197411628311	22.7980258837167
97	WGN36	22.2999999999999	3.46471272671572	1125	15.5019741162831	29.0980258837167
98	WGN36	14.8499999999999	3.46471272671572	1125	8.05197411628311	21.6480258837167
99	WGN36	13.0499999999999	3.46471272671573	1125	6.25197411628309	19.8480258837167
100	WGN36	12.4499999999999	3.46471272671571	1125	5.65197411628312	19.2480258837167
102	WGN36	12.5115008880993	4.9009314942568	1125	2.89550620681383	22.1274955693848
104	WGN36	18.65	3.46471272671573	1125	11.8519741162832	25.4480258837168
105	WGN36	13.1884991119004	4.90093149425679	1125	3.57250443061496	22.8044937931859
106	WGN36	15.6999999999999	3.46471272671572	1125	8.90197411628312	22.4980258837167
107	WGN36	18.7999999999999	3.46471272671571	1125	12.0019741162831	25.5980258837167
108	WGN36	13.1999999999999	3.4647127267157	1125	6.40197411628316	19.9980258837167
109	WGN36	16.6499999999999	3.46471272671573	1125	9.85197411628309	23.4480258837167
110	WGN36	24.5999999999998	3.46471272671572	1125	17.801974116283	31.3980258837166
112	WGN36	16.4999999999999	3.46471272671569	1125	9.7019741162832	23.2980258837167
114	WGN36	9.39999999999992	3.46471272671572	1125	2.60197411628312	16.1980258837167
116	WGN36	16.4115008880994	4.90093149425677	1125	6.79550620681391	26.0274955693848
117	WGN36	13.1999999999999	3.4647127267157	1125	6.40197411628314	19.9980258837167
118	WGN36	17.3499999999999	3.46471272671572	1125	10.5519741162831	24.1480258837167
119	WGN36	21.9884991119004	4.90093149425676	1125	12.3725044306149	31.6044937931858
120	WGN36	17.4499999999999	3.46471272671571	1125	10.6519741162831	24.2480258837167
121	WGN36	25.7499999999998	3.4647127267157	1125	18.951974116283	32.5480258837165
122	WGN36	15.3999999999999	3.46471272671573	1125	8.60197411628306	22.1980258837167
123	WGN36	15.1499999999999	3.46471272671571	1125	8.35197411628315	21.9480258837167
124	WGN36	25.0999999999999	3.46471272671571	1125	18.3019741162831	31.8980258837167
125	WGN36	17.9999999999999	3.46471272671571	1125	11.2019741162831	24.7980258837167
126	WGN36	16.6999999999999	3.4647127267157	1125	9.90197411628318	23.4980258837167
127	WGN36	12.0999999999999	3.46471272671572	1125	5.30197411628311	18.8980258837167
128	WGN36	18.4	3.46471272671571	1125	11.6019741162832	25.1980258837167
129	WGN36	24.1499999999999	3.46471272671571	1125	17.3519741162831	30.9480258837167
130	WGN36	20.4999999999999	3.46471272671572	1125	13.7019741162831	27.2980258837167
1	WGN38	18.5000000000014	3.4647127267157	1125	11.7019741162847	25.2980258837182
2	WGN38	12.9500000000004	3.46471272671569	1125	6.15197411628368	19.7480258837171
3	WGN38	15.1884991119009	4.90093149425678	1125	5.57250443061542	24.8044937931864
4	WGN38	25.2000000000001	3.46471272671566	1125	18.4019741162834	31.9980258837168
5	WGN38	16.4000000000004	3.4647127267157	1125	9.60197411628361	23.1980258837171
6	WGN38	31.9500000000005	3.46471272671574	1125	25.1519741162837	38.7480258837173
7	WGN38	12.4000000000001	3.46471272671577	1125	5.60197411628324	19.198025883717
8	WGN38	14.1500000000004	3.46471272671569	1125	7.35197411628369	20.9480258837172
10	WGN38	16.1000000000005	3.46471272671564	1125	9.30197411628389	22.8980258837172
11	WGN38	12.7000000000004	3.46471272671571	1125	5.90197411628361	19.4980258837172
12	WGN38	11.4999999999999	3.46471272671581	1125	4.70197411628296	18.2980258837169
13	WGN38	23.4000000000003	3.46471272671573	1125	16.6019741162835	30.1980258837171
14	WGN38	19.3500000000003	3.46471272671562	1125	12.5519741162837	26.1480258837169
16	WGN38	16.0000000000003	3.46471272671572	1125	9.20197411628348	22.7980258837171
18	WGN38	16.2000000000004	3.46471272671575	1125	9.4019741162835	22.9980258837172
19	WGN38	23.6500000000003	3.46471272671569	1125	16.8519741162835	30.448025883717
20	WGN38	16.0500000000003	3.4647127267157	1125	9.25197411628358	22.8480258837171
21	WGN38	12.4500000000004	3.46471272671571	1125	5.6519741162836	19.2480258837172
22	WGN38	12.6000000000005	3.46471272671572	1125	5.80197411628366	19.3980258837173
23	WGN38	17.2000000000003	3.46471272671574	1125	10.4019741162835	23.9980258837171
24	WGN38	13.4000000000004	3.46471272671569	1125	6.60197411628365	20.1980258837171
26	WGN38	10.5000000000005	3.46471272671568	1125	3.70197411628377	17.2980258837172
27	WGN38	21.5000000000003	3.4647127267157	1125	14.7019741162835	28.298025883717
28	WGN38	13.2000000000004	3.46471272671569	1125	6.40197411628366	19.9980258837172
29	WGN38	18.0000000000003	3.46471272671577	1125	11.2019741162834	24.7980258837172
30	WGN38	19.6500000000004	3.46471272671575	1125	12.8519741162836	26.4480258837173
32	WGN38	21.0000000000005	3.46471272671576	1125	14.2019741162836	27.7980258837173
33	WGN38	21.1500000000005	3.46471272671574	1125	14.3519741162836	27.9480258837173
34	WGN38	13.5000000000005	3.46471272671572	1125	6.70197411628371	20.2980258837173
35	WGN38	20.7500000000002	3.46471272671572	1125	13.9519741162834	27.548025883717
36	WGN38	19.5500000000004	3.4647127267157	1125	12.7519741162836	26.3480258837172
37	WGN38	25.0000000000004	3.46471272671573	1125	18.2019741162836	31.7980258837173
38	WGN38	22.0000000000006	3.46471272671574	1125	15.2019741162838	28.7980258837175
39	WGN38	25.7000000000003	3.46471272671575	1125	18.9019741162834	32.4980258837172
40	WGN38	15.5000000000004	3.46471272671573	1125	8.70197411628356	22.2980258837172
41	WGN38	13.2000000000003	3.46471272671573	1125	6.4019741162835	19.9980258837171
42	WGN38	17.1000000000005	3.46471272671572	1125	10.3019741162837	23.8980258837173
45	WGN38	7.75000000000031	3.46471272671573	1125	0.951974116283491	14.5480258837171
46	WGN38	14.8000000000002	3.46471272671577	1125	8.00197411628332	21.5980258837171
47	WGN38	12.6500000000002	3.46471272671576	1125	5.8519741162833	19.4480258837171
48	WGN38	13.0000000000004	3.46471272671572	1125	6.20197411628363	19.7980258837172
49	WGN38	14.0000000000004	3.46471272671569	1125	7.20197411628364	20.7980258837171
50	WGN38	19.5000000000004	3.46471272671569	1125	12.7019741162836	26.2980258837171
51	WGN38	16.6500000000003	3.46471272671571	1125	9.85197411628355	23.4480258837171
52	WGN38	24.8500000000003	3.46471272671573	1125	18.0519741162835	31.6480258837171
53	WGN38	25.0500000000004	3.46471272671573	1125	18.2519741162835	31.8480258837172
54	WGN38	18.1000000000004	3.46471272671567	1125	11.3019741162837	24.8980258837171
55	WGN38	4.58849911190082	4.9009314942568	1125	-5.0274955693847	14.2044937931863
56	WGN38	13.7500000000003	3.46471272671572	1125	6.95197411628353	20.5480258837171
59	WGN38	17.7000000000004	3.46471272671572	1125	10.9019741162836	24.4980258837171
61	WGN38	17.3000000000003	3.46471272671573	1125	10.5019741162835	24.0980258837172
63	WGN38	17.5500000000003	3.46471272671572	1125	10.7519741162835	24.3480258837171
64	WGN38	23.6500000000004	3.46471272671573	1125	16.8519741162836	30.4480258837172
65	WGN38	22.8115008880999	4.90093149425682	1125	13.1955062068143	32.4274955693854
66	WGN38	19.2500000000003	3.46471272671572	1125	12.4519741162835	26.0480258837171
67	WGN38	10.8000000000005	3.46471272671571	1125	4.00197411628369	17.5980258837172
68	WGN38	18.7500000000004	3.46471272671567	1125	11.9519741162837	25.5480258837171
69	WGN38	26.9500000000004	3.46471272671572	1125	20.1519741162836	33.7480258837172
70	WGN38	12.0500000000002	3.46471272671574	1125	5.25197411628341	18.8480258837171
72	WGN38	16.2000000000003	3.46471272671575	1125	9.40197411628344	22.9980258837171
73	WGN38	13.0500000000003	3.46471272671573	1125	6.25197411628353	19.8480258837172
74	WGN38	12.8000000000003	3.46471272671573	1125	6.00197411628347	19.5980258837171
76	WGN38	15.7500000000004	3.4647127267157	1125	8.95197411628362	22.5480258837172
77	WGN38	14.0000000000003	3.46471272671573	1125	7.20197411628346	20.7980258837171
78	WGN38	12.5000000000003	3.46471272671572	1125	5.70197411628354	19.2980258837171
80	WGN38	11.0000000000005	3.46471272671569	1125	4.20197411628371	17.7980258837172
81	WGN38	27.5000000000003	3.46471272671571	1125	20.7019741162835	34.2980258837171
82	WGN38	15.5000000000004	3.46471272671572	1125	8.70197411628357	22.2980258837172
83	WGN38	18.2000000000004	3.46471272671571	1125	11.4019741162836	24.9980258837172
84	WGN38	16.8500000000003	3.46471272671571	1125	10.0519741162836	23.6480258837171
85	WGN38	11.7884991119008	4.90093149425681	1125	2.17250443061531	21.4044937931864
86	WGN38	13.2000000000004	3.46471272671571	1125	6.40197411628361	19.9980258837172
87	WGN38	16.1000000000003	3.46471272671572	1125	9.30197411628355	22.8980258837171
88	WGN38	10.9500000000004	3.46471272671572	1125	4.15197411628358	17.7480258837172
89	WGN38	10.6500000000003	3.46471272671572	1125	3.85197411628351	17.4480258837171
90	WGN38	15.9000000000003	3.46471272671572	1125	9.10197411628356	22.6980258837171
91	WGN38	13.0000000000003	3.46471272671572	1125	6.20197411628352	19.7980258837171
92	WGN38	17.7500000000003	3.46471272671572	1125	10.9519741162835	24.5480258837171
93	WGN38	21.0000000000003	3.46471272671572	1125	14.2019741162835	27.7980258837171
94	WGN38	16.6000000000003	3.46471272671572	1125	9.80197411628356	23.3980258837171
95	WGN38	16.5500000000003	3.46471272671571	1125	9.75197411628356	23.3480258837171
96	WGN38	13.3500000000003	3.46471272671572	1125	6.55197411628354	20.1480258837171
97	WGN38	15.8000000000003	3.46471272671572	1125	9.00197411628353	22.5980258837171
98	WGN38	15.2000000000003	3.46471272671572	1125	8.40197411628355	21.9980258837171
99	WGN38	17.2000000000003	3.46471272671572	1125	10.4019741162835	23.9980258837171
100	WGN38	13.6500000000004	3.46471272671571	1125	6.85197411628359	20.4480258837172
101	WGN38	8.35000000000038	3.46471272671571	1125	1.55197411628359	15.1480258837172
102	WGN38	15.0000000000004	3.4647127267157	1125	8.20197411628361	21.7980258837171
103	WGN38	19.4500000000003	3.46471272671572	1125	12.6519741162835	26.2480258837171
104	WGN38	21.0000000000003	3.4647127267157	1125	14.2019741162836	27.7980258837171
106	WGN38	20.1500000000004	3.46471272671572	1125	13.3519741162836	26.9480258837172
107	WGN38	18.1000000000004	3.46471272671571	1125	11.3019741162836	24.8980258837171
108	WGN38	9.50000000000042	3.46471272671571	1125	2.70197411628364	16.2980258837172
109	WGN38	14.0000000000004	3.46471272671571	1125	7.20197411628359	20.7980258837171
110	WGN38	17.1000000000003	3.46471272671572	1125	10.3019741162836	23.8980258837171
111	WGN38	15.3000000000004	3.46471272671571	1125	8.50197411628357	22.0980258837171
113	WGN38	17.0000000000003	3.46471272671572	1125	10.2019741162835	23.7980258837171
114	WGN38	22.0000000000003	3.46471272671572	1125	15.2019741162835	28.7980258837171
115	WGN38	14.2000000000003	3.46471272671572	1125	7.4019741162835	20.9980258837171
1	WGN39	16.3000000000009	3.46471272671565	1125	9.50197411628427	23.0980258837176
2	WGN39	19.2499999999999	3.46471272671569	1125	12.4519741162831	26.0480258837166
3	WGN39	25.2000000000001	3.46471272671576	1125	18.4019741162833	31.998025883717
4	WGN39	22.95	3.46471272671569	1125	16.1519741162833	29.7480258837168
5	WGN39	19.9999999999997	3.4647127267157	1125	13.2019741162829	26.7980258837164
6	WGN39	18.9999999999999	3.46471272671572	1125	12.2019741162831	25.7980258837167
7	WGN39	20.3500000000001	3.46471272671574	1125	13.5519741162833	27.1480258837169
8	WGN39	18.1	3.46471272671576	1125	11.3019741162831	24.8980258837169
9	WGN39	13.7999999999999	3.46471272671574	1125	7.00197411628307	20.5980258837168
10	WGN39	20.15	3.46471272671576	1125	13.3519741162831	26.9480258837169
11	WGN39	15.6999999999999	3.46471272671577	1125	8.90197411628302	22.4980258837168
12	WGN39	13.0499999999999	3.4647127267157	1125	6.25197411628312	19.8480258837166
13	WGN39	15.8999999999999	3.46471272671572	1125	9.10197411628312	22.6980258837167
14	WGN39	16.3999999999998	3.46471272671574	1125	9.601974116283	23.1980258837167
15	WGN39	13.6999999999998	3.46471272671568	1125	6.90197411628312	20.4980258837166
16	WGN39	13.6499999999999	3.46471272671568	1125	6.8519741162832	20.4480258837166
17	WGN39	14.9999999999999	3.46471272671572	1125	8.20197411628309	21.7980258837167
18	WGN39	18	3.46471272671575	1125	11.2019741162831	24.7980258837169
19	WGN39	26.3999999999999	3.46471272671571	1125	19.6019741162831	33.1980258837167
20	WGN39	15.4999999999999	3.46471272671572	1125	8.70197411628309	22.2980258837167
21	WGN39	19.5	3.46471272671575	1125	12.7019741162831	26.2980258837168
22	WGN39	15.1999999999999	3.46471272671575	1125	8.40197411628304	21.9980258837167
24	WGN39	16.6499999999999	3.46471272671571	1125	9.8519741162831	23.4480258837167
25	WGN39	35.4499999999994	3.46471272671567	1125	28.6519741162827	42.2480258837161
26	WGN39	21.9884991119005	4.90093149425682	1125	12.372504430615	31.6044937931861
27	WGN39	26.4499999999999	3.46471272671572	1125	19.6519741162831	33.2480258837167
28	WGN39	7.24999999999996	3.46471272671571	1125	0.451974116283193	14.0480258837167
29	WGN39	14.35	3.46471272671571	1125	7.55197411628323	21.1480258837168
30	WGN39	21.05	3.46471272671576	1125	14.2519741162832	27.8480258837169
31	WGN39	18.7499999999999	3.4647127267157	1125	11.9519741162831	25.5480258837166
32	WGN39	22.1999999999998	3.46471272671569	1125	15.4019741162831	28.9980258837165
34	WGN39	12.5999999999997	3.46471272671577	1125	5.80197411628279	19.3980258837166
35	WGN39	15.6000000000001	3.46471272671564	1125	8.80197411628346	22.3980258837167
36	WGN39	18.3499999999998	3.46471272671573	1125	11.551974116283	25.1480258837166
37	WGN39	18.4499999999999	3.46471272671579	1125	11.651974116283	25.2480258837169
38	WGN39	17.0499999999997	3.46471272671576	1125	10.2519741162828	23.8480258837166
39	WGN39	15.9999999999999	3.46471272671574	1125	9.2019741162831	22.7980258837168
40	WGN39	28.5000000000001	3.46471272671572	1125	21.7019741162833	35.2980258837169
41	WGN39	27.2999999999999	3.46471272671572	1125	20.5019741162831	34.0980258837167
42	WGN39	23.6999999999998	3.46471272671571	1125	16.9019741162831	30.4980258837166
43	WGN39	21.0999999999998	3.46471272671569	1125	14.301974116283	27.8980258837165
44	WGN39	19.4999999999999	3.46471272671575	1125	12.7019741162831	26.2980258837168
45	WGN39	16.4999999999999	3.46471272671569	1125	9.7019741162832	23.2980258837167
46	WGN39	12.5000000000001	3.46471272671568	1125	5.70197411628333	19.2980258837168
47	WGN39	18.9999999999999	3.4647127267157	1125	12.2019741162831	25.7980258837167
48	WGN39	14.9	3.46471272671567	1125	8.10197411628333	21.6980258837167
49	WGN39	22.5999999999999	3.46471272671569	1125	15.8019741162831	29.3980258837166
50	WGN39	15.5999999999999	3.46471272671571	1125	8.80197411628311	22.3980258837167
51	WGN39	19.6	3.46471272671576	1125	12.8019741162831	26.3980258837168
52	WGN39	28.5999999999999	3.46471272671572	1125	21.8019741162831	35.3980258837167
53	WGN39	11.9999999999997	3.46471272671577	1125	5.2019741162828	18.7980258837166
54	WGN39	23.6	3.46471272671574	1125	16.8019741162831	30.3980258837168
55	WGN39	21.4499999999998	3.4647127267157	1125	14.6519741162831	28.2480258837166
56	WGN39	22.5999999999998	3.46471272671569	1125	15.8019741162831	29.3980258837165
57	WGN39	19.5499999999999	3.4647127267157	1125	12.7519741162831	26.3480258837166
58	WGN39	20.6999999999999	3.46471272671572	1125	13.9019741162831	27.4980258837167
59	WGN39	16.7499999999998	3.46471272671571	1125	9.95197411628303	23.5480258837166
60	WGN39	11.6999999999999	3.4647127267157	1125	4.90197411628318	18.4980258837167
61	WGN39	21.8	3.46471272671572	1125	15.0019741162832	28.5980258837168
62	WGN39	17.2999999999999	3.46471272671573	1125	10.5019741162831	24.0980258837167
63	WGN39	19.5999999999999	3.46471272671569	1125	12.8019741162831	26.3980258837166
64	WGN39	17.25	3.46471272671571	1125	10.4519741162832	24.0480258837167
65	WGN39	10.15	3.46471272671572	1125	3.35197411628319	16.9480258837168
66	WGN39	16.1999999999999	3.46471272671571	1125	9.40197411628308	22.9980258837166
67	WGN39	22.7999999999999	3.46471272671571	1125	16.0019741162831	29.5980258837166
68	WGN39	29.6115008880995	4.9009314942568	1125	19.995506206814	39.2274955693851
69	WGN39	25.6999999999998	3.46471272671571	1125	18.9019741162831	32.4980258837166
70	WGN39	33.811500888099	4.90093149425672	1125	24.1955062068136	43.4274955693843
71	WGN39	20.7000000000001	3.46471272671577	1125	13.9019741162832	27.498025883717
72	WGN39	16.9999999999999	3.46471272671569	1125	10.2019741162831	23.7980258837166
73	WGN39	17.5999999999999	3.4647127267157	1125	10.8019741162831	24.3980258837166
74	WGN39	29.7499999999999	3.46471272671571	1125	22.9519741162831	36.5480258837167
75	WGN39	13.55	3.4647127267157	1125	6.7519741162832	20.3480258837167
76	WGN39	21.4999999999999	3.46471272671571	1125	14.7019741162831	28.2980258837166
77	WGN39	13.5999999999999	3.46471272671573	1125	6.8019741162831	20.3980258837167
78	WGN39	26.75	3.46471272671573	1125	19.9519741162832	33.5480258837169
79	WGN39	17.0499999999999	3.46471272671573	1125	10.2519741162831	23.8480258837168
80	WGN39	19.4999999999999	3.4647127267157	1125	12.7019741162831	26.2980258837166
81	WGN39	11.9999999999999	3.46471272671574	1125	5.20197411628302	18.7980258837167
82	WGN39	13.7999999999999	3.46471272671571	1125	7.00197411628313	20.5980258837167
83	WGN39	16.1499999999999	3.4647127267157	1125	9.35197411628315	22.9480258837167
84	WGN39	25.2999999999999	3.46471272671571	1125	18.5019741162831	32.0980258837167
85	WGN39	19.3499999999999	3.46471272671569	1125	12.5519741162831	26.1480258837166
86	WGN39	21.9	3.46471272671573	1125	15.1019741162832	28.6980258837168
87	WGN39	19.0499999999999	3.46471272671571	1125	12.2519741162831	25.8480258837167
88	WGN39	16.8115008880994	4.90093149425673	1125	7.19550620681398	26.4274955693847
89	WGN39	16.3499999999999	3.46471272671572	1125	9.55197411628311	23.1480258837167
90	WGN39	11.8999999999999	3.46471272671572	1125	5.10197411628311	18.6980258837167
91	WGN39	21.2999999999999	3.46471272671571	1125	14.5019741162831	28.0980258837167
92	WGN39	17.5999999999999	3.4647127267157	1125	10.8019741162831	24.3980258837167
93	WGN39	21.8999999999999	3.4647127267157	1125	15.1019741162831	28.6980258837166
94	WGN39	15.9999999999999	3.46471272671571	1125	9.20197411628314	22.7980258837167
95	WGN39	19.5499999999999	3.46471272671571	1125	12.7519741162831	26.3480258837167
96	WGN39	21.9499999999999	3.46471272671572	1125	15.1519741162831	28.7480258837167
97	WGN39	20.6999999999999	3.46471272671571	1125	13.9019741162831	27.4980258837167
98	WGN39	15.9999999999999	3.46471272671571	1125	9.20197411628315	22.7980258837167
99	WGN39	13.2	3.46471272671571	1125	6.40197411628319	19.9980258837167
100	WGN39	20.0499999999999	3.46471272671571	1125	13.2519741162831	26.8480258837167
101	WGN39	15.4999999999999	3.46471272671571	1125	8.70197411628316	22.2980258837167
102	WGN39	19.3499999999999	3.46471272671572	1125	12.5519741162831	26.1480258837167
104	WGN39	21.8499999999999	3.46471272671571	1125	15.0519741162831	28.6480258837167
105	WGN39	11.6999999999999	3.46471272671572	1125	4.90197411628311	18.4980258837167
106	WGN39	15.9999999999999	3.46471272671571	1125	9.20197411628313	22.7980258837167
107	WGN39	17.2499999999999	3.46471272671572	1125	10.4519741162831	24.0480258837167
108	WGN39	20.1999999999999	3.46471272671572	1125	13.4019741162831	26.9980258837167
109	WGN39	23.4999999999999	3.46471272671572	1125	16.7019741162831	30.2980258837167
110	WGN39	19.5499999999999	3.46471272671572	1125	12.7519741162831	26.3480258837167
111	WGN39	17.4499999999999	3.46471272671572	1125	10.6519741162831	24.2480258837167
112	WGN39	15.7499999999999	3.46471272671572	1125	8.95197411628313	22.5480258837167
113	WGN39	13.7	3.46471272671572	1125	6.90197411628316	20.4980258837167
114	WGN39	11.75	3.46471272671571	1125	4.95197411628317	18.5480258837167
115	WGN39	21.2999999999999	3.46471272671572	1125	14.5019741162831	28.0980258837167
116	WGN39	23.5999999999999	3.46471272671572	1125	16.8019741162831	30.3980258837167
117	WGN39	11.0499999999999	3.46471272671572	1125	4.2519741162831	17.8480258837167
118	WGN39	12.7	3.46471272671572	1125	5.90197411628317	19.4980258837167
120	WGN39	14.4999999999999	3.46471272671572	1125	7.70197411628311	21.2980258837167
121	WGN39	19.4499999999999	3.46471272671572	1125	12.6519741162831	26.2480258837167
122	WGN39	16.1499999999999	3.46471272671572	1125	9.35197411628312	22.9480258837167
123	WGN39	19.0999999999999	3.46471272671571	1125	12.3019741162831	25.8980258837167
124	WGN39	21.1499999999999	3.46471272671571	1125	14.3519741162831	27.9480258837167
125	WGN39	17.8499999999999	3.46471272671572	1125	11.0519741162831	24.6480258837167
126	WGN39	28.1999999999999	3.46471272671572	1125	21.4019741162831	34.9980258837167
127	WGN39	33.7499999999999	3.46471272671571	1125	26.9519741162831	40.5480258837167
128	WGN39	15.7999999999999	3.46471272671572	1125	9.00197411628311	22.5980258837167
129	WGN39	16.1999999999999	3.46471272671571	1125	9.40197411628312	22.9980258837167
130	WGN39	22.1499999999999	3.46471272671571	1125	15.3519741162831	28.9480258837167
1	WGN45	14.4000000000003	3.46471272671571	1125	7.60197411628355	21.1980258837171
2	WGN45	15.8000000000001	3.4647127267157	1125	9.0019741162833	22.5980258837168
3	WGN45	14.8500000000002	3.46471272671575	1125	8.05197411628339	21.6480258837171
4	WGN45	15.5000000000002	3.46471272671571	1125	8.70197411628338	22.298025883717
5	WGN45	15.2000000000001	3.46471272671568	1125	8.40197411628336	21.9980258837168
6	WGN45	16.8500000000001	3.46471272671569	1125	10.0519741162834	23.6480258837169
7	WGN45	21.7999999999999	3.46471272671569	1125	15.0019741162832	28.5980258837167
8	WGN45	20.7000000000002	3.46471272671571	1125	13.9019741162834	27.498025883717
9	WGN45	13.6500000000001	3.46471272671569	1125	6.85197411628335	20.4480258837168
10	WGN45	14.1	3.46471272671571	1125	7.30197411628327	20.8980258837168
11	WGN45	19.0000000000001	3.46471272671574	1125	12.2019741162833	25.798025883717
12	WGN45	17.8500000000001	3.46471272671572	1125	11.0519741162833	24.6480258837169
13	WGN45	17.4000000000002	3.46471272671568	1125	10.6019741162835	24.1980258837169
14	WGN45	14.0000000000001	3.46471272671574	1125	7.20197411628322	20.7980258837169
15	WGN45	11.1884991119006	4.90093149425683	1125	1.57250443061498	20.8044937931861
16	WGN45	17.4000000000002	3.46471272671571	1125	10.6019741162834	24.1980258837169
17	WGN45	14.2500000000002	3.46471272671571	1125	7.4519741162834	21.048025883717
18	WGN45	11.7000000000001	3.46471272671574	1125	4.90197411628331	18.498025883717
19	WGN45	21.25	3.46471272671568	1125	14.4519741162833	28.0480258837167
20	WGN45	17.5500000000002	3.46471272671575	1125	10.7519741162834	24.3480258837171
22	WGN45	24.7000000000004	3.46471272671575	1125	17.9019741162835	31.4980258837172
23	WGN45	14.8500000000002	3.46471272671573	1125	8.05197411628337	21.648025883717
24	WGN45	12.7500000000002	3.4647127267157	1125	5.95197411628344	19.548025883717
25	WGN45	15.5000000000002	3.4647127267157	1125	8.70197411628339	22.2980258837169
26	WGN45	16.2000000000002	3.46471272671573	1125	9.40197411628337	22.998025883717
28	WGN45	11.5000000000001	3.46471272671574	1125	4.70197411628332	18.298025883717
29	WGN45	16.0500000000002	3.46471272671574	1125	9.25197411628331	22.848025883717
31	WGN45	13.8000000000002	3.46471272671572	1125	7.00197411628337	20.598025883717
32	WGN45	15.3500000000002	3.46471272671575	1125	8.55197411628335	22.148025883717
33	WGN45	17.5500000000001	3.4647127267157	1125	10.7519741162833	24.3480258837168
34	WGN45	12.5000000000002	3.46471272671572	1125	5.7019741162834	19.298025883717
35	WGN45	17.2500000000002	3.4647127267157	1125	10.4519741162834	24.048025883717
36	WGN45	24.5	3.46471272671569	1125	17.7019741162832	31.2980258837167
37	WGN45	26.8000000000001	3.46471272671571	1125	20.0019741162833	33.5980258837169
38	WGN45	10.2500000000001	3.46471272671573	1125	3.45197411628329	17.0480258837169
40	WGN45	16.8000000000002	3.46471272671573	1125	10.0019741162834	23.598025883717
41	WGN45	17.3000000000001	3.46471272671569	1125	10.5019741162833	24.0980258837168
42	WGN45	16.0000000000002	3.46471272671571	1125	9.20197411628338	22.7980258837169
43	WGN45	21.1500000000003	3.46471272671574	1125	14.3519741162834	27.9480258837171
44	WGN45	18.2000000000002	3.46471272671573	1125	11.4019741162834	24.998025883717
45	WGN45	17.0500000000002	3.46471272671574	1125	10.2519741162833	23.848025883717
46	WGN45	17.9000000000001	3.4647127267157	1125	11.1019741162834	24.6980258837169
47	WGN45	10.1884991119008	4.90093149425674	1125	0.572504430615369	19.8044937931861
48	WGN45	20.2000000000002	3.46471272671571	1125	13.4019741162834	26.998025883717
49	WGN45	18.15	3.46471272671572	1125	11.3519741162832	24.9480258837168
50	WGN45	12.0000000000002	3.46471272671572	1125	5.20197411628339	18.798025883717
52	WGN45	12.5000000000002	3.46471272671573	1125	5.7019741162834	19.298025883717
53	WGN45	18.1000000000001	3.46471272671572	1125	11.3019741162833	24.8980258837169
54	WGN45	13.6000000000001	3.46471272671572	1125	6.80197411628334	20.3980258837169
55	WGN45	18.7500000000003	3.46471272671572	1125	11.9519741162835	25.5480258837171
56	WGN45	15.1000000000002	3.4647127267157	1125	8.3019741162834	21.8980258837169
57	WGN45	19.1000000000003	3.46471272671573	1125	12.3019741162834	25.8980258837171
58	WGN45	27.7000000000003	3.46471272671573	1125	20.9019741162835	34.4980258837171
59	WGN45	19.0000000000002	3.46471272671573	1125	12.2019741162834	25.798025883717
60	WGN45	15.2115008880996	4.90093149425678	1125	5.59550620681414	24.8274955693851
61	WGN45	12.2500000000002	3.46471272671571	1125	5.45197411628338	19.0480258837169
62	WGN45	18.8500000000002	3.46471272671574	1125	12.0519741162834	25.648025883717
64	WGN45	17.0000000000002	3.46471272671573	1125	10.2019741162834	23.798025883717
65	WGN45	16.3500000000001	3.4647127267157	1125	9.55197411628338	23.1480258837169
66	WGN45	14.5000000000002	3.46471272671572	1125	7.70197411628335	21.298025883717
67	WGN45	11.7884991119005	4.90093149425682	1125	2.172504430615	21.4044937931861
68	WGN45	15.5000000000002	3.46471272671571	1125	8.70197411628338	22.298025883717
69	WGN45	20.0000000000001	3.46471272671569	1125	13.2019741162834	26.7980258837168
70	WGN45	16.8115008880996	4.90093149425677	1125	7.19550620681417	26.4274955693851
71	WGN45	15.8500000000002	3.46471272671571	1125	9.05197411628338	22.6480258837169
72	WGN45	10.9000000000002	3.4647127267157	1125	4.1019741162834	17.6980258837169
73	WGN45	15.2115008880996	4.90093149425675	1125	5.59550620681421	24.827495569385
74	WGN45	15.6000000000002	3.46471272671573	1125	8.80197411628334	22.398025883717
75	WGN45	15.9000000000002	3.46471272671572	1125	9.10197411628343	22.698025883717
76	WGN45	20.85	3.46471272671569	1125	14.0519741162832	27.6480258837167
77	WGN45	15.5000000000002	3.4647127267157	1125	8.70197411628339	22.2980258837169
78	WGN45	16.1500000000001	3.46471272671572	1125	9.35197411628333	22.9480258837169
80	WGN45	29.1500000000002	3.46471272671572	1125	22.3519741162834	35.948025883717
81	WGN45	32.5500000000001	3.4647127267157	1125	25.7519741162833	39.3480258837169
82	WGN45	15.2500000000002	3.46471272671571	1125	8.4519741162834	22.048025883717
84	WGN45	19.8000000000001	3.46471272671569	1125	13.0019741162833	26.5980258837168
85	WGN45	16.2115008880997	4.9009314942568	1125	6.59550620681421	25.8274955693852
86	WGN45	21.6500000000002	3.46471272671571	1125	14.8519741162834	28.4480258837169
87	WGN45	12.2000000000002	3.46471272671572	1125	5.40197411628339	18.998025883717
88	WGN45	13.4000000000002	3.46471272671569	1125	6.60197411628344	20.1980258837169
89	WGN45	13.0000000000002	3.46471272671571	1125	6.20197411628342	19.798025883717
90	WGN45	16.4000000000001	3.4647127267157	1125	9.60197411628338	23.1980258837169
92	WGN45	22.4000000000001	3.4647127267157	1125	15.6019741162833	29.1980258837168
93	WGN45	13.6500000000002	3.46471272671571	1125	6.85197411628343	20.448025883717
94	WGN45	19.9000000000002	3.46471272671572	1125	13.1019741162834	26.698025883717
95	WGN45	22.8000000000002	3.4647127267157	1125	16.0019741162834	29.5980258837169
96	WGN45	19.0000000000002	3.46471272671571	1125	12.2019741162834	25.798025883717
98	WGN45	21.6000000000002	3.46471272671571	1125	14.8019741162834	28.3980258837169
99	WGN45	18.1884991119007	4.90093149425679	1125	8.57250443061521	27.8044937931862
100	WGN45	18.9500000000002	3.46471272671571	1125	12.1519741162834	25.748025883717
101	WGN45	20.2000000000002	3.46471272671571	1125	13.4019741162834	26.9980258837169
102	WGN45	16.9000000000002	3.46471272671572	1125	10.1019741162834	23.698025883717
103	WGN45	17.3115008880997	4.90093149425681	1125	7.69550620681413	26.9274955693852
104	WGN45	20.0500000000002	3.46471272671572	1125	13.2519741162834	26.848025883717
105	WGN45	18.9500000000002	3.46471272671571	1125	12.1519741162834	25.748025883717
106	WGN45	17.3500000000002	3.46471272671571	1125	10.5519741162834	24.148025883717
107	WGN45	24.0000000000001	3.4647127267157	1125	17.2019741162834	30.7980258837169
108	WGN45	15.6000000000002	3.46471272671571	1125	8.80197411628339	22.398025883717
109	WGN45	19.8000000000002	3.46471272671571	1125	13.0019741162834	26.5980258837169
110	WGN45	14.5500000000002	3.46471272671571	1125	7.75197411628341	21.348025883717
111	WGN45	22.6000000000002	3.46471272671571	1125	15.8019741162834	29.398025883717
112	WGN45	14.3000000000002	3.46471272671571	1125	7.5019741162834	21.098025883717
113	WGN45	15.1000000000002	3.46471272671571	1125	8.3019741162834	21.8980258837169
114	WGN45	18.1500000000002	3.46471272671571	1125	11.3519741162834	24.948025883717
115	WGN45	11.5000000000002	3.46471272671571	1125	4.70197411628339	18.298025883717
116	WGN45	16.4500000000002	3.46471272671571	1125	9.6519741162834	23.248025883717
117	WGN45	15.6000000000002	3.46471272671571	1125	8.80197411628339	22.398025883717
118	WGN45	24.3884991119008	4.9009314942568	1125	14.7725044306153	34.0044937931863
119	WGN45	14.7500000000002	3.46471272671571	1125	7.95197411628341	21.5480258837169
120	WGN45	15.7500000000002	3.46471272671572	1125	8.95197411628337	22.548025883717
121	WGN45	20.2500000000002	3.46471272671572	1125	13.4519741162834	27.0480258837169
122	WGN45	16.2000000000002	3.46471272671571	1125	9.40197411628341	22.998025883717
123	WGN45	15.2500000000002	3.46471272671572	1125	8.45197411628338	22.048025883717
124	WGN45	17.2000000000002	3.46471272671572	1125	10.4019741162834	23.998025883717
126	WGN45	30.2000000000002	3.46471272671571	1125	23.4019741162834	36.998025883717
127	WGN45	17.1000000000002	3.46471272671572	1125	10.3019741162834	23.898025883717
128	WGN45	12.4500000000002	3.46471272671572	1125	5.65197411628341	19.248025883717
129	WGN45	21.1000000000002	3.46471272671571	1125	14.3019741162834	27.898025883717
130	WGN45	6.98849911190074	4.90093149425679	1125	-2.62749556938475	16.6044937931862
1	WGN46	16.6500000000006	3.46471272671572	1125	9.85197411628384	23.4480258837174
2	WGN46	20.1000000000004	3.46471272671574	1125	13.3019741162836	26.8980258837173
3	WGN46	23.8000000000002	3.46471272671569	1125	17.0019741162835	30.598025883717
4	WGN46	19.1500000000002	3.46471272671571	1125	12.3519741162834	25.948025883717
6	WGN46	27.7884991119008	4.90093149425678	1125	18.1725044306154	37.4044937931863
7	WGN46	22.5500000000003	3.4647127267157	1125	15.7519741162835	29.348025883717
8	WGN46	20.6115008880996	4.9009314942568	1125	10.9955062068141	30.2274955693851
9	WGN46	20.0000000000003	3.46471272671576	1125	13.2019741162834	26.7980258837172
10	WGN46	45.6000000000004	3.46471272671573	1125	38.8019741162836	52.3980258837172
11	WGN46	18.5000000000001	3.46471272671564	1125	11.7019741162834	25.2980258837167
12	WGN46	22.9000000000003	3.46471272671571	1125	16.1019741162835	29.6980258837171
13	WGN46	22.3000000000004	3.46471272671571	1125	15.5019741162836	29.0980258837171
14	WGN46	32.8999999999999	3.46471272671566	1125	26.1019741162832	39.6980258837166
15	WGN46	19.0000000000005	3.46471272671573	1125	12.2019741162837	25.7980258837173
16	WGN46	20.5500000000003	3.46471272671569	1125	13.7519741162836	27.3480258837171
17	WGN46	25.4000000000003	3.4647127267157	1125	18.6019741162835	32.1980258837171
18	WGN46	16.9000000000003	3.46471272671568	1125	10.1019741162836	23.698025883717
19	WGN46	21.1000000000003	3.46471272671573	1125	14.3019741162835	27.8980258837171
20	WGN46	12.1884991119009	4.90093149425676	1125	2.57250443061542	21.8044937931863
21	WGN46	24.8115008880995	4.90093149425673	1125	15.1955062068142	34.4274955693849
22	WGN46	22.0000000000004	3.46471272671568	1125	15.2019741162837	28.7980258837171
23	WGN46	18.9000000000003	3.4647127267157	1125	12.1019741162835	25.6980258837171
24	WGN46	20.9500000000004	3.46471272671578	1125	14.1519741162835	27.7480258837173
25	WGN46	20.2000000000001	3.46471272671567	1125	13.4019741162834	26.9980258837168
26	WGN46	13.8500000000003	3.46471272671571	1125	7.0519741162835	20.6480258837171
27	WGN46	13.1884991119009	4.90093149425681	1125	3.57250443061533	22.8044937931864
28	WGN46	20.4000000000002	3.46471272671568	1125	13.6019741162835	27.1980258837169
29	WGN46	21.6000000000004	3.46471272671575	1125	14.8019741162836	28.3980258837173
30	WGN46	19.2500000000004	3.46471272671575	1125	12.4519741162835	26.0480258837172
31	WGN46	9.50000000000026	3.46471272671573	1125	2.70197411628344	16.2980258837171
32	WGN46	21.5000000000002	3.4647127267157	1125	14.7019741162835	28.298025883717
33	WGN46	15.6000000000004	3.4647127267157	1125	8.80197411628359	22.3980258837171
34	WGN46	18.5500000000003	3.46471272671573	1125	11.7519741162835	25.3480258837171
36	WGN46	18.0000000000003	3.46471272671574	1125	11.2019741162835	24.7980258837171
37	WGN46	21.9000000000004	3.46471272671574	1125	15.1019741162835	28.6980258837172
38	WGN46	25.3000000000003	3.46471272671572	1125	18.5019741162835	32.0980258837171
39	WGN46	14.5000000000003	3.46471272671575	1125	7.70197411628344	21.2980258837171
40	WGN46	21.8000000000002	3.46471272671569	1125	15.0019741162835	28.598025883717
41	WGN46	22.0000000000003	3.46471272671572	1125	15.2019741162835	28.7980258837171
42	WGN46	23.2500000000002	3.4647127267157	1125	16.4519741162835	30.048025883717
43	WGN46	17.5000000000003	3.46471272671568	1125	10.7019741162835	24.298025883717
44	WGN46	13.9000000000003	3.46471272671571	1125	7.1019741162835	20.6980258837171
45	WGN46	20.4500000000004	3.46471272671573	1125	13.6519741162835	27.2480258837172
46	WGN46	20.6000000000003	3.46471272671573	1125	13.8019741162835	27.3980258837172
47	WGN46	26.4000000000001	3.46471272671569	1125	19.6019741162834	33.1980258837169
48	WGN46	14.4000000000003	3.46471272671571	1125	7.60197411628351	21.1980258837171
49	WGN46	16.8000000000002	3.46471272671574	1125	10.0019741162834	23.5980258837171
50	WGN46	21.6000000000004	3.46471272671574	1125	14.8019741162836	28.3980258837172
52	WGN46	18.4500000000003	3.46471272671574	1125	11.6519741162835	25.2480258837171
53	WGN46	16.8000000000003	3.4647127267157	1125	10.0019741162835	23.598025883717
54	WGN46	15.8000000000003	3.4647127267157	1125	9.00197411628357	22.5980258837171
55	WGN46	19.1884991119008	4.90093149425678	1125	9.57250443061536	28.8044937931863
56	WGN46	17.3000000000003	3.46471272671573	1125	10.5019741162835	24.0980258837172
57	WGN46	27.5000000000001	3.46471272671569	1125	20.7019741162834	34.2980258837169
58	WGN46	22.7000000000003	3.46471272671572	1125	15.9019741162835	29.4980258837171
59	WGN46	19.8000000000003	3.46471272671573	1125	13.0019741162835	26.5980258837171
60	WGN46	25.7000000000003	3.46471272671571	1125	18.9019741162835	32.4980258837171
61	WGN46	26.8500000000001	3.46471272671569	1125	20.0519741162834	33.6480258837169
62	WGN46	21.1000000000003	3.46471272671572	1125	14.3019741162835	27.8980258837171
63	WGN46	17.5500000000003	3.46471272671569	1125	10.7519741162835	24.348025883717
64	WGN46	20.7500000000004	3.46471272671573	1125	13.9519741162836	27.5480258837172
65	WGN46	21.0000000000003	3.46471272671571	1125	14.2019741162835	27.7980258837171
66	WGN46	19.2000000000002	3.4647127267157	1125	12.4019741162834	25.998025883717
67	WGN46	21.6000000000003	3.46471272671572	1125	14.8019741162835	28.3980258837171
68	WGN46	16.6000000000003	3.46471272671572	1125	9.80197411628348	23.3980258837171
69	WGN46	21.3500000000003	3.46471272671571	1125	14.5519741162835	28.1480258837171
70	WGN46	25.2000000000003	3.46471272671571	1125	18.4019741162835	31.9980258837171
71	WGN46	24.0000000000004	3.46471272671574	1125	17.2019741162835	30.7980258837172
72	WGN46	30.0000000000003	3.46471272671571	1125	23.2019741162835	36.7980258837171
73	WGN46	12.2000000000003	3.46471272671571	1125	5.40197411628349	18.998025883717
74	WGN46	24.1500000000003	3.46471272671573	1125	17.3519741162835	30.9480258837172
75	WGN46	17.1000000000003	3.4647127267157	1125	10.3019741162835	23.8980258837171
76	WGN46	20.0000000000003	3.46471272671572	1125	13.2019741162835	26.7980258837171
78	WGN46	24.0500000000002	3.4647127267157	1125	17.2519741162835	30.848025883717
79	WGN46	28.2000000000003	3.46471272671571	1125	21.4019741162835	34.9980258837171
80	WGN46	16.6000000000003	3.46471272671571	1125	9.80197411628353	23.3980258837171
81	WGN46	22.0000000000002	3.4647127267157	1125	15.2019741162835	28.798025883717
82	WGN46	13.5000000000003	3.46471272671571	1125	6.7019741162835	20.2980258837171
83	WGN46	19.2000000000003	3.4647127267157	1125	12.4019741162835	25.998025883717
84	WGN46	18.4000000000003	3.46471272671569	1125	11.6019741162835	25.198025883717
85	WGN46	22.0000000000002	3.4647127267157	1125	15.2019741162834	28.7980258837169
86	WGN46	21.0000000000002	3.46471272671571	1125	14.2019741162835	27.798025883717
87	WGN46	18.5000000000003	3.46471272671571	1125	11.7019741162835	25.298025883717
88	WGN46	23.4500000000002	3.46471272671571	1125	16.6519741162835	30.248025883717
89	WGN46	21.5000000000003	3.4647127267157	1125	14.7019741162835	28.2980258837171
90	WGN46	15.8000000000003	3.46471272671571	1125	9.00197411628352	22.5980258837171
91	WGN46	28.7000000000003	3.46471272671571	1125	21.9019741162835	35.498025883717
92	WGN46	16.8500000000003	3.46471272671571	1125	10.0519741162835	23.6480258837171
93	WGN46	25.1000000000003	3.46471272671572	1125	18.3019741162835	31.8980258837171
94	WGN46	17.3000000000003	3.46471272671573	1125	10.5019741162835	24.0980258837171
95	WGN46	23.2500000000003	3.46471272671571	1125	16.4519741162835	30.0480258837171
96	WGN46	19.5000000000003	3.46471272671573	1125	12.7019741162835	26.2980258837171
98	WGN46	47.5000000000003	3.46471272671571	1125	40.7019741162835	54.2980258837171
100	WGN46	15.1115008880997	4.90093149425676	1125	5.49550620681433	24.7274955693852
101	WGN46	17.3500000000003	3.46471272671571	1125	10.5519741162835	24.1480258837171
102	WGN46	22.1500000000003	3.46471272671571	1125	15.3519741162835	28.9480258837171
103	WGN46	19.4000000000003	3.46471272671572	1125	12.6019741162835	26.1980258837171
104	WGN46	15.3000000000003	3.46471272671571	1125	8.50197411628351	22.0980258837171
106	WGN46	13.0000000000003	3.46471272671572	1125	6.20197411628347	19.7980258837171
107	WGN46	24.9000000000003	3.46471272671571	1125	18.1019741162835	31.6980258837171
108	WGN46	17.1500000000003	3.46471272671572	1125	10.3519741162835	23.9480258837171
109	WGN46	13.6500000000003	3.46471272671572	1125	6.85197411628353	20.4480258837171
110	WGN46	17.0000000000003	3.46471272671572	1125	10.2019741162835	23.7980258837171
111	WGN46	12.0000000000003	3.46471272671572	1125	5.2019741162835	18.7980258837171
112	WGN46	21.5000000000003	3.46471272671571	1125	14.7019741162835	28.2980258837171
113	WGN46	15.0000000000003	3.46471272671571	1125	8.20197411628353	21.7980258837171
114	WGN46	18.2000000000003	3.46471272671572	1125	11.4019741162835	24.9980258837171
115	WGN46	20.5000000000003	3.46471272671572	1125	13.7019741162835	27.2980258837171
116	WGN46	22.6000000000003	3.46471272671572	1125	15.8019741162835	29.3980258837171
117	WGN46	21.6500000000003	3.46471272671571	1125	14.8519741162835	28.4480258837171
118	WGN46	16.8500000000003	3.46471272671572	1125	10.0519741162835	23.6480258837171
119	WGN46	21.6000000000003	3.46471272671571	1125	14.8019741162835	28.3980258837171
120	WGN46	12.4000000000003	3.46471272671571	1125	5.60197411628352	19.1980258837171
121	WGN46	21.3000000000003	3.46471272671571	1125	14.5019741162835	28.0980258837171
122	WGN46	17.0000000000003	3.46471272671571	1125	10.2019741162835	23.7980258837171
123	WGN46	31.4000000000003	3.46471272671572	1125	24.6019741162835	38.1980258837171
124	WGN46	10.8000000000003	3.46471272671572	1125	4.00197411628351	17.5980258837171
125	WGN46	16.0000000000003	3.46471272671571	1125	9.20197411628351	22.7980258837171
126	WGN46	20.2000000000003	3.46471272671571	1125	13.4019741162835	26.9980258837171
127	WGN46	16.0000000000003	3.46471272671571	1125	9.20197411628352	22.7980258837171
128	WGN46	22.9500000000003	3.46471272671571	1125	16.1519741162835	29.7480258837171
129	WGN46	13.8500000000003	3.46471272671571	1125	7.05197411628351	20.6480258837171
130	WGN46	15.1000000000003	3.46471272671571	1125	8.30197411628352	21.8980258837171
1	WGN55	10.9	3.4647127267157	1125	4.10197411628324	17.6980258837167
2	WGN55	11.0500000000001	3.4647127267157	1125	4.25197411628329	17.8480258837168
3	WGN55	10.7000000000001	3.4647127267157	1125	3.90197411628338	17.4980258837169
4	WGN55	17.3500000000002	3.46471272671572	1125	10.5519741162834	24.148025883717
5	WGN55	15.9000000000003	3.46471272671574	1125	9.10197411628348	22.6980258837172
6	WGN55	20.4000000000003	3.46471272671573	1125	13.6019741162835	27.1980258837171
7	WGN55	10.6000000000002	3.46471272671572	1125	3.80197411628338	17.398025883717
8	WGN55	15.6000000000001	3.46471272671573	1125	8.80197411628329	22.3980258837169
9	WGN55	15.3000000000001	3.46471272671573	1125	8.5019741162833	22.0980258837169
10	WGN55	18.1500000000001	3.46471272671572	1125	11.3519741162833	24.9480258837169
11	WGN55	16.2500000000001	3.46471272671571	1125	9.45197411628332	23.0480258837169
12	WGN55	16.5000000000003	3.46471272671574	1125	9.70197411628343	23.2980258837171
13	WGN55	17.1000000000001	3.4647127267157	1125	10.3019741162833	23.8980258837168
14	WGN55	14.4	3.4647127267157	1125	7.60197411628324	21.1980258837168
15	WGN55	16.2	3.46471272671572	1125	9.40197411628324	22.9980258837168
16	WGN55	12.3000000000001	3.4647127267157	1125	5.50197411628335	19.0980258837169
17	WGN55	15.25	3.46471272671569	1125	8.45197411628329	22.0480258837168
18	WGN55	15	3.4647127267157	1125	8.20197411628328	21.7980258837168
19	WGN55	17.0000000000002	3.46471272671572	1125	10.2019741162834	23.798025883717
20	WGN55	12.7500000000002	3.4647127267157	1125	5.95197411628344	19.548025883717
21	WGN55	19.8000000000003	3.46471272671574	1125	13.0019741162834	26.5980258837171
22	WGN55	15.9000000000001	3.4647127267157	1125	9.10197411628337	22.6980258837169
23	WGN55	22.8999999999998	3.46471272671567	1125	16.1019741162831	29.6980258837165
24	WGN55	11.6500000000001	3.46471272671572	1125	4.8519741162833	18.4480258837169
25	WGN55	23.4500000000002	3.46471272671572	1125	16.6519741162834	30.248025883717
26	WGN55	16.2500000000002	3.46471272671569	1125	9.45197411628343	23.0480258837169
27	WGN55	16.0000000000002	3.46471272671569	1125	9.20197411628343	22.7980258837169
28	WGN55	15.2000000000001	3.4647127267157	1125	8.40197411628337	21.9980258837169
29	WGN55	14.1000000000001	3.46471272671573	1125	7.3019741162833	20.8980258837169
30	WGN55	19.2	3.4647127267157	1125	12.4019741162832	25.9980258837167
31	WGN55	14.5000000000001	3.46471272671569	1125	7.70197411628338	21.2980258837169
32	WGN55	21.0000000000001	3.46471272671572	1125	14.2019741162833	27.7980258837169
33	WGN55	22.4500000000001	3.46471272671571	1125	15.6519741162833	29.2480258837169
34	WGN55	13.55	3.46471272671572	1125	6.75197411628315	20.3480258837168
35	WGN55	15.7	3.4647127267157	1125	8.90197411628326	22.4980258837168
36	WGN55	23.65	3.4647127267157	1125	16.8519741162833	30.4480258837168
37	WGN55	16.7000000000003	3.46471272671574	1125	9.90197411628349	23.4980258837171
38	WGN55	17.7000000000002	3.4647127267157	1125	10.9019741162834	24.4980258837169
40	WGN55	18.8500000000003	3.46471272671573	1125	12.0519741162834	25.6480258837171
41	WGN55	18.9999999999999	3.4647127267157	1125	12.2019741162832	25.7980258837167
42	WGN55	13.8000000000001	3.46471272671572	1125	7.00197411628328	20.5980258837169
43	WGN55	17.1000000000001	3.46471272671572	1125	10.3019741162833	23.8980258837169
44	WGN55	13.7500000000002	3.46471272671573	1125	6.95197411628338	20.548025883717
45	WGN55	13.0500000000002	3.46471272671572	1125	6.25197411628338	19.848025883717
46	WGN55	21.9884991119008	4.90093149425681	1125	12.3725044306152	31.6044937931863
47	WGN55	16.6000000000003	3.46471272671574	1125	9.80197411628343	23.3980258837171
48	WGN55	15.3	3.4647127267157	1125	8.50197411628328	22.0980258837168
49	WGN55	15.8	3.46471272671571	1125	9.00197411628322	22.5980258837168
50	WGN55	18.5000000000001	3.4647127267157	1125	11.7019741162834	25.2980258837169
52	WGN55	14.3500000000001	3.46471272671569	1125	7.55197411628336	21.1480258837168
53	WGN55	12.4000000000002	3.4647127267157	1125	5.60197411628346	19.198025883717
54	WGN55	11.6000000000001	3.46471272671572	1125	4.80197411628334	18.3980258837169
55	WGN55	19.5000000000002	3.46471272671573	1125	12.7019741162834	26.2980258837171
56	WGN55	19.8000000000004	3.46471272671573	1125	13.0019741162836	26.5980258837172
57	WGN55	13.8115008880996	4.9009314942568	1125	4.19550620681414	23.4274955693852
58	WGN55	17.9500000000002	3.46471272671573	1125	11.1519741162834	24.748025883717
59	WGN55	15.2000000000002	3.46471272671573	1125	8.40197411628341	21.998025883717
60	WGN55	23.1000000000002	3.4647127267157	1125	16.3019741162834	29.8980258837169
61	WGN55	9.40000000000012	3.46471272671573	1125	2.60197411628331	16.1980258837169
62	WGN55	13.5000000000002	3.46471272671573	1125	6.70197411628342	20.298025883717
63	WGN55	19.2500000000002	3.46471272671572	1125	12.4519741162834	26.048025883717
64	WGN55	14.8500000000001	3.46471272671571	1125	8.05197411628336	21.6480258837169
65	WGN55	16.0000000000002	3.46471272671572	1125	9.20197411628335	22.798025883717
66	WGN55	12.8000000000002	3.46471272671571	1125	6.00197411628339	19.5980258837169
67	WGN55	11.7884991119008	4.90093149425676	1125	2.17250443061533	21.4044937931862
68	WGN55	13.0000000000002	3.46471272671571	1125	6.20197411628341	19.798025883717
69	WGN55	9.15000000000015	3.46471272671571	1125	2.35197411628337	15.9480258837169
70	WGN55	11.6000000000001	3.46471272671572	1125	4.80197411628333	18.3980258837169
71	WGN55	17.2500000000002	3.46471272671573	1125	10.4519741162834	24.0480258837171
72	WGN55	12.9500000000001	3.4647127267157	1125	6.15197411628338	19.7480258837169
73	WGN55	12.4500000000002	3.46471272671572	1125	5.65197411628335	19.248025883717
74	WGN55	14.8000000000001	3.46471272671569	1125	8.0019741162834	21.5980258837169
75	WGN55	18.6500000000003	3.46471272671574	1125	11.8519741162834	25.4480258837171
76	WGN55	19.0000000000001	3.46471272671569	1125	12.2019741162833	25.7980258837168
77	WGN55	14.1884991119007	4.90093149425676	1125	4.57250443061528	23.8044937931862
78	WGN55	15.2500000000002	3.46471272671574	1125	8.45197411628335	22.048025883717
80	WGN55	24.0000000000003	3.46471272671574	1125	17.2019741162835	30.7980258837171
81	WGN55	14.3500000000002	3.46471272671571	1125	7.55197411628338	21.1480258837169
82	WGN55	14.5000000000002	3.46471272671572	1125	7.70197411628337	21.298025883717
83	WGN55	5.55000000000013	3.46471272671572	1125	-1.24802588371667	12.3480258837169
84	WGN55	14.0500000000002	3.46471272671573	1125	7.25197411628337	20.848025883717
85	WGN55	20.7500000000001	3.4647127267157	1125	13.9519741162833	27.5480258837169
86	WGN55	12.9500000000001	3.46471272671572	1125	6.15197411628331	19.7480258837169
87	WGN55	18.8000000000003	3.46471272671573	1125	12.0019741162834	25.5980258837171
88	WGN55	7.95000000000019	3.46471272671571	1125	1.15197411628342	14.748025883717
89	WGN55	20.8000000000002	3.46471272671572	1125	14.0019741162834	27.598025883717
90	WGN55	17.9500000000002	3.46471272671572	1125	11.1519741162834	24.748025883717
91	WGN55	18.0000000000001	3.46471272671571	1125	11.2019741162834	24.7980258837169
92	WGN55	18.3000000000002	3.46471272671572	1125	11.5019741162834	25.0980258837169
93	WGN55	12.4000000000002	3.46471272671572	1125	5.60197411628336	19.198025883717
94	WGN55	14.3500000000002	3.46471272671573	1125	7.55197411628336	21.148025883717
95	WGN55	23.8500000000002	3.46471272671571	1125	17.0519741162834	30.6480258837169
96	WGN55	17.6000000000002	3.46471272671572	1125	10.8019741162834	24.398025883717
97	WGN55	17.5000000000002	3.46471272671571	1125	10.7019741162834	24.2980258837169
98	WGN55	15.2000000000001	3.46471272671571	1125	8.40197411628336	21.9980258837169
99	WGN55	11.2000000000002	3.46471272671573	1125	4.40197411628337	17.998025883717
100	WGN55	18.0500000000002	3.46471272671572	1125	11.2519741162834	24.848025883717
101	WGN55	12.9500000000002	3.46471272671572	1125	6.15197411628338	19.748025883717
102	WGN55	23.5000000000001	3.46471272671571	1125	16.7019741162834	30.2980258837169
103	WGN55	20.2500000000001	3.46471272671571	1125	13.4519741162833	27.0480258837169
104	WGN55	20.8000000000002	3.46471272671572	1125	14.0019741162834	27.598025883717
105	WGN55	12.0500000000002	3.46471272671572	1125	5.25197411628336	18.8480258837169
106	WGN55	19.0500000000002	3.46471272671572	1125	12.2519741162834	25.848025883717
107	WGN55	12.0000000000001	3.46471272671572	1125	5.20197411628335	18.7980258837169
108	WGN55	14.8500000000002	3.46471272671572	1125	8.05197411628338	21.648025883717
109	WGN55	19.1000000000001	3.46471272671571	1125	12.3019741162834	25.8980258837169
110	WGN55	15.2000000000002	3.46471272671571	1125	8.40197411628338	21.9980258837169
111	WGN55	20.9000000000002	3.46471272671572	1125	14.1019741162834	27.698025883717
112	WGN55	10.9000000000002	3.46471272671572	1125	4.10197411628338	17.698025883717
113	WGN55	17.3000000000002	3.46471272671572	1125	10.5019741162834	24.098025883717
114	WGN55	20.9000000000002	3.46471272671572	1125	14.1019741162834	27.698025883717
115	WGN55	10.7500000000002	3.46471272671572	1125	3.95197411628336	17.548025883717
116	WGN55	17.6500000000002	3.46471272671572	1125	10.8519741162834	24.448025883717
117	WGN55	11.7000000000001	3.46471272671571	1125	4.90197411628336	18.4980258837169
118	WGN55	26.2000000000001	3.46471272671572	1125	19.4019741162833	32.9980258837169
119	WGN55	22.0000000000002	3.46471272671572	1125	15.2019741162834	28.798025883717
120	WGN55	20.0884991119007	4.90093149425679	1125	10.4725044306152	29.7044937931862
121	WGN55	16.1500000000002	3.46471272671572	1125	9.35197411628337	22.9480258837169
122	WGN55	22.8000000000002	3.46471272671572	1125	16.0019741162834	29.598025883717
123	WGN55	22.5500000000002	3.46471272671572	1125	15.7519741162834	29.348025883717
124	WGN55	22.6000000000002	3.46471272671572	1125	15.8019741162834	29.398025883717
125	WGN55	12.4000000000002	3.46471272671572	1125	5.60197411628338	19.198025883717
126	WGN55	20.4000000000002	3.46471272671572	1125	13.6019741162834	27.198025883717
128	WGN55	18.6000000000002	3.46471272671572	1125	11.8019741162834	25.398025883717
129	WGN55	22.5500000000001	3.46471272671572	1125	15.7519741162834	29.3480258837169
130	WGN55	14.8000000000002	3.46471272671572	1125	8.00197411628337	21.598025883717
1	WGN63	17.6000000000004	3.46471272671571	1125	10.8019741162836	24.3980258837172
2	WGN63	17.5500000000003	3.46471272671571	1125	10.7519741162835	24.348025883717
3	WGN63	17.8500000000002	3.46471272671572	1125	11.0519741162834	24.6480258837171
4	WGN63	25.4500000000003	3.46471272671572	1125	18.6519741162835	32.2480258837171
5	WGN63	13.9500000000002	3.46471272671571	1125	7.15197411628338	20.7480258837169
6	WGN63	18.2000000000002	3.46471272671574	1125	11.4019741162834	24.9980258837171
7	WGN63	20.5500000000002	3.46471272671574	1125	13.7519741162834	27.348025883717
8	WGN63	17.7000000000002	3.46471272671573	1125	10.9019741162834	24.498025883717
9	WGN63	16.6500000000001	3.46471272671574	1125	9.85197411628329	23.4480258837169
10	WGN63	15.7500000000001	3.46471272671571	1125	8.95197411628335	22.5480258837169
12	WGN63	13.4000000000003	3.46471272671573	1125	6.60197411628349	20.1980258837171
13	WGN63	37.9500000000002	3.46471272671572	1125	31.1519741162834	44.748025883717
14	WGN63	12.3500000000003	3.46471272671572	1125	5.55197411628349	19.1480258837171
16	WGN63	13.05	3.46471272671575	1125	6.25197411628319	19.8480258837169
17	WGN63	25.5000000000003	3.46471272671573	1125	18.7019741162834	32.2980258837171
18	WGN63	18.5500000000002	3.46471272671574	1125	11.7519741162833	25.348025883717
19	WGN63	14.3000000000002	3.46471272671572	1125	7.50197411628341	21.098025883717
20	WGN63	15.9499999999999	3.4647127267157	1125	9.15197411628311	22.7480258837166
21	WGN63	15.3000000000002	3.4647127267157	1125	8.50197411628346	22.098025883717
22	WGN63	24.6500000000002	3.46471272671573	1125	17.8519741162834	31.448025883717
23	WGN63	23.1500000000003	3.46471272671573	1125	16.3519741162835	29.9480258837171
24	WGN63	12.4000000000002	3.46471272671573	1125	5.60197411628336	19.198025883717
25	WGN63	13.9500000000002	3.46471272671572	1125	7.15197411628342	20.748025883717
26	WGN63	14.6500000000001	3.46471272671573	1125	7.85197411628325	21.4480258837169
27	WGN63	22.5000000000002	3.46471272671572	1125	15.7019741162834	29.298025883717
28	WGN63	13.8500000000002	3.46471272671573	1125	7.05197411628334	20.648025883717
29	WGN63	27.5000000000003	3.46471272671573	1125	20.7019741162835	34.2980258837171
30	WGN63	16.5000000000002	3.46471272671572	1125	9.70197411628342	23.298025883717
31	WGN63	11.7000000000003	3.46471272671572	1125	4.90197411628348	18.4980258837171
32	WGN63	14.6500000000002	3.46471272671571	1125	7.85197411628339	21.448025883717
33	WGN63	18.4000000000002	3.46471272671569	1125	11.6019741162834	25.1980258837169
34	WGN63	18.7000000000001	3.46471272671571	1125	11.9019741162834	25.4980258837169
35	WGN63	21.4500000000003	3.46471272671573	1125	14.6519741162835	28.2480258837171
36	WGN63	13.7000000000002	3.46471272671571	1125	6.90197411628342	20.498025883717
37	WGN63	28.8500000000002	3.46471272671572	1125	22.0519741162834	35.648025883717
38	WGN63	25.1884991119008	4.90093149425677	1125	15.5725044306153	34.8044937931863
39	WGN63	20.0884991119007	4.90093149425679	1125	10.4725044306152	29.7044937931862
40	WGN63	12.7500000000001	3.46471272671572	1125	5.9519741162833	19.5480258837169
41	WGN63	17.5000000000002	3.46471272671573	1125	10.7019741162834	24.2980258837171
42	WGN63	16.6500000000002	3.46471272671573	1125	9.85197411628334	23.448025883717
43	WGN63	10.8000000000003	3.46471272671571	1125	4.00197411628348	17.598025883717
44	WGN63	14.3000000000002	3.4647127267157	1125	7.50197411628344	21.098025883717
45	WGN63	14.2500000000001	3.46471272671573	1125	7.45197411628331	21.0480258837169
46	WGN63	17.3000000000002	3.46471272671572	1125	10.5019741162834	24.098025883717
47	WGN63	18.0000000000002	3.46471272671571	1125	11.2019741162834	24.7980258837169
48	WGN63	16.4000000000002	3.46471272671572	1125	9.60197411628345	23.198025883717
49	WGN63	19.4500000000002	3.46471272671573	1125	12.6519741162834	26.248025883717
50	WGN63	14.8500000000002	3.46471272671573	1125	8.05197411628337	21.648025883717
51	WGN63	26.4000000000001	3.4647127267157	1125	19.6019741162834	33.1980258837169
52	WGN63	23.1000000000002	3.46471272671571	1125	16.3019741162834	29.898025883717
53	WGN63	16.4000000000002	3.46471272671572	1125	9.60197411628342	23.198025883717
54	WGN63	21.1000000000002	3.46471272671572	1125	14.3019741162834	27.898025883717
55	WGN63	14.5000000000002	3.46471272671573	1125	7.70197411628336	21.298025883717
56	WGN63	13.4000000000002	3.46471272671573	1125	6.60197411628337	20.198025883717
57	WGN63	23.1000000000002	3.46471272671571	1125	16.3019741162834	29.8980258837169
58	WGN63	16.7500000000002	3.46471272671571	1125	9.95197411628343	23.548025883717
59	WGN63	13.0500000000002	3.46471272671572	1125	6.25197411628339	19.848025883717
60	WGN63	16.2000000000002	3.46471272671571	1125	9.40197411628345	22.998025883717
61	WGN63	26.4000000000003	3.46471272671573	1125	19.6019741162834	33.1980258837171
62	WGN63	22.7500000000002	3.46471272671572	1125	15.9519741162834	29.548025883717
63	WGN63	26.1115008880996	4.90093149425678	1125	16.4955062068142	35.7274955693851
64	WGN63	8.55000000000009	3.46471272671574	1125	1.75197411628325	15.3480258837169
65	WGN63	19.0000000000002	3.46471272671573	1125	12.2019741162834	25.798025883717
66	WGN63	11.4500000000003	3.4647127267157	1125	4.65197411628355	18.2480258837171
67	WGN63	13.5000000000002	3.46471272671572	1125	6.70197411628341	20.298025883717
68	WGN63	15.3500000000002	3.46471272671573	1125	8.5519741162834	22.148025883717
69	WGN63	21.0000000000002	3.46471272671573	1125	14.2019741162834	27.798025883717
70	WGN63	23.5000000000002	3.46471272671571	1125	16.7019741162834	30.298025883717
72	WGN63	20.6500000000002	3.46471272671572	1125	13.8519741162834	27.448025883717
73	WGN63	17.5000000000002	3.46471272671571	1125	10.7019741162834	24.298025883717
74	WGN63	16.3000000000002	3.46471272671572	1125	9.50197411628341	23.098025883717
75	WGN63	15.7500000000002	3.46471272671572	1125	8.95197411628344	22.548025883717
76	WGN63	12.4500000000002	3.46471272671572	1125	5.65197411628338	19.248025883717
77	WGN63	12.9000000000002	3.46471272671572	1125	6.10197411628343	19.698025883717
78	WGN63	20.5500000000002	3.46471272671573	1125	13.7519741162834	27.348025883717
79	WGN63	12.6000000000002	3.46471272671571	1125	5.80197411628347	19.398025883717
80	WGN63	8.00000000000024	3.46471272671571	1125	1.20197411628346	14.798025883717
81	WGN63	12.7500000000002	3.46471272671572	1125	5.95197411628342	19.548025883717
82	WGN63	12.3500000000002	3.46471272671573	1125	5.55197411628338	19.148025883717
83	WGN63	23.1000000000002	3.46471272671572	1125	16.3019741162834	29.898025883717
84	WGN63	16.5000000000002	3.46471272671573	1125	9.70197411628339	23.298025883717
85	WGN63	26.4000000000002	3.46471272671572	1125	19.6019741162834	33.198025883717
86	WGN63	13.7000000000002	3.46471272671571	1125	6.90197411628344	20.498025883717
87	WGN63	13.0500000000002	3.46471272671571	1125	6.25197411628348	19.848025883717
88	WGN63	18.5000000000002	3.46471272671571	1125	11.7019741162834	25.298025883717
89	WGN63	13.9500000000002	3.46471272671572	1125	7.15197411628341	20.748025883717
90	WGN63	12.7884991119008	4.90093149425678	1125	3.17250443061532	22.4044937931863
91	WGN63	16.9500000000002	3.46471272671572	1125	10.1519741162834	23.748025883717
92	WGN63	18.7000000000002	3.46471272671572	1125	11.9019741162834	25.498025883717
93	WGN63	18.4500000000002	3.46471272671572	1125	11.6519741162834	25.248025883717
94	WGN63	19.5000000000002	3.46471272671572	1125	12.7019741162834	26.298025883717
95	WGN63	17.1000000000002	3.46471272671571	1125	10.3019741162834	23.898025883717
96	WGN63	16.6500000000002	3.46471272671571	1125	9.85197411628343	23.448025883717
97	WGN63	22.6500000000002	3.46471272671572	1125	15.8519741162834	29.448025883717
98	WGN63	22.8115008880997	4.90093149425679	1125	13.1955062068142	32.4274955693852
99	WGN63	33.0115008880997	4.90093149425678	1125	23.3955062068142	42.6274955693852
100	WGN63	14.5000000000002	3.46471272671572	1125	7.70197411628341	21.298025883717
101	WGN63	17.8115008880996	4.90093149425679	1125	8.19550620681415	27.4274955693851
102	WGN63	14.4000000000002	3.46471272671572	1125	7.6019741162834	21.198025883717
103	WGN63	14.2500000000002	3.46471272671572	1125	7.45197411628339	21.048025883717
105	WGN63	14.4000000000002	3.46471272671571	1125	7.60197411628342	21.198025883717
106	WGN63	14.2000000000002	3.46471272671572	1125	7.40197411628341	20.998025883717
107	WGN63	13.3000000000002	3.46471272671572	1125	6.50197411628339	20.098025883717
109	WGN63	10.8000000000002	3.46471272671571	1125	4.00197411628342	17.598025883717
110	WGN63	30.3884991119008	4.90093149425678	1125	20.7725044306153	40.0044937931863
111	WGN63	23.6500000000002	3.46471272671571	1125	16.8519741162834	30.448025883717
112	WGN63	16.2000000000002	3.46471272671572	1125	9.40197411628341	22.998025883717
114	WGN63	19.0000000000002	3.46471272671572	1125	12.2019741162834	25.798025883717
115	WGN63	13.5500000000002	3.46471272671572	1125	6.75197411628343	20.348025883717
116	WGN63	17.5000000000002	3.46471272671572	1125	10.7019741162834	24.298025883717
117	WGN63	13.0000000000002	3.46471272671571	1125	6.20197411628342	19.798025883717
118	WGN63	16.2000000000002	3.46471272671572	1125	9.40197411628341	22.998025883717
119	WGN63	19.3000000000002	3.46471272671572	1125	12.5019741162834	26.098025883717
121	WGN63	20.4500000000002	3.46471272671572	1125	13.6519741162834	27.248025883717
122	WGN63	13.4000000000002	3.46471272671572	1125	6.60197411628341	20.198025883717
123	WGN63	19.8000000000002	3.46471272671571	1125	13.0019741162834	26.598025883717
124	WGN63	14.7500000000002	3.46471272671571	1125	7.95197411628342	21.548025883717
125	WGN63	14.4884991119007	4.90093149425679	1125	4.87250443061527	24.1044937931862
126	WGN63	15.6000000000002	3.46471272671572	1125	8.80197411628341	22.398025883717
127	WGN63	21.3000000000002	3.46471272671572	1125	14.5019741162834	28.098025883717
128	WGN63	18.5000000000002	3.46471272671572	1125	11.7019741162834	25.298025883717
129	WGN63	16.0500000000002	3.46471272671572	1125	9.25197411628341	22.848025883717
130	WGN63	18.0000000000002	3.46471272671572	1125	11.2019741162834	24.798025883717
