plantID3	famID	emmean	SE	df	lower.CL	upper.CL
1	WGN07	6.81899229176106	0.818588130533822	1141	5.21288532203213	8.42509926149
2	WGN07	8.14173550745799	0.818588130533644	1141	6.5356285377294	9.74784247718658
3	WGN07	5.67944947177049	0.818588130533782	1141	4.07334250204163	7.28555644149934
4	WGN07	4.35284066028697	0.818588130533766	1141	2.74673369055815	5.9589476300158
5	WGN07	10.4044098418772	0.81858813053374	1141	8.79830287214839	12.0105168116059
6	WGN07	6.49357379748264	0.818588130533723	1141	4.8874668277539	8.09968076721139
7	WGN07	6.84057287393422	0.818588130533729	1141	5.23446590420547	8.44667984366298
8	WGN07	6.59496692104046	0.818588130533726	1141	4.98885995131171	8.20107389076921
9	WGN07	10.4041035256238	0.818588130533725	1141	8.79799655589505	12.0102104953525
10	WGN07	4.49535804129924	0.818588130533719	1141	2.88925107157051	6.10146501102797
11	WGN07	9.54658173754587	0.818588130533755	1141	7.94047476781707	11.1526887072747
12	WGN07	7.23269099286572	0.818588130533731	1141	5.62658402313696	8.83879796259447
13	WGN07	5.38658914506092	0.818588130533734	1141	3.78048217533216	6.99269611478968
14	WGN07	12.6071115760757	0.818588130533719	1141	11.001004606347	14.2132185458045
15	WGN07	6.4935737974826	0.818588130533721	1141	4.88746682775387	8.09968076721134
16	WGN07	7.46201939482141	0.818588130533741	1141	5.85591242509264	9.06812636455019
17	WGN07	7.63380567868194	0.818588130533722	1141	6.0276987089532	9.23991264841068
18	WGN07	7.19469319660814	0.818588130533718	1141	5.58858622687941	8.80080016633687
20	WGN07	3.7936036203777	0.818588130533727	1141	2.18749665064895	5.39971059010645
21	WGN07	9.73582876134077	0.818588130533739	1141	8.12972179161199	11.3419357310695
22	WGN07	8.83157940235405	0.818588130533735	1141	7.22547243262528	10.4376863720828
23	WGN07	10.4562457571912	0.818588130533721	1141	8.85013878746244	12.0623527269199
24	WGN07	8.49514311516937	0.818588130533722	1141	6.88903614544063	10.1012500848981
25	WGN07	4.40508265701681	0.818588130533724	1141	2.79897568728807	6.01118962674555
26	WGN07	8.56720283427545	0.818588130533698	1141	6.96109586454676	10.1733098040041
27	WGN07	10.2464859989404	0.818588130533717	1141	8.6403790292117	11.8525929686692
28	WGN07	6.88733900462686	0.818588130533733	1141	5.2812320348981	8.49344597435562
29	WGN07	9.01815319954971	0.818588130533733	1141	7.41204622982095	10.6242601692785
30	WGN07	8.37298334620748	0.81858813053373	1141	6.76687637647873	9.97909031593624
31	WGN07	7.26358132103425	0.818588130533697	1141	5.65747435130556	8.86968829076294
32	WGN07	6.72805027466324	0.81858813053371	1141	5.12194330493452	8.33415724439195
33	WGN07	9.26471660233061	0.818588130533733	1141	7.65860963260185	10.8708235720594
34	WGN07	10.2761814378144	0.818588130533739	1141	8.6700744680856	11.8822884075431
35	WGN07	10.5778314402976	0.818588130533726	1141	8.9717244705689	12.1839384100264
36	WGN07	5.54950975679635	0.818588130533738	1141	3.94340278706759	7.15561672652512
37	WGN07	5.87731704298372	0.818588130533736	1141	4.27121007325496	7.48342401271248
38	WGN07	9.84414178963087	0.818588130533729	1141	8.23803481990212	11.4502487593596
39	WGN07	9.13750378748629	0.818588130533716	1141	7.53139681775756	10.743610757215
40	WGN07	7.4534452357921	0.818588130533728	1141	5.84733826606335	9.05955220552085
41	WGN07	7.52050368613686	0.818588130533726	1141	5.91439671640812	9.12661065586561
42	WGN07	8.25681030913065	0.818588130533727	1141	6.6507033394019	9.8629172788594
44	WGN07	8.14481786622881	0.818588130533724	1141	6.53871089650007	9.75092483595756
46	WGN07	6.74037034920397	0.818588130533728	1141	5.13426337947522	8.34647731893272
47	WGN07	6.58038056681693	0.818588130533717	1141	4.9742735970882	8.18648753654565
48	WGN07	6.80233260480863	0.818588130533731	1141	5.19622563507988	8.40843957453739
49	WGN07	9.99887468344419	0.818588130533717	1141	8.39276771371546	11.6049816531729
50	WGN07	10.7849394770499	0.818588130533715	1141	9.17883250732114	12.3910464467786
51	WGN07	9.89936608643113	0.818588130533719	1141	8.29325911670239	11.5054730561599
52	WGN07	8.21533113377706	0.818588130533733	1141	6.6092241640483	9.82143810350582
53	WGN07	9.31981581241589	0.818588130533713	1141	7.71370884268717	10.9259227821446
54	WGN07	9.23921046807447	1.15791183631881	1141	6.96733502635447	11.5110859097945
55	WGN07	6.75681470519683	0.818588130533724	1141	5.15070773546808	8.36292167492557
56	WGN07	8.12593100384364	0.81858813053374	1141	6.51982403411487	9.73203797357241
57	WGN07	9.05268968091178	0.818588130533728	1141	7.44658271118303	10.6587966506405
58	WGN07	6.03455898343751	0.818588130533738	1141	4.42845201370874	7.64066595316628
59	WGN07	9.37339717240453	0.818588130533724	1141	7.76729020267579	10.9795041421333
60	WGN07	7.08660581508305	0.818588130533739	1141	5.48049884535428	8.69271278481182
61	WGN07	9.27346175519083	0.818588130533713	1141	7.66735478546211	10.8795687249195
62	WGN07	-0.300181546094782	1.15791183631881	1141	-2.57205698781478	1.97169389562521
63	WGN07	7.62172941809413	0.818588130533725	1141	6.01562244836539	9.22783638782288
64	WGN07	6.17504717297769	0.818588130533725	1141	4.56894020324895	7.78115414270643
66	WGN07	9.57417125977295	0.818588130533708	1141	7.96806429004424	11.1802782295017
67	WGN07	7.23571385313259	0.818588130533729	1141	5.62960688340384	8.84182082286134
68	WGN07	6.36681701774205	0.81858813053373	1141	4.7607100480133	7.97292398747081
69	WGN07	10.2715230825403	0.818588130533699	1141	8.66541611281157	11.877630052269
71	WGN07	5.3722813232691	0.818588130533705	1141	3.76617435354039	6.9783882929978
73	WGN07	6.12031755171818	0.818588130533737	1141	4.51421058198942	7.72642452144695
74	WGN07	9.2675784976798	0.81858813053372	1141	7.66147152795107	10.8736854674085
75	WGN07	7.38233385772264	0.818588130533731	1141	5.77622688799388	8.98844082745139
76	WGN07	4.85993313108551	0.81858813053372	1141	3.25382616135678	6.46604010081424
77	WGN07	12.0829751158872	0.818588130533733	1141	10.4768681461585	13.689082085616
78	WGN07	7.36922645309118	0.818588130533744	1141	5.7631194833624	8.97533342281996
79	WGN07	8.80116263352144	0.818588130533734	1141	7.19505566379268	10.4072696032502
80	WGN07	8.7958315233127	0.818588130533745	1141	7.18972455358391	10.4019384930415
81	WGN07	8.4721359549996	0.818588130533723	1141	6.86602898527086	10.0782429247283
82	WGN07	8.30116263352135	0.818588130533735	1141	6.69505566379259	9.90726960325012
83	WGN07	4.17255965060351	0.818588130533725	1141	2.56645268087476	5.77866662033225
84	WGN07	7.06539960573739	0.818588130533719	1141	5.45929263600866	8.67150657546612
85	WGN07	9.2418319620845	0.818588130533736	1141	7.63572499235574	10.8479389318133
86	WGN07	8.47779525063259	0.818588130533742	1141	6.87168828090381	10.0839022203614
87	WGN07	7.37535254675662	0.818588130533706	1141	5.76924557702791	8.98145951648533
88	WGN07	7.10206191437534	0.818588130533721	1141	5.4959549446466	8.70816888410407
89	WGN07	7.51237222186264	0.818588130533729	1141	5.90626525213389	9.1184791915914
90	WGN07	8.99931399822994	0.818588130533721	1141	7.39320702850121	10.6054209679587
91	WGN07	9.56524187074907	0.81858813053372	1141	7.95913490102034	11.1713488404778
92	WGN07	4.17255965060357	0.818588130533716	1141	2.56645268087484	5.7786666203323
93	WGN07	8.72495170355153	0.818588130533708	1141	7.11884473382282	10.3310586732802
94	WGN07	7.71192115464126	0.818588130533745	1141	6.10581418491247	9.31802812437004
95	WGN07	8.7130748865882	0.818588130533715	1141	7.10696791685947	10.3191818563169
96	WGN07	6.6571333341966	0.818588130533716	1141	5.05102636446787	8.26324030392533
97	WGN07	11.2227615711298	0.818588130533721	1141	9.61665460140109	12.8288685408586
98	WGN07	4.93383413607793	0.818588130533721	1141	3.3277271663492	6.53994110580667
99	WGN07	7.82623792124943	0.818588130533718	1141	6.2201309515207	9.43234489097816
100	WGN07	7.14575131106466	0.81858813053373	1141	5.5396443413359	8.75185828079341
101	WGN07	6.49357379748263	0.818588130533726	1141	4.88746682775388	8.09968076721137
102	WGN07	6.53112887414926	0.818588130533721	1141	4.92502190442053	8.137235843878
103	WGN07	9.93139024560013	0.818588130533733	1141	8.32528327587137	11.5374972153289
104	WGN07	7.60184308842059	0.818588130533714	1141	5.99573611869187	9.20795005814931
105	WGN07	8.59918056583434	0.818588130533728	1141	6.99307359610559	10.2052875355631
106	WGN07	9.94173622347909	0.818588130533726	1141	8.33562925375035	11.5478431932078
107	WGN07	7.95141433909661	0.818588130533723	1141	6.34530736936787	9.55752130882535
108	WGN07	1.72474487139169	0.818588130533747	1141	0.118637901662902	3.33085184112048
109	WGN07	5.14375981429338	0.818588130533721	1141	3.53765284456465	6.74986678402212
110	WGN07	5.80802897123296	0.818588130533724	1141	4.20192200150422	7.4141359409617
111	WGN07	6.36383977888482	0.81858813053372	1141	4.75773280915609	7.96994674861356
112	WGN07	5.59089102194559	0.818588130533715	1141	3.98478405221686	7.19699799167431
113	WGN07	7.44420280583565	0.818588130533731	1141	5.83809583610689	9.0503097755644
114	WGN07	5.42650333609959	0.818588130533709	1141	3.82039636637087	7.0326103058283
115	WGN07	10.8118086036808	0.818588130533717	1141	9.20570163395204	12.4179155734095
116	WGN07	7.6647826964404	0.818588130533727	1141	6.05867572671165	9.27088966616914
117	WGN07	6.99415691088999	0.818588130533745	1141	5.3880499411612	8.60026388061877
118	WGN07	6.44193246792037	0.81858813053373	1141	4.83582549819162	8.04803943764913
119	WGN07	7.95736091523214	0.818588130533712	1141	6.35125394550342	9.56346788496086
120	WGN07	5.74390307216888	0.818588130533718	1141	4.13779610244015	7.35001004189761
121	WGN07	7.27881345781926	0.818588130533708	1141	5.67270648809055	8.88492042754797
122	WGN07	4.65908048963615	1.15791183631883	1141	2.38720504791612	6.93095593135617
123	WGN07	9.7723766579708	0.818588130533724	1141	8.16626968824206	11.3784836276995
124	WGN07	7.8481919625833	0.818588130533726	1141	6.24208499285456	9.45429893231205
125	WGN07	6.84590138373308	0.818588130533708	1141	5.23979441400437	8.45200835346179
126	WGN07	6.24798379655272	0.818588130533746	1141	4.64187682682393	7.8540907662815
127	WGN07	8.51342715159259	0.818588130533724	1141	6.90732018186385	10.1195341213213
128	WGN07	5.43119519109313	0.818588130533736	1141	3.82508822136436	7.03730216082189
129	WGN07	8.74525984217918	0.818588130533728	1141	7.13915287245043	10.3513668119079
130	WGN07	8.53677359459408	0.818588130533725	1141	6.93066662486534	10.1428805643228
1	WGN15	8.83157940235402	0.818588130533668	1141	7.22547243262538	10.4376863720826
2	WGN15	6.78192926645014	0.818588130533739	1141	5.17582229672136	8.38803623617891
3	WGN15	9.99799899915907	0.81858813053371	1141	8.39189202943036	11.6041059688878
4	WGN15	7.78479775540168	0.818588130533726	1141	6.17869078567294	9.39090472513043
5	WGN15	7.5810825897553	0.81858813053371	1141	5.97497562002659	9.18718955948402
7	WGN15	8.06699818708843	0.818588130533752	1141	6.46089121735964	9.67310515681723
8	WGN15	9.61737586450104	0.818588130533728	1141	8.01126889477229	11.2234828342298
9	WGN15	8.88006202348642	0.818588130533718	1141	7.27395505375768	10.4861689932151
10	WGN15	10.2175743447322	0.818588130533723	1141	8.61146737500346	11.8236813144609
11	WGN15	10.6053065426238	0.818588130533722	1141	8.9991995728951	12.2114135123526
12	WGN15	7.20531262710222	0.818588130533714	1141	5.5992056573735	8.81141959683094
13	WGN15	10.19421614108	0.818588130533729	1141	8.58810917135123	11.8003231108087
14	WGN15	6.81629848278437	0.818588130533732	1141	5.21019151305562	8.42240545251313
15	WGN15	8.22263063959612	0.818588130533706	1141	6.61652366986741	9.82873760932482
16	WGN15	5.95436668940578	0.818588130533716	1141	4.34825971967706	7.56047365913451
17	WGN15	7.64865077444445	1.15791183631886	1141	5.37677533272437	9.92052621616454
18	WGN15	7.45895617434976	0.818588130533734	1141	5.852849204621	9.06506314407852
19	WGN15	9.5655275303975	0.818588130533741	1141	7.95942056066873	11.1716345001263
20	WGN15	7.49179414873919	0.818588130533726	1141	5.88568717901044	9.09790111846794
21	WGN15	9.5636955036574	0.818588130533708	1141	7.95758853392869	11.1698024733861
22	WGN15	6.44193246792042	0.818588130533705	1141	4.83582549819171	8.04803943764912
23	WGN15	11.6080052715296	0.81858813053371	1141	10.0018983018009	13.2141122412583
25	WGN15	7.43272858173467	0.818588130533716	1141	5.82662161200594	9.03883555146339
26	WGN15	9.59109634766887	0.818588130533712	1141	7.98498937794015	11.1972033173976
27	WGN15	9.50827043275216	0.818588130533719	1141	7.90216346302342	11.1143774024809
28	WGN15	9.43945578734523	0.818588130533694	1141	7.83334881761654	11.0455627570739
29	WGN15	8.63128965244351	0.818588130533711	1141	7.02518268271479	10.2373966221722
30	WGN15	6.99415691088999	0.818588130533715	1141	5.38804994116127	8.60026388061872
31	WGN15	9.13194241242283	1.15791183631885	1141	6.86006697070277	11.4038178541429
32	WGN15	10.3668463900191	0.818588130533719	1141	8.76073942029041	11.9729533597479
33	WGN15	9.82076933387314	0.818588130533714	1141	8.21466236414441	11.4268763036019
34	WGN15	8.49830231275535	0.818588130533735	1141	6.89219534302659	10.1044092824841
35	WGN15	10.450129850848	0.818588130533724	1141	8.84402288111923	12.0562368205767
36	WGN15	7.47213595499959	0.81858813053373	1141	5.86602898527083	9.07824292472834
37	WGN15	9.38022573800066	0.81858813053372	1141	7.77411876827192	10.9863327077294
38	WGN15	6.33491969866226	0.818588130533731	1141	4.7288127289335	7.94102666839101
39	WGN15	9.02769256906877	0.818588130533721	1141	7.42158559934003	10.6337995387975
40	WGN15	8.19296884484365	0.81858813053373	1141	6.5868618751149	9.79907581457241
41	WGN15	7.43272858173458	0.81858813053372	1141	5.82662161200584	9.03883555146331
43	WGN15	9.09982302600686	0.818588130533724	1141	7.49371605627811	10.7059299957356
44	WGN15	9.04711758495051	0.818588130533741	1141	7.44101061522173	10.6532245546793
45	WGN15	10.1977725475704	0.818588130533717	1141	8.59166557784166	11.8038795172991
46	WGN15	7.17423461417475	0.818588130533736	1141	5.56812764444598	8.78034158390351
47	WGN15	9.72080486606286	0.81858813053372	1141	8.11469789633413	11.3269118357916
48	WGN15	6.59447231545367	0.818588130533711	1141	4.98836534572495	8.20057928518238
50	WGN15	9.77537004402744	0.818588130533711	1141	8.16926307429872	11.3814770137562
51	WGN15	8.45447456498035	0.818588130533718	1141	6.84836759525162	10.0605815347091
52	WGN15	8.82521638207509	0.818588130533723	1141	7.21910941234635	10.4313233518038
53	WGN15	5.67423461417481	0.81858813053373	1141	4.06812764444606	7.28034158390356
54	WGN15	8.48553431796749	1.15791183631882	1141	6.21365887624748	10.7574097596875
55	WGN15	7.08220700148447	0.818588130533733	1141	5.47610003175571	8.68831397121323
56	WGN15	8.34767985741632	0.818588130533722	1141	6.74157288768758	9.95378682714506
57	WGN15	8.50453076103035	0.81858813053374	1141	6.89842379130158	10.1106377307591
58	WGN15	7.03858157304032	0.818588130533733	1141	5.43247460331156	8.64468854276907
59	WGN15	8.45157532947685	0.818588130533729	1141	6.8454683597481	10.0576822992056
60	WGN15	7.29528188807266	0.818588130533719	1141	5.68917491834393	8.9013888578014
61	WGN15	10.4349172763155	0.818588130533719	1141	8.82881030658679	12.0410242460443
62	WGN15	10.5302514218969	0.818588130533731	1141	8.92414445216813	12.1363583916256
63	WGN15	10.3071605097778	0.818588130533705	1141	8.70105354004905	11.9132674795065
64	WGN15	6.8841029140196	0.818588130533718	1141	5.27799594429087	8.49020988374833
65	WGN15	8.63128965244351	0.81858813053372	1141	7.02518268271478	10.2373966221722
66	WGN15	7.39116499156261	0.818588130533726	1141	5.78505802183386	8.99727196129135
67	WGN15	9.53708669894892	0.818588130533729	1141	7.93097972922016	11.1431936686777
68	WGN15	1.57313218497071	0.818588130533739	1141	-0.032974784758063	3.17923915469948
69	WGN15	8.85997764182173	0.81858813053373	1141	7.25387067209297	10.4660846115505
70	WGN15	8.0815152745296	0.818588130533729	1141	6.47540830480085	9.68762224425835
71	WGN15	8.46533297745886	0.818588130533712	1141	6.85922600773014	10.0714399471876
72	WGN15	8.04614823850984	1.15791183631881	1141	5.77427279678984	10.3180236802298
73	WGN15	8.23816657052728	0.818588130533718	1141	6.63205960079855	9.84427354025601
74	WGN15	7.15170260835843	0.818588130533719	1141	5.5455956386297	8.75780957808716
75	WGN15	10.6924863915083	1.15791183631883	1141	8.42061094978826	12.9643618332283
77	WGN15	7.628210291869	0.818588130533725	1141	6.02210332214026	9.23431726159775
78	WGN15	4.40085184908529	0.818588130533726	1141	2.79474487935654	6.00695881881403
79	WGN15	9.21890631611656	0.818588130533727	1141	7.61279934638781	10.8250132858453
80	WGN15	7.70207414695824	0.818588130533726	1141	6.0959671772295	9.30818111668699
81	WGN15	8.8011626335213	0.818588130533727	1141	7.19505566379255	10.40726960325
82	WGN15	8.23379762222247	0.818588130533729	1141	6.62769065249372	9.83990459195122
83	WGN15	9.82314464071032	0.818588130533737	1141	8.21703767098155	11.4292516104391
84	WGN15	9.03847221043196	0.818588130533727	1141	7.43236524070321	10.6445791801607
85	WGN15	7.7765135195289	0.818588130533712	1141	6.17040654980018	9.38262048925762
86	WGN15	8.36637725953643	0.818588130533718	1141	6.7602702898077	9.97248422926516
87	WGN15	8.14530613457918	0.818588130533725	1141	6.53919916485043	9.75141310430792
88	WGN15	8.37178877009234	0.818588130533717	1141	6.76568180036361	9.97789573982106
89	WGN15	7.98429807389319	0.818588130533726	1141	6.37819110416444	9.59040504362194
90	WGN15	9.29239315630031	0.818588130533716	1141	7.68628618657159	10.898500126029
91	WGN15	6.89116499156259	0.818588130533728	1141	5.28505802183384	8.49727196129134
92	WGN15	7.03337857566447	0.818588130533736	1141	5.42727160593571	8.63948554539324
93	WGN15	10.1837280278783	0.818588130533724	1141	8.57762105814956	11.789834997607
94	WGN15	11.4234709923384	0.818588130533738	1141	9.81736402260961	13.0295779620671
95	WGN15	8.69041575982342	0.818588130533728	1141	7.08430879009467	10.2965227295522
96	WGN15	8.80336262685998	0.81858813053372	1141	7.19725565713125	10.4094695965887
97	WGN15	9.03847221043214	0.818588130533725	1141	7.4323652407034	10.6445791801609
98	WGN15	7.47853462167138	0.818588130533726	1141	5.87242765194263	9.08464159140012
99	WGN15	9.2545559198202	0.818588130533725	1141	7.64844895009146	10.8606628895489
100	WGN15	6.41284740170063	0.818588130533725	1141	4.80674043197188	8.01895437142937
101	WGN15	9.69192775156142	0.81858813053373	1141	8.08582078183267	11.2980347212902
102	WGN15	7.30081064640778	0.818588130533733	1141	5.69470367667903	8.90691761613654
103	WGN15	6.59534405250638	0.818588130533723	1141	4.98923708277765	8.20145102223512
104	WGN15	8.657172095246	0.818588130533723	1141	7.05106512551726	10.2632790649747
106	WGN15	9.56369550365745	0.818588130533736	1141	7.95758853392869	11.1698024733862
107	WGN15	9.04931470336412	0.818588130533721	1141	7.44320773363538	10.6554216730929
108	WGN15	8.51423752010952	0.818588130533731	1141	6.90813055038076	10.1203444898383
109	WGN15	10.0451361609438	0.818588130533732	1141	8.43902919121508	11.6512431306726
110	WGN15	8.62895531975204	0.818588130533724	1141	7.0228483500233	10.2350622894808
111	WGN15	9.99996827385695	0.818588130533717	1141	8.39386130412823	11.6060752435857
112	WGN15	7.77491721763539	0.818588130533724	1141	6.16881024790665	9.38102418736414
113	WGN15	5.73637287147428	0.818588130533727	1141	4.13026590174553	7.34247984120302
114	WGN15	8.22846673045678	0.81858813053372	1141	6.62235976072805	9.83457370018552
115	WGN15	7.78885140813438	0.818588130533724	1141	6.18274443840563	9.39495837786312
116	WGN15	9.21615176891603	0.818588130533723	1141	7.61004479918729	10.8222587386448
117	WGN15	9.54949001716681	0.818588130533719	1141	7.94338304743808	11.1555969868955
118	WGN15	7.14005494464037	0.818588130533716	1141	5.53394797491164	8.74616191436909
119	WGN15	9.66368952654449	0.81858813053373	1141	8.05758255681573	11.2697964962732
120	WGN15	9.6755076395622	0.81858813053372	1141	8.06940066983347	11.2816146092909
121	WGN15	7.75881936694817	0.818588130533724	1141	6.15271239721943	9.36492633667691
122	WGN15	8.95555777504729	0.818588130533716	1141	7.34945080531856	10.561664744776
123	WGN15	8.95963125314761	0.818588130533724	1141	7.35352428341887	10.5657382228764
124	WGN15	8.45157532947694	0.81858813053373	1141	6.84546835974819	10.0576822992057
125	WGN15	6.69321321347062	0.818588130533724	1141	5.08710624374188	8.29932018319936
126	WGN15	6.66120937016413	0.818588130533726	1141	5.05510240043539	8.26731633989288
127	WGN15	8.93006545261649	0.818588130533724	1141	7.32395848288775	10.5361724223452
128	WGN15	9.53708669894885	0.818588130533717	1141	7.93097972922012	11.1431936686776
129	WGN15	5.89791576165633	0.818588130533728	1141	4.29180879192758	7.50402273138508
130	WGN15	9.846763191057	0.818588130533733	1141	8.24065622132824	11.4528701607858
1	WGN26	1.93588643140482	1.15791183631888	1141	-0.33598901031532	4.20776187312496
3	WGN26	4.40085184908502	0.818588130533716	1141	2.7947448793563	6.00695881881375
4	WGN26	7.65526459977083	0.818588130533724	1141	6.04915763004208	9.26137156949957
5	WGN26	6.62958634057308	0.818588130533739	1141	5.0234793708443	8.23569331030185
6	WGN26	8.66881486951996	0.818588130533724	1141	7.06270789979122	10.2749218392487
7	WGN26	7.03553390593245	0.818588130533717	1141	5.42942693620372	8.64164087566118
8	WGN26	1.30018154609489	1.15791183631885	1141	-0.971693895625181	3.57205698781495
9	WGN26	3.20156211871634	0.818588130533733	1141	1.59545514898758	4.8076690884451
10	WGN26	7.50416087252947	0.818588130533727	1141	5.89805390280072	9.11026784225822
11	WGN26	3.70710678118625	0.818588130533716	1141	2.10099981145752	5.31321375091498
12	WGN26	5.70070844801484	0.81858813053371	1141	4.09460147828613	7.30681541774356
13	WGN26	8.39510749827595	0.818588130533714	1141	6.78900052854722	10.0012144680047
14	WGN26	5.9106341262305	0.818588130533739	1141	4.30452715650172	7.51674109595927
15	WGN26	10.2705982052526	0.818588130533734	1141	8.66449123552379	11.8767051749813
17	WGN26	8.35704551066819	0.818588130533714	1141	6.75093854093947	9.96315248039691
18	WGN26	4.40508265701646	0.818588130533724	1141	2.79897568728771	6.0111896267452
19	WGN26	8.0664187192454	1.15791183631881	1141	5.79454327752541	10.3382941609654
20	WGN26	2.8027756377316	0.818588130533714	1141	1.19666866800288	4.40888260746032
21	WGN26	6.8541019662497	0.818588130533738	1141	5.24799499652093	8.46020893597847
22	WGN26	7.24363314948035	0.81858813053371	1141	5.63752617975163	8.84974011920906
23	WGN26	7.43973041597281	0.818588130533722	1141	5.83362344624407	9.04583738570155
25	WGN26	8.45447456497984	0.818588130533717	1141	6.84836759525111	10.0605815347086
26	WGN26	8.38748219369577	0.818588130533723	1141	6.78137522396703	9.99358916342451
27	WGN26	5.50754964834608	0.818588130533731	1141	3.90144267861732	7.11365661807483
28	WGN26	8.17712671061183	0.818588130533722	1141	6.57101974088309	9.78323368034057
29	WGN26	5.92447057321538	0.81858813053372	1141	4.31836360348665	7.53057754294412
30	WGN26	6.14575131106459	0.818588130533735	1141	4.53964434133582	7.75185828079335
31	WGN26	8.51221087499957	0.818588130533733	1141	6.90610390527081	10.1183178447283
32	WGN26	6.97647933635152	0.818588130533722	1141	5.37037236662279	8.58258630608026
33	WGN26	6.93343112680553	1.15791183631882	1141	4.66155568508553	9.20530656852554
34	WGN26	6.03455898343735	0.818588130533728	1141	4.4284520137086	7.6406659531661
35	WGN26	7.26358132103412	0.818588130533718	1141	5.65747435130539	8.86968829076285
36	WGN26	6.98681850569859	0.81858813053372	1141	5.38071153596985	8.59292547542732
38	WGN26	6.70778978191792	0.818588130533736	1141	5.10168281218916	8.31389675164669
39	WGN26	4.14798351764347	0.818588130533722	1141	2.54187654791473	5.75409048737221
40	WGN26	6.3199859252393	0.818588130533731	1141	4.71387895551054	7.92609289496806
41	WGN26	3.01644324426015	1.15791183631881	1141	0.744567802540146	5.28831868598015
42	WGN26	8.26978960011793	0.818588130533718	1141	6.6636826303892	9.87589656984666
43	WGN26	6.77227633298775	0.818588130533726	1141	5.166169363259	8.37838330271649
44	WGN26	7.06220120979748	0.81858813053373	1141	5.45609424006872	8.66830817952623
45	WGN26	8.02753713833601	0.81858813053371	1141	6.4214301686073	9.63364410806472
46	WGN26	9.02429144144381	0.818588130533731	1141	7.41818447171505	10.6303984111726
47	WGN26	7.14549518715687	0.818588130533723	1141	5.53938821742813	8.75160215688561
48	WGN26	8.56881436449767	0.818588130533733	1141	6.96270739476891	10.1749213342264
49	WGN26	7.00285053410253	0.818588130533722	1141	5.39674356437379	8.60895750383127
50	WGN26	6.65713333419625	0.818588130533722	1141	5.05102636446751	8.26324030392499
51	WGN26	4.99332769258598	0.818588130533728	1141	3.38722072285723	6.59943466231472
52	WGN26	6.59010496036869	0.818588130533726	1141	4.98399799063995	8.19621193009744
53	WGN26	6.56693166546611	0.818588130533714	1141	4.96082469573739	8.17303863519484
54	WGN26	8.39637501925841	0.818588130533726	1141	6.79026804952966	10.0024819889872
55	WGN26	6.54630861662202	0.818588130533723	1141	4.94020164689328	8.15241558635076
56	WGN26	6.99548234540632	0.818588130533726	1141	5.38937537567758	8.60158931513507
57	WGN26	10.5704414285459	0.818588130533721	1141	8.96433445881712	12.1765483982746
58	WGN26	8.15423449976664	0.81858813053372	1141	6.54812753003791	9.76034146949538
59	WGN26	6.91092100483278	1.15791183631883	1141	4.63904556311274	9.18279644655282
60	WGN26	6.99963552107021	0.818588130533722	1141	5.39352855134147	8.60574249079895
61	WGN26	7.83433377270993	0.818588130533725	1141	6.22822680298118	9.44044074243867
62	WGN26	7.29110590325549	0.818588130533737	1141	5.68499893352673	8.89721287298426
64	WGN26	6.27231082552787	0.818588130533723	1141	4.66620385579913	7.87841779525661
65	WGN26	8.15219645220571	0.818588130533729	1141	6.54608948247696	9.75830342193447
66	WGN26	8.19079765079925	0.818588130533737	1141	6.58469068107048	9.79690462052802
67	WGN26	6.02020395705437	0.818588130533722	1141	4.41409698732563	7.62631092678311
68	WGN26	8.36310334250385	0.81858813053372	1141	6.75699637277511	9.96921031223259
69	WGN26	8.77329858852061	0.818588130533722	1141	7.16719161879187	10.3794055582493
70	WGN26	6.51366399076149	0.818588130533707	1141	4.90755702103278	8.11977096049019
71	WGN26	9.82304366599831	0.81858813053373	1141	8.21693669626955	11.4291506357271
72	WGN26	1.58113883008408	0.81858813053373	1141	-0.0249681396446757	3.18724579981283
73	WGN26	6.306175454901	0.81858813053373	1141	4.70006848517224	7.91228242462975
74	WGN26	7.52612081745557	0.81858813053373	1141	5.92001384772681	9.13222778718432
75	WGN26	6.90966136226391	0.818588130533722	1141	5.30355439253517	8.51576833199265
76	WGN26	6.06879747394995	0.818588130533724	1141	4.46269050422121	7.6749044436787
77	WGN26	2.49999999999985	0.818588130533729	1141	0.893893030271099	4.1061069697286
78	WGN26	7.2641483377699	0.818588130533732	1141	5.65804136804115	8.87025530749866
79	WGN26	6.13113344094019	1.15791183631883	1141	3.85925799922015	8.40300888266022
80	WGN26	5.89414452228345	0.818588130533719	1141	4.28803755255472	7.50025149201218
81	WGN26	8.85889894354041	0.818588130533723	1141	7.25279197381167	10.4650059132691
82	WGN26	9.69615242270641	0.818588130533726	1141	8.09004545297766	11.3022593924352
83	WGN26	6.38586719175011	0.818588130533723	1141	4.77976022202137	7.99197416147885
85	WGN26	2.34520787991154	0.818588130533717	1141	0.739100910182808	3.95131484964027
86	WGN26	2.69917281883389	0.818588130533726	1141	1.09306584910514	4.30527978856263
87	WGN26	7.74264068711905	0.818588130533724	1141	6.1365337173903	9.34874765684779
88	WGN26	4.60433213083762	0.818588130533727	1141	2.99822516110887	6.21043910056637
89	WGN26	5.60791263783307	0.818588130533725	1141	4.00180566810433	7.21401960756182
90	WGN26	7.17558885057277	0.818588130533717	1141	5.56948188084404	8.7816958203015
91	WGN26	6.1235882666334	0.818588130533726	1141	4.51748129690465	7.72969523636215
92	WGN26	6.08504366272894	0.818588130533723	1141	4.4789366930002	7.69115063245768
93	WGN26	8.87393673122795	0.818588130533724	1141	7.2678297614992	10.4800437009567
94	WGN26	6.28580625570466	0.818588130533735	1141	4.67969928597589	7.89191322543342
95	WGN26	8.71477664211861	0.818588130533724	1141	7.10866967238986	10.3208836118473
96	WGN26	5.18810253030879	0.818588130533724	1141	3.58199556058004	6.79420950003753
97	WGN26	6.27491721763518	0.818588130533724	1141	4.66881024790643	7.88102418736392
98	WGN26	5.51803263433339	0.818588130533722	1141	3.91192566460465	7.12413960406213
99	WGN26	8.09751845650199	0.818588130533721	1141	6.49141148677325	9.70362542623073
100	WGN26	1.72474487139132	0.818588130533725	1141	0.118637901662579	3.33085184112007
101	WGN26	5.42963349247932	0.818588130533714	1141	3.8235265227506	7.03574046220804
102	WGN26	8.66239825443057	0.81858813053373	1141	7.05629128470182	10.2685052241593
103	WGN26	6.53553390593251	0.818588130533723	1141	4.92942693620378	8.14164087566125
104	WGN26	7.02833658042424	0.818588130533725	1141	5.42222961069549	8.63444355015298
105	WGN26	11.1661141507211	0.818588130533722	1141	9.5600071809924	12.7722211204499
106	WGN26	5.77478940505154	0.818588130533732	1141	4.16868243532279	7.3808963747803
108	WGN26	6.95667973499545	0.818588130533728	1141	5.3505727652667	8.5627867047242
109	WGN26	8.66368952654418	0.818588130533732	1141	7.05758255681542	10.2697964962729
111	WGN26	8.85961814869544	0.818588130533727	1141	7.25351117896669	10.4657251184242
112	WGN26	7.34815418818788	0.81858813053373	1141	5.74204721845912	8.95426115791663
113	WGN26	2.17944947177007	0.818588130533723	1141	0.573342502041332	3.78555644149881
115	WGN26	9.66368952654416	0.818588130533721	1141	8.05758255681543	11.2697964962729
116	WGN26	9.25214279268683	0.818588130533728	1141	7.64603582295808	10.8582497624156
117	WGN26	6.55547305430584	1.15791183631884	1141	4.28359761258579	8.82734849602588
118	WGN26	8.25365644768387	0.818588130533718	1141	6.64754947795514	9.8597634174126
119	WGN26	7.28402195226817	0.818588130533726	1141	5.67791498253943	8.89012892199692
120	WGN26	0.999999999999775	0.818588130533724	1141	-0.606106969728967	2.60610696972852
121	WGN26	7.28816691047182	0.81858813053373	1141	5.68205994074307	8.89427388020057
122	WGN26	4.85993313108524	0.818588130533724	1141	3.2538261613565	6.46604010081398
123	WGN26	6.81568802918474	0.818588130533728	1141	5.20958105945599	8.42179499891349
124	WGN26	0.300181546094722	1.15791183631884	1141	-1.97169389562532	2.57205698781476
125	WGN26	8.60371807624446	0.818588130533721	1141	6.99761110651573	10.2098250459732
126	WGN26	0.99999999999978	0.81858813053372	1141	-0.606106969728953	2.60610696972851
127	WGN26	7.55521678957185	0.818588130533722	1141	5.94910981984312	9.16132375930059
128	WGN26	5.27019708492513	0.818588130533722	1141	3.66409011519639	6.87630405465387
129	WGN26	3.41421356237287	0.81858813053372	1141	1.80810659264414	5.02032053210161
130	WGN26	5.18669010554792	0.818588130533724	1141	3.58058313581918	6.79279707527666
1	WGN36	7.93567829438633	0.8185881305337	1141	6.32957132465764	9.54178526411503
2	WGN36	6.47890245052378	0.818588130533711	1141	4.87279548079507	8.0850094202525
4	WGN36	10.6733779977582	0.818588130533724	1141	9.0672710280295	12.279484967487
5	WGN36	6.51637962641802	0.818588130533722	1141	4.91027265668928	8.12248659614676
6	WGN36	6.24448466165282	0.818588130533718	1141	4.63837769192409	7.85059163138155
7	WGN36	9.29738857615337	0.818588130533723	1141	7.69128160642463	10.9034955458821
8	WGN36	8.83171520940268	0.818588130533723	1141	7.22560823967394	10.4378221791314
9	WGN36	6.46459554906396	1.15791183631883	1141	4.19272010734393	8.73647099078398
10	WGN36	7.81291475902257	0.818588130533727	1141	6.20680778929382	9.41902172875132
11	WGN36	6.80711339418038	0.81858813053372	1141	5.20100642445165	8.41322036390911
12	WGN36	6.7809222445028	1.15791183631883	1141	4.50904680278277	9.05279768622283
13	WGN36	9.61054099867438	0.818588130533725	1141	8.00443402894564	11.2166479684031
14	WGN36	9.53708669894889	0.818588130533736	1141	7.93097972922013	11.1431936686777
15	WGN36	7.70536348832394	0.818588130533726	1141	6.0992565185952	9.31147045805269
16	WGN36	6.96410161513766	0.818588130533734	1141	5.3579946454089	8.57020858486642
17	WGN36	9.56540189760119	0.818588130533724	1141	7.95929492787244	11.1715088673299
18	WGN36	8.47779525063247	0.818588130533723	1141	6.87168828090373	10.0839022203612
19	WGN36	9.37945255537692	0.818588130533715	1141	7.7733455856482	10.9855595251056
20	WGN36	5.60805835098988	0.818588130533719	1141	4.00195138126115	7.21416532071862
21	WGN36	9.3550648294826	0.818588130533728	1141	7.74895785975385	10.9611717992113
22	WGN36	7.5810825897552	0.818588130533711	1141	5.97497562002649	9.18718955948392
23	WGN36	8.60707872911415	0.818588130533738	1141	7.00097175938538	10.2131856988429
24	WGN36	6.55879939905036	0.818588130533715	1141	4.95269242932163	8.16490636877908
26	WGN36	8.90690606652468	0.818588130533723	1141	7.30079909679594	10.5130130362534
27	WGN36	8.25252447196098	0.818588130533731	1141	6.64641750223223	9.85863144168974
28	WGN36	7.72865690108159	0.818588130533716	1141	6.12254993135287	9.33476387081032
30	WGN36	11.394780429996	0.818588130533731	1141	9.78867346026726	13.0008873997248
31	WGN36	10.8838073792203	0.81858813053373	1141	9.27770040949158	12.4899143489491
32	WGN36	6.58971056159733	0.818588130533729	1141	4.98360359186858	8.19581753132609
33	WGN36	9.79150262212902	0.818588130533703	1141	8.18539565240032	11.3976095918577
34	WGN36	7.77757681094013	0.818588130533722	1141	6.1714698412114	9.38368378066887
35	WGN36	6.45811679558973	0.818588130533722	1141	4.852009825861	8.06422376531847
36	WGN36	9.67898481582521	0.818588130533734	1141	8.07287784609645	11.285091785554
37	WGN36	6.70330578352773	1.15791183631885	1141	4.43143034180767	8.9751812252478
38	WGN36	7.37124935796041	1.15791183631882	1141	5.0993739162404	9.64312479968043
39	WGN36	7.94121757816151	0.818588130533723	1141	6.33511060843277	9.54732454789025
40	WGN36	9.82076933387313	0.818588130533729	1141	8.21466236414438	11.4268763036019
41	WGN36	7.56201920231792	0.818588130533728	1141	5.95591223258917	9.16812617204667
42	WGN36	7.1414284285428	0.818588130533718	1141	5.53532145881407	8.74753539827153
43	WGN36	10.4401966635573	0.818588130533724	1141	8.83408969382858	12.0463036332861
44	WGN36	8.02143170862785	0.81858813053373	1141	6.41532473889909	9.6275386783566
45	WGN36	7.27978588963868	0.818588130533729	1141	5.67367891990993	8.88589285936744
46	WGN36	9.69481100887904	0.818588130533729	1141	8.08870403915028	11.3009179786078
47	WGN36	5.96943035194519	0.818588130533721	1141	4.36332338221645	7.57553732167393
48	WGN36	8.8220496846682	0.81858813053372	1141	7.21594271493947	10.4281566543969
49	WGN36	10.5046852899222	0.818588130533725	1141	8.89857832019345	12.1107922596509
51	WGN36	9.81389114280315	0.818588130533721	1141	8.20778417307442	11.4199981125319
52	WGN36	8.33618051220578	0.81858813053372	1141	6.73007354247704	9.94228748193451
53	WGN36	8.96607355834065	0.818588130533726	1141	7.35996658861191	10.5721805280694
54	WGN36	7.42366163272046	0.81858813053372	1141	5.81755466299172	9.02976860244919
55	WGN36	8.04964848412172	0.818588130533728	1141	6.44354151439297	9.65575545385047
56	WGN36	9.44897770401476	0.818588130533725	1141	7.84287073428602	11.0550846737435
57	WGN36	8.80082488123394	0.818588130533724	1141	7.1947179115052	10.4069318509627
58	WGN36	8.49830231275532	0.818588130533724	1141	6.89219534302658	10.1044092824841
59	WGN36	9.57171777179816	0.818588130533721	1141	7.96561080206942	11.1778247415269
60	WGN36	8.73287785426404	0.81858813053372	1141	7.1267708845353	10.3389848239928
62	WGN36	6.35459639568638	0.818588130533723	1141	4.74848942595764	7.96070336541512
64	WGN36	6.88733900462675	0.818588130533729	1141	5.281232034898	8.49344597435551
65	WGN36	8.20628747147458	0.818588130533726	1141	6.60018050174583	9.81239444120333
66	WGN36	10.0778972981657	0.818588130533729	1141	8.47179032843698	11.6840042678945
68	WGN36	6.37957756256032	0.818588130533726	1141	4.77347059283158	7.98568453228907
69	WGN36	9.04169787974345	0.818588130533726	1141	7.43559091001471	10.6478048494722
70	WGN36	6.15960201026615	0.818588130533727	1141	4.5534950405374	7.7657089799949
71	WGN36	9.23927679853199	0.818588130533723	1141	7.63316982880326	10.8453837682607
72	WGN36	8.93989924756857	0.818588130533724	1141	7.33379227783982	10.5460062172973
74	WGN36	6.51353000516116	0.818588130533722	1141	4.90742303543243	8.1196369748899
75	WGN36	6.38586719175029	0.818588130533725	1141	4.77976022202154	7.99197416147903
76	WGN36	8.02797423931045	0.818588130533724	1141	6.42186726958171	9.63408120903919
77	WGN36	7.23571385313243	0.818588130533726	1141	5.62960688340368	8.84182082286117
78	WGN36	6.48028138086737	0.818588130533724	1141	4.87417441113863	8.08638835059611
79	WGN36	6.12358826663352	0.818588130533729	1141	4.51748129690476	7.72969523636227
80	WGN36	5.99070478491451	0.818588130533724	1141	4.38459781518577	7.59681175464326
81	WGN36	7.54867211748207	0.818588130533725	1141	5.94256514775333	9.15477908721081
82	WGN36	7.85889894354061	0.818588130533731	1141	6.25279197381185	9.46500591326937
83	WGN36	9.60977222864637	0.818588130533721	1141	8.00366525891763	11.2158791983751
84	WGN36	8.1231056256176	0.818588130533726	1141	6.51699865588885	9.72921259534634
85	WGN36	8.5552167895721	0.818588130533729	1141	6.94910981984335	10.1613237593009
86	WGN36	4.76081552928172	0.818588130533727	1141	3.15470855955297	6.36692249901046
87	WGN36	7.41128708820568	0.81858813053372	1141	5.80518011847694	9.01739405793441
88	WGN36	8.56201920231793	0.818588130533726	1141	6.95591223258919	10.1681261720467
89	WGN36	8.36826544300295	0.818588130533726	1141	6.76215847327421	9.9743724127317
90	WGN36	6.6033443423815	0.818588130533726	1141	4.99723737265275	8.20945131211025
92	WGN36	6.34872815500106	0.818588130533725	1141	4.74262118527232	7.95483512472981
93	WGN36	7.09928159717422	0.818588130533724	1141	5.49317462744548	8.70538856690296
94	WGN36	5.23606797749973	0.818588130533724	1141	3.62996100777099	6.84217494722847
95	WGN36	10.777927859393	0.818588130533729	1141	9.17182088966426	12.3840348291218
96	WGN36	8.05485451810698	0.818588130533726	1141	6.44874754837824	9.66096148783573
97	WGN36	7.51067611341724	0.818588130533728	1141	5.90456914368849	9.11678308314599
98	WGN36	9.06446606761571	0.818588130533726	1141	7.45835909788696	10.6705730373445
99	WGN36	5.82842712474609	0.818588130533726	1141	4.22232015501734	7.43453409447484
100	WGN36	7.28010988928042	0.818588130533725	1141	5.67400291955168	8.88621685900916
102	WGN36	6.51908961135487	0.818588130533727	1141	4.91298264162612	8.12519658108362
104	WGN36	8.31708055486517	0.81858813053373	1141	6.71097358513642	9.92318752459393
105	WGN36	10.4016544759497	0.818588130533727	1141	8.79554750622092	12.0077614456784
106	WGN36	4.19809574378803	0.818588130533726	1141	2.59198877405929	5.80420271351678
107	WGN36	7.17558885057294	0.818588130533719	1141	5.5694818808442	8.78169582030167
108	WGN36	5.74390307216878	0.818588130533721	1141	4.13779610244004	7.35001004189752
109	WGN36	10.0084931881574	0.818588130533721	1141	8.40238621842867	11.6146001578861
110	WGN36	7.45895617434973	0.818588130533725	1141	5.85284920462098	9.06506314407847
112	WGN36	9.27220735560039	0.818588130533723	1141	7.66610038587165	10.8783143253291
114	WGN36	5.38436409859037	0.81858813053372	1141	3.77825712886164	6.9904710683191
116	WGN36	6.49198142496278	0.818588130533722	1141	4.88587445523405	8.09808839469152
117	WGN36	8.60153963065989	0.818588130533725	1141	6.99543266093115	10.2076466003886
118	WGN36	5.07936023510939	0.818588130533724	1141	3.47325326538065	6.68546720483813
119	WGN36	6.87037690371615	0.818588130533729	1141	5.2642699339874	8.4764838734449
120	WGN36	9.08190818364596	0.81858813053372	1141	7.47580121391722	10.6880151533747
121	WGN36	6.5769151710818	0.818588130533724	1141	4.97080820135305	8.18302214081054
122	WGN36	9.27609981905434	0.818588130533723	1141	7.6699928493256	10.8822067887831
123	WGN36	9.89833498296488	0.818588130533726	1141	8.29222801323614	11.5044419526936
124	WGN36	9.32676279467469	0.818588130533724	1141	7.72065582494595	10.9328697644034
125	WGN36	9.15823731820342	0.818588130533723	1141	7.55213034847468	10.7643442879322
126	WGN36	9.31779844898589	0.818588130533723	1141	7.71169147925715	10.9239054187146
127	WGN36	6.65713333419655	0.818588130533722	1141	5.05102636446781	8.26324030392529
128	WGN36	8.96485216006567	0.818588130533724	1141	7.35874519033692	10.5709591297944
129	WGN36	6.36092626363543	0.818588130533726	1141	4.75481929390668	7.96703323336417
130	WGN36	5.89791576165627	0.818588130533726	1141	4.29180879192753	7.50402273138502
1	WGN38	8.24420376073781	0.818588130533684	1141	6.63809679100915	9.85031073046648
2	WGN38	8.02629527766638	0.818588130533734	1141	6.42018830793762	9.63240224739515
3	WGN38	6.98202773597786	0.818588130533716	1141	5.37592076624913	8.58813470570658
4	WGN38	5.95217817760301	0.818588130533715	1141	4.34607120787428	7.55828514733173
5	WGN38	10.2790701030164	0.818588130533719	1141	8.67296313328766	11.8851770727451
6	WGN38	7.71638003319062	1.15791183631885	1141	5.44450459147054	9.98825547491069
7	WGN38	8.87371589249375	0.818588130533722	1141	7.26760892276501	10.4798228622225
8	WGN38	6.33638293840673	0.818588130533721	1141	4.73027596867799	7.94248990813547
10	WGN38	8.39214622124013	0.818588130533727	1141	6.78603925151138	9.99825319096887
11	WGN38	8.14005494464019	0.81858813053373	1141	6.53394797491144	9.74616191436894
12	WGN38	4.47157667924831	0.818588130533731	1141	2.86546970951956	6.07768364897707
13	WGN38	8.60153963065991	0.818588130533726	1141	6.99543266093116	10.2076466003887
14	WGN38	6.26344631483157	0.818588130533732	1141	4.65733934510281	7.86955328456033
16	WGN38	9.02670910386345	0.818588130533719	1141	7.42060213413472	10.6328160735922
18	WGN38	8.82521638207507	0.818588130533725	1141	7.21910941234632	10.4313233518038
19	WGN38	8.2459883173952	0.818588130533721	1141	6.63988134766646	9.85209528712394
20	WGN38	9.63970175953689	0.818588130533717	1141	8.03359478980816	11.2458087292656
21	WGN38	7.53934118086826	0.818588130533723	1141	5.93323421113952	9.145448150597
22	WGN38	5.82526344656405	0.818588130533729	1141	4.2191564768353	7.43137041629281
23	WGN38	11.7181971438001	0.818588130533727	1141	10.1120901740714	13.3243041135289
24	WGN38	6.78072640549312	0.818588130533718	1141	5.17461943576439	8.38683337522184
26	WGN38	9.79551944549502	0.818588130533724	1141	8.18941247576627	11.4016264152238
27	WGN38	8.80082488123396	0.81858813053373	1141	7.19471791150521	10.4069318509627
28	WGN38	8.84988413433599	0.818588130533729	1141	7.24377716460723	10.4559911040647
29	WGN38	6.62355017119578	0.818588130533729	1141	5.01744320146703	8.22965714092453
30	WGN38	8.11819972454145	0.81858813053372	1141	6.51209275481272	9.72430669427019
32	WGN38	7.30984813630022	0.81858813053372	1141	5.70374116657149	8.91595510602896
33	WGN38	10.7906064311289	0.818588130533725	1141	9.18449946140011	12.3967134008576
34	WGN38	9.41242000425644	0.818588130533721	1141	7.80631303452771	11.0185269739852
35	WGN38	10.0565832888186	0.81858813053372	1141	8.45047631908989	11.6626902585474
36	WGN38	10.2217926855753	0.818588130533726	1141	8.61568571584654	11.827899655304
37	WGN38	10.2224948965725	0.81858813053372	1141	8.61638792684377	11.8286018663012
38	WGN38	10.3047874180046	0.818588130533728	1141	8.6986804482758	11.9108943877333
39	WGN38	8.61370456910505	0.818588130533724	1141	7.00759759937631	10.2198115388338
40	WGN38	9.58257569495578	0.818588130533724	1141	7.97646872522704	11.1886826646845
41	WGN38	8.59267638593617	0.818588130533724	1141	6.98656941620742	10.1987833556649
42	WGN38	7.43700393700586	0.818588130533721	1141	5.83089696727712	9.04311090673459
45	WGN38	8.07495929112086	0.818588130533721	1141	6.46885232139212	9.68106626084959
46	WGN38	7.37228132326896	0.818588130533723	1141	5.76617435354022	8.97838829299771
47	WGN38	7.0710678118654	0.818588130533729	1141	5.46496084213665	8.67717478159415
48	WGN38	11.011616826065	0.818588130533727	1141	9.40550985633628	12.6177237957938
49	WGN38	9.10778673520215	0.818588130533729	1141	7.5016797654734	10.7138937049309
50	WGN38	8.57071421427137	0.818588130533726	1141	6.96460724454263	10.1768211840001
51	WGN38	7.64090218678864	0.818588130533726	1141	6.03479521705989	9.24700915651739
52	WGN38	9.18331371700873	0.818588130533727	1141	7.57720674727998	10.7894206867375
53	WGN38	7.27198816806966	0.818588130533723	1141	5.66588119834091	8.87809513779839
54	WGN38	7.16608220919795	0.818588130533724	1141	5.55997523946921	8.77218917892669
55	WGN38	4.89791576165634	0.818588130533722	1141	3.2918087919276	6.50402273138508
56	WGN38	9.07956995970827	0.818588130533725	1141	7.47346298997953	10.685676929437
59	WGN38	8.88006202348637	0.818588130533724	1141	7.27395505375762	10.4861689932151
61	WGN38	8.09173259221449	0.818588130533726	1141	6.48562562248574	9.69783956194324
63	WGN38	6.09807621135326	0.818588130533724	1141	4.49196924162452	7.704183181082
64	WGN38	7.74165738677388	0.818588130533727	1141	6.13555041704513	9.34776435650263
65	WGN38	7.32272893284656	0.818588130533722	1141	5.71662196311782	8.9288359025753
66	WGN38	5.50748554008007	0.818588130533723	1141	3.90137857035134	7.11359250980881
67	WGN38	10.3958989118285	0.818588130533724	1141	8.78979194209978	12.0020058815573
68	WGN38	11.1992836260059	0.818588130533726	1141	9.5931766562772	12.8053905957347
69	WGN38	8.0931480764672	0.818588130533725	1141	6.48704110673846	9.69925504619595
70	WGN38	10.4401966635573	0.818588130533726	1141	8.8340896938286	12.0463036332861
72	WGN38	7.6324665134509	0.818588130533725	1141	6.02635954372216	9.23857348317964
73	WGN38	11.595804248569	0.818588130533722	1141	9.98969727884028	13.2019112182978
74	WGN38	9.51224114031985	0.818588130533727	1141	7.9061341705911	11.1183481100486
76	WGN38	8.90633021366363	0.818588130533722	1141	7.3002232439349	10.5124371833924
77	WGN38	10.6317914350254	0.818588130533723	1141	9.0256844652967	12.2378984047542
78	WGN38	8.21299037205905	0.818588130533727	1141	6.6068834023303	9.8190973417878
80	WGN38	9.48316940105087	0.818588130533726	1141	7.87706243132213	11.0892763707796
81	WGN38	8.99381654546653	0.818588130533724	1141	7.38770957573779	10.5999235151953
82	WGN38	9.88085348859854	0.818588130533722	1141	8.2747465188698	11.4869604583273
83	WGN38	7.1062481202041	0.818588130533727	1141	5.50014115047535	8.71235508993284
84	WGN38	10.2469215821363	0.818588130533724	1141	8.64081461240758	11.8530285518651
85	WGN38	7.03526100637573	0.818588130533727	1141	5.42915403664698	8.64136797610447
86	WGN38	9.78720886136684	0.818588130533724	1141	8.1811018916381	11.3933158310956
87	WGN38	9.45112700909669	0.818588130533723	1141	7.84502003936795	11.0572339788254
88	WGN38	7.31662479035534	0.818588130533725	1141	5.71051782062659	8.92273176008408
89	WGN38	9.23992873197045	0.818588130533723	1141	7.63382176224171	10.8460357016992
90	WGN38	11.3556828142251	0.818588130533725	1141	9.74957584449634	12.9617897839538
91	WGN38	10.9535951664006	0.818588130533724	1141	9.3474881966719	12.5597021361294
92	WGN38	10.2217926855753	0.818588130533724	1141	8.61568571584653	11.827899655304
93	WGN38	6.81629848278443	0.818588130533723	1141	5.21019151305569	8.42240545251317
94	WGN38	9.79926103042285	0.818588130533724	1141	8.19315406069411	11.4053680001516
95	WGN38	7.51598579647973	0.818588130533724	1141	5.90987882675099	9.12209276620847
96	WGN38	7.94121757816151	0.818588130533724	1141	6.33511060843277	9.54732454789025
97	WGN38	7.47720759186728	0.818588130533725	1141	5.87110062213854	9.08331456159603
98	WGN38	9.25787842910697	0.818588130533724	1141	7.65177145937823	10.8639853988357
99	WGN38	8.74525984217905	0.818588130533724	1141	7.1391528724503	10.3513668119078
100	WGN38	10.0467945560598	0.818588130533723	1141	8.44068758633105	11.6529015257885
101	WGN38	9.78716490952415	0.818588130533725	1141	8.18105793979541	11.3932718792529
102	WGN38	7.76998239941354	0.818588130533726	1141	6.1638754296848	9.37608936914229
103	WGN38	9.2277577140051	0.818588130533726	1141	7.62165074427635	10.8338646837338
104	WGN38	10.9355749988955	0.818588130533723	1141	9.32946802916674	12.5416819686242
106	WGN38	9.89184459272036	1.15791183631883	1141	7.61996915100033	12.1637200344404
107	WGN38	7.84767985741628	0.818588130533723	1141	6.24157288768754	9.45378682714502
108	WGN38	10.5625989451052	1.15791183631883	1141	8.29072350338514	12.8344743868252
109	WGN38	10.7451794710922	1.15791183631883	1141	8.47330402937219	13.0170549128123
110	WGN38	10.6317914350254	0.818588130533725	1141	9.02568446529668	12.2378984047542
111	WGN38	10.8772877659202	0.818588130533724	1141	9.27118079619145	12.4833947356489
112	WGN38	8.17418942010672	1.15791183631883	1141	5.90231397838669	10.4460648618268
113	WGN38	8.8437276912824	0.818588130533722	1141	7.23762072155367	10.4498346610111
114	WGN38	6.83059824274697	0.818588130533724	1141	5.22449127301823	8.43670521247571
115	WGN38	10.9684496330036	0.818588130533723	1141	9.36234266327484	12.5745566027323
1	WGN39	8.4439306212603	0.818588130533801	1141	6.8378236515314	10.0500375909892
2	WGN39	10.1315986544666	0.81858813053372	1141	8.52549168473786	11.7377056241953
3	WGN39	9.17780687633859	0.818588130533714	1141	7.57169990660987	10.7839138460673
4	WGN39	9.07956995970837	0.81858813053372	1141	7.47346298997964	10.6856769294371
5	WGN39	10.7299313804117	0.81858813053372	1141	9.12382441068296	12.3360383501404
6	WGN39	9.95801688301378	0.818588130533722	1141	8.35190991328504	11.5641238527425
7	WGN39	9.36508716138499	0.818588130533735	1141	7.75898019165623	10.9711941311138
8	WGN39	10.2560067706124	0.818588130533728	1141	8.64989980088369	11.8621137403412
9	WGN39	9.64024963136447	0.818588130533719	1141	8.03414266163574	11.2463566010932
10	WGN39	7.80604609178471	0.818588130533733	1141	6.19993912205595	9.41215306151347
11	WGN39	10.4628879768607	0.818588130533692	1141	8.85678100713206	12.0689949465894
12	WGN39	11.3954838380776	0.818588130533713	1141	9.78937686834889	13.0015908078063
13	WGN39	10.0993799157701	0.818588130533729	1141	8.4932729460413	11.7054868854988
14	WGN39	9.82304366599859	0.818588130533718	1141	8.21693669626986	11.4291506357273
15	WGN39	8.75763402123783	0.818588130533709	1141	7.15152705150912	10.3637409909665
16	WGN39	10.4521627605848	0.818588130533714	1141	8.8460557908561	12.0582697303135
17	WGN39	9.16706958801744	0.818588130533728	1141	7.56096261828869	10.7731765577462
18	WGN39	7.49523048928713	0.818588130533721	1141	5.88912351955839	9.10133745901587
19	WGN39	10.2715230825403	0.818588130533723	1141	8.66541611281155	11.877630052269
20	WGN39	11.3721386363275	0.818588130533716	1141	9.76603166659876	12.9782456060562
21	WGN39	9.83823083031704	0.818588130533732	1141	8.23212386058828	11.4443378000458
22	WGN39	11.2021225026971	0.818588130533718	1141	9.59601553296839	12.8082294724259
24	WGN39	10.8603411595722	0.818588130533729	1141	9.25423418984342	12.4664481293009
25	WGN39	9.88085348859865	0.818588130533716	1141	8.27474651886992	11.4869604583274
26	WGN39	9.77200187265886	0.818588130533727	1141	8.16589490293011	11.3781088423876
27	WGN39	6.51908961135509	0.818588130533711	1141	4.91298264162637	8.12519658108381
28	WGN39	4.52769256906865	0.818588130533737	1141	2.92158559933989	6.13379953879742
29	WGN39	11.4371710435191	0.818588130533731	1141	9.83106407379034	13.0432780132479
30	WGN39	9.82304366599858	0.818588130533714	1141	8.21693669626985	11.4291506357273
31	WGN39	10.7379850142431	0.818588130533728	1141	9.13187804451434	12.3440919839718
32	WGN39	10.7533541283465	0.818588130533723	1141	9.14724715861774	12.3594610980752
34	WGN39	9.88085348859876	0.81858813053374	1141	8.27474651886998	11.4869604583275
35	WGN39	10.8128562619556	0.818588130533713	1141	9.20674929222689	12.4189632316843
36	WGN39	9.40166610911682	0.818588130533726	1141	7.79555913938808	11.0077730788456
37	WGN39	9.88085348859873	0.818588130533728	1141	8.27474651886997	11.4869604583275
38	WGN39	12.3417761248874	1.15791183631883	1141	10.0699006831673	14.6136515666074
39	WGN39	9.15473046685347	0.818588130533737	1141	7.54862349712471	10.7608374365822
40	WGN39	10.7002377135019	0.818588130533722	1141	9.09413074377317	12.3063446832307
41	WGN39	9.56350449478805	0.818588130533727	1141	7.95739752505931	11.1696114645168
42	WGN39	9.324912796657	0.818588130533723	1141	7.71880582692826	10.9310197663857
43	WGN39	9.95188215411532	0.81858813053373	1141	8.34577518438656	11.5579891238441
44	WGN39	9.07444578254623	0.818588130533718	1141	7.4683388128175	10.680552752275
45	WGN39	11.5098602406457	0.818588130533725	1141	9.90375327091697	13.1159672103745
46	WGN39	12.8920243760451	0.818588130533717	1141	11.2859174063164	14.4981313457738
47	WGN39	10.1820775009527	0.818588130533728	1141	8.57597053122391	11.7881844706814
48	WGN39	7.6170113044654	0.818588130533725	1141	6.01090433473665	9.22311827419414
49	WGN39	10.8234175305414	0.818588130533734	1141	9.2173105608126	12.4295245002701
50	WGN39	9.74938484107796	0.818588130533728	1141	8.14327787134921	11.3554918108067
51	WGN39	11.098233239408	0.818588130533734	1141	9.49212626967926	12.7043402091368
52	WGN39	9.46563290234504	0.818588130533727	1141	7.85952593261629	11.0717398720738
53	WGN39	10.8610934297506	0.818588130533718	1141	9.2549864600219	12.4672003994794
54	WGN39	9.94873195474747	0.818588130533725	1141	8.34262498501872	11.5548389244762
55	WGN39	7.24560462481694	0.818588130533726	1141	5.63949765508819	8.85171159454569
56	WGN39	10.024193250852	0.818588130533719	1141	8.41808628112324	11.6303002205807
57	WGN39	11.5106800225249	0.818588130533719	1141	9.90457305279621	13.1167869922537
58	WGN39	9.26969600708484	0.818588130533724	1141	7.6635890373561	10.8758029768136
59	WGN39	9.43879310982599	0.81858813053372	1141	7.83268614009725	11.0449000795547
60	WGN39	7.76782687642648	0.818588130533714	1141	6.16171990669776	9.3739338461552
61	WGN39	9.70303186006574	0.818588130533725	1141	8.096924890337	11.3091388297945
62	WGN39	8.12779114168227	0.818588130533726	1141	6.52168417195353	9.73389811141102
63	WGN39	8.94035624335264	0.818588130533723	1141	7.3342492736239	10.5464632130814
64	WGN39	10.0722439713917	0.818588130533736	1141	8.46613700166292	11.6783509411205
65	WGN39	9.76363857712883	0.818588130533725	1141	8.15753160740009	11.3697455468576
66	WGN39	9.86871552067766	0.818588130533724	1141	8.26260855094892	11.4748224904064
67	WGN39	9.91016270228981	0.818588130533724	1141	8.30405573256106	11.5162696720185
68	WGN39	11.7204313325977	0.818588130533723	1141	10.114324362869	13.3265383023265
69	WGN39	8.83854109069783	0.818588130533725	1141	7.23243412096909	10.4446480604266
70	WGN39	7.33708496134524	0.818588130533728	1141	5.73097799161649	8.94319193107399
71	WGN39	10.954356057318	0.818588130533728	1141	9.34824908758921	12.5604630270467
72	WGN39	11.4613480363044	0.81858813053373	1141	9.85524106657569	13.0674550060332
73	WGN39	11.4401813144806	0.818588130533725	1141	9.83407434475185	13.0462882842093
74	WGN39	9.58470941417959	0.818588130533717	1141	7.97860244445086	11.1908163839083
75	WGN39	12.4493165479574	0.818588130533732	1141	10.8432095782286	14.0554235176861
76	WGN39	9.76151726452241	0.818588130533722	1141	8.15541029479367	11.3676242342512
77	WGN39	8.15331193145913	0.818588130533722	1141	6.54720496173039	9.75941890118787
78	WGN39	8.60212889158105	0.818588130533729	1141	6.9960219218523	10.2082358613098
79	WGN39	11.9988423133979	0.818588130533724	1141	10.3927353436692	13.6049492831267
80	WGN39	8.80336262686007	0.818588130533721	1141	7.19725565713133	10.4094695965888
81	WGN39	7.94240878869548	0.818588130533719	1141	6.33630181896674	9.54851575842421
82	WGN39	11.5073991414368	0.818588130533724	1141	9.90129217170804	13.1135061111655
83	WGN39	12.1520673478252	0.818588130533732	1141	10.5459603780964	13.7581743175539
84	WGN39	10.975334750884	0.818588130533716	1141	9.36922778115528	12.5814417206127
85	WGN39	10.1969780269548	0.818588130533723	1141	8.59087105722608	11.8030849966836
86	WGN39	10.4879801308817	0.818588130533726	1141	8.88187316115299	12.0940871006105
87	WGN39	9.92649201231755	0.818588130533731	1141	8.32038504258879	11.5325989820463
88	WGN39	8.0745507854638	0.818588130533723	1141	6.46844381573506	9.68065775519254
89	WGN39	10.3177672708932	0.818588130533724	1141	8.7116603011645	11.923874240622
90	WGN39	10.3679683249489	0.818588130533726	1141	8.76186135522013	11.9740752946776
91	WGN39	7.51303829084778	0.81858813053373	1141	5.90693132111903	9.11914526057653
92	WGN39	12.5363919384744	0.818588130533723	1141	10.9302849687457	14.1424989082032
93	WGN39	7.43973041597315	0.818588130533721	1141	5.83362344624441	9.04583738570189
94	WGN39	6.5700845115202	0.818588130533727	1141	4.96397754179145	8.17619148124895
95	WGN39	11.7662812973355	0.818588130533724	1141	10.1601743276067	13.3723882670642
96	WGN39	9.642395975819	0.818588130533724	1141	8.03628900609026	11.2485029455477
97	WGN39	9.21379321574259	0.81858813053372	1141	7.60768624601385	10.8199001854713
98	WGN39	9.85512676728027	0.818588130533723	1141	8.24901979755153	11.461233737009
99	WGN39	10.6007009580316	0.81858813053373	1141	8.99459398830281	12.2068079277603
100	WGN39	9.06783339597157	0.818588130533725	1141	7.46172642624283	10.6739403657003
101	WGN39	9.25787842910713	0.818588130533727	1141	7.65177145937838	10.8639853988359
102	WGN39	10.1468173949359	0.818588130533724	1141	8.54071042520712	11.7529243646646
104	WGN39	9.49837303903781	0.818588130533728	1141	7.89226606930906	11.1044800087666
105	WGN39	9.58939524538986	0.818588130533722	1141	7.98328827566112	11.1955022151186
106	WGN39	10.4615532125664	0.818588130533725	1141	8.85544624283768	12.0676601822952
107	WGN39	11.7138943007075	0.818588130533726	1141	10.1077873309788	13.3200012704363
108	WGN39	8.23743547928883	1.15791183631884	1141	5.96556003756878	10.5093109210089
109	WGN39	8.29590288054666	0.818588130533724	1141	6.68979591081792	9.90200985027541
110	WGN39	8.28002250793161	0.818588130533725	1141	6.67391553820287	9.88612947766036
111	WGN39	8.77200187265885	0.818588130533725	1141	7.1658949029301	10.3781088423876
112	WGN39	11.7870785867316	0.818588130533725	1141	10.1809716170029	13.3931855564604
113	WGN39	10.2749787266404	0.818588130533724	1141	8.66887175691163	11.8810856963691
114	WGN39	11.8769723466505	0.818588130533723	1141	10.2708653769218	13.4830793163792
115	WGN39	11.3905015500813	0.818588130533724	1141	9.7843945803526	12.9966085198101
116	WGN39	10.3071605097779	0.818588130533724	1141	8.70105354004911	11.9132674795066
117	WGN39	10.2450910650158	0.818588130533725	1141	8.63898409528706	11.8511980347445
118	WGN39	9.08227961823682	0.818588130533725	1141	7.47617264850807	10.6883865879656
120	WGN39	10.3349122754404	0.818588130533725	1141	8.72880530571168	11.9410192451692
121	WGN39	11.116835372487	1.15791183631884	1141	8.84495993076699	13.3887108142071
122	WGN39	10.6992171220266	0.818588130533725	1141	9.09311015229782	12.3053240917553
123	WGN39	11.8087157407914	0.818588130533725	1141	10.2026087710626	13.4148227105201
124	WGN39	8.60069346355039	0.818588130533723	1141	6.99458649382165	10.2068004332791
125	WGN39	10.6613156237997	0.818588130533723	1141	9.05520865407093	12.2674225935284
126	WGN39	10.7558737630852	0.818588130533724	1141	9.1497667933565	12.361980732814
127	WGN39	9.72725700596653	0.818588130533724	1141	8.12115003623779	11.3333639756953
128	WGN39	12.5060669287708	1.15791183631883	1141	10.2341914870508	14.7779423704908
129	WGN39	8.91517476276485	0.818588130533725	1141	7.30906779303611	10.5212817324936
130	WGN39	11.6359846210432	0.818588130533725	1141	10.0298776513144	13.2420915907719
1	WGN45	7.99739364202898	0.818588130533705	1141	6.39128667230027	9.60350061175768
2	WGN45	10.068199493348	0.818588130533725	1141	8.46209252361923	11.6743064630767
3	WGN45	3.89438037267727	0.818588130533742	1141	2.2882734029485	5.50048734240605
4	WGN45	8.85961814869566	0.818588130533738	1141	7.25351117896689	10.4657251184244
5	WGN45	3.57071421427153	0.818588130533713	1141	1.96460724454281	5.17682118400025
6	WGN45	8.68521084158778	0.818588130533726	1141	7.07910387185904	10.2913178113165
7	WGN45	7.73227122784562	0.818588130533717	1141	6.1261642581169	9.33837819757435
8	WGN45	8.24531933498834	0.818588130533728	1141	6.63921236525959	9.85142630471709
9	WGN45	8.03759952884691	0.818588130533736	1141	6.43149255911814	9.64370649857568
10	WGN45	7.63668014961321	0.81858813053373	1141	6.03057317988446	9.24278711934196
11	WGN45	8.45530200532916	0.818588130533731	1141	6.8491950356004	10.0614089750579
12	WGN45	9.61681366265699	0.818588130533718	1141	8.01070669292826	11.2229206323857
13	WGN45	7.10624812020416	0.818588130533723	1141	5.50014115047543	8.7123550899329
14	WGN45	6.53553390593275	0.818588130533719	1141	4.92942693620402	8.14164087566148
15	WGN45	2.95679567896048	0.818588130533724	1141	1.35068870923173	4.56290264868922
16	WGN45	8.73287785426409	0.818588130533725	1141	7.12677088453535	10.3389848239928
17	WGN45	2.77634638392762	0.818588130533721	1141	1.17023941419889	4.38245335365636
18	WGN45	1.93649167310369	0.818588130533725	1141	0.330384703374948	3.54259864283244
19	WGN45	6.18252909099583	0.818588130533733	1141	4.57642212126707	7.78863606072459
20	WGN45	11.5495788101035	0.818588130533728	1141	9.94347184037479	13.1556857798323
22	WGN45	7.06220120979748	0.818588130533731	1141	5.45609424006872	8.66830817952623
23	WGN45	6.04138126514904	0.818588130533732	1141	4.43527429542028	7.6474882348778
24	WGN45	1.32287565553213	0.818588130533731	1141	-0.283231314196627	2.92898262526089
25	WGN45	1.11403201627819	1.15791183631883	1141	-1.15784342544185	3.38590745799822
26	WGN45	2.52433779896214	0.818588130533726	1141	0.918230829233396	4.13044476869089
28	WGN45	4.58113883008422	0.818588130533723	1141	2.97503186035548	6.18724579981296
29	WGN45	1.72474487139176	0.818588130533712	1141	0.118637901663044	3.33085184112048
30	WGN45	0.500000000000144	0.818588130533716	1141	-1.10610696972858	2.10610696972887
31	WGN45	7.57988189567229	0.818588130533722	1141	5.97377492594355	9.18598886540102
32	WGN45	6.40512483795328	0.818588130533733	1141	4.79901786822452	8.01123180768204
33	WGN45	5.47417843581079	0.818588130533722	1141	3.86807146608206	7.08028540553953
34	WGN45	6.51818690907181	0.818588130533722	1141	4.91207993934307	8.12429387880055
35	WGN45	7.58220700148447	0.818588130533733	1141	5.97610003175571	9.18831397121323
36	WGN45	7.99303346916005	0.818588130533727	1141	6.38692649943131	9.5991404388888
37	WGN45	8.65543608766992	0.818588130533725	1141	7.04932911794118	10.2615430573987
38	WGN45	0.30018154609499	1.15791183631883	1141	-1.97169389562505	2.57205698781503
40	WGN45	7.79734023979243	0.818588130533728	1141	6.19123327006367	9.40344720952118
41	WGN45	8.39002781768996	0.818588130533728	1141	6.78392084796121	9.99613478741871
42	WGN45	6.55344265173103	0.818588130533717	1141	4.9473356820023	8.15954962145976
43	WGN45	6.4802813808674	0.818588130533724	1141	4.87417441113866	8.08638835059614
44	WGN45	6.57008451152012	0.81858813053373	1141	4.96397754179136	8.17619148124887
45	WGN45	6.13798414766464	0.818588130533725	1141	4.5318771779359	7.74409111739339
46	WGN45	4.05622815683401	0.818588130533728	1141	2.45012118710526	5.66233512656276
47	WGN45	1.71439510846807	1.15791183631883	1141	-0.557480333251967	3.9862705501881
48	WGN45	0.500000000000103	0.818588130533717	1141	-1.10610696972862	2.10610696972883
49	WGN45	9.15929692341647	0.818588130533724	1141	7.55318995368772	10.7654038931452
50	WGN45	0.30018154609509	1.15791183631882	1141	-1.97169389562493	2.57205698781511
52	WGN45	1.65831239517775	0.818588130533721	1141	0.0522054254490127	3.26441936490648
53	WGN45	6.74526466947641	0.818588130533726	1141	5.13915769974767	8.35137163920516
54	WGN45	9.99481646359317	0.818588130533719	1141	8.38870949386444	11.6009234333219
55	WGN45	6.16879042562469	0.818588130533734	1141	4.56268345589593	7.77489739535345
56	WGN45	11.1498210987769	0.818588130533726	1141	9.54371412904819	12.7559280685057
57	WGN45	9.12310562561765	0.818588130533726	1141	7.51699865588891	10.7292125953464
58	WGN45	6.99671626702662	0.818588130533719	1141	5.39060929729789	8.60282323675536
59	WGN45	6.32842712474617	0.818588130533726	1141	4.72232015501742	7.93453409447492
60	WGN45	1.49999999999994	0.818588130533728	1141	-0.10610696972881	3.10610696972869
61	WGN45	6.75252310603781	0.818588130533725	1141	5.14641613630906	8.35863007576655
62	WGN45	5.73606797749979	0.818588130533724	1141	4.12996100777104	7.34217494722853
64	WGN45	5.04950975679636	0.818588130533728	1141	3.44340278706761	6.65561672652511
65	WGN45	7.54447692302167	0.818588130533727	1141	5.93836995329292	9.15058389275042
66	WGN45	7.06740249812175	0.818588130533726	1141	5.461295528393	8.6735094678505
67	WGN45	1.98405939253419	0.818588130533731	1141	0.377952422805437	3.59016636226295
68	WGN45	8.65543608766994	0.818588130533727	1141	7.04932911794119	10.2615430573987
69	WGN45	9.62162964105134	0.818588130533721	1141	8.0155226713226	11.2277366107801
70	WGN45	8.10504423655753	0.818588130533728	1141	6.49893726682878	9.71115120628628
71	WGN45	6.1638802643483	0.818588130533725	1141	4.55777329461955	7.76998723407704
72	WGN45	10.0729608222734	0.818588130533727	1141	8.46685385254462	11.6790677920021
73	WGN45	1.99999999999989	0.818588130533732	1141	0.393893030271135	3.60610696972865
74	WGN45	7.71638003319069	1.15791183631883	1141	5.44450459147065	9.98825547491072
75	WGN45	8.90250681313755	1.15791183631883	1141	6.63063137141752	11.1743822548576
76	WGN45	9.09210234957667	0.818588130533722	1141	7.48599537984793	10.6982093193054
78	WGN45	2.82842712474617	0.818588130533726	1141	1.22232015501743	4.43453409447492
80	WGN45	8.68864482721737	0.818588130533724	1141	7.08253785748863	10.2947517969461
81	WGN45	7.64845942686625	0.818588130533723	1141	6.04235245713751	9.25456639659499
82	WGN45	5.0849832610395	1.15791183631883	1141	2.81310781931946	7.35685870275953
84	WGN45	6.9551903476919	0.818588130533725	1141	5.34908337796316	8.56129731742065
85	WGN45	6.91460496337868	0.818588130533727	1141	5.30849799364993	8.52071193310743
86	WGN45	9.65116795204851	0.81858813053373	1141	8.04506098231975	11.2572749217773
87	WGN45	1.86602540378437	0.818588130533729	1141	0.259918434055622	3.47213237351312
88	WGN45	8.73588762641488	0.818588130533729	1141	7.12978065668613	10.3419945961436
89	WGN45	6.22811630949998	0.818588130533724	1141	4.62200933977124	7.83422327922872
90	WGN45	7.35889894354065	0.818588130533724	1141	5.75279197381191	8.96500591326939
92	WGN45	5.95608756919102	0.818588130533723	1141	4.34998059946228	7.56219453891976
93	WGN45	1.99999999999998	0.818588130533725	1141	0.393893030271233	3.60610696972872
94	WGN45	6.59809483619004	0.818588130533725	1141	4.9919878664613	8.20420180591879
95	WGN45	7.47853462167138	0.818588130533727	1141	5.87242765194264	9.08464159140013
96	WGN45	0.707106781186567	0.818588130533724	1141	-0.899000188542175	2.31321375091531
98	WGN45	6.54216612871939	0.818588130533727	1141	4.93605915899064	8.14827309844813
99	WGN45	2.30277563773201	0.818588130533723	1141	0.696668668003265	3.90888260746075
100	WGN45	6.78072640549315	0.818588130533724	1141	5.17461943576441	8.3868333752219
101	WGN45	6.54138126514909	0.818588130533726	1141	4.93527429542034	8.14748823487783
102	WGN45	10.00222865256	0.818588130533727	1141	8.3961216828313	11.6083356222888
103	WGN45	7.31428955881501	0.818588130533724	1141	5.70818258908627	8.92039652854375
104	WGN45	7.0622012097975	0.818588130533724	1141	5.45609424006875	8.66830817952624
105	WGN45	7.60184308842067	0.818588130533727	1141	5.99573611869192	9.20795005814942
106	WGN45	7.20531262710214	0.818588130533723	1141	5.5992056573734	8.81141959683088
107	WGN45	9.04711758495047	0.818588130533723	1141	7.44101061522173	10.6532245546792
108	WGN45	8.24531933498834	0.818588130533727	1141	6.63921236525959	9.85142630471709
109	WGN45	9.31209440018094	0.818588130533725	1141	7.7059874304522	10.9182013699097
110	WGN45	9.42188342330539	0.818588130533725	1141	7.81577645357664	11.0279903930341
111	WGN45	2.78388218141497	0.818588130533727	1141	1.17777521168622	4.38998915114372
112	WGN45	0.300181546094975	1.15791183631883	1141	-1.97169389562506	2.57205698781501
114	WGN45	5.61072628727845	0.818588130533725	1141	4.00461931754971	7.2168332570072
115	WGN45	1.82287565553231	0.818588130533723	1141	0.216768685803566	3.42898262526105
116	WGN45	9.13750378748621	0.818588130533723	1141	7.53139681775747	10.743610757215
117	WGN45	0.300181546094933	1.15791183631884	1141	-1.97169389562511	2.57205698781498
118	WGN45	6.74948050869692	0.818588130533724	1141	5.14337353896818	8.35558747842567
119	WGN45	7.84212877495921	0.818588130533725	1141	6.23602180523047	9.44823574468796
120	WGN45	6.88733900462681	0.818588130533725	1141	5.28123203489807	8.49344597435555
121	WGN45	9.58363461640268	0.818588130533725	1141	7.97752764667393	11.1897415861314
122	WGN45	11.3187684925273	1.15791183631884	1141	9.04689305080722	13.5906439342473
123	WGN45	7.51128409702294	1.15791183631883	1141	5.2394086553029	9.78315953874298
124	WGN45	7.3136505190118	0.818588130533725	1141	5.70754354928306	8.91975748874055
126	WGN45	7.38046849309935	0.818588130533725	1141	5.7743615233706	8.98657546282809
127	WGN45	7.21918574986789	0.818588130533725	1141	5.61307878013914	8.82529271959663
128	WGN45	7.14142842854283	0.818588130533725	1141	5.53532145881409	8.74753539827157
129	WGN45	4.83414418885308	0.818588130533725	1141	3.22803721912434	6.44025115858183
1	WGN46	7.56201920231796	0.818588130533706	1141	5.95591223258925	9.16812617204667
2	WGN46	9.93151640297085	0.818588130533727	1141	8.3254094332421	11.5376233726996
3	WGN46	7.43973041597309	0.818588130533721	1141	5.83362344624435	9.04583738570182
4	WGN46	6.73299187443986	0.818588130533712	1141	5.12688490471114	8.33909884416858
6	WGN46	8.74600745208617	0.818588130533725	1141	7.13990048235742	10.3521144218149
7	WGN46	10.2352998197864	0.818588130533731	1141	8.62919285005764	11.8414067895151
8	WGN46	9.00512551316692	0.818588130533721	1141	7.39901854343818	10.6112324828957
9	WGN46	8.91623316365743	0.818588130533723	1141	7.31012619392869	10.5223401333862
10	WGN46	7.54517978259364	0.818588130533725	1141	5.93907281286489	9.15128675232238
11	WGN46	10.237518611582	0.818588130533721	1141	8.63141164185328	11.8436255813108
12	WGN46	7.33295213815391	0.818588130533725	1141	5.72684516842517	8.93905910788266
13	WGN46	7.6428615807717	0.818588130533726	1141	6.03675461104295	9.24896855050044
14	WGN46	6.89192891533832	0.818588130533728	1141	5.28582194560957	8.49803588506707
15	WGN46	8.8788087315657	0.818588130533741	1141	7.27270176183693	10.4849157012945
16	WGN46	10.1568542494924	0.818588130533726	1141	8.55074727976369	11.7629612192212
17	WGN46	10.5164722802971	1.15791183631884	1141	8.24459683857703	12.7883477220172
18	WGN46	9.0607547440046	0.818588130533733	1141	7.45464777427584	10.6668617137334
19	WGN46	10.3895186889135	0.81858813053372	1141	8.78341171918474	11.9956256586422
20	WGN46	8.53415515731762	0.818588130533727	1141	6.92804818758887	10.1402621270464
21	WGN46	7.04828768225461	1.15791183631884	1141	4.77641224053455	9.32016312397467
22	WGN46	8.51464255977813	0.818588130533727	1141	6.90853559004938	10.1207495295069
23	WGN46	8.72633131927143	1.15791183631884	1141	6.45445587755139	10.9982067609915
24	WGN46	9.76674303520938	0.818588130533723	1141	8.16063606548064	11.3728500049381
25	WGN46	12.5299640861417	0.818588130533724	1141	10.923857116413	14.1360710558704
26	WGN46	8.65899186798907	0.81858813053373	1141	7.05288489826032	10.2650988377178
27	WGN46	8.48200456915838	0.818588130533716	1141	6.87589759942965	10.0881115388871
28	WGN46	8.91270271387812	0.818588130533731	1141	7.30659574414936	10.5188096836069
29	WGN46	10.3679683249489	0.818588130533732	1141	8.76186135522013	11.9740752946776
30	WGN46	8.18444080560839	0.818588130533727	1141	6.57833383587964	9.79054777533714
31	WGN46	9.02208511118406	0.818588130533721	1141	7.41597814145532	10.6281920809128
32	WGN46	10.7845262965553	0.818588130533721	1141	9.17841932682652	12.390633266284
33	WGN46	7.02712932918672	0.818588130533727	1141	5.42102235945797	8.63323629891547
34	WGN46	10.8067540511867	0.818588130533729	1141	9.20064708145798	12.4128610209155
36	WGN46	8.70669994409072	0.81858813053373	1141	7.10059297436196	10.3128069138195
37	WGN46	10.4635428385235	0.818588130533725	1141	8.8574358687948	12.0696498082523
38	WGN46	8.36310334250418	0.818588130533731	1141	6.75699637277543	9.96921031223294
39	WGN46	6.86415638597322	0.818588130533719	1141	5.25804941624448	8.47026335570195
40	WGN46	6.8521586962882	0.818588130533725	1141	5.24605172655946	8.45826566601695
41	WGN46	10.1979211655259	0.81858813053372	1141	8.59181419579721	11.8040281352547
42	WGN46	5.96667765076224	0.818588130533717	1141	4.36057068103352	7.57278462049097
43	WGN46	3.12565129326437	0.818588130533722	1141	1.51954432353563	4.73175826299311
44	WGN46	7.6786613237799	0.818588130533728	1141	6.07255435405115	9.28476829350866
45	WGN46	8.47738212168222	0.818588130533727	1141	6.87127515195347	10.083489091411
46	WGN46	10.1483808116284	0.818588130533717	1141	8.54227384189969	11.7544877813572
47	WGN46	11.0901699437495	0.818588130533723	1141	9.48406297402077	12.6962769134783
48	WGN46	9.07285309392357	0.818588130533729	1141	7.46674612419482	10.6789600636523
49	WGN46	8.08321356105364	0.818588130533729	1141	6.47710659132489	9.68932053078239
50	WGN46	10.0289548858392	0.818588130533729	1141	8.42284791611042	11.6350618555679
51	WGN46	6.21626132919465	1.15791183631883	1141	3.94438588747461	8.48813677091469
52	WGN46	11.3523499553599	0.818588130533726	1141	9.74624298563115	12.9584569250886
53	WGN46	10.4442936157483	0.818588130533721	1141	8.83818664601954	12.050400585477
54	WGN46	9.82076933387327	0.818588130533732	1141	8.21466236414451	11.426876303602
55	WGN46	8.96485216006577	0.818588130533727	1141	7.35874519033703	10.5709591297945
56	WGN46	10.7458586794471	0.818588130533723	1141	9.13975170971835	12.3519656491758
57	WGN46	9.0969941568341	0.818588130533719	1141	7.49088718710536	10.7031011265628
58	WGN46	9.23516205111247	0.818588130533728	1141	7.62905508138372	10.8412690208412
59	WGN46	9.12859067149266	0.818588130533722	1141	7.52248370176392	10.7346976412214
60	WGN46	7.09926423511053	0.818588130533731	1141	5.49315726538177	8.70537120483928
61	WGN46	9.91545670664698	0.818588130533732	1141	8.30934973691822	11.5215636763757
62	WGN46	8.32752591013763	0.818588130533724	1141	6.72141894040889	9.93363287986638
63	WGN46	9.09699415683407	0.81858813053372	1141	7.49088718710533	10.7031011265628
64	WGN46	8.21533113377705	0.818588130533717	1141	6.60922416404832	9.82143810350578
65	WGN46	7.9159546519588	1.15791183631884	1141	5.64407921023875	10.1878300936789
66	WGN46	10.8020974236657	0.81858813053372	1141	9.19599045393698	12.4082043933944
67	WGN46	10.2648203746732	0.818588130533721	1141	8.65871340494444	11.8709273444019
68	WGN46	11.4543560573179	0.81858813053372	1141	9.84824908758913	13.0604630270466
69	WGN46	8.23816657052726	0.818588130533715	1141	6.63205960079854	9.84427354025599
70	WGN46	9.53809561723974	0.818588130533717	1141	7.93198864751101	11.1442025869685
71	WGN46	8.9619417475664	0.818588130533726	1141	7.35583477783766	10.5680487172952
72	WGN46	7.50000000000001	0.818588130533729	1141	5.89389303027126	9.10610696972877
73	WGN46	5.95608756919108	0.818588130533721	1141	4.34998059946235	7.56219453891982
74	WGN46	9.77872811766253	0.818588130533727	1141	8.17262114793378	11.3848350873913
75	WGN46	7.93625371210266	0.818588130533721	1141	6.33014674237392	9.54236068183139
76	WGN46	9.26969600708481	0.818588130533727	1141	7.66358903735606	10.8758029768136
78	WGN46	9.46040705628094	0.818588130533726	1141	7.85430008655219	11.0665140260097
79	WGN46	7.11492201038834	0.818588130533729	1141	5.50881504065959	8.72102898011709
80	WGN46	9.2399287319706	0.818588130533728	1141	7.63382176224185	10.8460357016993
81	WGN46	8.41241056559828	0.818588130533727	1141	6.80630359586953	10.018517535327
82	WGN46	7.65863953155044	0.818588130533727	1141	6.05253256182169	9.26474650127918
83	WGN46	9.42780534654702	0.818588130533724	1141	7.82169837681827	11.0339123162758
84	WGN46	8.4209181458587	0.818588130533721	1141	6.81481117612996	10.0270251155874
85	WGN46	8.15007882359413	0.818588130533722	1141	6.54397185386539	9.75618579332287
86	WGN46	10.3327558140941	0.818588130533728	1141	8.72664884436535	11.9388627838229
87	WGN46	10.3244859103594	0.818588130533723	1141	8.71837894063069	11.9305928800882
88	WGN46	8.00000000000005	0.818588130533724	1141	6.39389303027131	9.60610696972879
89	WGN46	7.48301103632326	0.818588130533725	1141	5.87690406659452	9.08911800605201
90	WGN46	10.4349784063615	0.818588130533728	1141	8.82887143663279	12.0410853760903
91	WGN46	7.76207620220361	1.15791183631884	1141	5.49020076048356	10.0339516439237
93	WGN46	7.17737428620988	0.818588130533727	1141	5.57126731648114	8.78348125593863
94	WGN46	11.5	0.818588130533724	1141	9.8938930302713	13.1061069697288
95	WGN46	9.74625428139458	0.818588130533725	1141	8.14014731166584	11.3523612511233
96	WGN46	11.5452682532048	0.81858813053373	1141	9.93916128347607	13.1513752229336
98	WGN46	7.80788655293202	0.818588130533726	1141	6.20177958320327	9.41399352266076
100	WGN46	8.53677359459408	0.818588130533723	1141	6.93066662486534	10.1428805643228
101	WGN46	8.69882845006588	0.818588130533723	1141	7.09272148033714	10.3049354197946
102	WGN46	8.46034162752553	0.818588130533724	1141	6.85423465779679	10.0664485972543
103	WGN46	8.77477937670466	0.818588130533725	1141	7.16867240697591	10.3808863464334
104	WGN46	8.62310562561772	0.818588130533725	1141	7.01699865588898	10.2292125953465
106	WGN46	10.05848939662	0.818588130533724	1141	8.45238242689121	11.6645963663487
107	WGN46	9.68159520854869	0.818588130533725	1141	8.07548823881994	11.2877021782774
108	WGN46	11.345497956715	0.818588130533725	1141	9.73939098698627	12.9516049264438
109	WGN46	11.4441888541035	0.818588130533724	1141	9.83808188437476	13.0502958238322
110	WGN46	9.83853912601572	0.818588130533725	1141	8.23243215628697	11.4446460957445
111	WGN46	12.0726785541882	0.818588130533723	1141	10.4665715844594	13.6787855239169
112	WGN46	10.8619026473819	0.818588130533726	1141	9.25579567765313	12.4680096171106
113	WGN46	11.357048726699	0.818588130533727	1141	9.75094175697026	12.9631556964278
114	WGN46	7.16948468697452	0.818588130533724	1141	5.56337771724578	8.77559165670326
115	WGN46	8.84698965921485	0.818588130533725	1141	7.2408826894861	10.4530966289436
116	WGN46	10.5825833668665	0.818588130533724	1141	8.97647639713772	12.1886903365952
117	WGN46	8.21533113377708	0.818588130533725	1141	6.60922416404833	9.82143810350582
118	WGN46	8.00644231682315	1.15791183631883	1141	5.73456687510311	10.2783177585432
119	WGN46	10.0224548685462	0.818588130533725	1141	8.41634789881747	11.628561838275
120	WGN46	7.6086819112372	0.818588130533724	1141	6.00257494150846	9.21478888096595
121	WGN46	9.65992467401474	0.818588130533724	1141	8.053817704286	11.2660316437435
122	WGN46	7.66620145584712	0.818588130533725	1141	6.06009448611838	9.27230842557586
123	WGN46	8.29875398551914	0.818588130533724	1141	6.6926470157904	9.90486095524788
124	WGN46	7.09112596579615	0.818588130533725	1141	5.4850189960674	8.69723293552489
125	WGN46	8.04451772607317	0.818588130533725	1141	6.43841075634443	9.65062469580192
126	WGN46	10.6007009580315	0.818588130533725	1141	8.99459398830277	12.2068079277603
127	WGN46	8.79741224710553	0.818588130533725	1141	7.19130527737679	10.4035192168343
128	WGN46	7.82754654563386	0.818588130533725	1141	6.22143957590512	9.43365351536261
129	WGN46	8.47757976938162	0.818588130533725	1141	6.87147279965287	10.0836867391104
130	WGN46	6.55032629939978	0.818588130533725	1141	4.94421932967103	8.15643326912852
1	WGN55	7.97624219523979	0.818588130533733	1141	6.37013522551103	9.58234916496856
2	WGN55	9.74625428139455	0.818588130533729	1141	8.1401473116658	11.3523612511233
3	WGN55	10.1391824795456	0.818588130533724	1141	8.53307550981688	11.7452894492744
4	WGN55	8.2720018726588	0.818588130533734	1141	6.66589490293004	9.87810884238757
5	WGN55	8.54193408570118	0.818588130533726	1141	6.93582711597243	10.1480410554299
6	WGN55	7.01921093849039	0.818588130533724	1141	5.41310396876165	8.62531790821913
7	WGN55	8.15331193145892	0.818588130533726	1141	6.54720496173017	9.75941890118766
8	WGN55	8.13801357185419	0.818588130533728	1141	6.53190660212544	9.74412054158294
9	WGN55	10.2224948965726	0.818588130533726	1141	8.61638792684387	11.8286018663014
10	WGN55	8.65331193145905	0.818588130533726	1141	7.0472049617303	10.2594189011878
11	WGN55	7.38046849309939	0.818588130533718	1141	5.77436152337066	8.98657546282812
12	WGN55	8.54639279733038	1.15791183631885	1141	6.27451735561032	10.8182682390504
13	WGN55	10.5045341069087	0.81858813053372	1141	8.89842713717997	12.1106410766374
14	WGN55	9.68421801119261	0.818588130533729	1141	8.07811104146386	11.2903249809214
15	WGN55	8.91450176643276	0.818588130533732	1141	7.308394796704	10.5206087361615
16	WGN55	10.6761537896223	0.818588130533721	1141	9.07004681989358	12.282260759351
17	WGN55	9.18837596341057	1.15791183631883	1141	6.91650052169054	11.4602514051306
18	WGN55	8.02968032294215	0.818588130533726	1141	6.42357335321341	9.6357872926709
19	WGN55	8.41861106784537	0.818588130533727	1141	6.81250409811662	10.0247180375741
20	WGN55	9.34030933406202	0.818588130533733	1141	7.73420236433326	10.9464163037908
21	WGN55	9.67869217255196	0.818588130533723	1141	8.07258520282322	11.2847991422807
22	WGN55	9.92314964158559	0.818588130533734	1141	8.31704267185682	11.5292566113143
23	WGN55	9.79676256602958	0.818588130533721	1141	8.19065559630084	11.4028695357583
24	WGN55	10.0179778032032	0.818588130533728	1141	8.4118708334744	11.6240847729319
25	WGN55	7.29528188807269	0.818588130533726	1141	5.68917491834394	8.90138885780143
26	WGN55	9.74557899161854	0.818588130533716	1141	8.13947202188981	11.3516859613473
27	WGN55	8.27600790126256	0.818588130533724	1141	6.66990093153381	9.8821148709913
28	WGN55	6.54517954449339	1.15791183631884	1141	4.27330410277334	8.81705498621344
29	WGN55	7.91687530129405	0.818588130533723	1141	6.31076833156531	9.52298227102279
30	WGN55	10.2010862526848	0.818588130533715	1141	8.59497928295612	11.8071932224136
31	WGN55	8.09314807646727	0.818588130533728	1141	6.48704110673853	9.69925504619602
32	WGN55	8.42280340485845	0.818588130533726	1141	6.8166964351297	10.0289103745872
33	WGN55	7.12901918388507	0.818588130533725	1141	5.52291221415633	8.73512615361382
34	WGN55	9.65952469782752	0.818588130533729	1141	8.05341772809877	11.2656316675563
35	WGN55	7.3227289328466	0.818588130533723	1141	5.71662196311786	8.92883590257534
36	WGN55	9.91930690629258	0.818588130533731	1141	8.31319993656382	11.5254138760213
37	WGN55	8.89937021945444	0.818588130533722	1141	7.2932632497257	10.5054771891832
38	WGN55	8.26402378149403	0.818588130533728	1141	6.65791681176528	9.87013075122278
40	WGN55	7.72129201048485	0.81858813053373	1141	6.1151850407561	9.3273989802136
41	WGN55	7.15855414366843	0.818588130533725	1141	5.55244717393968	8.76466111339717
42	WGN55	9.99987499609357	0.818588130533728	1141	8.39376802636482	11.6059819658223
43	WGN55	9.14539904506328	0.818588130533725	1141	7.53929207533453	10.751506014792
44	WGN55	9.15929692341654	0.818588130533729	1141	7.55318995368779	10.7654038931453
45	WGN55	9.50262975460183	0.818588130533722	1141	7.89652278487309	11.1087367243306
46	WGN55	7.48062781857461	0.818588130533718	1141	5.87452084884588	9.08673478830335
47	WGN55	6.9618792058341	0.818588130533719	1141	5.35577223610536	8.56798617556283
48	WGN55	7.07071421427144	0.818588130533731	1141	5.46460724454268	8.67682118400019
49	WGN55	8.25645330709825	0.818588130533728	1141	6.6503463373695	9.862560276827
50	WGN55	8.05843676941239	0.818588130533732	1141	6.45232979968363	9.66454373914114
52	WGN55	8.80082488123401	0.818588130533722	1141	7.19471791150527	10.4069318509627
53	WGN55	9.5	0.81858813053372	1141	7.89389303027127	11.1061069697287
54	WGN55	9.61737586450111	0.818588130533732	1141	8.01126889477235	11.2234828342299
55	WGN55	9.61765690380925	0.818588130533725	1141	8.0115499340805	11.223763873538
56	WGN55	9.94873195474742	0.818588130533727	1141	8.34262498501867	11.5548389244762
57	WGN55	5.78988010600035	0.818588130533722	1141	4.18377313627161	7.39598707572909
58	WGN55	9.38748219369609	0.818588130533729	1141	7.78137522396734	10.9935891634248
59	WGN55	6.12031755171822	0.818588130533724	1141	4.51421058198948	7.72642452144696
60	WGN55	9.10629619298737	0.818588130533723	1141	7.50018922325863	10.7124031627161
61	WGN55	8.11245631366816	0.818588130533729	1141	6.50634934393941	9.71856328339691
62	WGN55	8.06225774829857	0.818588130533725	1141	6.45615077856983	9.66836471802731
63	WGN55	7.9753972476961	0.818588130533724	1141	6.36929027796736	9.58150421742484
64	WGN55	7.99388480539336	0.818588130533724	1141	6.38777783566462	9.5999917751221
65	WGN55	9.37560841606749	0.818588130533726	1141	7.76950144633874	10.9817153857962
66	WGN55	8.91411573311283	0.81858813053372	1141	7.3080087633841	10.5202227028416
67	WGN55	7.87375180455028	0.818588130533725	1141	6.26764483482154	9.47985877427903
68	WGN55	6.01733204967686	0.818588130533725	1141	4.41122507994812	7.62343901940561
69	WGN55	6.9566797349957	0.818588130533722	1141	5.35057276526696	8.56278670472444
70	WGN55	9.22910650448855	0.818588130533726	1141	7.6229995347598	10.8352134742173
71	WGN55	6.63227450572459	0.81858813053373	1141	5.02616753599583	8.23838147545334
72	WGN55	9.21757787265239	0.818588130533723	1141	7.61147090292365	10.8236848423811
73	WGN55	8.27597651860666	0.818588130533724	1141	6.66986954887792	9.8820834883354
74	WGN55	8.91517476276476	0.818588130533721	1141	7.30906779303602	10.5212817324935
75	WGN55	8.09314807646725	0.81858813053372	1141	6.48704110673852	9.69925504619599
76	WGN55	9.68421801119259	0.818588130533724	1141	8.07811104146384	11.2903249809213
77	WGN55	8.57276770604146	0.81858813053372	1141	6.96666073631273	10.1788746757702
78	WGN55	10.2945990370014	0.818588130533722	1141	8.68849206727266	11.9007060067301
80	WGN55	8.01755790475468	0.818588130533725	1141	6.41145093502593	9.62366487448342
81	WGN55	10.3740680770704	0.818588130533722	1141	8.7679611073417	11.9801750467992
82	WGN55	10.4129849085618	0.818588130533725	1141	8.80687793883305	12.0190918782905
83	WGN55	8.35735928642924	0.818588130533724	1141	6.7512523167005	9.96346625615798
84	WGN55	11.0001650258534	0.818588130533727	1141	9.39405805612462	12.6062719955821
85	WGN55	9.15460425712909	0.818588130533722	1141	7.54849728740035	10.7607112268578
86	WGN55	5.42179108006544	0.818588130533723	1141	3.8156841103367	7.02789804979418
87	WGN55	9.1833001326704	0.818588130533723	1141	7.57719316294166	10.7894071023991
88	WGN55	7.45344523579213	0.818588130533726	1141	5.84733826606339	9.05955220552088
89	WGN55	8.68788230582272	0.818588130533726	1141	7.08177533609397	10.2939892755515
90	WGN55	8.33013400720756	0.818588130533724	1141	6.72402703747882	9.9362409769363
91	WGN55	10.1727456387053	0.818588130533722	1141	8.56663866897659	11.7788526084341
92	WGN55	9.94038159670668	0.818588130533725	1141	8.33427462697793	11.5464885664354
93	WGN55	7.04825690213591	0.818588130533722	1141	5.44214993240717	8.65436387186465
94	WGN55	8.4603416275255	0.818588130533724	1141	6.85423465779676	10.0664485972542
95	WGN55	9.45212146996679	0.818588130533725	1141	7.84601450023804	11.0582284396955
96	WGN55	9.6441761713939	0.818588130533724	1141	8.03806920166516	11.2502831411226
97	WGN55	9.74665934298269	0.818588130533723	1141	8.14055237325395	11.3527663127114
98	WGN55	8.45447456498036	0.818588130533722	1141	6.84836759525163	10.0605815347091
99	WGN55	8.57316450618011	0.818588130533724	1141	6.96705753645136	10.1792714759089
100	WGN55	8.20628747147466	0.818588130533726	1141	6.60018050174591	9.81239444120341
101	WGN55	9.04169787974351	0.818588130533724	1141	7.43559091001477	10.6478048494723
102	WGN55	6.48028138086744	0.818588130533725	1141	4.8741744111387	8.08638835059619
103	WGN55	6.94846959275179	0.818588130533725	1141	5.34236262302304	8.55457656248053
104	WGN55	9.16108777468611	0.818588130533723	1141	7.55498080495738	10.7671947444149
105	WGN55	9.35379981377618	0.818588130533725	1141	7.74769284404744	10.9599067835049
106	WGN55	6.59176873434699	0.818588130533723	1141	4.98566176461825	8.19787570407573
107	WGN55	8.20751810539034	0.818588130533725	1141	6.6014111356616	9.81362507511909
108	WGN55	8.2237669860959	0.818588130533724	1141	6.61766001636716	9.82987395582464
109	WGN55	10.1368982868638	0.818588130533724	1141	8.53079131713508	11.7430052565926
110	WGN55	10.653612032383	0.818588130533724	1141	9.04750506265426	12.2597190021117
111	WGN55	8.51833370788797	0.818588130533724	1141	6.91222673815922	10.1244406776167
112	WGN55	8.43700393700593	0.818588130533724	1141	6.83089696727718	10.0431109067347
113	WGN55	9.37111544056596	0.818588130533724	1141	7.76500847083721	10.9772224102947
114	WGN55	6.67072675660511	0.818588130533724	1141	5.06461978687637	8.27683372633385
115	WGN55	9.46040705628089	0.818588130533724	1141	7.85430008655215	11.0665140260096
116	WGN55	8.24382219922257	1.15791183631883	1141	5.97194675750253	10.5156976409426
117	WGN55	6.78192926645023	0.818588130533725	1141	5.17582229672149	8.38803623617897
118	WGN55	8.98899243868709	0.818588130533724	1141	7.38288546895835	10.5950994084158
119	WGN55	10.1699007227611	0.818588130533724	1141	8.56379375303239	11.7760076924899
120	WGN55	7.22027497263598	0.818588130533724	1141	5.61416800290724	8.82638194236472
121	WGN55	10.4452654972436	0.818588130533724	1141	8.83915852751486	12.0513724669723
122	WGN55	9.26969600708475	0.818588130533724	1141	7.66358903735601	10.8758029768135
123	WGN55	10.1603645065122	0.818588130533724	1141	8.55425753678341	11.7664714762409
124	WGN55	9.7967625660296	0.818588130533724	1141	8.19065559630086	11.4028695357583
125	WGN55	8.18575459543176	0.818588130533724	1141	6.57964762570302	9.79186156516051
126	WGN55	10.1677028697331	0.818588130533724	1141	8.56159590000435	11.7738098394618
128	WGN55	8.14776552507264	0.818588130533724	1141	6.5416585553439	9.75387249480138
129	WGN55	9.05521678957217	0.818588130533724	1141	7.44910981984343	10.6613237593009
130	WGN55	10.237518611582	0.818588130533724	1141	8.63141164185329	11.8436255813108
1	WGN63	9.99687255538452	0.81858813053373	1141	8.39076558565576	11.6029795251133
2	WGN63	11.1351665887546	0.818588130533727	1141	9.52905961902584	12.7412735584833
3	WGN63	9.54311672225062	0.818588130533723	1141	7.93700975252188	11.1492236919794
4	WGN63	12.2082039324994	0.81858813053373	1141	10.6020969627707	13.8143109022282
5	WGN63	9.92212563996254	0.818588130533731	1141	8.31601867023378	11.5282326096913
6	WGN63	8.48553431796747	1.15791183631883	1141	6.21365887624744	10.7574097596875
7	WGN63	10.8839208018572	0.818588130533718	1141	9.2778138321285	12.490027771586
8	WGN63	10.780013024403	0.818588130533721	1141	9.17390605467426	12.3861199941317
9	WGN63	9.29759772622905	0.818588130533722	1141	7.69149075650031	10.9037046959578
10	WGN63	7.09154200799083	0.818588130533722	1141	5.48543503826209	8.69764897771957
12	WGN63	10.0917240982671	0.818588130533724	1141	8.48561712853839	11.6978310679959
13	WGN63	10.8385391260157	0.818588130533719	1141	9.23243215628695	12.4446460957444
14	WGN63	9.32491279665691	0.818588130533731	1141	7.71880582692815	10.9310197663857
16	WGN63	6.84943347642243	0.818588130533724	1141	5.24332650669369	8.45554044615118
17	WGN63	9.05117172024051	0.818588130533723	1141	7.44506475051177	10.6572786899692
18	WGN63	6.613938710043	0.818588130533725	1141	5.00783174031425	8.22004567977174
19	WGN63	11.111939409844	0.818588130533727	1141	9.50583244011528	12.7180463795728
20	WGN63	8.26402378149405	0.818588130533719	1141	6.65791681176532	9.87013075122278
21	WGN63	11.891196259262	0.81858813053372	1141	10.2850892895332	13.4973032289907
22	WGN63	8.10904918645327	0.818588130533733	1141	6.50294221672451	9.71515615618203
23	WGN63	11.048153257856	0.818588130533724	1141	9.44204628812729	12.6542602275848
24	WGN63	8.91270271387805	0.81858813053373	1141	7.3065957441493	10.5188096836068
25	WGN63	8.96862696659693	0.818588130533723	1141	7.36251999686819	10.5747339363257
26	WGN63	9.16282235489408	0.81858813053372	1141	7.55671538516534	10.7689293246228
27	WGN63	9.6267258199671	0.81858813053372	1141	8.02061885023837	11.2328327896958
28	WGN63	10.1068497897919	0.818588130533721	1141	8.5007428200632	11.7129567595207
29	WGN63	7.76998239941362	0.818588130533724	1141	6.16387542968487	9.37608936914236
30	WGN63	9.79742732572217	0.818588130533723	1141	8.19132035599343	11.4035342954509
31	WGN63	9.01261309032863	0.818588130533725	1141	7.40650612059988	10.6187200600574
32	WGN63	9.19234792360236	0.818588130533721	1141	7.58624095387363	10.7984548933311
33	WGN63	8.29590288054661	0.818588130533726	1141	6.68979591081786	9.90200985027535
34	WGN63	10.9197767749625	0.818588130533724	1141	9.31366980523376	12.5258837446913
35	WGN63	8.65852112028326	0.818588130533727	1141	7.05241415055452	10.264628090012
36	WGN63	10.3960776809982	0.81858813053373	1141	8.7899707112694	12.0021846507269
37	WGN63	8.83609287618882	0.818588130533729	1141	7.22998590646006	10.4421998459176
38	WGN63	10.7468660392117	0.818588130533726	1141	9.14075906948291	12.3529730089404
39	WGN63	9.71699056602832	0.818588130533724	1141	8.11088359629958	11.3230975357571
40	WGN63	7.67672621014473	0.818588130533726	1141	6.07061924041598	9.28283317987348
41	WGN63	9.57380004159072	1.15791183631883	1141	7.30192459987068	11.8456754833108
42	WGN63	10.3821820872457	0.818588130533717	1141	8.77607511751693	11.9882890569744
43	WGN63	7.95073993066715	0.818588130533723	1141	6.34463296093841	9.55684690039589
44	WGN63	9.9041671967454	0.818588130533729	1141	8.29806022701665	11.5102741664742
45	WGN63	9.83823083031696	0.818588130533728	1141	8.23212386058821	11.4443378000457
46	WGN63	8.97109722273612	0.818588130533718	1141	7.36499025300739	10.5772041924649
47	WGN63	6.34296464838658	0.818588130533724	1141	4.73685767865784	7.94907161811532
48	WGN63	8.3322915076706	0.81858813053373	1141	6.72618453794185	9.93839847739935
49	WGN63	9.20014211908769	0.81858813053373	1141	7.59403514935894	10.8062490888164
50	WGN63	8.50000000000001	0.81858813053373	1141	6.89389303027126	10.1061069697288
51	WGN63	9.49777742503778	1.15791183631883	1141	7.22590198331774	11.7696528667578
52	WGN63	10.0950797721445	0.818588130533723	1141	8.4889728024158	11.7011867418733
53	WGN63	9.41981694315229	0.818588130533726	1141	7.81370997342355	11.025923912881
54	WGN63	8.13381616117608	0.818588130533727	1141	6.52770919144733	9.73992313090483
55	WGN63	8.29687417634612	0.818588130533724	1141	6.69076720661738	9.90298114607486
56	WGN63	9.87261766797681	0.818588130533726	1141	8.26651069824806	11.4787246377056
57	WGN63	9.32175434183984	0.818588130533723	1141	7.7156473721111	10.9278613115686
58	WGN63	6.95295387632575	0.818588130533729	1141	5.34684690659699	8.5590608460545
59	WGN63	9.66950523791281	0.81858813053372	1141	8.06339826818407	11.2756122076415
60	WGN63	9.87028969593949	0.818588130533726	1141	8.26418272621075	11.4763966656682
61	WGN63	7.54517978259365	0.818588130533722	1141	5.93907281286491	9.15128675232239
62	WGN63	8.81551005946743	0.818588130533724	1141	7.20940308973869	10.4216170291962
63	WGN63	10.0990195135928	0.818588130533726	1141	8.49291254386408	11.7051264833216
64	WGN63	8.33229150767061	0.818588130533726	1141	6.72618453794187	9.93839847739936
65	WGN63	10.2201532544554	0.818588130533723	1141	8.61404628472665	11.8262602241841
66	WGN63	7.1149220103883	0.818588130533725	1141	5.50881504065955	8.72102898011704
67	WGN63	10.1227522560266	0.818588130533727	1141	8.51664528629789	11.7288592257554
68	WGN63	9.63152643454682	0.818588130533724	1141	8.02541946481808	11.2376334042756
69	WGN63	9.86190264738183	0.818588130533729	1141	8.25579567765308	11.4680096171106
70	WGN63	9.09326405068241	0.818588130533725	1141	7.48715708095367	10.6993710204112
72	WGN63	10.5097177178753	0.818588130533724	1141	8.90361074814656	12.115824687604
73	WGN63	10.6032778078669	0.818588130533722	1141	8.99717083813812	12.2093847775956
74	WGN63	7.25495404610461	0.818588130533725	1141	5.64884707637587	8.86106101583336
75	WGN63	10.5998566110621	0.818588130533723	1141	8.99374964133335	12.2059635807908
76	WGN63	8.6368092477479	0.818588130533724	1141	7.03070227801916	10.2429162174766
77	WGN63	10.2037988845591	0.818588130533725	1141	8.59769191483033	11.8099058542878
78	WGN63	5.87082869338698	0.818588130533726	1141	4.26472172365824	7.47693566311573
79	WGN63	9.73575539518185	0.818588130533724	1141	8.12964842545311	11.3418623649106
80	WGN63	9.10447275972441	0.818588130533724	1141	7.49836578999566	10.7105797294531
81	WGN63	7.82294604415981	0.818588130533724	1141	6.21683907443106	9.42905301388855
82	WGN63	7.13090462676529	0.818588130533725	1141	5.52479765703655	8.73701159649404
83	WGN63	7.75285602564427	0.818588130533726	1141	6.14674905591552	9.35896299537302
84	WGN63	10.0825756949559	0.818588130533725	1141	8.47646872522713	11.6886826646846
85	WGN63	8.1231056256177	0.818588130533725	1141	6.51699865588896	9.72921259534645
86	WGN63	9.87027730585887	0.818588130533726	1141	8.26417033613012	11.4763842755876
87	WGN63	9.48668657311306	0.818588130533726	1141	7.88057960338432	11.0927935428418
88	WGN63	9.71618019585037	0.818588130533724	1141	8.11007322612163	11.3222871655791
89	WGN63	10.1517434034486	0.818588130533726	1141	8.54563643371984	11.7578503731773
90	WGN63	11.1453415961647	1.15791183631883	1141	8.87346615444462	13.4172170378847
91	WGN63	7.87184157992759	0.818588130533723	1141	6.26573461019885	9.47794854965633
92	WGN63	7.75886320692307	0.818588130533724	1141	6.15275623719433	9.36497017665181
93	WGN63	7.71752021412773	0.818588130533724	1141	6.11141324439899	9.32362718385647
94	WGN63	9.81067508101527	0.818588130533725	1141	8.20456811128652	11.416782050744
95	WGN63	9.13194241242286	1.15791183631883	1141	6.86006697070282	11.4038178541429
96	WGN63	9.14005494464029	0.818588130533725	1141	7.53394797491155	10.746161914369
97	WGN63	10.3439674932002	0.818588130533725	1141	8.73786052347143	11.9500744629289
98	WGN63	8.21699056602834	0.818588130533726	1141	6.61088359629959	9.82309753575709
99	WGN63	7.93700393700594	0.818588130533726	1141	6.33089696727719	9.54311090673468
100	WGN63	6.98681850569886	0.818588130533725	1141	5.38071153597012	8.59292547542761
101	WGN63	8.45323264453988	0.818588130533725	1141	6.84712567481114	10.0593396142686
102	WGN63	8.85997764182176	0.818588130533725	1141	7.25387067209302	10.4660846115505
103	WGN63	8.85961814869567	0.818588130533726	1141	7.25351117896693	10.4657251184244
105	WGN63	9.63603368761923	0.818588130533725	1141	8.02992671789049	11.242140657348
106	WGN63	8.66678181143577	1.15791183631883	1141	6.39490636971573	10.9386572531558
107	WGN63	7.90671390898533	0.818588130533725	1141	6.30060693925659	9.51282087871408
109	WGN63	8.05364776052251	0.818588130533725	1141	6.44754079079377	9.65975473025126
110	WGN63	10.0641282859643	0.818588130533724	1141	8.45802131623559	11.6702352556931
111	WGN63	9.80592465135311	0.818588130533724	1141	8.19981768162437	11.4120316210819
112	WGN63	9.87607350258887	0.818588130533726	1141	8.26996653286013	11.4821804723176
114	WGN63	9.65116795204854	0.818588130533725	1141	8.0450609823198	11.2572749217773
115	WGN63	9.56552753039748	0.818588130533724	1141	7.95942056066874	11.1716345001262
116	WGN63	9.16706958801737	0.818588130533724	1141	7.56096261828863	10.7731765577461
117	WGN63	8.29156197588854	0.818588130533724	1141	6.6854550061598	9.89766894561728
118	WGN63	9.49215512711407	0.818588130533724	1141	7.88604815738533	11.0982620968428
119	WGN63	9.97468527886631	0.818588130533724	1141	8.36857830913757	11.5807922485951
121	WGN63	9.49384967783887	0.818588130533724	1141	7.88774270811013	11.0999566475676
122	WGN63	9.5452068743721	0.818588130533724	1141	7.93909990464336	11.1513138441008
123	WGN63	10.7476993816903	0.818588130533725	1141	9.14159241196154	12.353806351419
124	WGN63	10.3335864340021	0.818588130533724	1141	8.72747946427334	11.9396934037308
125	WGN63	10.2841442927009	0.818588130533724	1141	8.67803732297214	11.8902512624296
126	WGN63	9.51489994675674	0.818588130533724	1141	7.908792977028	11.1210069164855
127	WGN63	9.18557644024869	0.818588130533724	1141	7.57946947051994	10.7916834099774
128	WGN63	7.67717650172597	0.818588130533724	1141	6.07106953199723	9.28328347145471
129	WGN63	9.44481455358825	0.818588130533724	1141	7.83870758385951	11.050921523317
130	WGN63	10.4565392152888	0.818588130533724	1141	8.85043224556009	12.0626461850176
