plantID3	famID	response	SE	df	lower.CL	upper.CL
1	WGN07	57.9956893348105	13.1449056804207	1125	35.071813849769	86.6543928990987
2	WGN07	84.6426150113574	15.880133641794	1125	56.3520173920694	118.668040709898
3	WGN07	52.4702212042263	12.5030527764592	1125	30.805709192824	79.8695612948806
4	WGN07	22.8742283656615	8.25529967391972	1125	9.54412610663022	41.9391587039459
5	WGN07	83.5692193816553	15.7791203837635	1125	55.476817340718	117.396449501846
6	WGN07	140.651621506565	20.47066675857	1125	103.354054072067	183.684017020316
7	WGN07	61.7408522978783	13.5626928649398	1125	37.9972470637194	91.2192856112902
8	WGN07	113.495043836445	18.3885745709399	1125	80.282697226939	152.442218525204
9	WGN07	128.930194784742	19.5991364374436	1125	93.342635119655	170.252582529082
10	WGN07	31.024979201316	9.61424901286774	1125	15.0285165512503	52.7562699306352
11	WGN07	104.461524227066	17.6415929016246	1125	72.7148116031757	141.94306493021
12	WGN07	37.8605710994925	10.6207013586723	1125	19.8893735616681	61.5665967165703
13	WGN07	54.082815729999	12.6937302193596	1125	32.0441802935055	81.8562792457456
14	WGN07	152.313306615149	21.3024002345038	1125	113.383815802371	196.97762550718
15	WGN07	64.3825380261184	13.8498051465253	1125	40.0755969902054	94.4243071412842
16	WGN07	98.4841345003649	17.1294237494109	1125	67.7423361156093	134.960760964373
17	WGN07	76.9870107958505	15.1449674943609	1125	50.1388642232386	109.569985447715
18	WGN07	71.9571421427138	14.6418707923997	1125	46.0961089822971	103.553003382383
20	WGN07	35.5499287747831	10.2915072493043	1125	18.2246347368348	58.6100508919848
21	WGN07	114.495087125447	18.4694108732188	1125	81.1241336360698	153.600868694078
22	WGN07	71.7176426993693	14.6174837574619	1125	45.9044587281384	103.265654749853
23	WGN07	98.9897948556658	17.1733424008741	1125	68.161824787145	135.55259300344
24	WGN07	49.3975150877321	12.1314347900266	1125	28.4621454006403	76.0677128540772
25	WGN07	51.9951918631122	12.4463270698954	1125	30.4419799368574	79.2832318686204
26	WGN07	67.7008901959572	14.2022386605269	1125	42.7024482075992	98.4341602635679
27	WGN07	114.736352085019	18.4888600775838	1125	81.3272377998931	153.880294449398
28	WGN07	104.365256883181	17.6334621532163	1125	72.6344973966766	141.830844448939
29	WGN07	112.33921464952	18.2947006871437	1125	79.3110556313641	151.10220174693
30	WGN07	89.8218696620296	16.3587705958801	1125	60.5921504879615	124.786416915351
31	WGN07	106.915821626183	17.8476321253552	1125	74.7648446125837	144.801626719036
32	WGN07	51.4789516230865	12.3843855433689	1125	30.0472736114206	78.6454577140056
33	WGN07	127.559027682934	19.4946398772346	1125	92.1764980959785	168.676385349143
34	WGN07	104.494616947587	17.6443870503713	1125	72.7424219945677	141.981639979859
35	WGN07	111.373735940691	18.2159158270458	1125	78.5001587191904	149.982141241445
36	WGN07	39.0373015219839	10.784487499949	1125	20.7447433070656	63.0646878161557
37	WGN07	64.475766088646	13.859829009021	1125	40.1491574837091	94.5372027728357
38	WGN07	110.499434386244	18.1442760347585	1125	77.7664198031748	148.967277048568
39	WGN07	147.020545054114	20.9290073771908	1125	108.823678995255	190.952239192227
40	WGN07	78.3095162123568	15.2744959369723	1125	51.2072251334024	111.146635370564
41	WGN07	101.938688636441	17.4272611028762	1125	70.6125110555739	138.999694296561
42	WGN07	84.3332508250006	15.8510865607292	1125	56.0996457544463	118.301683974808
44	WGN07	99.9742395618061	17.2585248233373	1125	68.9791352000788	136.704172002787
46	WGN07	61.8686217847891	13.5767192561761	1125	38.0974957204197	91.3745759284115
47	WGN07	64.3094676761206	13.8419435628857	1125	40.0179516561571	94.3358117753376
48	WGN07	66.3407842155485	14.0588538863683	1125	41.6236738938959	96.7927226164544
49	WGN07	134.294761167448	20.0027244548519	1125	97.9153315826582	176.409018831492
50	WGN07	155.322546690176	21.5118057787879	1125	115.98218651462	200.397734944986
51	WGN07	113.780278266313	18.4116670474415	1125	80.5226224882382	152.77276212364
52	WGN07	125.87288763847	19.365366227033	1125	90.7440026360646	166.736600720129
53	WGN07	79.4929238984731	15.3894767037563	1125	52.1650319427996	112.5556439334
54	WGN07	105.436555311803	17.7237339080056	1125	73.5286758808668	143.079262821992
55	WGN07	70.2428564138443	14.4664076419478	1125	44.7260950971545	101.494445809787
56	WGN07	59.4156245486966	18.8200750396403	1125	28.2266022878614	102.079396065799
57	WGN07	81.4495024844843	15.5777178966931	1125	53.7522672086276	114.881565839594
58	WGN07	51.879528589214	12.4324759390036	1125	30.3534936192461	79.140391638435
59	WGN07	122.99186938124	19.1424630769148	1125	88.3003370552572	163.418229786476
60	WGN07	57.5657137141705	13.0960873638302	1125	34.7376234228724	86.128632084722
61	WGN07	83.9246303544152	15.8126382422436	1125	55.7664637645855	117.817625023498
63	WGN07	74.2191650576219	14.8702287378054	1125	47.9100765038534	106.263081690644
64	WGN07	60.7985148150818	13.4587926420815	1125	37.2587696005052	90.0730881089118
66	WGN07	84.8733107765348	15.9017597857209	1125	56.540281043021	118.941168589302
67	WGN07	35.1999283666149	10.2407203481147	1125	17.9742820328408	58.1604027796423
68	WGN07	68.1228447563959	14.2464285579666	1125	43.0376988793498	98.9428187126951
69	WGN07	75.9404568777396	21.2768641290944	1125	39.9310304049874	123.424632606759
71	WGN07	73.0620091589399	14.7538519878026	1125	46.9812605055276	104.877585891605
73	WGN07	68.5587727318528	14.2919383506328	1125	43.3843332328215	99.4680403101374
74	WGN07	72.0416420700417	14.650465311092	1125	46.1637458202042	103.654366399132
75	WGN07	92.9973117502505	16.6454221597804	1125	63.2051607370355	128.524290842719
76	WGN07	57.3157137141706	13.067619166129	1125	34.543480159087	85.8227753485075
77	WGN07	123.991934959315	19.2201306527925	1125	89.1480130320036	164.57068496588
78	WGN07	79.971865105345	15.4357675277701	1125	52.5531470856813	113.125411204262
79	WGN07	93.8694996772949	16.7232956760098	1125	63.9245549923558	129.549272441487
80	WGN07	99.3584670192485	17.2052924076525	1125	68.4678086443091	135.983953473441
81	WGN07	119.947894041409	18.9040967140082	1125	85.7240543735655	159.906561788506
82	WGN07	94.0403051128782	16.7385036594301	1125	64.0655212253603	129.749917079649
83	WGN07	94.691452896133	16.7963535229814	1125	64.6031632432571	130.514570628262
84	WGN07	71.8660076370167	14.6325958101897	1125	46.0231726864108	103.443670666876
85	WGN07	79.7460189063796	15.4139562685469	1125	52.3700962110183	112.856769680994
86	WGN07	88.593650336527	16.2465411539927	1125	59.5841337336512	123.337995018656
87	WGN07	80.9227658628136	15.5272653869018	1125	53.3245221901609	114.255837614719
88	WGN07	79.8465807817922	15.4236719133744	1125	52.4515952635586	112.976394379279
89	WGN07	108.317445550214	17.964238884155	1125	75.9376773417698	146.43204183791
90	WGN07	122.474994895878	19.1021975379325	1125	87.8624665733474	162.822351297661
91	WGN07	100.484450330426	17.3025075498009	1125	69.4030485649834	137.300680175122
92	WGN07	37.1545656702622	14.8825418289207	1125	13.6912784979576	72.0926020988346
93	WGN07	99.9993654781459	17.2606934270219	1125	69.0000061535568	136.733552881988
94	WGN07	112.486109396009	18.3066578540704	1125	79.4344895207266	151.272557350544
95	WGN07	110.943665102516	18.1807113344572	1125	78.1391617323606	149.482996551925
96	WGN07	61.9354165965154	13.5840461510316	1125	38.1499146156407	91.4557466566435
97	WGN07	108.725245213852	25.4586995238955	1125	64.5107444686799	164.414495215292
98	WGN07	60.1999582637427	13.3923784045407	1125	36.7905227577798	89.3442218489586
99	WGN07	94.8708771293085	16.8122591116604	1125	64.7513795200842	130.725202817786
100	WGN07	90.9825384926895	16.4641245088815	1125	61.5461070500943	126.153798014538
101	WGN07	57.9827534923788	13.1434396239549	1125	35.0617545199371	86.6385805440737
102	WGN07	76.0653408023764	15.0540385743666	1125	49.3956035815508	108.469906102455
103	WGN07	133.443328002132	19.9392146685838	1125	97.1885093750095	175.432974708507
104	WGN07	106.428943201233	17.8069480512569	1125	74.3577913883326	144.234923093386
105	WGN07	95.7885969662242	16.8933788984767	1125	65.5099362592325	131.80208575247
106	WGN07	123.999999999999	19.2207557281857	1125	89.1548516279473	164.579976451305
107	WGN07	93.3064173879396	16.6730623431911	1125	63.460034264568	128.887628590565
108	WGN07	33.6816767251548	10.017433507975	1125	16.8941358963649	56.2040456331979
109	WGN07	41.9787772535686	15.8192507338542	1125	16.6775970484175	78.7547067149878
110	WGN07	56.9999999999993	13.031579105372	1125	34.2984797435933	85.4363483356583
112	WGN07	57.5872546306116	13.0985373928486	1125	34.7543571988672	86.1549801416092
113	WGN07	49.874685927664	12.1898876740376	1125	28.8246273039049	76.6595726306762
114	WGN07	52.9244205234469	12.5570514187376	1125	31.1539591312888	80.4297099948582
115	WGN07	117.694122363316	18.7256544171885	1125	83.8203998475171	157.302672958368
116	WGN07	133.998134302381	19.9806214875599	1125	97.6620723949738	176.069024289041
117	WGN07	93.8249392875958	16.7193258826627	1125	63.8877836345492	129.496923019896
118	WGN07	50.5998007960223	12.2781806913785	1125	29.3765046589169	77.5579250123808
119	WGN07	70.4565334845675	14.4883941651497	1125	44.8966329625212	101.751262085867
120	WGN07	73.9459064038218	14.8428290376185	1125	47.6905781141121	105.936062772784
121	WGN07	82.8656904356427	15.7125616046282	1125	54.9038817047543	116.562327245784
122	WGN07	71.8309145594039	20.6931552193751	1125	36.9667686884838	118.169809686592
123	WGN07	103.325187832912	17.5453775717006	1125	71.7672568930524	140.617946852025
124	WGN07	75.3132799419859	14.9794337909102	1125	48.7899228943491	107.571465068876
125	WGN07	99.0399584093951	17.1776931865982	1125	68.203451773401	135.611293124642
126	WGN07	37.9999999999982	10.6402397836257	1125	19.9904666089481	61.7443614703017
127	WGN07	98.8111862881431	17.1578423640524	1125	68.0136284528501	135.343572202689
128	WGN07	48.4987113059655	12.0205604339542	1125	27.7808854101982	74.951365280986
129	WGN07	82.9728827066547	15.7227209409457	1125	54.9911405969568	116.689452895606
130	WGN07	68.8693177121676	14.324270282417	1125	43.6314405412496	99.8420229623391
1	WGN15	89.9749930516937	16.3727084250776	1125	60.7179268127692	124.966887369872
2	WGN15	85.9738292452469	16.0045236318599	1125	57.4391691483913	120.243317421356
3	WGN15	101.484603575858	17.3884029847657	1125	70.2346685332743	138.469366697694
4	WGN15	91.997282528423	16.5556835417746	1125	62.3812054053372	127.348187730762
5	WGN15	100.237372126629	17.2812221485752	1125	69.1977339127101	137.011838419801
7	WGN15	81.558599581343	15.5881471506237	1125	53.8409013281024	115.011125913837
8	WGN15	110.494909267727	18.1439045132183	1125	77.7626236377471	148.962022976961
9	WGN15	109.19722215136	18.0370459686121	1125	76.6746009898152	147.454671392157
10	WGN15	152.430706218823	21.3106083539323	1125	113.485110460922	197.111130055978
11	WGN15	140.651621506559	20.4706667585694	1125	103.354054072063	183.684017020309
12	WGN15	97.9080770425458	17.0792532112902	1125	67.2647170114566	134.286265152888
13	WGN15	114.893379409121	18.5015076104106	1125	81.459449717263	154.062137180231
14	WGN15	75.4991721763496	14.9979089143308	1125	48.9395655527381	107.793606879215
15	WGN15	81.9878030638361	15.6291097711335	1125	54.1897330809733	115.520701125952
16	WGN15	94.1395754697615	16.7473360369357	1125	64.1474617960149	129.866517222761
17	WGN15	61.0996231131958	13.4920792192016	1125	37.4945671410783	90.4395071645666
18	WGN15	130.495689512791	19.717765623988	1125	94.6753704981411	172.050836606694
19	WGN15	141.489360899355	20.5315392319075	1125	104.072357112699	184.641192765264
20	WGN15	122.796410987914	19.1272464500102	1125	88.1347348236737	163.192915231407
21	WGN15	84.9882336653296	15.9125220497868	1125	56.6340875636034	119.077207846309
22	WGN15	105.659282182723	17.7424440662353	1125	73.7146920199121	143.338700424786
23	WGN15	123.182890213626	19.157322557321	1125	88.4622024740812	163.638406032423
24	WGN15	44.4873559579324	11.5127192551246	1125	24.7659524933472	69.9435875017711
25	WGN15	91.5555213042721	16.5158863878553	1125	62.0175291780622	126.828341509735
26	WGN15	115.400696311901	18.5423097400932	1125	81.8867097854456	154.64951091761
27	WGN15	135.998161739853	20.1291824308699	1125	99.3706121341609	178.360539424799
28	WGN15	109.984753829795	18.1019708153633	1125	77.3347452559241	148.369590482919
29	WGN15	115.965506984753	18.5876305724287	1125	82.3625975906344	155.303244458125
30	WGN15	110.145354994747	18.1151823605626	1125	77.4694243796239	148.556113689123
31	WGN15	126.825351762787	19.4384957783131	1125	91.5529811032208	167.832550501607
32	WGN15	121.868711174128	19.0548584067778	1125	87.3490657727182	162.12318465479
33	WGN15	105.94100490168	17.7660819427807	1125	73.9500354545633	143.66680242805
34	WGN15	151.509550888902	21.2461196165972	1125	112.690486863988	196.06344299307
35	WGN15	144.496107161558	20.7485470682312	1125	106.653317745715	188.073724656654
36	WGN15	105.713850172412	17.7470250387423	1125	73.7602717984181	143.402256625658
37	WGN15	102.978150704931	17.5158880597469	1125	71.4780803963477	140.213049092767
38	WGN15	75.4857355238177	14.9965742595785	1125	48.9287475927985	107.77755153409
39	WGN15	96.5078940808737	16.9566882721514	1125	66.1050156407337	132.645600600267
40	WGN15	94.0317458616218	16.7377418992553	1125	64.0584566046244	129.739863197873
41	WGN15	137.983693725397	20.275589975251	1125	101.068881551412	180.633333978636
43	WGN15	91.3021678957161	16.4930190893414	1125	61.8090431219965	126.530120748689
44	WGN15	106.757731342535	17.8344321098405	1125	74.6326537480833	144.617637016241
45	WGN15	52.5404962177355	12.5114228402592	1125	30.8595615142238	79.9562590005005
46	WGN15	69.0209789763835	14.3400337770595	1125	43.7521726482594	100.024613383761
47	WGN15	126.749999999995	19.4327203456827	1125	91.4889611718403	167.745866907402
48	WGN15	72.9333292702707	14.7408537091479	1125	46.8780842131762	104.723402406619
50	WGN15	142.703932475668	20.6194742407411	1125	105.114393615173	186.028299415416
51	WGN15	101.702564037722	17.4070656756508	1125	70.4160113977495	138.723944756948
52	WGN15	94.2741872578096	16.7593054106876	1125	64.2585887762316	130.024613818641
53	WGN15	73.5749225738975	14.8055492636387	1125	47.3927399930658	105.491933233982
54	WGN15	94.6195288601193	16.7899733746928	1125	64.5437575360715	130.43012826342
55	WGN15	77.4346222677657	15.1889309896321	1125	50.5002160244782	110.103856590306
56	WGN15	86.3371210456168	16.0383024163209	1125	57.7361844435502	120.672885726936
57	WGN15	141.160657270542	20.5076762516366	1125	103.790474438563	184.265668181775
58	WGN15	99.4993718553257	17.2174878957769	1125	68.5847850192199	136.148786770685
59	WGN15	76.8157326213447	15.1281111004803	1125	50.0006595561042	109.365633765838
60	WGN15	75.9790209379688	15.0454943975739	1125	49.3260480319867	108.366821923204
61	WGN15	106.199976167772	17.7877831549718	1125	74.1664273168723	143.968353097925
62	WGN15	117.219819734059	18.6878845049234	1125	83.4202046151657	156.754262932205
63	WGN15	79.9968748779164	15.4381809694058	1125	52.5734215049918	113.155156330094
64	WGN15	102.396847410173	17.4663802113727	1125	70.9939152083372	139.534607691263
65	WGN15	122.49948979379	19.1041076543038	1125	87.8832136798673	162.850593986965
66	WGN15	122.706617289307	19.1202518632738	1125	88.058665028152	163.089397629715
67	WGN15	131.476706900615	19.7917422157746	1125	95.5112402718851	173.177001608597
68	WGN15	18.9868329805034	7.52117825702664	1125	7.09713192857624	36.6113621116839
69	WGN15	108.402562266245	17.971295719477	1125	76.0089480183285	146.531004593415
70	WGN15	131.982952343766	19.8298092360648	1125	95.942795369931	173.757937396853
71	WGN15	103.484901178988	17.5589325865931	1125	71.9003742846117	140.804256152617
72	WGN15	124.65718859712	19.271622538817	1125	89.7122357325832	165.336969540909
73	WGN15	90.8388012703792	16.4511140841633	1125	61.4278972555878	125.984533364424
74	WGN15	88.7182089189467	16.2579580859001	1125	59.6862914405174	123.484954476629
75	WGN15	119.805059055083	18.8928377805291	1125	85.6033102580426	159.741635931378
77	WGN15	98.101816752292	17.0961430040252	1125	67.4253176827776	134.51314390106
78	WGN15	66.3380580740369	14.0585650231948	1125	41.621514523567	96.78942970376
79	WGN15	68.999999999996	14.3378542796225	1125	43.7354700090922	99.999358070153
80	WGN15	93.428515273996	16.6839677030798	1125	63.5607350176893	129.031123609556
81	WGN15	62.140139133155	13.6064781153949	1125	38.3106239580005	91.7044823875626
82	WGN15	129.97634703117	19.6784904488072	1125	94.2330888520145	171.45443328958
83	WGN15	103.844573358053	17.5894200368656	1125	72.2002278026706	141.223746992688
84	WGN15	87.4246303544115	16.1389961943502	1125	58.6261250176863	121.95796377039
85	WGN15	99.1058507170087	17.1834064848561	1125	68.2581341618952	135.688395351376
86	WGN15	135.983453869301	20.1280939403689	1125	99.3580399635016	178.343695854353
87	WGN15	111.818903608002	18.2522845887779	1125	78.87396815189	150.498667143368
88	WGN15	137.368510622129	20.230341389513	1125	100.542479562571	179.929369760941
89	WGN15	70.7239110700364	14.5158593507559	1125	45.1101217966336	102.072528422692
90	WGN15	141.829742136106	20.5562207790822	1125	104.364311305196	185.030001046268
91	WGN15	71.6410161513737	14.6096726622614	1125	45.8431581339927	103.173702248008
92	WGN15	109.999999999995	18.1032254263641	1125	77.3475297853673	148.387298293875
93	WGN15	112.494999777753	18.3073812765533	1125	79.4419604933737	151.282867141386
94	WGN15	114.495087125442	18.4694108732181	1125	81.1241336360665	153.600868694072
95	WGN15	91.444638635179	16.5058821830102	1125	61.92627550821	126.697829841401
96	WGN15	96.4474027555043	23.9781838574206	1125	55.1377846415357	149.231770125741
97	WGN15	94.8312792981517	16.8087501397878	1125	64.7186665545704	130.678720120986
98	WGN15	81.5612887414893	15.5884041356554	1125	53.8430862643679	115.014319297864
99	WGN15	138.983811064155	20.3489368940054	1125	101.925086741743	181.77736346582
100	WGN15	99.6412947795421	17.2297627747602	1125	68.7026237114581	136.31479392688
101	WGN15	125.135895841923	19.3085904245581	1125	90.1184092165943	165.888210546505
102	WGN15	89.9888875168024	16.3739725610121	1125	60.7293409484876	124.98326216437
103	WGN15	90.3369936192117	16.4056119018126	1125	61.0153682943966	125.39344702328
104	WGN15	68.0952360015363	14.2435413766189	1125	43.0157549905502	98.9095450917755
106	WGN15	109.880577518451	18.0933957936222	1125	77.2473937795226	148.248589336633
107	WGN15	129.495656224949	19.6420683164111	1125	93.8238609976443	170.902279531507
108	WGN15	105.808616721133	17.7549778640528	1125	73.8394343081983	143.512627213321
109	WGN15	125.235998431645	19.31631184415	1125	90.2033618027269	166.003463139816
110	WGN15	101.321731233957	17.3744440834545	1125	70.0991846012959	138.279105945871
111	WGN15	96.2135278101967	16.93080806216	1125	65.8614282805392	132.300455419108
112	WGN15	101.789557138013	17.4145088062302	1125	70.4884005183384	138.825541836941
113	WGN15	68.1749164809625	14.2518723587916	1125	43.0790894589464	99.0055715822318
114	WGN15	101.464539727051	17.3866840268083	1125	70.2179774087334	138.445930124622
115	WGN15	116.061370470743	18.5953117657952	1125	82.4433899999026	155.414179020837
116	WGN15	114.860700832534	18.4988762754565	1125	81.4319340169489	154.024295727373
117	WGN15	76.8829389182195	15.1347274667437	1125	50.054884046791	109.445821868901
118	WGN15	82.4385906532341	15.6720170736375	1125	54.5563333290157	116.055676056706
119	WGN15	145.993150363572	20.8557521459553	1125	107.94001655536	189.781112251037
120	WGN15	106.240565197962	17.7911820253	1125	74.2003475088964	144.015610966281
121	WGN15	110.587086384964	18.1514709439766	1125	77.8399548510948	149.069045998086
122	WGN15	106.86775955154	17.8436201342498	1125	74.7246543649952	144.745692817337
123	WGN15	93.1864312460445	16.6623386436062	1125	63.3610888244849	128.746601746857
124	WGN15	102.939284598443	17.5125823166709	1125	71.4457004053814	140.167696870757
125	WGN15	59.9958330439375	13.3696537750821	1125	36.6309849630926	89.0955092040357
126	WGN15	72.6230262611094	14.7094619779926	1125	46.6293741318448	104.351506469627
127	WGN15	121.12383539249	18.9965363935511	1125	86.7186221494663	161.263876714766
128	WGN15	74.9142829120626	14.9397018433186	1125	48.4688829216029	107.094510981776
129	WGN15	64.4757660886404	13.8598290090209	1125	40.1491574837041	94.53720277283
130	WGN15	152.771520111813	21.3344188327058	1125	113.779206411106	197.498661891774
1	WGN26	11.916079783101	5.95835421782705	1125	3.09275655472389	26.4742310907308
3	WGN26	69.1011280746375	14.3483573862365	1125	43.8159902018532	100.121094026675
4	WGN26	90.0662916805992	16.3810131038173	1125	60.7929310399501	125.074480400502
5	WGN26	88.3103030292503	16.2205398529936	1125	59.3518029264839	123.00363121127
6	WGN26	81.0000000000048	15.5346733698472	1125	53.3872213099406	114.347606769322
7	WGN26	87.4821392113444	16.1443035238481	1125	58.6732204966149	122.025886005327
8	WGN26	10.7500000000002	5.65931475654906	1125	2.51341459330353	24.7214134859503
9	WGN26	42.2500000000053	11.2194863226678	1125	23.1039415126323	67.1308865666316
10	WGN26	90.2911821679257	16.4014515895893	1125	60.9777196873085	125.339472727796
11	WGN26	64.2187347262964	13.8321754547267	1125	39.9463844661917	94.2259130656544
12	WGN26	56.9824507372565	13.0295728579064	1125	34.28486688865	85.4148626651161
13	WGN26	73.9281181986816	14.8410436570552	1125	47.6762929593658	105.914771517251
14	WGN26	58.1574597618182	13.1632258024422	1125	35.19763882516	86.8521087777295
15	WGN26	104.71110992883	17.6626555009085	1125	72.9230709075138	142.2339770294
17	WGN26	89.9937146423997	16.3744117161367	1125	60.733306418837	124.988950945216
18	WGN26	80.2020150622164	15.4579627644618	1125	52.7397483256961	113.39910987799
19	WGN26	98.4485772152038	17.1263312168222	1125	67.7128466110243	134.919135898637
20	WGN26	14.7045566274519	9.36261110618553	1125	2.07178698698521	38.812075524186
21	WGN26	39.943670675183	10.9089663729121	1125	21.4068755877949	64.2152938418245
22	WGN26	83.4393271713518	15.7668528175536	1125	55.3709950141836	117.242487407773
23	WGN26	79.8416657896697	15.4231972005451	1125	52.4476116935641	112.970547965029
24	WGN26	72.7215405525512	14.71943540655	1125	46.7083198094272	104.469589374928
25	WGN26	122.499489793798	19.1041076543041	1125	87.8832136798746	162.850593986974
26	WGN26	76.8579506305607	15.1322677424957	1125	50.0347219223453	109.416007418029
27	WGN26	42.8568709192083	11.2997763109652	1125	23.5532774609153	67.8952924567544
28	WGN26	104.940442408508	17.6819868075416	1125	73.1144739156243	142.501238980646
29	WGN26	74.9466286867109	14.9429267562448	1125	48.4949011755376	107.133184277137
30	WGN26	66.3380580740421	14.0585650231951	1125	41.6215145235715	96.7894297037657
31	WGN26	108.402562266254	17.9712957194778	1125	76.0089480183358	146.531004593425
32	WGN26	67.0815017762066	14.1371219779265	1125	42.2108235964805	97.6870080351859
33	WGN26	77.9032950160448	21.5500821955397	1125	41.3577942323485	125.923545056009
34	WGN26	54.3374738006405	12.7235804081048	1125	32.2402700579901	82.1695056225439
35	WGN26	70.5968748546694	14.5028166002207	1125	45.0086764347447	101.919901353847
36	WGN26	60.9343555870679	13.4738195939825	1125	37.3651263673126	90.2384128860763
38	WGN26	83.2310562561778	15.7471628902867	1125	55.201357211122	116.995583380487
39	WGN26	53.4338797757729	12.6173447978451	1125	31.5451182577115	81.0574693730874
40	WGN26	34.1132477258374	10.0814070626791	1125	17.200185990971	56.7611375399569
41	WGN26	25.4975487839842	8.71583163885443	1125	11.2638483149875	45.4660773322342
42	WGN26	79.4362696659735	15.3839917225161	1125	52.1191396543292	112.488227756871
43	WGN26	73.6848734044773	14.816607886987	1125	47.4809929763232	105.623581911885
44	WGN26	101.645829048409	17.4022097142246	1125	70.3688041684753	138.657682007595
45	WGN26	111.856960175081	18.2553903257267	1125	78.9059310304493	150.542817398966
46	WGN26	80.4059460105283	15.4776028923285	1125	52.9051438720485	113.641576228261
47	WGN26	97.4685796180536	17.0408767530446	1125	66.9005170725156	133.771470242845
48	WGN26	35.3964281994851	10.2692644301547	1125	18.1147762387397	58.4129082394836
49	WGN26	76.4337661840785	15.0904519404816	1125	49.6925832115016	108.909777235909
50	WGN26	40.9490098767269	11.0453967276805	1125	22.1445282143773	65.4883196183298
51	WGN26	93.9574275274995	16.7311262240641	1125	63.9971187207543	129.652564413498
52	WGN26	70.3498575495741	14.4774218082755	1125	44.8114856135666	101.623057564835
53	WGN26	131.47670690063	19.791742215776	1125	95.5112402718974	173.177001608615
54	WGN26	59.1992779689325	13.2806038350831	1125	36.009152540384	88.1242314767343
55	WGN26	55.8112499705859	12.8949746128552	1125	33.3777579604471	83.9795700599778
56	WGN26	66.9402452144171	14.1222295443004	1125	42.0987871049384	97.5165314031491
57	WGN26	68.4304729228321	14.2785592340092	1125	43.2822842527388	99.3134896721786
58	WGN26	77.8405790253663	15.2286934926166	1125	50.8281557729324	110.587830357053
59	WGN26	22.7614790675866	11.6485336133242	1125	5.64355824795426	51.3541491434866
60	WGN26	75.9176739792999	15.0394191566854	1125	49.2766211509887	108.293554886864
61	WGN26	72.8585957161226	20.8406574637203	1125	37.7050393935848	119.486901294928
62	WGN26	56.0978006312924	12.9280354452131	1125	33.5994407917452	84.3309885500929
64	WGN26	69.4559072781609	14.3851439174652	1125	44.0985914757214	100.548051159854
65	WGN26	51.6543729996941	17.5478763118189	1125	22.9614999330692	91.8219953225869
66	WGN26	120.383185513497	18.9383671782262	1125	86.092104627932	160.409094478316
67	WGN26	89.6459457608502	16.3427427104239	1125	60.4476744985678	124.579045102386
68	WGN26	102.362620750656	17.4634608548313	1125	70.9654165450197	139.494653035546
69	WGN26	97.9770354349951	17.0852667628549	1125	67.321876365309	134.367022583934
70	WGN26	77.3181215513609	15.1775007833878	1125	50.4061422288701	109.964928953105
71	WGN26	88.3103030292556	16.2205398529946	1125	59.3518029264874	123.003631211277
72	WGN26	38.8390796058163	10.7570721521517	1125	20.6003123567405	62.8126749341454
73	WGN26	78.4928337407022	15.2923637912842	1125	51.35548459325	111.365010967408
74	WGN26	59.7372853955774	13.3408148999117	1125	36.4290213479062	88.7803775225018
75	WGN26	82.563974478859	15.6839306134104	1125	54.6583418972584	116.204435139713
76	WGN26	57.4195677076294	18.5012459552458	1125	26.8561119913113	99.4577726802156
77	WGN26	28.9654761414921	9.28966285797391	1125	13.605875839479	50.0599045227586
78	WGN26	99.977494935226	17.2588058081487	1125	68.9818392602526	136.707978689453
79	WGN26	52.9952825989888	12.5654551108849	1125	31.2083325333845	80.5170607438465
80	WGN26	80.801985062777	15.5156734954476	1125	53.2264855494136	114.112312655394
81	WGN26	89.4825384926951	16.3278410827471	1125	60.3135053400762	124.386399724567
82	WGN26	97.9897948556667	17.0863792225652	1125	67.3324530567036	134.381964733883
83	WGN26	58.4728132326936	13.1988657441572	1125	35.443064060888	87.2373904837524
85	WGN26	62.9364438192394	13.6933817792965	1125	38.936417146252	92.6712985714798
86	WGN26	15.4959666924172	6.79467915164364	1125	5.03171130148497	31.6950501626028
87	WGN26	53.2211378264437	12.5922023635743	1125	31.38170764764	80.7953960845005
88	WGN26	46.1955878111706	11.7316707406251	1125	26.04458513213	72.0814185694644
89	WGN26	49.8721152139096	12.1895735155106	1125	28.8226729927115	76.6563855143607
90	WGN26	69.1738289561216	14.355903312282	1125	43.8738854112312	100.208600580265
91	WGN26	90.0662916806003	16.3810131038173	1125	60.7929310399512	125.074480400503
92	WGN26	49.1487179135994	12.100845429759	1125	28.2733668425567	75.7588970638954
93	WGN26	63.5805405358437	13.7632730112138	1125	39.4433820308418	93.4525271200987
94	WGN26	55.4447648482555	12.8525673924703	1125	33.0944789808974	83.5298787948669
95	WGN26	83.1685948578703	15.7412529904086	1125	55.1504914790387	116.921526315955
96	WGN26	66.9815157971209	14.1265822534586	1125	42.1315173462471	97.566342327248
97	WGN26	79.4540049607319	15.3857089758676	1125	52.1335055693864	112.509332431331
98	WGN26	24.3689500386244	8.52075397051529	1125	10.5180065666159	43.9547215898861
99	WGN26	81.9969511061529	15.6299816799065	1125	54.1971703729698	115.531559918589
100	WGN26	33.9705627484797	10.0603012936544	1125	17.0989121133041	56.5770414629085
101	WGN26	34.4110023017335	10.1253088238598	1125	17.4118020231009	57.1450306596193
102	WGN26	68.7993807990222	14.3169952741815	1125	43.5757777391747	99.7578119381229
103	WGN26	70.4281181986793	14.4854722687736	1125	44.8739506561788	101.717113820433
104	WGN26	103.994564931986	17.6021184029444	1125	72.3253042312248	141.398653712001
105	WGN26	139.333283071963	20.3745043289182	1125	102.2243935272	182.177000695979
106	WGN26	84.7298217172312	22.4744547271571	1125	46.3706327891535	134.563759901577
108	WGN26	56.388245347532	18.3343411376306	1125	26.1522693848788	98.0989705664529
109	WGN26	121.4377252828	19.021135030854	1125	86.9842476709017	161.626030973952
111	WGN26	118.153644388058	18.7621747959254	1125	84.2082661537277	157.833850701641
112	WGN26	57.9956893348002	13.1449056804271	1125	35.0718138497496	86.6543928991041
113	WGN26	88.2643914289356	16.2163228605589	1125	59.3141653811874	122.949445555937
114	WGN26	2.25000000000063	2.58911222830814	1125	0	10.1974461612429
115	WGN26	109.979541649604	18.1015418838599	1125	77.3303746714708	148.363536706991
116	WGN26	56.5032726728547	18.3530318752524	1125	26.230624083014	98.2506705189632
117	WGN26	39.4984176581343	10.8479947339683	1125	21.0812534932514	63.6504099022705
118	WGN26	98.2193781867846	17.1063836162383	1125	67.5227862690657	134.650798183757
119	WGN26	91.9755369734873	16.5537267785268	1125	62.363299166459	127.322602859769
120	WGN26	16.8740384046378	7.09037383124249	1125	5.82960790421058	33.653296984318
121	WGN26	120.371710435194	18.9374645420962	1125	86.0824005893248	160.395848360316
122	WGN26	60.3249064836488	13.4062694977107	1125	36.8882156124159	89.496425434135
123	WGN26	97.3555552380635	17.0309936029181	1125	66.8068841733415	133.639054382039
124	WGN26	16.8270944362671	10.0155679896163	1125	2.91317448273516	42.2157636460668
125	WGN26	147.891812807651	20.9909301289862	1125	109.573449671631	191.945004022924
126	WGN26	7.67788231326986	6.76537295413105	1125	0.141088465457318	26.6894254173503
127	WGN26	105.285702146261	17.7110502690946	1125	73.4027089648986	142.903523406877
128	WGN26	83.7541749558934	22.3446856789719	1125	45.6496026203157	133.333496547739
129	WGN26	51.599800796026	12.3989134754017	1125	30.1396178935407	78.7948117777646
130	WGN26	68.4990875790916	14.2857159357395	1125	43.3368569241521	99.3961463132843
1	WGN36	71.0843447274397	20.5853378734526	1125	36.4317445649539	117.211694146193
2	WGN36	83.5406043910429	15.7764186830485	1125	55.4535032892711	117.362533572068
4	WGN36	137.883960397181	20.2682611469474	1125	100.983527933271	180.519220940344
5	WGN36	74.3983512420153	14.8881683983082	1125	48.0540637306239	106.47746683266
6	WGN36	47.9165214862047	11.9481937990083	1125	27.3406843486067	74.2271867030558
7	WGN36	105.499407579613	17.7290158090593	1125	73.5811646631854	143.152478575294
8	WGN36	101.645829048406	17.4022097142249	1125	70.368804168472	138.657682007593
9	WGN36	92.3507994077001	23.4634217482905	1125	52.0511831085542	144.125164963114
10	WGN36	99.4239368280796	17.2109599755097	1125	68.5221582604922	136.06054347492
11	WGN36	91.3263074007786	23.3329132573742	1125	51.282758536157	142.844605521668
12	WGN36	75.3646871197917	14.9845452337852	1125	48.8313010383769	107.63290128046
13	WGN36	92.493918519088	16.6003103033412	1125	62.7902803471748	127.932384770254
14	WGN36	92.9892460683124	16.6447003131514	1125	63.1985113722513	128.514808843627
15	WGN36	132.596717087976	19.875863369454	1125	96.4661984548846	174.46206380032
16	WGN36	108.165631459996	17.9516454333237	1125	75.8105725453583	146.255518453888
17	WGN36	125.839080196963	19.3627654387928	1125	90.7152981358884	166.69769033729
18	WGN36	98.4949167371629	24.2313676027596	1125	56.6885331508708	151.776049579723
19	WGN36	84.256097107626	15.8438340827181	1125	56.0367219421545	118.210300352351
20	WGN36	61.9838667696598	13.5893583032861	1125	38.1879419481708	91.5146196704019
21	WGN36	89.9937146423951	16.3744117161362	1125	60.7333064188333	124.98895094521
22	WGN36	91.9320149786626	16.5498097779698	1125	62.3274626201183	127.27139541646
23	WGN36	112.494999777757	18.3073812765533	1125	79.4419604933775	151.28286714139
24	WGN36	69.2391287219621	14.3626776661755	1125	43.92589338732	100.287192135857
26	WGN36	81.206226048015	15.5544364424488	1125	53.5546707292131	114.59260944607
27	WGN36	94.8708771293076	16.8122591116597	1125	64.7513795200844	130.725202817784
28	WGN36	62.9960314960478	13.6998626329525	1125	38.9832889027585	92.7436021685902
30	WGN36	122.069404798141	19.0705417410263	1125	87.5189875202235	162.354650155312
31	WGN36	129.722484501136	19.6592635926564	1125	94.0169508538773	171.162846227647
32	WGN36	127.113489524742	27.527504227519	1125	78.8398389934583	186.861889312294
33	WGN36	111.149908925246	18.1976024222437	1125	78.312263975677	149.722381954068
34	WGN36	86.8485705712581	16.0857366477817	1125	58.1545644541468	121.277404767623
35	WGN36	63.7856940624438	13.7854599094748	1125	39.6050032012109	93.7012130029299
36	WGN36	130.476528345451	19.7163179544205	1125	94.6590497669256	172.028835003229
37	WGN36	64.2740598041821	19.5744191500559	1125	31.6049578968316	108.417910967801
38	WGN36	40.0478582082731	15.451144878816	1125	15.4689292625705	76.1015364102439
39	WGN36	114.833272506052	18.4966674106799	1125	81.4088396486067	153.99253344275
40	WGN36	100.000000000001	17.2607481887187	1125	69.0005332288611	136.734294850394
41	WGN36	79.4992138287042	15.3900855429792	1125	52.170127284872	112.56312845179
42	WGN36	76.9473319220214	15.1410641560045	1125	50.1068439916326	109.522647931663
43	WGN36	126.475785878864	19.4116883475467	1125	91.2560134063916	167.43038643059
44	WGN36	78.211519477557	15.2649356728824	1125	51.1279863528299	111.029880681537
45	WGN36	80.2994974842654	15.4673541871008	1125	52.8188040730909	113.515018974693
46	WGN36	128.501953095198	19.5665600949071	1125	92.9783106542014	169.760423615449
47	WGN36	109.486236794259	18.060899714769	1125	76.9168127960618	147.79048887171
48	WGN36	92.5434577328858	16.604755223884	1125	62.8310982939342	127.990645251091
49	WGN36	131.499524713113	19.793459571956	1125	95.530688502922	173.203189002557
51	WGN36	109.574023338384	18.0681389181953	1125	76.990395480833	147.892479275188
52	WGN36	89.3818272088435	16.3186501231887	1125	60.2308274072994	124.267655089641
53	WGN36	76.4991721763544	15.0969071694474	1125	49.7453235610372	108.987848870925
54	WGN36	61.3767856622278	13.5226462477123	1125	37.7117548906408	90.776644513068
55	WGN36	100.494402673333	17.3033643800072	1125	69.4113197428473	137.312313683072
56	WGN36	128.476162893326	19.5645965027414	1125	92.9563731672354	169.73078069867
57	WGN36	106.320450584978	17.7978696233396	1125	74.2671113276443	144.108617921566
58	WGN36	135.777208558631	20.1128240669499	1125	99.181755288224	178.107489908292
59	WGN36	136.462902005412	20.1635463631742	1125	99.7679277906118	178.892704299466
60	WGN36	127.495588082628	19.4897915886017	1125	92.122571201117	168.603433043393
62	WGN36	103.499396131743	17.5601622683321	1125	71.9124565096895	140.821163833051
64	WGN36	99.877349568718	17.250159749983	1125	68.8986581074726	136.590869109217
65	WGN36	77.3181215513544	15.177500783387	1125	50.406142228865	109.964928953097
66	WGN36	102.978150704936	17.5158880597471	1125	71.4780803963522	140.213049092773
68	WGN36	65.6917420765555	13.9899127625644	1125	41.1098994036338	96.0084128287304
69	WGN36	62.5720006287511	19.3135024014217	1125	30.4148369254063	106.203913588364
70	WGN36	71.9861084308932	14.6448175323793	1125	46.11929354592	103.58775139512
71	WGN36	107.719177208891	17.9145593668627	1125	75.4368839344695	145.736298562565
72	WGN36	90.2500000000003	16.3977107792826	1125	60.943877269399	125.290950809855
74	WGN36	97.9080770425503	17.0792532112907	1125	67.2647170114602	134.286265152894
75	WGN36	57.4195677076267	18.5012459552451	1125	26.8561119913097	99.4577726802114
76	WGN36	100.237372126636	17.2812221485761	1125	69.1977339127152	137.01183841981
77	WGN36	114.997826045861	18.5099153240476	1125	81.5473997900938	154.183080380882
78	WGN36	78.8780717310382	21.6844873862766	1125	42.0688578958989	127.162034822445
79	WGN36	46.7980262303561	11.8079195373493	1125	26.4974177009554	72.8334628390101
80	WGN36	37.1545656702638	14.882541828921	1125	13.6912784979586	72.0926020988367
81	WGN36	71.717642699373	14.6174837574621	1125	45.9044587281417	103.265654749858
82	WGN36	67.7008901959586	14.2022386605276	1125	42.7024482075993	98.4341602635709
83	WGN36	104.494564931981	17.6443826588359	1125	72.7423785954837	141.981579347732
84	WGN36	82.8914242325637	15.7150011696649	1125	54.9248288923449	116.592847652036
85	WGN36	88.7926090689856	16.2647737162361	1125	59.7473188133329	123.572727403892
86	WGN36	61.2500000000005	13.5086722023684	1125	37.6123873520622	90.6224407271921
87	WGN36	90.7769256906876	16.4455102254219	1125	61.3770168664869	125.911662594141
88	WGN36	96.3540538832235	16.9431678202264	1125	65.9777035824691	132.465232263231
89	WGN36	96.3904196076442	16.9463648442298	1125	66.0077965063316	132.50787078821
90	WGN36	158.480675877466	21.7294019801222	1125	118.713375656502	203.982804177684
92	WGN36	78.8332444917264	15.325488173135	1125	51.6309028260004	111.770414236706
93	WGN36	70.803029105399	20.5445643532741	1125	36.2304296435217	116.850377823544
94	WGN36	109.815599969353	18.0880452649031	1125	77.1929143685363	148.173113649423
95	WGN36	90.9560227032679	16.4617251964534	1125	61.5242988913699	126.122574594419
96	WGN36	110.806477719336	18.1694671785757	1125	78.0240362252304	149.323747292696
97	WGN36	77.9871773792364	15.2430269629488	1125	50.9466307844051	110.762552053321
98	WGN36	144.499567472754	20.7487955039897	1125	106.656290607345	188.077672417417
99	WGN36	88.829756630709	16.2681756520035	1125	59.7777915222688	123.616549818403
100	WGN36	77.4991935399957	15.1952625516207	1125	50.55236429784	110.180850861405
102	WGN36	39.0830012765671	15.2638809757899	1125	14.8714981350415	74.7692536743603
104	WGN36	125.491465278382	19.3360033200871	1125	90.4201924987449	166.297566137273
105	WGN36	84.1507670860939	22.3975263926787	1125	45.9425173123485	133.833766116107
106	WGN36	56.7842712474625	13.0068953217855	1125	34.1311824233179	85.1721881508602
107	WGN36	64.9846117415623	13.9144127240947	1125	40.5509057992219	95.153145763156
108	WGN36	79.6862696659694	15.4081807780321	1125	52.3216789155942	112.785688495598
109	WGN36	81.4071027005129	15.5736627592574	1125	53.7178239080429	114.831209572236
110	WGN36	67.6116546352251	14.192875691891	1125	42.631583492636	98.3265538570674
112	WGN36	121.94966777317	19.0611863658354	1125	87.4176064421135	162.216557183481
114	WGN36	109.888523390596	18.0940499820778	1125	77.2540560849178	148.257818775528
116	WGN36	68.1645174858491	20.1581280597748	1125	34.3501349766673	113.453649251299
117	WGN36	106.00414675644	17.7713755317371	1125	74.0027908912908	143.740330700843
118	WGN36	48.2812296813964	11.9935783937457	1125	27.616344569527	74.680942872519
119	WGN36	89.2768974139877	23.069626429429	1125	49.7499370265036	140.27860705774
120	WGN36	97.030430818294	17.0025318342134	1125	66.537603875614	133.258085840227
121	WGN36	37.4983332592531	10.5697715081754	1125	19.6270639028509	61.1044306949085
122	WGN36	120.70174416078	18.9634080290295	1125	86.3615312503292	160.776785150485
123	WGN36	87.7241302385693	16.1666170992291	1125	58.8714306176109	122.311657938781
124	WGN36	93.3868952654446	16.680251149164	1125	63.5264071662981	128.982211443844
125	WGN36	98.4993654781471	17.1307482662354	1125	67.7549682921731	134.978590743374
126	WGN36	92.989246068312	16.6447003131513	1125	63.1985113722512	128.514808843626
127	WGN36	63.3806813078698	13.7416242319481	1125	39.2859993293241	93.2101913656689
128	WGN36	79.7460689880152	15.4139611086389	1125	52.3701367960313	112.856829259252
129	WGN36	29.9666295470963	9.44884155206437	1125	14.2947087244757	51.3733784489701
130	WGN36	77.7943294825423	15.2241687012354	1125	50.7907842097142	110.532702834624
1	WGN38	113.997806975359	18.4292586450392	1125	80.705635165153	153.02480686482
2	WGN38	132.488206497463	19.8677289934987	1125	96.3736481192774	174.337592954902
3	WGN38	47.0918529043942	16.7549797322299	1125	19.9547023164595	85.7037527485965
4	WGN38	51.9530791340127	12.4412856905287	1125	30.4097587716846	79.2312275755938
5	WGN38	125.663785394761	19.3492744986558	1125	90.5664735687344	166.495925300042
6	WGN38	71.0000000000042	14.5441649435229	1125	45.3306730334472	102.404155045814
7	WGN38	98.1749422187686	17.102513582018	1125	67.4859435980631	134.598768918727
8	WGN38	55.9954541697373	12.9162369191381	1125	33.5202439220825	84.2054924966455
10	WGN38	106.7658427137	17.8351096202598	1125	74.6394357930586	144.627077713595
11	WGN38	81.3416657896629	15.5674022658689	1125	53.6646705541445	114.753489104434
12	WGN38	20.5623058987495	7.82700343982647	1125	8.07255293125237	38.7868869455001
13	WGN38	77.4346222677722	15.1889309896329	1125	50.5002160244833	110.103856590314
14	WGN38	40.8469899493779	11.031628955192	1125	22.0695216878845	65.3592862901247
16	WGN38	114.977615711302	18.5082887366941	1125	81.5303809417567	154.159678560101
18	WGN38	112.731663678044	18.326628442683	1125	79.6408600120669	151.557295423274
19	WGN38	74.1317502360231	14.8614691312818	1125	47.8398486863658	106.158479864934
20	WGN38	94.233285782195	16.7556694488853	1125	64.2248213300143	129.976578313629
21	WGN38	51.657656011879	12.4058625414916	1125	30.1838385212264	78.8663015817848
22	WGN38	53.2358452763001	12.5939421459187	1125	31.3930015142237	80.81351711763
23	WGN38	172.581356866637	22.6754835154837	1125	130.957773809898	219.93976800263
24	WGN38	62.055843601504	13.5972461232996	1125	38.2444422863349	91.602072995926
26	WGN38	131.000000000006	19.7558292846699	1125	95.1049972320545	172.629830847211
27	WGN38	117.775856305622	18.732155404228	1125	83.8893783663144	157.397162324182
28	WGN38	134.983331275217	20.0539389184073	1125	98.503415076866	177.198075552822
29	WGN38	85.111539159954	15.924061236759	1125	56.7347523090803	119.223154090081
30	WGN38	75.3132799419911	14.9794337909106	1125	48.7899228943536	107.571465068882
32	WGN38	98.9974746830637	17.1740085591769	1125	68.1681975620561	135.561579883324
33	WGN38	100.799577165134	17.3296172979157	1125	69.6649840433157	137.668998366205
34	WGN38	97.7442304278198	17.0649563849252	1125	67.1289218409197	134.094367093973
35	WGN38	102.230388386129	17.4521775320911	1125	70.855322904852	139.340281946659
36	WGN38	105.990565197972	17.7702370352029	1125	73.9914431482983	143.724515326899
37	WGN38	98.8761075825184	17.1634779933303	1125	68.0674922204623	135.419551023828
38	WGN38	128.359281699304	19.5556950315505	1125	92.8569573264275	169.596434151434
39	WGN38	84.8521462562753	15.8997769827769	1125	56.5230069306537	118.91611366115
40	WGN38	77.535697736	15.1988408181418	1125	50.5818476669104	110.224375884343
41	WGN38	124.495481763745	19.2591187899811	1125	89.5750621909804	165.150729415763
42	WGN38	64.7142654451068	13.8854394769435	1125	40.3374071838312	94.8259517856359
45	WGN38	139.488798383689	20.3858715474331	1125	102.357605504772	182.354819341858
46	WGN38	70.7739280489193	14.520991357022	1125	45.1500693948249	102.132614782267
47	WGN38	154.94191371603	21.4854312266753	1125	115.653302387225	199.965353124088
48	WGN38	171.496720053895	22.6041159310209	1125	130.013165543446	218.715102643597
49	WGN38	99.9374608886001	17.2553499853205	1125	68.9485857968636	136.66116405959
50	WGN38	82.865690435652	15.7125616046293	1125	54.9038817047616	116.562327245796
51	WGN38	103.844573358062	17.5894200368666	1125	72.2002278026787	141.2237469927
52	WGN38	112.374860801614	18.2976029860493	1125	79.3410072556174	151.143542426865
53	WGN38	57.3157137141756	13.0676191661295	1125	34.5434801590909	85.8227753485135
54	WGN38	85.1427201313113	15.9269778931507	1125	56.7602105821338	119.260057759742
55	WGN38	73.8860770010444	20.9870946681156	1125	38.4451999150442	120.801703343313
56	WGN38	93.8600847456904	16.7224569976659	1125	63.916785610481	129.538211960153
59	WGN38	103.325187832915	17.5453775717007	1125	71.7672568930556	140.617946852028
61	WGN38	93.0803356344457	16.6528506503117	1125	63.2736093663995	128.621889981745
63	WGN38	111.919585120069	18.2604998997848	1125	78.9585306084179	150.615467710973
64	WGN38	61.8990291109648	13.5800552042426	1125	38.12135766662	91.4115286345628
65	WGN38	63.2967011999679	13.7325173117576	1125	39.2198876809623	93.1083427982267
66	WGN38	51.9566947048393	12.4417185962177	1125	30.412524949124	79.2356925398078
67	WGN38	87.4992857084604	16.145885587876	1125	58.6872628656084	122.046136630566
68	WGN38	66.8747568084228	14.1153198847552	1125	42.0468559685189	97.4374857275799
69	WGN38	33.67220510186	10.0160249078527	1125	16.8874280520168	56.1918102309562
70	WGN38	92.4452378498089	16.5959412562362	1125	62.7501720755661	127.875131703305
72	WGN38	120.224994789501	18.9259200127887	1125	85.9583361748416	160.226481483414
73	WGN38	152.631465242703	21.324637315946	1125	113.658343610534	197.339414954126
74	WGN38	116.965801970046	18.6676250079441	1125	83.2059375017028	156.460494517642
76	WGN38	113.375965775432	18.3789254691833	1125	80.18255142631	152.304208203808
77	WGN38	110.556788863869	18.1489842962856	1125	77.8145363190249	149.033869487966
78	WGN38	76.9870107958561	15.1449674943615	1125	50.1388642232431	109.569985447722
80	WGN38	112.339214649526	18.2947006871445	1125	79.311055631368	151.102201746937
81	WGN38	119.135482081754	18.8399688367953	1125	85.0374661123087	158.968326130454
82	WGN38	124.185450268813	19.2351233192242	1125	89.3121116069825	164.793617009897
83	WGN38	53.981475126468	12.6818318608865	1125	31.9661851605096	81.7315931716797
84	WGN38	132.95299090335	19.9025476628634	1125	96.7701156878834	174.870694198071
85	WGN38	35.684655108957	14.585179194584	1125	12.8048156982759	70.0392437759059
86	WGN38	107.916602266839	17.9309685335675	1125	75.6021129782639	145.965919634668
87	WGN38	110.345236803213	18.131611805916	1125	77.6370703857087	148.788231299971
88	WGN38	67.9079636663759	14.2239419311088	1125	42.8669382355183	98.6838171764868
89	WGN38	122.069404798145	19.0705417410267	1125	87.5189875202268	162.354650155317
90	WGN38	133.172124040269	19.9189426009347	1125	96.9570807282928	175.121995431499
91	WGN38	118.236700622359	18.7687680831456	1125	84.2783858646525	157.929843459319
92	WGN38	128.437469452589	19.5616501251982	1125	92.923460739927	169.686306244503
93	WGN38	73.0473828257673	14.752375122067	1125	46.9695318935485	104.860061837239
94	WGN38	104.850863716454	17.6744383954358	1125	73.0397057735127	142.396849738649
95	WGN38	87.7241302385727	16.1666170992294	1125	58.8714306176137	122.311657938785
96	WGN38	114.848482829365	18.4978923647795	1125	81.4216465202248	154.010147217758
97	WGN38	108.99770637376	18.0205605650368	1125	76.5074308088201	147.222810017953
98	WGN38	93.677082171023	16.7061468386544	1125	63.7657847894575	129.323207631842
99	WGN38	117.980929121205	18.7484566446836	1125	84.0624669271283	157.634219394535
100	WGN38	109.583267300545	18.0689010407539	1125	76.9981441014495	147.903218578893
101	WGN38	160.232702520743	21.8491826724052	1125	120.230383609707	205.969849511033
102	WGN38	63.7856940624467	13.7854599094753	1125	39.6050032012128	93.7012130029338
103	WGN38	149.466129450078	21.1023591861401	1125	110.929134157664	193.737952821746
104	WGN38	144.889571072088	20.776777083064	1125	106.991392252658	188.522577970771
106	WGN38	167.879377680101	22.364453601308	1125	126.866058611736	214.62752482772
107	WGN38	109.802726787949	18.0869850443496	1125	77.1821214192707	148.15816023588
108	WGN38	129.37390775773	19.632832662777	1125	93.7202335746246	170.762410020089
109	WGN38	90.584917588612	16.4281085415772	1125	61.2191521715356	125.685511084942
110	WGN38	127.763233920502	19.5102378916018	1125	92.3500998610358	168.911196059222
111	WGN38	79.485711369076	15.3887785311043	1125	52.1591892804401	112.547061536965
113	WGN38	89.8313862503222	16.3596371752665	1125	60.5999667825893	124.797633797308
114	WGN38	77.0239647355038	15.1486018676462	1125	50.1686872502844	109.614070299976
115	WGN38	100.109803449276	17.27022203722	1125	69.0917482777668	136.862686700039
1	WGN39	113.362664947639	18.3778473654984	1125	80.1713659186986	152.288792055833
2	WGN39	97.8040935452386	17.0701812719504	1125	67.1785333386406	134.16448183109
3	WGN39	134.998148122741	20.0550395283817	1125	98.5160724451816	177.215051879553
4	WGN39	123.901130845888	19.2130915394289	1125	89.0710201862397	164.466069584789
5	WGN39	122.499489793791	19.1041076543037	1125	87.883213679869	162.850593986966
6	WGN39	148.715901261116	21.0493321190824	1125	110.282949046102	192.883681555383
7	WGN39	115.343402399925	18.5377062438032	1125	81.8384482780011	154.583184601101
8	WGN39	137.499545453039	20.2399878779579	1125	100.654587260611	180.07933172472
9	WGN39	143.769228183751	20.6962941123858	1125	106.028962981127	187.244321465628
10	WGN39	70.713633723317	14.5148046159613	1125	45.1019139185828	102.060181607304
11	WGN39	73.7464786985958	14.8228004115735	1125	47.5304480733704	105.697337403074
12	WGN39	142.972022498314	20.6388334883362	1125	105.344499343991	186.33437373189
13	WGN39	182.463835769412	23.315676289372	1125	139.584146538587	231.078353079491
14	WGN39	120.167830528683	18.9214200547584	1125	85.9100011687351	160.160487967885
15	WGN39	115.499454145866	18.5502421304345	1125	81.9699036754094	154.763832695577
16	WGN39	164.723619596781	22.1532554412879	1125	124.124687137539	211.057380135277
17	WGN39	123.267854540532	19.163928216757	1125	88.5342060023974	163.73633115792
18	WGN39	105.933014340485	17.7654119300605	1125	73.9433595085104	143.657497251712
19	WGN39	145.006992665052	20.78519434926	1125	107.092298538876	188.656514870481
20	WGN39	107.475705305854	17.8943022530028	1125	75.233158006124	145.453080684837
21	WGN39	118.499472571491	18.7896125780939	1125	84.5002593534013	158.233513868833
22	WGN39	155.638585767642	21.533679990232	1125	116.25530675081	200.756692863727
24	WGN39	127.968742366875	19.5259227937137	1125	92.5248333546346	169.147479458369
25	WGN39	97.4839717240422	17.0422222360077	1125	66.9132692401514	133.789502287186
26	WGN39	118.944741764081	26.628312272385	1125	72.4353732000427	176.928859584387
27	WGN39	111.621488653216	18.2361653745377	1125	78.7081803028039	150.26962508288
28	WGN39	98.7244831519413	17.150313028157	1125	67.9416984376374	135.242095945498
29	WGN39	136.531242822689	20.1685946976864	1125	99.8263633974456	178.970950327186
30	WGN39	114.977615711295	18.5082887366937	1125	81.5303809417508	154.159678560093
31	WGN39	148.715901261116	21.0493321190822	1125	110.282949046102	192.883681555382
32	WGN39	131.248091575249	19.7745275154634	1125	95.316401477946	172.914609751806
34	WGN39	130.442024052024	19.7137108088655	1125	94.6296608883582	171.989215294943
35	WGN39	106.761254723516	17.8347264069361	1125	74.6355996961186	144.621737830166
36	WGN39	147.312898257203	20.9498059111402	1125	109.075223916884	191.285400676776
37	WGN39	155.685262437606	21.5369087690094	1125	116.295648314971	200.809704639494
38	WGN39	162.521736195883	22.0046944979776	1125	122.214291434927	208.564009036092
39	WGN39	148.465901261116	21.0316321071224	1125	110.067677795334	192.598952806151
40	WGN39	128.487839316089	19.5654855365691	1125	92.9663052390381	169.744201472394
41	WGN39	133.206752854768	19.9215321989414	1125	96.9866285575364	175.161705231253
42	WGN39	137.983693725398	20.2755899752507	1125	101.068881551413	180.633333978636
43	WGN39	131.846412202941	19.819549329299	1125	95.8263859346683	173.601266550467
44	WGN39	94.2060602085894	16.7532487773433	1125	64.202345295287	129.944603201145
45	WGN39	114.311600970693	18.4546056964903	1125	80.9696963469937	153.388333673645
46	WGN39	46.4999999999989	11.7702610011829	1125	26.2732803392562	72.4615477399948
47	WGN39	116.946556784807	18.6660891886091	1125	83.1897057090357	156.438235939832
48	WGN39	110.348413040306	18.1318727591083	1125	77.6397346130925	148.791919546774
49	WGN39	125.387847983465	19.3280188802585	1125	90.3322412728216	166.178282773361
50	WGN39	116.163728942278	18.6035098777153	1125	82.5296631617957	155.532622802014
51	WGN39	141.074249018383	20.5013986394631	1125	103.716383331694	184.166942784326
52	WGN39	97.6985010466054	17.0609640204277	1125	67.0910257778854	134.040804394579
53	WGN39	125.700891403607	19.3521310151751	1125	90.5979748782102	166.538636008257
54	WGN39	160.909216563037	21.895258503372	1125	120.816493420472	206.736767784855
55	WGN39	133.813172353957	19.9668267773238	1125	97.504176701285	175.856996085883
56	WGN39	150.479648410715	21.1737850892109	1125	111.802510146533	194.89161475415
57	WGN39	153.327774510762	21.3732237795024	1125	114.259322597872	198.131054502905
58	WGN39	122.438234163111	19.0993305711715	1125	87.8313310441073	162.779965361368
59	WGN39	116.895205282623	18.6619905772752	1125	83.1463959892827	156.378842655217
60	WGN39	104.494564931979	17.6443826588355	1125	72.7423785954819	141.981579347729
61	WGN39	125.31996084384	19.3227859107677	1125	90.2746216112977	166.100128155636
62	WGN39	113.141710972972	18.3599285956807	1125	79.9855699125653	152.032680112631
63	WGN39	75.6230669589442	15.0102097179052	1125	49.039325237365	107.941636759777
64	WGN39	114.490637994296	18.4690520210107	1125	81.1203885998293	153.595715468015
65	WGN39	137.853104505168	20.2659931881964	1125	100.957121946202	180.483915143387
66	WGN39	37.2499999999985	10.5347141367382	1125	19.4475158322233	60.7873122470269
67	WGN39	136.058554032654	20.1336512874206	1125	99.4222361956835	178.429699948879
68	WGN39	127.768248285388	27.5983099463312	1125	79.3556716303052	187.655574196739
69	WGN39	98.8761075825118	17.1634779933295	1125	68.0674922204572	135.41955102382
70	WGN39	112.096278844821	25.850361179916	1125	67.1133085942972	168.553998351613
71	WGN39	142.492957397195	20.60422657323	1125	104.933335602437	185.787407271205
72	WGN39	138.123975402183	20.2858939870304	1125	101.188945985296	180.793832898324
73	WGN39	136.999999999997	20.2031877783445	1125	100.227246359412	179.507581719836
74	WGN39	140.495996327189	20.4593386527669	1125	103.220655484775	183.506165248857
75	WGN39	85.3844441904457	15.9495705768107	1125	56.95760610369	119.546110356455
76	WGN39	152.973851740315	21.3485418819671	1125	113.953827559113	197.728704000771
77	WGN39	97.1978883789456	17.0171972082477	1125	66.6762868739444	133.4543179632
78	WGN39	137.773347654848	20.2601297524417	1125	100.888869596016	180.392653792933
79	WGN39	138.854163537596	20.3394436845254	1125	101.814065603244	181.629089551201
80	WGN39	77.9871773792343	15.2430269629486	1125	50.9466307844033	110.762552053318
81	WGN39	80.9505871403594	15.5299342973886	1125	53.3471068654251	114.288895494547
82	WGN39	127.895829869191	19.5203593778973	1125	92.4628366954936	169.063651122142
83	WGN39	161.179486154499	21.9136388668848	1125	121.050699361996	207.043101026255
84	WGN39	98.5352436705997	17.1338679021934	1125	67.7847255252091	135.020589895243
85	WGN39	139.935684739621	20.4185009877829	1125	102.740470454728	182.865727103767
86	WGN39	134.999999999997	20.0551770833959	1125	98.5176544291972	177.21717365005
87	WGN39	152.940550595199	21.3462180547958	1125	113.925085936966	197.690843332685
88	WGN39	115.033139887473	26.1868044149606	1125	69.3900428095213	172.150986221692
89	WGN39	110.472278113092	18.1420463346883	1125	77.7436383685694	148.935745936869
90	WGN39	173.309228277518	22.7232507557146	1125	131.591922317584	220.761362316705
91	WGN39	40.4999999999989	10.9846728833365	1125	21.8146630685894	64.9201650106616
92	WGN39	161.265377057071	21.9194768664458	1125	121.125135672151	207.140446521244
93	WGN39	70.5713558334981	14.5001951588612	1125	44.9883008778719	101.889238868377
94	WGN39	70.456533484566	14.4883941651494	1125	44.8966329625203	101.751262085865
95	WGN39	173.883542745445	22.7608699238206	1125	132.092425159936	221.409488410207
96	WGN39	124.871868658873	19.2882098429567	1125	89.8943702611921	165.584195135807
97	WGN39	133.520673478248	19.9449923446536	1125	97.2545186179168	175.521656417832
98	WGN39	154.767392863999	21.4733276191443	1125	115.502529719754	199.767084087497
99	WGN39	114.977615711295	18.5082887366937	1125	81.5303809417505	154.159678560093
100	WGN39	120.79165220911	18.9704694250282	1125	86.4375843107966	160.880548186676
101	WGN39	117.307663887827	18.6948855136376	1125	83.494312265447	156.85584358946
102	WGN39	101.049105359835	17.3510536739587	1125	69.8724524625927	137.96058633633
104	WGN39	110.997747702044	18.1851421432338	1125	78.1845507531927	149.545772730149
105	WGN39	83.4093326878842	15.7640186557105	1125	55.3465613685365	117.206932086485
106	WGN39	133.709588341426	19.9590971778842	1125	97.4157587418164	175.738246020288
107	WGN39	123.353571325043	19.170590070509	1125	88.6068517308606	163.835118998479
108	WGN39	111.991070716675	18.26633066816	1125	79.0185758007361	150.698393711868
109	WGN39	111.979907109602	18.265420224055	1125	79.0091985531913	150.685443745267
110	WGN39	96.9974226119262	16.999639593023	1125	66.5102704630962	133.219402840009
111	WGN39	73.4991496500238	14.7979233721631	1125	47.3319296394616	105.401197739839
112	WGN39	112.454981985583	18.3041247489482	1125	79.4083322522853	151.236459798134
113	WGN39	178.117879461588	23.0363344354521	1125	135.786279871416	226.184307131013
114	WGN39	145.663608498337	20.8322006086162	1125	107.656684570441	189.405360505486
115	WGN39	142.446534568532	20.6008699708571	1125	104.893498679046	185.734398537271
116	WGN39	135.499538743815	20.0922477774434	1125	98.9444576946244	177.789447872258
117	WGN39	130.969458528383	19.7535262034816	1125	95.0789745782277	172.594770557791
118	WGN39	161.217384697153	21.9162150202892	1125	121.083543298711	207.086054174848
120	WGN39	106.857033750248	17.8427246727605	1125	74.7156855262175	144.733210053532
121	WGN39	108.721766846901	17.9977356071948	1125	76.2762755588823	146.902086214174
122	WGN39	149.516776634524	21.105934191921	1125	110.972766912993	193.795614435309
123	WGN39	122.466554579453	19.1015393163515	1125	87.8553177369667	162.812619501192
124	WGN39	117.050943388591	18.6744180146042	1125	83.2777505323713	156.558964324064
125	WGN39	136.685154037042	20.1799594904596	1125	99.9579760371319	179.147160116206
126	WGN39	67.3544972410811	14.1658590479241	1125	42.4274347775557	98.0163877838599
127	WGN39	103.526692111951	17.5624776936428	1125	71.9352094520071	140.853002851147
128	WGN39	128.601389961376	19.5741290894831	1125	93.0628965860877	169.874711415917
129	WGN39	134.909198185408	20.0484313323372	1125	98.4400882834553	177.113136166614
130	WGN39	154.959666924145	21.4866620892524	1125	115.66864055077	199.985521376774
1	WGN45	84.374814539649	15.8549921903353	1125	56.1335463312679	118.350910827283
2	WGN45	105.366537324304	17.7178479689662	1125	73.4702065466324	142.997696181229
3	WGN45	5.30277563773097	3.9747630418004	1125	0.37140687165776	15.9689724830575
4	WGN45	98.9368283772315	17.1687473151872	1125	68.1178742110095	135.490610622707
5	WGN45	90.9560227032662	16.4617251964532	1125	61.5242988913685	126.122574594417
6	WGN45	114.499454145868	18.4697630958657	1125	81.1278095692751	153.605926801714
7	WGN45	79.4683417437296	15.3870970218279	1125	52.1451189022424	112.52639266447
8	WGN45	76.4473319220196	15.0917910347337	1125	49.7035215462193	108.925970377073
9	WGN45	90.4937841034521	16.4198426648194	1125	61.1442369557052	125.578159330452
10	WGN45	79.0378847064374	15.3453667063294	1125	51.7965398696422	112.014057622486
11	WGN45	96.7907858705967	16.9815224984586	1125	66.3391808183087	132.977219002138
12	WGN45	123.173305497555	19.1565772384339	1125	88.4540801294929	163.62735894487
13	WGN45	98.4993654781445	17.1307482662349	1125	67.7549682921713	134.978590743371
14	WGN45	87.499285708453	16.1458855878752	1125	58.6872628656025	122.046136630557
15	WGN45	32.5621608289516	13.9324542594702	1125	10.9630166313649	65.6360542828064
16	WGN45	90.533320996789	16.4234292021818	1125	61.1767367940982	125.624733278733
17	WGN45	44.641589825484	11.5326587956158	1125	24.8810634889435	70.1369442412777
18	WGN45	35.7285582929464	10.3173309779917	1125	18.3525961650644	58.8393485000818
19	WGN45	59.3219461652399	13.2943562381485	1125	36.1048374917947	88.2738829179385
20	WGN45	120.86762377301	18.9764341985156	1125	86.5018525423409	160.968223082932
22	WGN45	54.4896769437506	12.7413877754097	1125	32.3575338126407	82.3566481541138
23	WGN45	59.5803989154971	13.3232850650835	1125	36.3065297167784	88.5890961934689
24	WGN45	46.487900077244	11.7687295117746	1125	26.2641853134321	72.446442920309
25	WGN45	19.7330926563093	7.66756019918565	1125	7.55617926956639	37.6448341223054
26	WGN45	36.4571414560319	10.4219965123429	1125	18.8758177100954	59.7732932812217
28	WGN45	37.2972369909895	10.5413915935873	1125	19.4816511527216	60.8476509085107
29	WGN45	4.49999999999944	3.66155762777866	1125	0.183163715947688	14.5516643633044
30	WGN45	2.70048213111718	4.0122840503985	1125	0	16.310258594219
31	WGN45	72.8747837363752	14.7349360826033	1125	46.8311495058032	104.653246046201
32	WGN45	87.0666632639155	16.1059211017968	1125	58.3330537361707	121.535100870913
33	WGN45	71.9571421427128	14.6418707923999	1125	46.0961089822958	103.553003382383
34	WGN45	61.376785662226	13.5226462477121	1125	37.7117548906394	90.7766445130657
35	WGN45	73.8833181680272	14.8365461804129	1125	47.6403173147535	105.861147100554
36	WGN45	58.4732783924037	13.1989182434984	1125	35.4434262129583	87.2379586511024
37	WGN45	130.509614673522	19.7188176347175	1125	94.6872315350232	172.066825891274
38	WGN45	24.9999999999988	8.63037409435906	1125	10.9339736342427	44.8008544450082
40	WGN45	60.2993288515017	13.403427081496	1125	36.8682150137846	89.4652707684719
41	WGN45	121.967204298703	19.0625568286309	1125	87.4324540169907	162.236782659668
42	WGN45	65.8138690190579	14.0029109863099	1125	41.2065228575548	96.1560432598143
43	WGN45	41.4623151772064	11.1144094287487	1125	22.5224254261719	66.1370330074943
44	WGN45	86.8081002832205	16.081988340541	1125	58.1214486256712	121.229580020023
45	WGN45	64.9846117415604	13.9144127240944	1125	40.5509057992204	95.1531457631534
46	WGN45	58.7916370317525	13.2348003236244	1125	35.6913815234603	87.6267206192978
47	WGN45	17.8852936731606	10.3256893530468	1125	3.36289237586875	43.8824442267201
48	WGN45	20.9969507659594	7.90929422892501	1125	8.34573710650638	39.3829925046655
49	WGN45	59.998913022929	13.3699969466173	1125	36.6333916138278	89.0992625112833
50	WGN45	33.2727116418571	9.9564316094959	1125	16.6048611070471	55.6753902559203
52	WGN45	52.4892835268027	12.5053237367959	1125	30.8203157211208	79.8930794117378
53	WGN45	108.291650603953	17.962099735814	1125	75.9160795647809	146.402049722378
54	WGN45	108.333269131958	17.9655509914535	1125	75.950926470715	146.450439872454
55	WGN45	88.9887626260829	16.2827292263071	1125	59.9082423147673	123.804111016652
56	WGN45	118.22033152357	18.767468831511	1125	84.2645659948867	157.910925131506
57	WGN45	78.9493345951473	15.3367682048608	1125	51.7248606622784	111.908636607269
58	WGN45	67.9999999999984	14.2335775918549	1125	42.9400686810266	98.7947593982235
59	WGN45	64.2187347262903	13.8321754547259	1125	39.9463844661871	94.2259130656466
60	WGN45	27.5428135346328	12.8137181901502	1125	8.13871330061697	58.4216630249166
61	WGN45	123.949576269736	19.2168473380646	1125	89.1120964518479	164.521884166878
62	WGN45	67.372893191929	14.1677934150889	1125	42.4420353551384	98.0385791079728
64	WGN45	70.7571421284273	14.5192692351357	1125	45.1366624064642	102.112449929644
65	WGN45	90.7244402950427	16.4407553061286	1125	61.3338609786484	125.84984769069
66	WGN45	101.134867444946	17.3584151787173	1125	69.9437707239761	138.060792245169
67	WGN45	101.565249809711	24.6061455125203	1125	59.0235238928544	155.581724982834
68	WGN45	98.7468273089747	17.1522537200446	1125	67.9602348118255	135.268247885377
69	WGN45	108.888774341229	18.011553462692	1125	76.4161713857391	147.096205375972
70	WGN45	76.9286725762156	21.4148549317106	1125	40.648497812944	124.683596595755
71	WGN45	46.094663585675	11.7188485510182	1125	25.9688190030507	71.9553362475525
72	WGN45	114.210512638141	18.4464439792177	1125	80.8846219150598	153.271231440475
73	WGN45	37.1545656702615	14.8825418289206	1125	13.6912784979571	72.0926020988338
74	WGN45	83.9732057388981	15.8172137397279	1125	55.8060616802903	117.875177876759
75	WGN45	106.400729063671	17.8045875985076	1125	74.3342086358676	144.202077570728
76	WGN45	109.371424368098	18.0514274756836	1125	76.8205856124751	147.657091202973
77	WGN45	17.7749643873906	7.27719456461336	1125	6.36397761484396	34.9207792391905
78	WGN45	24.6346610995102	8.56708178427262	1125	10.6928189868641	44.3113312914097
80	WGN45	105.470963572376	17.7266256617563	1125	73.5574103039834	143.119344920022
81	WGN45	49.8193472919807	12.1831231304348	1125	28.7825612094482	76.5909614537665
82	WGN45	57.1841344162252	13.0526109249462	1125	34.4413481544894	85.6617487572141
84	WGN45	53.3248931621748	12.6044707224747	1125	31.461391544284	80.923222859319
85	WGN45	61.3583475977534	19.1252818957247	1125	29.5704866246778	104.620957827097
86	WGN45	107.768020235079	17.9186203992138	1125	75.4777589110053	145.793109638405
87	WGN45	23.8321595661989	8.42638534427376	1125	10.1663744072748	43.2327728043763
88	WGN45	59.1183503111754	13.2715231861094	1125	35.9460417960721	88.025486905532
89	WGN45	70.3030171105882	14.4726013172874	1125	44.7741033389637	101.566758961466
90	WGN45	78.2115194775549	15.2649356728821	1125	51.1279863528283	111.029880681535
92	WGN45	64.8980948113558	13.9051471980864	1125	40.4825685250499	95.0484491769149
93	WGN45	46.6570723538173	11.7901236246358	1125	26.3913807381099	72.657592048778
94	WGN45	56.9956136975489	13.0310776882927	1125	34.2950772590097	85.4309782153413
95	WGN45	53.9894839142406	12.6827725755747	1125	31.9723481956025	81.7414477121319
96	WGN45	32.4054944214024	9.82582314115025	1125	15.9939074843216	54.5519094377364
98	WGN45	91.989129150266	16.5549498910849	1125	62.3744915047851	127.338594875
99	WGN45	22.1016271339432	11.4784472136691	1125	5.31742857024518	50.360574953909
100	WGN45	65.4990457876243	13.9693791001911	1125	40.9574916982914	95.7754279562103
101	WGN45	77.7272660151402	15.217605204377	1125	50.7365988147672	110.452761294766
102	WGN45	121.868711174131	19.0548584067782	1125	87.3490657727206	162.123184654794
103	WGN45	94.4934385978978	23.7340495116939	1125	53.6628303563945	146.798796095669
104	WGN45	59.4484848098339	13.3085276686948	1125	36.2035707281883	88.4282269707325
105	WGN45	83.43932717135	15.7668528175536	1125	55.3709950141818	117.242487407771
106	WGN45	87.2083130081235	16.1190172304649	1125	58.4490078950056	121.702446200495
107	WGN45	67.7076647342334	14.2029492213661	1125	42.7078285722867	98.4423289754334
108	WGN45	97.8040935452388	17.0701812719505	1125	67.1785333386405	134.16448183109
109	WGN45	108.624854988202	17.9897124536134	1125	76.1951057284599	146.789432327198
110	WGN45	97.804093545239	17.0701812719505	1125	67.1785333386406	134.164481831091
111	WGN45	87.4134858892399	16.1379675013346	1125	58.6169989252626	121.944800932471
112	WGN45	23.433321445547	8.3555788479929	1125	9.90646393587384	42.6950070344734
113	WGN45	11.4004177361363	8.24387503686526	1125	0.96269205924134	33.3128926692991
114	WGN45	81.3980197534466	15.5727939241332	1125	53.7104456805678	114.820421905579
115	WGN45	88.2519744222402	22.9368213860444	1125	48.9855874772396	138.993110623509
116	WGN45	153.998376606261	21.4199122906766	1125	114.838318337385	198.893262954391
117	WGN45	6.99999999999963	4.56676471502564	1125	0.907079608951191	18.8277484703013
118	WGN45	72.8585957161173	20.8406574637194	1125	37.7050393935811	119.486901294921
119	WGN45	65.1874388453412	13.9361103325038	1125	40.7111605701078	95.3985451998278
120	WGN45	66.2604945017609	14.0503438641767	1125	41.5600814810658	96.6957356017092
121	WGN45	76.8829389182209	15.1347274667438	1125	50.0548840467923	109.445821868903
122	WGN45	97.2680378828312	17.0233369127815	1125	66.7343898176585	133.536514027257
123	WGN45	81.94397989875	15.6249322680171	1125	54.1541064899048	115.468681386848
124	WGN45	110.809059200097	18.1696788262055	1125	78.0262024374884	149.326744041959
126	WGN45	74.3983512420119	14.8881683983075	1125	48.0540637306219	106.477466832655
127	WGN45	90.299972253042	16.4022499324804	1125	60.9849433638749	125.349829221462
128	WGN45	66.2272648956809	14.0468203020146	1125	41.5337653678696	96.6555925027454
129	WGN45	46.4619250064088	11.7654411690485	1125	26.2446622173289	72.414015874742
130	WGN45	86.2016793475438	22.6688182648588	1125	47.4611346002783	136.416973351077
1	WGN46	71.9444015112145	14.6405745003796	1125	46.0859117728364	103.537719328846
2	WGN46	78.2856977359932	15.2721728292163	1125	51.1879647684615	111.118258782778
3	WGN46	98.6561582680104	17.144377337625	1125	67.8850198231252	135.162124792149
4	WGN46	93.4190475583094	16.6831223344884	1125	63.5529259784988	129.019997217373
6	WGN46	55.3566260731063	18.1658541777105	1125	25.4512341458261	96.7367672566544
7	WGN46	97.4893604978809	17.0426932642733	1125	66.917733821252	133.795815253763
8	WGN46	89.6100576264228	23.1126315334404	1125	49.9987180037003	140.696146505413
9	WGN46	96.213527810199	16.9308080621603	1125	65.8614282805408	132.300455419111
10	WGN46	87.335208699735	16.1307402545597	1125	58.5529021352652	121.852343343458
11	WGN46	107.719177208888	17.9145593668625	1125	75.4368839344671	145.736298562562
12	WGN46	86.3277541420533	16.0374323774252	1125	57.7285246214677	120.661811741892
13	WGN46	89.4657690306208	16.3263110527217	1125	60.299737911514	124.366628228981
14	WGN46	43.4294833886772	11.3750142258149	1125	23.9782675059791	68.6155273506285
15	WGN46	109.472024816337	18.0597274695364	1125	76.9049008510897	147.773976860838
16	WGN46	131.919627682818	19.8250515511455	1125	95.8888056431552	173.685277801734
17	WGN46	126.555531081734	19.4178070883114	1125	91.3237531815744	167.522137061146
18	WGN46	93.4758001544858	16.6881891103497	1125	63.5997371809239	129.086691207301
19	WGN46	88.0628156554136	16.1977950816074	1125	59.1489424977359	122.711516892345
20	WGN46	87.2269026325478	22.803223455596	1125	48.2226448338386	137.705909687525
21	WGN46	122.868527587199	27.0639600912528	1125	75.5043853716504	181.707419059015
22	WGN46	90.724440295042	16.4407553061286	1125	61.3338609786478	125.849847690689
23	WGN46	127.460281744783	19.4870928253669	1125	92.0925600388809	168.562831529938
24	WGN46	104.914215628966	17.6797771229936	1125	73.0925827026753	142.470676634511
25	WGN46	191.473560318235	23.8843828062507	1125	147.47802630404	241.203922411683
26	WGN46	104.485045706879	17.6435789582997	1125	72.734436291032	141.970483201979
27	WGN46	159.738619785321	30.858583105426	1125	104.929142991125	226.022845835784
28	WGN46	97.5669640805329	17.049475086177	1125	66.9820309613569	133.886725278962
29	WGN46	127.95115323432	19.5245808416078	1125	92.5098772326256	169.127257315267
30	WGN46	92.8680924774774	16.633853776809	1125	63.0986394981473	128.372373536061
31	WGN46	75.9703831953262	15.0446391430526	1125	49.3190883627751	108.356506107131
32	WGN46	116.499463516842	18.6303742661645	1125	82.8126877940259	155.921067318912
33	WGN46	62.0558436014971	13.5972461232992	1125	38.2444422863291	91.6020729959184
34	WGN46	151.339232807349	21.2341744427191	1125	112.5436061083	195.86968758565
36	WGN46	79.0819208785928	15.3496409674298	1125	51.832189621368	112.066480215071
37	WGN46	125.48999919987	19.3358903714429	1125	90.4189480339332	166.295878445061
38	WGN46	77.2662303451401	15.1724068222612	1125	50.3642457559276	109.903043013606
39	WGN46	74.9699879903888	14.9452552743907	1125	48.5136917522024	107.161112307828
40	WGN46	66.2272648956808	14.0468203020146	1125	41.5337653678695	96.6555925027453
41	WGN46	94.9578760586669	16.8199659729202	1125	64.8232570103916	130.827323186195
42	WGN46	77.3634691526135	15.1819509843983	1125	50.442758202411	110.019008182069
43	WGN46	80.3685742518331	15.4740055683983	1125	52.8748303323512	113.597146250568
44	WGN46	102.99029034682	17.5169204648764	1125	71.4881943820432	140.227214390849
45	WGN46	98.6934955049932	17.1476212462531	1125	67.9159922684046	135.205826820835
46	WGN46	105.128430675229	17.6978173046686	1125	73.2714015612462	142.720287868466
47	WGN46	111.351151749533	18.2140688360155	1125	78.4811984627763	149.955933115542
48	WGN46	84.6426150114088	15.8801336417994	1125	56.3520173921105	118.66804070996
49	WGN46	75.8309924354766	15.0308308245248	1125	49.2067905581477	108.190022392059
50	WGN46	92.3477222864628	16.5871858589604	1125	62.6698352574718	127.760437394707
52	WGN46	97.4480492422416	17.0390819488614	1125	66.8835082369456	133.747418326791
53	WGN46	99.3181349255734	17.2018000233564	1125	68.4343288702095	135.936769060191
54	WGN46	116.262929593322	18.6114516271715	1125	82.6132815055529	155.647405760344
55	WGN46	124.050876775831	27.1938649549879	1125	76.4318514875005	183.144651320429
56	WGN46	143.478655361714	20.6753688338743	1125	105.779447122875	186.912691679806
57	WGN46	73.8781778291697	14.8360300544234	1125	47.6361896537462	105.854994083846
58	WGN46	78.403543900902	15.283663371207	1125	51.28326562932	111.258650251737
59	WGN46	125.399014473277	19.3288794952403	1125	90.3417191715779	166.19113785423
60	WGN46	60.9959013639521	13.4806223852638	1125	37.4133245581605	90.3133062489971
61	WGN46	135.933791297113	20.1244181100609	1125	99.3155896457049	178.286821027774
62	WGN46	76.9187454245951	15.1382513866203	1125	50.0837763584203	109.488542570023
63	WGN46	95.4941095843223	16.8673908550033	1125	65.2664393651815	131.456607882716
64	WGN46	72.2499999999983	14.6716359604105	1125	46.330565350474	103.904262728776
65	WGN46	59.8472971738961	13.3530934264721	1125	36.5149417374273	88.9144806896181
66	WGN46	111.991070716675	18.26633066816	1125	79.0185758007361	150.698393711868
67	WGN46	135.422003073646	20.0864983526271	1125	98.8782028265886	177.700631399956
68	WGN46	126.670584866956	19.4266316124356	1125	91.4214925894904	167.654505223674
69	WGN46	90.4163591625424	16.4128168928069	1125	61.0805971057282	125.48694929861
70	WGN46	111.944168596912	18.2625052768051	1125	78.979179385341	150.643985887737
71	WGN46	63.3315017762045	13.7362918674394	1125	39.2472822962296	93.1505493354327
72	WGN46	77.8844441904452	15.2329837681951	1125	50.8636030959761	110.640113364168
73	WGN46	80.9370625948184	15.528636937576	1125	53.3361278370113	114.272825431879
74	WGN46	117.923679450623	18.7439072941443	1125	84.0141434230596	157.568043557439
75	WGN46	84.8556371690923	15.9001040467748	1125	56.5258561194089	118.920246298029
76	WGN46	113.991227395098	18.4287267991211	1125	80.7000991064183	153.01718376303
78	WGN46	74.9699879903886	14.9452552743907	1125	48.5136917522022	107.161112307828
79	WGN46	80.549497484263	15.4914130769051	1125	53.0215987292335	113.812224318546
80	WGN46	124.439227362942	19.254767095498	1125	89.5273461407039	165.085936664433
81	WGN46	151.102504935136	21.2175604818043	1125	112.339476071821	195.600361877704
82	WGN46	71.8309145594039	20.6931552193751	1125	36.9667686884838	118.169809686592
83	WGN46	84.1413256273122	15.8330393745168	1125	55.9431304878769	118.074348846001
84	WGN46	95.0892015141765	16.8315928468364	1125	64.9317696684014	130.981461439205
85	WGN46	105.470963572375	17.7266256617563	1125	73.5574103039828	143.119344920021
86	WGN46	104.45153254455	17.6407491775261	1125	72.706475370537	141.931417797816
87	WGN46	110.45416650942	18.1405591062758	1125	77.7284448184389	148.914716279655
88	WGN46	69.9673758792263	14.4380123792252	1125	44.5063281948603	101.163251642846
89	WGN46	78.1813908746812	15.2619952141872	1125	51.1036271501604	110.993982678455
90	WGN46	107.872499941171	17.927304230728	1125	75.5652002892303	145.914627672365
91	WGN46	124.015686266726	19.221971423212	1125	89.1681526099746	164.598048002731
92	WGN46	54.707535720824	12.7668334588561	1125	32.5254662528599	82.6244332680414
93	WGN46	71.9965276103109	14.6458773303308	1125	46.1276333223759	103.600249977499
94	WGN46	150.519997334042	21.1766236197965	1125	111.83728966024	194.937533087098
95	WGN46	96.4941706323137	16.9554826064658	1125	66.0936577985554	132.629511545325
96	WGN46	113.495043836442	18.3885745709394	1125	80.2826972269374	152.4422185252
98	WGN46	80.3685742518331	15.4740055683981	1125	52.8748303323515	113.597146250568
100	WGN46	70.1108877842203	20.4439001261443	1125	35.7357990759233	115.960725748785
101	WGN46	37.7988438920049	10.6120399247648	1125	19.8446407362656	61.4878751269974
102	WGN46	112.093531406956	18.2746846956522	1125	79.1046452633443	150.817245629822
103	WGN46	100.044578018091	17.2645950097823	1125	69.0375634958901	136.786420619546
104	WGN46	64.6638126514894	13.8800257107215	1125	40.297576605043	94.7648767771889
106	WGN46	95.1487009365033	16.8368579738108	1125	64.980938517236	131.051291435024
107	WGN46	120.383185513489	18.9383671782255	1125	86.0921046279253	160.409094478307
108	WGN46	99.4490945591545	17.2131373249971	1125	68.5430438687849	136.089973328777
109	WGN46	131.627738038117	19.8031066295426	1125	95.6399735783573	173.35033057713
110	WGN46	109.453747586429	18.0582197986488	1125	76.8895817843905	147.752741467721
111	WGN46	154.998387079988	21.4893463843216	1125	115.702093918627	200.029508320601
112	WGN46	122.458659518076	19.1009235961802	1125	87.8486307646841	162.80351635072
113	WGN46	162.698830040829	22.0166800792586	1125	122.367868671656	208.764619489256
114	WGN46	61.4138126514896	13.5267245598916	1125	37.7407799259331	90.8216734562994
115	WGN46	119.411545404052	18.861784398383	1125	85.2707256687418	159.287193218615
116	WGN46	131.770434087055	19.8138378768805	1125	95.7616141162267	173.514082137137
117	WGN46	84.2530119388923	15.8435440066839	1125	56.0342059243272	118.206646032711
118	WGN46	111.856960175073	18.255390325726	1125	78.9059310304431	150.542817398957
119	WGN46	120.86762377301	18.9764341985155	1125	86.5018525423415	160.968223082932
120	WGN46	74.0239647354976	14.8506611200783	1125	47.7532693133632	106.029488236885
121	WGN46	103.484901178989	17.5589325865931	1125	71.9003742846129	140.804256152619
122	WGN46	56.399817517639	12.9627894272575	1125	33.833267762178	84.7011953523532
123	WGN46	97.3957200593101	17.0345063776865	1125	66.8401566673787	133.686111530495
124	WGN46	66.9065861769784	14.1186786130228	1125	42.0720952606381	97.4759051725719
125	WGN46	99.4342998332109	17.2118569054892	1125	68.5307614218218	136.072666323853
126	WGN46	117.435603004483	18.7050773257975	1125	83.602254283258	157.00377980496
127	WGN46	86.0460278530594	16.0112423150114	1125	57.4981851966177	120.328698588754
128	WGN46	87.3791187167449	16.1347948167617	1125	58.58885679754	121.904208715203
129	WGN46	127.240156717397	19.4702583635765	1125	91.9054654864631	168.309676027585
130	WGN46	71.1830354330515	14.5629000423884	1125	45.476948799224	102.623950146132
1	WGN55	134.64645526958	20.0288991188079	1125	98.215669033574	176.81206958484
2	WGN55	127.495588082625	19.4897915886015	1125	92.1225712011136	168.603433043389
3	WGN55	141.992957397192	20.5680452532759	1125	104.504326062237	185.216416811399
4	WGN55	102.47011323689	17.4726277668055	1125	71.0549228633397	139.620131689693
5	WGN55	67.9852909359323	14.2320380776803	1125	42.9283802590836	98.777029692034
6	WGN55	79.4992138287012	15.3900855429789	1125	52.1701272848696	112.563128451786
7	WGN55	103.527220386637	17.5625225023795	1125	71.9356498085961	140.853619043931
8	WGN55	85.834973721497	15.9915940312666	1125	57.3256824694583	120.079093052789
9	WGN55	132.204529791362	19.8464477331361	1125	96.1317268400169	174.012160821961
10	WGN55	106.91582162618	17.8476321253539	1125	74.764844612583	144.80162671903
11	WGN55	93.9893604978805	16.7339691561477	1125	64.0234736454461	129.690075429568
12	WGN55	112.964590674154	18.3455519802617	1125	79.8366576100368	151.827351817524
13	WGN55	139.885620838623	20.4148481623463	1125	102.69757367084	182.808496085659
14	WGN55	124.278219384404	19.2423064966757	1125	89.390786790379	164.900480057682
15	WGN55	124.308645393612	19.2446618199501	1125	89.4165914789036	164.935527387573
16	WGN55	186.020268049761	23.5418045493405	1125	142.69689823542	235.078465943356
17	WGN55	90.4489932772524	16.4157785771334	1125	61.1074201739536	125.525394459804
18	WGN55	100.319951068479	17.288339111109	1125	69.2663488409937	137.108381375217
19	WGN55	96.5150499842709	16.9573169159274	1125	66.1109380979555	132.653989949839
20	WGN55	83.4393271713501	15.7668528175536	1125	55.3709950141818	117.242487407772
21	WGN55	126.992125496	19.4512722674871	1125	91.6946864076889	168.024392663563
22	WGN55	98.4993654781443	17.130748266235	1125	67.7549682921711	134.978590743371
23	WGN55	98.6350180624751	17.1425403763805	1125	67.8674838731438	135.13738033106
24	WGN55	131.998106033429	19.8309475881969	1125	95.9557155274463	173.775324618665
25	WGN55	94.0317458616223	16.7377418992552	1125	64.058456604625	129.739863197873
26	WGN55	116.303546603991	18.6147023431157	1125	82.6475203680549	155.694400919181
27	WGN55	109.499429220767	18.0619877963494	1125	76.927870325009	147.805816195778
28	WGN55	102.978150704933	17.515888059747	1125	71.4780803963496	140.213049092769
29	WGN55	84.4992603485546	15.8666802772387	1125	56.2350592382081	118.498289538154
30	WGN55	84.6426150114094	15.8801336417994	1125	56.3520173921111	118.668040709961
31	WGN55	96.0934948556208	16.9202435958045	1125	65.7621236002523	132.159694190243
32	WGN55	95.7894572960172	16.8934547626448	1125	65.5106477378452	131.803094933443
33	WGN55	101.049105359835	17.3510536739589	1125	69.8724524625927	137.960586336331
34	WGN55	120.999999999998	18.9868230075902	1125	86.6138451477816	161.120982931467
35	WGN55	118.643892330483	18.8010588950089	1125	84.6222205812544	158.400392158965
36	WGN55	150.399933244294	21.1681760403702	1125	111.733800354067	194.800894213775
37	WGN55	118.347377268367	18.7775503749661	1125	84.371830996298	158.05775161969
38	WGN55	77.4022961801739	15.1857602505403	1125	50.4741111644791	110.065309275122
40	WGN55	86.9885042281282	16.0986904014787	1125	58.2690818760013	121.442754659508
41	WGN55	109.371424368097	18.0514274756837	1125	76.8205856124746	147.657091202973
42	WGN55	105.978769332628	17.7692481681504	1125	73.9815875141795	143.71077923033
43	WGN55	92.445237849803	16.5959412562356	1125	62.7501720755614	127.875131703298
44	WGN55	111.494954928672	18.225826217331	1125	78.601932779124	150.122805157474
45	WGN55	71.4664010613619	14.5918572695491	1125	45.7034981788911	102.964132023086
46	WGN55	17.8852936731612	10.3256893530469	1125	3.36289237586907	43.8824442267209
47	WGN55	109.999999999998	18.1032254263648	1125	77.3475297853697	148.38729829388
48	WGN55	69.4775107083705	14.3873809071136	1125	44.1158057646857	100.574043731308
49	WGN55	56.8416654415344	13.0134669631802	1125	34.1756825647445	85.2424763975777
50	WGN55	83.8090899207313	15.8017497323945	1125	55.6722874027967	117.680720517919
52	WGN55	112.612498595189	18.3169396313842	1125	79.5407051026911	151.419120166939
53	WGN55	117.947010102292	18.7457613998947	1125	84.0338361803708	157.595012103467
54	WGN55	134.332039324992	20.0055004863513	1125	97.9471629584699	176.451743770767
55	WGN55	113.73402858955	18.4079246581032	1125	80.4837156596692	152.719169598683
56	WGN55	134.255149614092	19.9997742376734	1125	97.8815085763829	176.363618731054
57	WGN55	18.0817608663272	7.33972819646762	1125	6.5480784241886	35.350271387719
58	WGN55	126.428530890207	19.4080616264132	1125	91.2158743162469	167.376015543421
59	WGN55	71.3940738412423	14.5844715916822	1125	45.6456622119481	102.87731354979
60	WGN55	90.1010089571955	16.3841699417368	1125	60.8214543640949	125.115391629549
61	WGN55	90.4440261539043	16.4153278240982	1125	61.1033374618229	125.519542925239
62	WGN55	104.416395221862	17.6377817685328	1125	72.6771603265591	141.890458196419
63	WGN55	82.9246303544145	15.7181485519039	1125	54.9518596144977	116.632229173584
64	WGN55	79.9718651053439	15.43576752777	1125	52.5531470856803	113.125411204261
65	WGN55	132.291653522605	19.8529861316433	1125	96.2060217436498	174.112113380814
66	WGN55	140.799713466457	20.4814406962292	1125	103.481006759283	183.853248252885
67	WGN55	90.3016742260438	23.2016525374466	1125	50.5156687256102	141.562428982745
68	WGN55	81.9511904588835	15.6256197012826	1125	54.1599682544813	115.477240742539
69	WGN55	51.4404651573289	12.3797552980681	1125	30.0178720337579	78.5978863601532
70	WGN55	147.618951364439	20.971556981503	1125	109.338599794869	191.634131013262
71	WGN55	54.5361904719565	12.7468247729558	1125	32.3933795444191	82.413829478747
72	WGN55	111.919585120061	18.2604998997842	1125	78.9585306084118	150.615467710964
73	WGN55	93.2042785973467	16.6639341783313	1125	63.3758056171477	128.767579656799
74	WGN55	106.765842713692	17.8351096202594	1125	74.639435793051	144.627077713586
75	WGN55	96.3540538832221	16.9431678202261	1125	65.9777035824682	132.465232263229
76	WGN55	131.362498809295	19.783144235791	1125	95.4139020612988	173.045923636544
77	WGN55	59.4813541552675	18.8304821859348	1125	28.2719122938863	102.165545272916
78	WGN55	109.339212360871	18.0487690320559	1125	76.7935896707688	147.619663130226
80	WGN55	124.927958480154	19.2925412860319	1125	89.9419614667257	165.648783572835
81	WGN55	102.117474873437	17.4425369001344	1125	70.7613250341625	139.208452791966
82	WGN55	161.874125189638	21.9608089622879	1125	121.65278713682	207.83029132171
83	WGN55	146.979092579382	20.9260567000935	1125	108.788015969999	190.904997268018
84	WGN55	146.936616318552	20.9230327160176	1125	108.751472992429	190.856587723929
85	WGN55	119.26890455981	18.8505155349677	1125	85.1501951785812	159.122442020292
86	WGN55	151.998355245358	21.2803644315205	1125	113.112100328559	196.619438241411
87	WGN55	113.406861896859	18.3814295220881	1125	80.2085344083792	152.340017464593
88	WGN55	89.3705983732455	16.3176250535493	1125	60.2216098351136	124.254414990631
89	WGN55	101.277220386637	17.3706273495177	1125	70.0621624718411	138.227106380686
90	WGN55	126.61299390775	19.4222149377017	1125	91.3725674769309	167.588248417823
91	WGN55	125.928530890207	19.3696460719985	1125	90.79124851141	166.800641348257
92	WGN55	126.083112289618	19.3815308636046	1125	90.9225110594953	166.978541598994
93	WGN55	53.498831750189	12.6250110254077	1125	31.5950285194339	81.1374630601973
94	WGN55	116.991452366989	18.6696717845855	1125	83.2275719695686	156.490160843663
95	WGN55	128.495622418961	19.5660781135843	1125	92.9729256614209	169.753147255755
96	WGN55	62.9749899919906	13.6975744746077	1125	38.9667369367614	92.7180711264731
97	WGN55	150.149933244294	21.1505754840385	1125	111.518333963906	194.516360603935
98	WGN55	71.4921320013218	14.5944838773552	1125	45.7240755175971	102.9950165643
99	WGN55	111.963553108735	18.2640863972418	1125	78.9954616204373	150.666472676285
100	WGN55	102.649291295186	17.4878973123905	1125	71.2041409294792	139.829269740146
101	WGN55	164.877181306474	22.1635790952812	1125	124.257993064835	211.231197627366
102	WGN55	71.8925667816095	14.6352994063782	1125	46.0444271727772	103.475534469695
103	WGN55	89.8636824168487	16.3625777181475	1125	60.6264933837308	124.83569952922
104	WGN55	113.574950066554	18.3950466735364	1125	80.3499047069804	152.534823505381
105	WGN55	76.3582883923704	15.0829992440411	1125	49.6317281684318	108.819676695562
106	WGN55	75.9868398264434	15.0462685324267	1125	49.3323480098958	108.376159722244
107	WGN55	128.968984791136	19.6020845189824	1125	93.3756407692531	170.297156892272
108	WGN55	112.270266569963	18.2890856484186	1125	79.2531246783631	151.022236540817
109	WGN55	91.0392680916209	16.4692565795408	1125	61.5927671419897	126.220597120505
110	WGN55	108.740383726222	17.9992764547145	1125	76.2918691799565	146.92372635174
111	WGN55	72.583237105336	14.7054318701025	1125	46.5974923496149	104.30380994031
112	WGN55	109.671747731345	18.0761942233751	1125	77.0723147616728	148.00600878027
113	WGN55	107.662486774038	17.9098447104636	1125	75.3894440086095	145.67035761872
114	WGN55	85.4641662683458	15.9570147679401	1125	57.0227221210096	119.640438494935
115	WGN55	129.226162893324	19.6216191234396	1125	93.5944905143147	170.592663351586
116	WGN55	109.499429220767	18.0619877963495	1125	76.9278703250093	147.805816195778
117	WGN55	95.1525315779635	16.837196892348	1125	64.9841041751405	131.05578706004
118	WGN55	77.6999666221464	15.214932603824	1125	50.7145432642417	110.420218059304
119	WGN55	132.983080554376	19.904799687546	1125	96.795786697801	174.905202490205
120	WGN55	112.814258127027	25.9330151243937	1125	67.6691146464918	169.434150863829
121	WGN55	122.92413314935	19.1371911150348	1125	88.2429448074565	163.340149570497
122	WGN55	115.965506984756	18.587630572429	1125	82.3625975906366	155.303244458128
123	WGN55	112.9977875673	18.3482473850292	1125	79.8645659171381	151.865837296716
124	WGN55	123.129964157694	19.1532066023547	1125	88.4173522300864	163.577404164554
125	WGN55	83.3249319418661	15.7560409412292	1125	55.2778134958775	117.106878467108
126	WGN55	115.99137866959	18.5897038893741	1125	82.3844012723287	155.333184146104
128	WGN55	88.3408153700956	16.223341813129	1125	59.3768176116712	123.039641207773
129	WGN55	50.5713247506101	12.2747253098338	1125	29.3548083309104	77.522669249563
130	WGN55	51.2414363469535	12.3557827709343	1125	29.8658791172091	78.3518216559513
1	WGN63	132.726706900616	19.8856035308487	1125	96.5770773413117	174.611164539174
2	WGN63	119.499476985158	18.8687277860749	1125	85.3450338031226	159.388748246446
3	WGN63	128.030874876406	19.5306624173798	1125	92.5776663675257	169.21891146454
4	WGN63	145.496133917893	20.8202214070605	1125	107.512714080715	189.214381834323
5	WGN63	149.330343736591	21.0927715625497	1125	110.812160079793	193.583355472642
6	WGN63	109.81559996935	18.0880452649029	1125	77.1929143685341	148.17311364942
7	WGN63	135.495848581295	20.0919741818092	1125	98.9413043472322	177.785220894612
8	WGN63	141.489360899357	20.5315392319074	1125	104.072357112702	184.641192765266
9	WGN63	107.990739946771	17.9371266785702	1125	75.6641679164433	146.052140056352
10	WGN63	120.925574056023	18.980982802672	1125	86.5508781232995	161.035098068
12	WGN63	145.272410329497	20.8042080378657	1125	107.320409922113	188.959238816134
13	WGN63	115.087487629203	18.5171298297628	1125	81.6229059728415	154.286897364819
14	WGN63	134.983331275211	20.053938918407	1125	98.5034150768603	177.198075552815
16	WGN63	91.9891291502665	16.5549498910851	1125	62.3744915047853	127.338594875001
17	WGN63	128.875849508957	19.5950053929674	1125	93.2963952625557	170.190131834611
18	WGN63	123.475197448044	19.1800388041613	1125	88.7099387307064	163.975284244634
19	WGN63	158.357521766263	21.7209574638981	1125	118.606790318641	203.843081293138
20	WGN63	131.152599336723	19.7673325251551	1125	95.2350263493232	172.805000403375
21	WGN63	130.419011040524	19.7119717532654	1125	94.6100600342041	171.962790126096
22	WGN63	78.7969464462565	15.3219595265658	1125	51.6015282494021	111.727192722364
23	WGN63	160.405508284109	21.8609613143332	1125	120.380078795366	206.165765852106
24	WGN63	114.637002039302	18.4808536050557	1125	81.2435970529775	153.765235104881
25	WGN63	78.157568056677	15.259669779505	1125	51.0843670091823	110.965597183425
26	WGN63	127.364027649763	19.4797334083287	1125	92.0107456713248	168.452137707454
27	WGN63	129.999999999999	19.6802809036013	1125	94.2532288144285	171.481599264823
28	WGN63	160.844570445051	21.8908597943083	1125	120.760477899141	206.663491070214
29	WGN63	105.599904942879	17.7374580139697	1125	73.6650977880789	143.269540176932
30	WGN63	98.2193781867803	17.106383616238	1125	67.522786269062	134.650798183752
31	WGN63	104.578918128646	17.6515029326658	1125	72.8127612815713	142.079903054974
32	WGN63	141.635620838624	20.542148390133	1125	104.197801088883	184.808268667619
33	WGN63	131.851067064491	19.8198991926072	1125	95.8303543382023	173.606607870033
34	WGN63	132.784082109165	19.889901148869	1125	96.6260203014039	174.676971996179
35	WGN63	105.399786324352	17.7206432314693	1125	73.4979710322781	143.036429695679
36	WGN63	128.562469512187	19.5711668682088	1125	93.0297882369155	169.829978866711
37	WGN63	125.713634881099	19.3531119437635	1125	90.6087937003387	166.553304141113
38	WGN63	107.702725766963	25.3387020471992	1125	63.72366905912	163.156531731074
39	WGN63	103.611535765686	24.8527855810139	1125	60.5858835606121	158.111937227028
40	WGN63	104.461524227065	17.6415929016239	1125	72.7148116031758	141.943064930208
41	WGN63	121.719000322478	19.0431507432436	1125	87.2223262338506	161.95050249036
42	WGN63	125.801273872429	19.3598566048152	1125	90.6831991614968	166.654176662615
43	WGN63	88.4653819388681	16.2347757925432	1125	59.4789498564053	123.186642100584
44	WGN63	144.701372467798	20.7632791101517	1125	106.829677682248	188.307895332602
45	WGN63	133.206752854769	19.9215321989413	1125	96.9866285575379	175.161705231254
46	WGN63	137.737225086142	20.2574735931837	1125	100.857958610726	180.351319640811
47	WGN63	127.487743919909	19.4891920249208	1125	92.1159034272481	168.594412491823
48	WGN63	101.754310161797	17.4114934579933	1125	70.4590698812189	138.784378521629
49	WGN63	134.421422494986	20.01215510763	1125	98.0234892630701	176.554183806154
50	WGN63	153.562268136495	21.3895612303375	1125	114.461760921359	198.397603430884
51	WGN63	70.7136337233179	14.5148046159613	1125	45.1019139185837	102.060181607305
52	WGN63	106.287722424704	17.7951300922345	1125	74.2397583325941	144.070514596066
53	WGN63	136.459246956958	20.1632763292261	1125	99.7648025689899	178.888519424179
54	WGN63	78.9999999999994	15.3416885689657	1125	51.7658719442117	111.96895613504
55	WGN63	132.628676368001	19.8782585268371	1125	96.493458256723	174.498722558533
56	WGN63	136.462902005411	20.1635463631741	1125	99.7679277906106	178.892704299464
57	WGN63	125.475592862881	19.3347804529248	1125	90.4067194402108	166.279294364804
58	WGN63	73.969582091226	14.8452050045486	1125	47.709591976435	105.96440028527
59	WGN63	102.20749451511	17.4502232683965	1125	70.8362634455805	139.313553663893
60	WGN63	110.08611948342	18.1103105872578	1125	77.4197476524266	148.487319393667
61	WGN63	62.2596136072793	13.6195521622815	1125	38.4044461728611	91.8496091209506
62	WGN63	136.53124282269	20.1685946976864	1125	99.8263633974467	178.970950327187
63	WGN63	98.4022485966228	24.2199659778795	1125	56.61823585235	151.661010597163
64	WGN63	62.6769145362384	13.6651191017121	1125	38.7323413536028	92.3563157981274
65	WGN63	126.039987208184	19.3782159804095	1125	90.8858900271813	166.92891246844
66	WGN63	102.176417506044	17.4475701264803	1125	70.8103920996792	139.277270991661
67	WGN63	78.9323706252377	15.3351203983715	1125	51.7111298121249	111.888439517604
68	WGN63	142.788147682485	20.6255575250022	1125	105.186672962619	186.124450481603
69	WGN63	45.0653744329399	11.5872695189408	1125	25.1976977667837	70.6678791783493
70	WGN63	113.73402858955	18.4079246581034	1125	80.4837156596693	152.719169598684
72	WGN63	160.844570445051	21.8908597943083	1125	120.760477899141	206.663491070214
73	WGN63	116.666423711825	18.6437194660753	1125	82.9534637072015	156.114211795702
74	WGN63	82.3166632639162	15.6604232607448	1125	54.4571538689931	115.911000738093
75	WGN63	106.867759551544	17.8436201342502	1125	74.7246543649989	144.745692817343
76	WGN63	92.4831050222665	16.5993399008951	1125	62.7813708526377	127.919667271149
77	WGN63	89.499301670528	16.3293703961239	1125	60.3272678905152	124.406163529794
78	WGN63	108.409646632119	17.9718829433924	1125	76.014880206896	146.539241136595
79	WGN63	112.624860801608	18.3179449885936	1125	79.5510947229627	151.433454959507
80	WGN63	156.451662386421	21.5898541209659	1125	116.958165517535	201.679987334561
81	WGN63	111.890517979349	18.2581284873686	1125	78.9341163564818	150.581747681469
82	WGN63	104.485045706881	17.6435789583	1125	72.7344362910331	141.970483201981
83	WGN63	106.603672189406	17.8215592742161	1125	74.5038520626504	144.438320395415
84	WGN63	109.008720222861	18.0214710003469	1125	76.5166583156496	147.235610209327
85	WGN63	106.941556863549	17.8497800086408	1125	74.7863655420621	144.831576264288
86	WGN63	126.321388124885	19.3998361328399	1125	91.1248705854214	167.252733743602
87	WGN63	122.869780837151	19.1329597832225	1125	88.1968946852078	163.277495068347
88	WGN63	103.057894129461	17.5226686563408	1125	71.54451978248	140.306096555694
89	WGN63	123.047502012882	19.1467919207791	1125	88.347476170998	163.482355934018
90	WGN63	143.435137490899	29.2414426076502	1125	91.7986114803915	206.546412757675
91	WGN63	53.6167313572384	12.6389147371358	1125	31.6856480026571	81.2826427910729
92	WGN63	92.1411756223343	16.5686258682719	1125	62.4997046852545	127.517474638667
93	WGN63	112.94466316668	18.3439337862503	1125	79.8199051204187	151.804249292194
94	WGN63	135.909866735253	20.1226470674525	1125	99.2951400020976	178.259421547662
95	WGN63	129.460895527723	19.639431865757	1125	93.7942732140775	170.862345920622
96	WGN63	125.353829072479	19.3253967650849	1125	90.3033671482078	166.139119076003
97	WGN63	130.877748508188	19.746608890253	1125	95.0008368447081	172.489488250921
98	WGN63	108.181737119353	25.3949868824582	1125	64.0922453488853	163.745978146089
99	WGN63	91.563046480683	23.3631358594537	1125	51.4601986070481	143.140643610586
100	WGN63	86.7116882336242	16.0730552559522	1125	58.0425639571439	121.115640589358
101	WGN63	118.950169848494	26.6289198615712	1125	72.4396091489631	176.935479804293
102	WGN63	90.2499999999993	16.3977107792825	1125	60.9438772693981	125.290950809854
103	WGN63	84.7048575403345	15.8859713515268	1125	56.4028058972949	118.741737262627
105	WGN63	143.464712576987	20.6743642272318	1125	105.767475451628	186.8967777816
106	WGN63	125.839080196959	19.3627654387924	1125	90.715298135886	166.697690337286
107	WGN63	92.0783205186024	16.5629736701332	1125	62.4479396176316	127.443529498826
109	WGN63	107.812173343956	17.9222906985123	1125	75.5147106177457	145.844464149419
110	WGN63	114.858146344617	26.1668785666525	1125	69.2541452735313	171.93689667197
111	WGN63	78.3747990348496	15.2808614115684	1125	51.260018417951	111.224407731001
112	WGN63	147.346874933654	20.9522217340147	1125	109.104460567904	191.324117378656
114	WGN63	152.351905363794	21.3050992564221	1125	113.41711886785	197.021519938991
115	WGN63	97.4893604978822	17.0426932642733	1125	66.9177338212533	133.795815253764
116	WGN63	104.65601595214	17.6580082673666	1125	72.8770951511202	142.169764832414
117	WGN63	130.095971347493	19.6875439598283	1125	94.3349495015877	171.591821272652
118	WGN63	86.4723051408687	16.0508536535137	1125	57.8467420713172	120.832696289673
119	WGN63	166.513553110319	22.2732920091164	1125	125.679099914019	213.082834385873
121	WGN63	117.99152481501	18.7492985114472	1125	84.0714108152851	157.646466893987
122	WGN63	154.683223565745	21.4674877562201	1125	115.429818669975	199.671456540769
123	WGN63	72.4281181986751	14.689709847716	1125	46.4732212284873	104.117843248116
124	WGN63	151.241721400428	21.2273325028477	1125	112.459519099882	195.758751780227
125	WGN63	126.092705033052	27.4167516602241	1125	78.0363593343894	185.623799987983
126	WGN63	92.1411756223343	16.568625868272	1125	62.4997046852544	127.517474638667
127	WGN63	140.992907444649	20.4954873675924	1125	103.646640116136	184.074002852415
128	WGN63	111.363519212621	18.2150803009444	1125	78.4915813559134	149.970285148581
129	WGN63	111.599909255823	18.2344025218568	1125	78.6900597544125	150.244586836486
130	WGN63	126.388736129257	19.4050069363343	1125	91.1820730860335	167.330227251733
