plantID3	famID	emmean	SE	df	lower.CL	upper.CL
1	WGN07	9.91436915767628	1.41954210214946	1087	7.12901635727905	12.6997219580735
2	WGN07	9.02803980738711	1.41954210215033	1087	6.24268700698817	11.813392607786
3	WGN07	5.24932773903079	1.41954210215015	1087	2.46397493863219	8.03468053942938
4	WGN07	5.73606797750097	1.41954210215023	1087	2.95071517710222	8.52142077789971
5	WGN07	9.49731505622804	1.41954210215023	1087	6.71196225582929	12.2826678566268
6	WGN07	7.88269563175982	1.41954210215024	1087	5.09734283136106	10.6680484321586
7	WGN07	11.0640731529349	1.41954210215027	1087	8.27872035253609	13.8494259533338
8	WGN07	8.6203689550051	1.41954210215026	1087	5.83501615460628	11.4057217554039
9	WGN07	8.09314807646738	1.41954210215025	1087	5.30779527606859	10.8785008768662
10	WGN07	8.34767985741645	1.41954210215025	1087	5.56232705701767	11.1330326578152
11	WGN07	6.47890245052373	1.41954210215026	1087	3.69354965012492	9.26425525092255
12	WGN07	4.89897948556617	1.41954210215025	1087	2.11362668516738	7.68433228596496
13	WGN07	3.38391446781615	1.41954210215026	1087	0.598561667417345	6.16926726821495
14	WGN07	9.50000000000011	1.41954210215024	1087	6.71464719960135	12.2853528003989
15	WGN07	6.98173905620527	1.41954210215024	1087	4.1963862558065	9.76709185660405
16	WGN07	8.64789317550838	1.41954210215027	1087	5.86254037510955	11.4332459759072
17	WGN07	7.37298334620781	1.4195421021502	1087	4.58763054580913	10.1583361466065
18	WGN07	7.84767985741655	1.41954210215021	1087	5.06232705701785	10.6330326578153
21	WGN07	11.3331867046001	1.41954210215022	1087	8.54783390420141	14.1185395049989
22	WGN07	7.99608897182505	1.41954210215022	1087	5.21073617142633	10.7814417722238
23	WGN07	8.42531380411806	1.41954210215022	1087	5.63996100371934	11.2106666045168
24	WGN07	6.73299187443992	1.41954210215023	1087	3.94763907404118	9.51834467483866
25	WGN07	6.06217782649114	1.41954210215023	1087	3.27682502609238	8.8475306268899
26	WGN07	6.83128917346206	1.41954210215023	1087	4.04593637306331	9.61664197386081
27	WGN07	7.8166247903555	1.41954210215021	1087	5.03127198995678	10.6019775907542
28	WGN07	8.53667287275201	1.41954210215021	1087	5.75132007235331	11.3220256731507
29	WGN07	9.74557899161867	1.41954210215023	1087	6.96022619121992	12.5309317920174
30	WGN07	8.19041575982354	1.41954210215021	1087	5.40506295942484	10.9757685602223
31	WGN07	5.95092612394532	1.41954210215026	1087	3.16557332354651	8.73627892434413
32	WGN07	8.85141169481975	1.41954210215027	1087	6.06605889442093	11.6367644952186
33	WGN07	6.11645340877608	1.41954210215025	1087	3.3311006083773	8.90180620917486
34	WGN07	6.76782893563249	1.41954210215021	1087	3.98247613523379	9.5531817360312
35	WGN07	8.72902665844382	1.41954210215021	1087	5.94367385804512	11.5143794588425
36	WGN07	5.26311493152515	1.41954210215026	1087	2.47776213112633	8.04846773192397
37	WGN07	7.69197923013101	1.41954210215026	1087	4.9066264297322	10.4773320305298
38	WGN07	6.13957314843056	1.4195421021502	1087	3.35422034803187	8.92492594882924
39	WGN07	7.97374068651852	1.41954210215024	1087	5.18838788611975	10.7590934869173
40	WGN07	11.0882444950926	1.41954210215021	1087	8.30289169469388	13.8735972954913
41	WGN07	6.39883179184004	1.41954210215021	1087	3.61347899144133	9.18418459223876
42	WGN07	9.33655026956802	1.41954210215023	1087	6.55119746916927	12.1219030699668
44	WGN07	9.56524187074908	1.41954210215021	1087	6.77988907035037	12.3505946711478
46	WGN07	8.30788655293205	1.41954210215022	1087	5.52253375253333	11.0932393533308
47	WGN07	10.9766584988049	1.41954210215024	1087	8.1913056984061	13.7620112992037
48	WGN07	5.59947788037276	1.41954210215026	1087	2.81412507997396	8.38483068077156
49	WGN07	7.14108518139678	1.41954210215021	1087	4.35573238099808	9.92643798179549
50	WGN07	6.12358826663371	1.41954210215023	1087	3.33823546623497	8.90894106703245
51	WGN07	8.47522608280715	1.41954210215021	1087	5.68987328240843	11.2605788832059
52	WGN07	6.23848863559069	1.41954210215022	1087	3.45313583519196	9.02384143598943
53	WGN07	8.26402378149417	1.41954210215019	1087	5.4786709810955	11.0493765818928
54	WGN07	5.75016368604189	1.41954210215022	1087	2.96481088564317	8.53551648644062
55	WGN07	7.50741389770884	1.41954210215025	1087	4.72206109731005	10.2927666981076
56	WGN07	8.94357300223278	1.41954210215022	1087	6.15822020183404	11.7289258026315
57	WGN07	5.78500074723448	1.41954210215021	1087	2.99964794683577	8.57035354763318
58	WGN07	5.39791576165666	1.41954210215022	1087	2.61256296125792	8.18326856205539
59	WGN07	6.81568802918495	1.41954210215024	1087	4.03033522878618	9.60104082958372
60	WGN07	7.71883403860321	1.41954210215024	1087	4.93348123820444	10.504186839002
61	WGN07	8.0536856938933	1.41954210215022	1087	5.26833289349457	10.839038494292
63	WGN07	9.74404424085092	1.41954210215017	1087	6.95869144045229	12.5293970412495
64	WGN07	6.64005494464034	1.41954210215019	1087	3.85470214424166	9.42540774503901
66	WGN07	10.0623058987492	1.41954210215026	1087	7.27695309835036	12.847658699148
67	WGN07	5.51803263433365	1.41954210215024	1087	2.73267983393487	8.30338543473242
68	WGN07	9.7723766579709	1.41954210215024	1087	6.98702385757213	12.5577294583697
69	WGN07	10.2791393962496	2.00799693060575	1087	6.33915067356011	14.2191281189391
71	WGN07	7.27200187265874	1.41954210215025	1087	4.48664907225994	10.0573546730575
73	WGN07	7.53168913763865	1.41954210215028	1087	4.74633633723981	10.3170419380375
74	WGN07	6.34416406298974	1.41954210215024	1087	3.55881126259098	9.1295168633885
75	WGN07	6.75604882135698	1.41954210215024	1087	3.97069602095821	9.54140162175576
76	WGN07	8.20311036512966	1.41954210215024	1087	5.41775756473089	10.9884631655284
77	WGN07	9.62347538297981	1.41954210215026	1087	6.838122582581	12.4088281833786
78	WGN07	4.92865038106724	1.41954210215022	1087	2.14329758066852	7.71400318146596
79	WGN07	8.70757412232706	1.41954210215025	1087	5.92222132192828	11.4929269227258
80	WGN07	8.57052597171074	1.41954210215025	1087	5.78517317131195	11.3558787721095
81	WGN07	8.33618051220607	1.41954210215023	1087	5.55082771180731	11.1215333126048
82	WGN07	7.16948468697469	1.4195421021502	1087	4.384131886576	9.95483748737339
83	WGN07	7.08619583113426	2.00799693060583	1087	3.14620710844463	11.0261845538239
84	WGN07	6.60280167424238	1.41954210215023	1087	3.81744887384362	9.38815447464114
85	WGN07	6.75644161565932	1.41954210215025	1087	3.97108881526053	9.54179441605812
86	WGN07	7.91552850989884	1.41954210215027	1087	5.13017570950001	10.7008813102977
87	WGN07	9.36562790146998	1.41954210215023	1087	6.58027510107124	12.1509807018687
88	WGN07	6.18956470143678	1.41954210215023	1087	3.40421190103804	8.97491750183552
89	WGN07	9.99176429297811	2.00799693060581	1087	6.05177557028852	13.9317530156677
90	WGN07	5.71911514767843	1.41954210215024	1087	2.93376234727966	8.5044679480772
91	WGN07	7.43973041597309	1.41954210215024	1087	4.65437761557432	10.2250832163719
92	WGN07	8.67046611334974	2.0079969306059	1087	4.73047739065998	12.6104548360395
93	WGN07	7.94623648683353	1.41954210215022	1087	5.1608836864348	10.7315892872323
94	WGN07	8.33742820819149	1.41954210215025	1087	5.55207540779271	11.1227810085903
95	WGN07	6.34057287393448	1.41954210215022	1087	3.55522007353575	9.1259256743332
96	WGN07	8.26129717376119	1.41954210215022	1087	5.47594437336246	11.0466499741599
97	WGN07	10.3732124040224	2.00799693060588	1087	6.43322368133271	14.3132011267122
98	WGN07	9.72015325445541	1.41954210215022	1087	6.93480045405668	12.5055060548541
99	WGN07	6.85215869628826	1.41954210215022	1087	4.06680589588953	9.637511496687
100	WGN07	7.74569771188772	1.41954210215022	1087	4.960344911489	10.5310505122864
101	WGN07	9.21152247222317	1.41954210215023	1087	6.42616967182442	11.9968752726219
102	WGN07	8.82703652806188	1.41954210215025	1087	6.0416837276631	11.6123893284607
103	WGN07	10.7825289052859	1.41954210215025	1087	7.99717610488713	13.5678817056847
104	WGN07	5.48012276314095	1.41954210215022	1087	2.69476996274222	8.26547556353967
105	WGN07	12.271232527154	1.41954210215024	1087	9.48587972675521	15.0565853275528
106	WGN07	7.79734023979242	1.41954210215027	1087	5.01198743939359	10.5826930401912
107	WGN07	9.92154903291964	1.41954210215021	1087	7.13619623252094	12.7069018333183
108	WGN07	9.14242885511744	1.41954210215024	1087	6.35707605471867	11.9277816555162
109	WGN07	4.17684919421649	2.00799693060581	1087	0.236860471526907	8.11683791690608
110	WGN07	7.56201920231807	1.41954210215023	1087	4.77666640191932	10.3473720027168
112	WGN07	7.30116263352147	1.4195421021502	1087	4.51580983312278	10.0865154339202
113	WGN07	5.17335972704285	2.0079969306058	1087	1.23337100435328	9.11334844973242
114	WGN07	4.48600142990032	1.41954210215021	1087	1.70064862950162	7.27135423029903
115	WGN07	7.50000000000013	1.41954210215021	1087	4.71464719960142	10.2853528003988
116	WGN07	8.39214622124018	1.41954210215024	1087	5.60679342084141	11.1774990216389
117	WGN07	6.87037690371624	1.41954210215025	1087	4.08502410331746	9.65572970411502
118	WGN07	6.43397840021026	1.41954210215022	1087	3.64862559981153	9.21933120060898
119	WGN07	5.57061446333306	1.41954210215023	1087	2.78526166293431	8.35596726373182
120	WGN07	8.56320520795702	1.41954210215024	1087	5.77785240755825	11.3485580083558
121	WGN07	7.07720232586504	1.41954210215024	1087	4.29184952546627	9.86255512626382
122	WGN07	8.35638818983563	2.00799693060578	1087	4.4163994671461	12.2963769125252
123	WGN07	7.963072501637	1.41954210215024	1087	5.17771970123824	10.7484253020358
124	WGN07	8.6697337278643	1.41954210215022	1087	5.88438092746556	11.455086528263
125	WGN07	7.04213499265085	1.41954210215024	1087	4.25678219225207	9.82748779304962
126	WGN07	5.80947501931124	1.41954210215025	1087	3.02412221891246	8.59482781971002
127	WGN07	6.02590351155395	1.41954210215021	1087	3.24055071115524	8.81125631195267
128	WGN07	8.58731741426942	1.41954210215023	1087	5.80196461387066	11.3726702146682
129	WGN07	9.44718400945256	1.41954210215024	1087	6.6618312090538	12.2325368098513
130	WGN07	8.18583421305154	1.41954210215025	1087	5.40048141265275	10.9711870134503
1	WGN15	8.99645872918866	1.41954210215005	1087	6.21110592879027	11.7818115295871
2	WGN15	9.46838483782653	1.41954210215023	1087	6.68303203742778	12.2537376382253
3	WGN15	6.05523757788146	1.41954210215023	1087	3.26988477748272	8.8405903782802
4	WGN15	7.08094322313842	1.41954210215023	1087	4.29559042273968	9.86629602353717
5	WGN15	11.3433524510413	1.41954210215026	1087	8.55799965064244	14.1287052514401
7	WGN15	10.1004850427771	1.41954210215026	1087	7.31513224237825	12.8858378431759
8	WGN15	11.6904431657591	1.41954210215025	1087	8.90509036536032	14.4757959661579
9	WGN15	7.54867211748226	1.41954210215024	1087	4.76331931708349	10.334024917881
10	WGN15	9.96103480687925	1.41954210215022	1087	7.17568200648052	12.746387607278
11	WGN15	10.3738448155209	1.41954210215026	1087	7.58849201512207	13.1591976159197
12	WGN15	8.54193408570136	1.41954210215024	1087	5.75658128530259	11.3272868861001
13	WGN15	7.75284809696515	1.41954210215025	1087	4.96749529656636	10.5382008973639
14	WGN15	10.0464174932334	1.41954210215024	1087	7.26106469283465	12.8317702936322
15	WGN15	7.3634759748218	1.41954210215022	1087	4.57812317442308	10.1488287752205
16	WGN15	11.0497524691811	1.4195421021502	1087	8.26439966878242	13.8351052695798
17	WGN15	8.16430464777193	1.41954210215021	1087	5.37895184737321	10.9496574481707
18	WGN15	9.46040705628104	1.41954210215026	1087	6.67505425588223	12.2457598566798
19	WGN15	12.5591457047074	1.41954210215024	1087	9.77379290430861	15.3444985051062
20	WGN15	10.3787849582161	1.41954210215023	1087	7.59343215781732	13.1641377586148
21	WGN15	9.9150029844963	1.4195421021502	1087	7.12965018409761	12.700355784895
22	WGN15	11.0580556108311	1.41954210215022	1087	8.27270281043234	13.8434084112298
23	WGN15	10.0523184072054	1.41954210215023	1087	7.26696560680669	12.8376712076042
24	WGN15	8.12030406967644	1.41954210215024	1087	5.33495126927767	10.9056568700752
25	WGN15	6.87287722524782	1.41954210215023	1087	4.08752442484907	9.65823002564656
26	WGN15	6.58275524807061	1.41954210215024	1087	3.79740244767184	9.36810804846938
27	WGN15	9.81601007962123	1.41954210215024	1087	7.03065727922247	12.60136288002
28	WGN15	13.0501981834164	1.41954210215023	1087	10.2648453830176	15.8355509838151
29	WGN15	11.3050603078355	1.41954210215021	1087	8.51970750743684	14.0904131082342
30	WGN15	9.86500474363479	1.41954210215024	1087	7.07965194323602	12.6503575440336
31	WGN15	9.82868384232826	1.41954210215022	1087	7.04333104192952	12.614036642727
32	WGN15	12.5914372246174	1.41954210215022	1087	9.80608442421867	15.3767900250161
33	WGN15	8.35843008287521	1.41954210215024	1087	5.57307728247644	11.143782883274
34	WGN15	12.4064665967161	1.41954210215024	1087	9.62111379631731	15.1918193971148
35	WGN15	8.49631953566584	1.41954210215024	1087	5.71096673526707	11.2816723360646
36	WGN15	10.2538594702941	1.41954210215022	1087	7.46850666989533	13.0392122706928
37	WGN15	8.51464255977818	1.41954210215024	1087	5.72928975937941	11.299995360177
38	WGN15	4.06155281280892	1.41954210215023	1087	1.27620001241017	6.84690561320767
39	WGN15	10.231787904844	2.00799693060578	1087	6.29179918215444	14.1717766275335
40	WGN15	14.0533679898331	1.41954210215022	1087	11.2680151894344	16.8387207902318
41	WGN15	6.70141047095371	1.41954210215024	1087	3.91605767055494	9.48676327135248
43	WGN15	7.27719129270684	1.41954210215021	1087	4.49183849230812	10.0625440931056
44	WGN15	10.7600536125677	1.41954210215023	1087	7.97470081216898	13.5454064129665
45	WGN15	9.98434371486512	1.41954210215022	1087	7.19899091446638	12.7696965152639
46	WGN15	10.5901699437496	1.41954210215023	1087	7.80481714335087	13.3755227441484
47	WGN15	10.2538594702941	1.41954210215023	1087	7.46850666989532	13.0392122706928
48	WGN15	5.08129895912572	2.00799693060581	1087	1.14131023643612	9.02128768181533
50	WGN15	8.72570872886251	1.41954210215025	1087	5.94035592846372	11.5110615292613
51	WGN15	11.313708498985	1.41954210215025	1087	8.5283556985862	14.0990612993838
52	WGN15	7.93078610902756	1.41954210215022	1087	5.14543330862882	10.7161389094263
53	WGN15	7.17944892553917	2.00799693060583	1087	3.23946020284953	11.1194376482288
54	WGN15	13.2887494589289	1.41954210215022	1087	10.5033966585302	16.0741022593276
55	WGN15	11.28586873896	1.41954210215023	1087	8.50051593856128	14.0712215393588
56	WGN15	7.60423987815096	1.41954210215023	1087	4.8188870777522	10.3895926785497
57	WGN15	10.2608597919768	1.41954210215024	1087	7.47550699157807	13.0462125923756
58	WGN15	7.2335930292033	1.41954210215021	1087	4.44824022880458	10.018945829602
59	WGN15	9.56381293222804	1.41954210215024	1087	6.77846013182928	12.3491657326268
60	WGN15	10.5112253290741	1.41954210215021	1087	7.72587252867535	13.2965781294728
61	WGN15	12.8238529699227	1.41954210215019	1087	10.038500169524	15.6092057703214
62	WGN15	11.1672107529486	1.41954210215025	1087	8.3818579525498	13.9525635533474
63	WGN15	8.03313355771568	1.41954210215021	1087	5.24778075731697	10.8184863581144
64	WGN15	6.08686526668578	1.41954210215024	1087	3.301512466287	8.87221806708455
65	WGN15	7.81862616205231	1.41954210215024	1087	5.03327336165355	10.6039789624511
66	WGN15	10.1344066820163	1.41954210215022	1087	7.34905388161753	12.919759482415
67	WGN15	6.88748219369613	1.41954210215024	1087	4.10212939329735	9.6728349940949
68	WGN15	7.24430755791028	1.41954210215024	1087	4.45895475751151	10.0296603583091
69	WGN15	11.5718848783115	1.41954210215022	1087	8.78653207791274	14.3572376787102
70	WGN15	11.5600709047659	1.41954210215022	1087	8.77471810436716	14.3454237051646
71	WGN15	13.372962136105	1.41954210215023	1087	10.5876093357063	16.1583149365038
72	WGN15	9.75512602224169	1.41954210215022	1087	6.96977322184295	12.5404788226404
73	WGN15	8.71704306668543	1.41954210215023	1087	5.93169026628668	11.5023958670842
74	WGN15	10.005488666191	1.41954210215023	1087	7.22013586579221	12.7908414665897
75	WGN15	11.1150663157312	1.41954210215022	1087	8.32971351533247	13.9004191161299
77	WGN15	7.35979195815965	1.41954210215025	1087	4.57443915776086	10.1451447585584
78	WGN15	12.093226778569	1.41954210215024	1087	9.30787397817023	14.8785795789678
79	WGN15	8.77632979869732	1.41954210215023	1087	5.99097699829858	11.5616825990961
80	WGN15	9.18330013267054	1.41954210215023	1087	6.39794733227178	11.9686529330693
81	WGN15	8.15468289922301	1.41954210215024	1087	5.36933009882424	10.9400356996218
82	WGN15	8.58971177138685	1.41954210215023	1087	5.80435897098811	11.3750645717856
83	WGN15	9.43264077106076	1.41954210215021	1087	6.64728797066206	12.2179935714595
84	WGN15	8.60069346355053	1.41954210215024	1087	5.81534066315176	11.3860462639493
85	WGN15	11.5621778264913	1.41954210215023	1087	8.77682502609252	14.34753062689
86	WGN15	8.10504423655777	1.41954210215023	1087	5.31969143615902	10.8903970369565
87	WGN15	12.5493293638106	1.41954210215025	1087	9.76397656341184	15.3346821642094
88	WGN15	10.1937917091567	1.41954210215023	1087	7.40843890875793	12.9791445095554
89	WGN15	6.49198142496299	1.41954210215023	1087	3.70662862456424	9.27733422536174
90	WGN15	9.98746073110351	1.41954210215022	1087	7.20210793070477	12.7728135315022
91	WGN15	10.9355749988957	1.41954210215024	1087	8.15022219849694	13.7209277992945
92	WGN15	8.62397972290737	1.4195421021502	1087	5.83862692250867	11.4093325233061
93	WGN15	7.50638382789796	2.00799693060581	1087	3.56639510520837	11.4463725505875
94	WGN15	12.3262668667064	1.41954210215024	1087	9.54091406630761	15.1116196671051
95	WGN15	8.93569139920337	1.41954210215021	1087	6.15033859880466	11.7210441996021
96	WGN15	12.8490805899572	2.00799693060584	1087	8.90909186726758	16.7890693126469
97	WGN15	9.19755140816393	1.41954210215023	1087	6.41219860776518	11.9829042085627
98	WGN15	8.53098863375797	1.4195421021502	1087	5.74563583335928	11.3163414341567
99	WGN15	10.4891592031078	1.41954210215026	1087	7.70380640270904	13.2745120035067
100	WGN15	8.72066320362391	1.41954210215022	1087	5.93531040322518	11.5060160040226
101	WGN15	12.4446472242303	1.41954210215024	1087	9.65929442383155	15.2300000246291
102	WGN15	6.96410161513791	1.41954210215024	1087	4.17874881473914	9.74945441553668
103	WGN15	12.5591457047073	1.41954210215023	1087	9.77379290430856	15.344498505106
104	WGN15	7.74566217950315	1.41954210215024	1087	4.96030937910438	10.5310149799019
106	WGN15	10.0552167895723	1.41954210215023	1087	7.26986398917355	12.840569589971
107	WGN15	9.92604193542524	1.41954210215023	1087	7.14068913502649	12.711394735824
108	WGN15	6.91547594742277	1.41954210215025	1087	4.13012314702399	9.70082874782155
109	WGN15	7.61577310586407	1.41954210215023	1087	4.83042030546533	10.4011259062628
110	WGN15	9.53093915993511	1.41954210215021	1087	6.74558635953639	12.3162919603338
111	WGN15	10.4083269131962	1.41954210215022	1087	7.62297411279746	13.1936797135949
112	WGN15	7.07071421427165	1.41954210215022	1087	4.28536141387292	9.85606701467037
113	WGN15	9.69443857122952	1.41954210215023	1087	6.90908577083076	12.4797913716283
114	WGN15	11.426687793932	1.41954210215025	1087	8.64133499353327	14.2120405943308
115	WGN15	6.75138814281255	1.41954210215021	1087	3.96603534241383	9.53674094321127
116	WGN15	9.90275070042555	1.41954210215022	1087	7.11739790002681	12.6881035008243
117	WGN15	7.82596718671308	1.41954210215022	1087	5.04061438631436	10.6113199871118
118	WGN15	11.0018604713577	1.41954210215023	1087	8.21650767095894	13.7872132717565
119	WGN15	10.9804899617394	1.41954210215021	1087	8.19513716134067	13.7658427621381
120	WGN15	8.1181997245417	1.41954210215022	1087	5.33284692414297	10.9035525249404
121	WGN15	10.2459048918878	1.41954210215024	1087	7.46055209148905	13.0312576922866
122	WGN15	9.02328190868919	1.41954210215023	1087	6.23792910829045	11.8086347090879
123	WGN15	9.6347138347925	1.41954210215023	1087	6.84936103439375	12.4200666351912
124	WGN15	8.7556871603882	1.41954210215022	1087	5.97033435998947	11.5410399607869
125	WGN15	10.6422101453763	1.41954210215023	1087	7.85685734497755	13.427562945775
126	WGN15	10.9191778202512	1.41954210215023	1087	8.13382501985249	13.70453062065
127	WGN15	7.65526459977116	1.41954210215023	1087	4.86991179937241	10.4406174001699
128	WGN15	10.9862393834657	1.41954210215023	1087	8.20088658306695	13.7715921838645
129	WGN15	7.11130528199004	1.41954210215023	1087	4.3259524815913	9.89665808238879
130	WGN15	10.3738448155209	1.41954210215024	1087	7.58849201512209	13.1591976159196
1	WGN26	5.82822901894767	1.41954210215026	1087	3.04287621854886	8.61358181934649
3	WGN26	6.42782730020043	1.41954210215023	1087	3.64247449980168	9.21318010059917
4	WGN26	8.23606797749977	1.41954210215021	1087	5.45071517710105	11.0214207778985
5	WGN26	6.86415638597304	1.41954210215021	1087	4.07880358557434	9.64950918637174
6	WGN26	4.05317199613774	1.41954210215024	1087	1.26781919573898	6.8385247965365
7	WGN26	4.22777952058157	1.41954210215022	1087	1.44242672018283	7.01313232098031
8	WGN26	5.46770687911093	1.41954210215022	1087	2.68235407871219	8.25305967950966
9	WGN26	6.05412882605729	1.41954210215024	1087	3.26877602565853	8.83948162645606
10	WGN26	9.40440107545221	1.41954210215021	1087	6.61904827505349	12.1897538758509
11	WGN26	5.01959270435859	1.41954210215023	1087	2.23423990395985	7.80494550475733
12	WGN26	4.82059005534603	1.41954210215021	1087	2.03523725494733	7.60594285574473
13	WGN26	10.3319602162636	1.41954210215025	1087	7.54660741586482	13.1173130166624
14	WGN26	7.70507469415495	1.41954210215021	1087	4.91972189375625	10.4904274945536
15	WGN26	9.3462017805166	1.41954210215023	1087	6.56084898011786	12.1315545809153
17	WGN26	8.37360233511076	1.41954210215024	1087	5.58824953471199	11.1589551355095
18	WGN26	5.83451710003799	1.4195421021502	1087	3.04916429963931	8.61986990043667
19	WGN26	7.41497216227554	1.41954210215021	1087	4.62961936187683	10.2003249626743
20	WGN26	6.02068947232782	2.00799693060581	1087	2.08070074963822	9.96067819501743
21	WGN26	9.43044696720853	1.41954210215024	1087	6.64509416680976	12.2157997676073
22	WGN26	6.03797494662179	1.41954210215024	1087	3.25262214622302	8.82332774702056
23	WGN26	5.98502364871586	1.41954210215023	1087	3.19967084831711	8.77037644911461
24	WGN26	8.57381318475369	1.41954210215022	1087	5.78846038435495	11.3591659851524
25	WGN26	7.8501425778503	1.41954210215022	1087	5.06478977745157	10.635495378249
26	WGN26	3.73830672705338	1.41954210215023	1087	0.952953926654623	6.52365952745213
27	WGN26	10.1478150704935	1.41954210215024	1087	7.36246227009473	12.9331678708923
28	WGN26	8.73569862122112	1.41954210215024	1087	5.95034582082235	11.5210514216199
29	WGN26	8.00704055017878	1.41954210215023	1087	5.22168774978003	10.7923933505775
30	WGN26	4.05027816515721	1.41954210215024	1087	1.26492536475844	6.83563096555597
31	WGN26	10.5329798776279	1.41954210215022	1087	7.74762707722917	13.3183326780266
32	WGN26	6.83756258053387	2.00799693060577	1087	2.89757385784435	10.7775513032234
33	WGN26	8.24111978120265	2.00799693060584	1087	4.30113105851299	12.1811085038923
34	WGN26	7.83669653945395	1.41954210215022	1087	5.05134373905522	10.6220493398527
35	WGN26	6.96495770920515	1.41954210215021	1087	4.17960490880643	9.75031050960387
36	WGN26	6.83059824274697	1.41954210215022	1087	4.04524544234823	9.6159510431457
38	WGN26	8.11257474659303	1.41954210215023	1087	5.32722194619427	10.8979275469918
39	WGN26	8.47789963548187	1.41954210215023	1087	5.69254683508312	11.2632524358806
40	WGN26	8.74037034920384	1.41954210215022	1087	5.95501754880512	11.5257231496026
41	WGN26	7.35410196624963	1.41954210215023	1087	4.56874916585088	10.1394547666484
42	WGN26	8.28388104073052	1.41954210215024	1087	5.49852824033175	11.0692338411293
43	WGN26	8.81551005946737	1.41954210215024	1087	6.03015725906861	11.6008628598661
44	WGN26	9.88516480713449	1.41954210215024	1087	7.09981200673573	12.6705176075333
45	WGN26	4.84543499422378	1.41954210215022	1087	2.06008219382505	7.63078779462251
46	WGN26	6.12031755171812	1.41954210215022	1087	3.33496475131939	8.90567035211684
47	WGN26	6.17687485039892	2.00799693060579	1087	2.23688612770937	10.1168635730885
48	WGN26	10.9809441000402	2.00799693060582	1087	7.04095537735056	14.9209328227298
49	WGN26	8.26637225866115	1.41954210215022	1087	5.48101945826242	11.0517250590599
50	WGN26	8.87371589249372	1.41954210215022	1087	6.08836309209499	11.6590686928924
51	WGN26	7.93297707708286	1.41954210215023	1087	5.14762427668411	10.7183298774816
52	WGN26	6.01361137193409	1.41954210215022	1087	3.22825857153536	8.79896417233282
53	WGN26	11.2135632031915	1.41954210215023	1087	8.42821040279279	13.9989160035903
54	WGN26	8.09151682674488	1.41954210215023	1087	5.30616402634613	10.8768696271436
55	WGN26	8.55120266155258	1.41954210215022	1087	5.76584986115385	11.3365554619513
56	WGN26	9.15473046685325	1.41954210215021	1087	6.36937766645454	11.940083267252
57	WGN26	10.8385391260156	1.41954210215023	1087	8.05318632561688	13.6238919264144
58	WGN26	7.58113923165949	1.41954210215023	1087	4.79578643126074	10.3664920320582
59	WGN26	4.66276479154953	2.0079969306058	1087	0.722776068859956	8.60275351423911
60	WGN26	9.14042574641695	1.41954210215023	1087	6.3550729460182	11.9257785468157
61	WGN26	6.97624404127157	2.00799693060582	1087	3.03625531858196	10.9162327639612
62	WGN26	8.38347143489278	1.41954210215023	1087	5.59811863449404	11.1688242352915
64	WGN26	4.87082869338692	1.41954210215022	1087	2.0854758929882	7.65618149378564
65	WGN26	4.42697147362642	2.00799693060584	1087	0.486982750936758	8.36696019631608
66	WGN26	6.95295387632575	1.41954210215021	1087	4.16760107592703	9.73830667672447
67	WGN26	11.7687374745363	1.41954210215023	1087	8.98338467413758	14.5540902749351
68	WGN26	10.583848742535	1.41954210215023	1087	7.79849594213629	13.3692015429338
69	WGN26	8.68080146267956	1.41954210215021	1087	5.89544866228085	11.4661542630783
70	WGN26	6.92191292019613	1.41954210215022	1087	4.13656011979739	9.70726572059487
71	WGN26	4.51593298898381	1.41954210215024	1087	1.73058018858505	7.30128578938257
72	WGN26	6.85955599889539	1.41954210215022	1087	4.07420319849667	9.64490879929411
73	WGN26	11.2158252756665	1.41954210215022	1087	8.43047247526779	14.0011780760652
74	WGN26	5.41378684667696	1.41954210215025	1087	2.62843404627818	8.19913964707574
75	WGN26	7.83693641995334	1.41954210215024	1087	5.05158361955457	10.6222892203521
76	WGN26	10.3262799647257	2.0079969306058	1087	6.38629124203615	14.2662686874153
77	WGN26	6.46848206938639	1.41954210215022	1087	3.68312926898766	9.25383486978513
78	WGN26	5.79963833006967	1.41954210215022	1087	3.01428552967094	8.58499113046841
79	WGN26	9.20866426167573	1.41954210215024	1087	6.42331146127696	11.9940170620745
80	WGN26	5.14207214635044	1.41954210215024	1087	2.35671934595168	7.9274249467492
81	WGN26	10.3635958861427	1.41954210215024	1087	7.5782430857439	13.1489486865414
82	WGN26	6.5317095675821	1.41954210215023	1087	3.74635676718335	9.31706236798084
83	WGN26	8.17069989285642	1.41954210215022	1087	5.38534709245768	10.9560526932552
85	WGN26	7.54867211748209	1.41954210215022	1087	4.76331931708337	10.3340249178808
86	WGN26	9.07696567163793	2.00799693060577	1087	5.1369769489484	13.0169543943275
87	WGN26	11.4723703908303	1.41954210215024	1087	8.6870175904315	14.257723191229
88	WGN26	10.9310074217895	1.41954210215023	1087	8.14565462139079	13.7163602221883
89	WGN26	4.63649572738958	1.41954210215023	1087	1.85114292699083	7.42184852778833
90	WGN26	8.93959238752704	1.41954210215023	1087	6.15423958712829	11.7249451879258
91	WGN26	9.43717104351894	1.41954210215025	1087	6.65181824312015	12.2225238439177
92	WGN26	7.73362964972077	1.41954210215022	1087	4.94827684932203	10.5189824501195
93	WGN26	12.6004820857721	1.41954210215022	1087	9.81512928537341	15.3858348861709
94	WGN26	7.75006393510325	1.41954210215024	1087	4.96471113470448	10.535416735502
95	WGN26	9.7434164902525	1.41954210215023	1087	6.95806368985374	12.5287692906513
96	WGN26	3.43779153876499	2.00799693060582	1087	-0.502197183924618	7.37778026145459
97	WGN26	12.7453687816159	1.41954210215023	1087	9.96001598121719	15.5307215820147
98	WGN26	7.50272475223768	1.41954210215023	1087	4.71737195183892	10.2880775526364
99	WGN26	7.44794149757216	1.41954210215023	1087	4.66258869717341	10.2332942979709
100	WGN26	5.54976579668102	1.41954210215022	1087	2.76441299628229	8.33511859707975
101	WGN26	8.60914562797907	1.41954210215022	1087	5.82379282758033	11.3944984283778
102	WGN26	4.89432846773725	1.41954210215022	1087	2.10897566733852	7.67968126813598
103	WGN26	9.70948954671723	1.41954210215023	1087	6.92413674631849	12.494842347116
104	WGN26	5.09049816522354	1.41954210215023	1087	2.30514536482479	7.87585096562228
105	WGN26	11.2898308997427	1.41954210215024	1087	8.50447809934396	14.0751837001415
106	WGN26	8.61048971092691	2.00799693060585	1087	4.67050098823724	12.5504784336166
108	WGN26	11.6543948950925	2.00799693060582	1087	7.71440617240291	15.5943836177821
109	WGN26	6.58038056681679	1.41954210215023	1087	3.79502776641804	9.36573336721553
111	WGN26	8.80656773113535	2.0079969306058	1087	4.86657900844577	12.7465564538249
112	WGN26	9.69613415199097	2.00799693060576	1087	5.75614542930146	13.6361228746805
113	WGN26	7.84370773336439	1.41954210215023	1087	5.05835493296563	10.6290605337631
114	WGN26	5.3541019662496	1.41954210215022	1087	2.56874916585087	8.13945476664833
115	WGN26	9.69673303711026	1.41954210215023	1087	6.91138023671152	12.482085837509
116	WGN26	5.59536847013799	2.00799693060581	1087	1.65537974744839	9.53535719282759
117	WGN26	8.84786959332643	2.00799693060586	1087	4.90788087063674	12.7878583160161
118	WGN26	9.77871876451492	1.41954210215023	1087	6.99336596411617	12.5640715649137
119	WGN26	8.59267638593616	1.41954210215024	1087	5.80732358553739	11.3780291863349
120	WGN26	5.33760208303282	1.41954210215022	1087	2.55224928263409	8.12295488343156
121	WGN26	9.4631532899568	1.41954210215023	1087	6.67780048955806	12.2485060903555
122	WGN26	5.95685721257168	1.41954210215022	1087	3.17150441217294	8.74221001297041
123	WGN26	10.2951719362994	1.41954210215023	1087	7.50981913590061	13.0805247366981
125	WGN26	11.2235576340893	1.41954210215024	1087	8.43820483369051	14.0089104344881
126	WGN26	8.67046611334959	2.00799693060582	1087	4.73047739065998	12.6104548360392
127	WGN26	8.36318183583924	1.41954210215023	1087	5.57782903544049	11.148534636238
128	WGN26	11.4842057355077	2.0079969306058	1087	7.54421701281818	15.4241944581973
129	WGN26	6.46410161513765	1.41954210215024	1087	3.67874881473887	9.24945441553643
130	WGN26	5.00896613028468	1.41954210215022	1087	2.22361332988594	7.79431893068342
1	WGN36	7.91963895387371	2.00799693060576	1087	3.97965023118421	11.8596276765632
2	WGN36	7.32234466255456	1.41954210215023	1087	4.53699186215581	10.1076974629533
4	WGN36	11.0457350999568	1.41954210215024	1087	8.26038229955801	13.8310879003555
5	WGN36	9.16498901821875	1.41954210215025	1087	6.37963621781997	11.9503418186175
6	WGN36	9.52769256906883	1.41954210215023	1087	6.74233976867008	12.3130453694676
7	WGN36	8.80966695196468	1.41954210215024	1087	6.02431415156592	11.5950197523634
8	WGN36	11.8245553203369	1.41954210215023	1087	9.03920251993815	14.6099081207357
9	WGN36	8.58432856930684	2.0079969306058	1087	4.64433984661726	12.5243172919964
10	WGN36	8.73588762641493	1.41954210215024	1087	5.95053482601617	11.5212404268137
11	WGN36	9.49409312312403	2.00799693060582	1087	5.55410440043442	13.4340818458136
12	WGN36	10.9760912760261	1.41954210215023	1087	8.1907384756274	13.7614440764249
13	WGN36	7.38171233141432	1.41954210215023	1087	4.59635953101558	10.1670651318131
14	WGN36	10.0990195135929	1.41954210215021	1087	7.31366671319419	12.8843723139916
15	WGN36	10.0402145847799	2.00799693060579	1087	6.10022586209039	13.9802033074695
16	WGN36	10.2895504953995	1.41954210215024	1087	7.50419769500072	13.0749032957983
17	WGN36	12.4234189632311	1.41954210215021	1087	9.63806616283239	15.2087717636298
18	WGN36	11.6543948950927	2.00799693060583	1087	7.71440617240309	15.5943836177823
19	WGN36	7.29981517039899	1.41954210215024	1087	4.51446237000022	10.0851679707978
20	WGN36	8.90633021366378	1.41954210215019	1087	6.1209774132651	11.6916830140625
21	WGN36	8.37298334620754	1.41954210215023	1087	5.58763054580879	11.1583361466063
22	WGN36	11.3692265807855	1.41954210215026	1087	8.58387378038666	14.1545793811843
23	WGN36	9.77158473173659	1.41954210215023	1087	6.98623193133784	12.5569375321353
24	WGN36	7.9041122203568	1.41954210215025	1087	5.11875941995801	10.6894650207556
26	WGN36	10.6433660693203	1.41954210215025	1087	7.8580132689215	13.4287188697191
27	WGN36	6.7077705133827	1.41954210215023	1087	3.92241771298396	9.49312331378144
28	WGN36	7.93078610902752	1.41954210215023	1087	5.14543330862876	10.7161389094263
30	WGN36	10.3294766461893	1.41954210215023	1087	7.54412384579058	13.1148294465881
31	WGN36	9.06641983976468	1.41954210215022	1087	6.28106703936594	11.8517726401634
32	WGN36	10.1364406609018	2.00799693060583	1087	6.19645193821221	14.0764293835915
33	WGN36	3.83776186694817	1.41954210215023	1087	1.05240906654943	6.62311466734691
34	WGN36	5.1958590017398	1.41954210215024	1087	2.41050620134103	7.98121180213856
35	WGN36	10.1230055544582	1.41954210215023	1087	7.33765275405945	12.908358354857
36	WGN36	8.52384375616916	1.41954210215022	1087	5.73849095577043	11.3091965565679
37	WGN36	5.30386584800896	2.00799693060583	1087	1.36387712531933	9.24385457069858
38	WGN36	7.37493365987449	2.0079969306058	1087	3.43494493718491	11.3149223825641
39	WGN36	12.0646398263111	1.41954210215023	1087	9.27928702591232	14.8499926267098
40	WGN36	9.58469971091174	1.41954210215024	1087	6.79934691051298	12.3700525113105
41	WGN36	6.81379619482043	1.41954210215022	1087	4.02844339442171	9.59914899521916
42	WGN36	8.09743618473243	1.41954210215026	1087	5.31208338433362	10.8827889851312
43	WGN36	12.6686744516806	1.41954210215022	1087	9.88332165128186	15.4540272520793
44	WGN36	7.8383713664644	1.41954210215025	1087	5.05301856606562	10.6237241668632
45	WGN36	7.74037034920405	1.41954210215025	1087	4.95501754880526	10.5257231496028
46	WGN36	10.6584945974391	1.41954210215022	1087	7.87314179704038	13.4438473978378
47	WGN36	11.0881199994941	1.41954210215024	1087	8.30276719909533	13.8734727998929
48	WGN36	8.96194174756651	1.41954210215025	1087	6.17658894716772	11.7472945479653
49	WGN36	7.50087274744342	1.41954210215023	1087	4.71551994704467	10.2862255478422
51	WGN36	9.65040156566995	1.41954210215021	1087	6.86504876527123	12.4357543660687
52	WGN36	6.23848863559076	1.41954210215024	1087	3.45313583519199	9.02384143598952
53	WGN36	8.11582669178548	1.41954210215024	1087	5.33047389138671	10.9011794921842
54	WGN36	7.66478269644047	1.41954210215022	1087	4.87942989604173	10.4501354968392
55	WGN36	8.89792115676799	1.41954210215023	1087	6.11256835636924	11.6832739571667
56	WGN36	11.1097722286466	1.41954210215023	1087	8.3244194282478	13.8951250290453
57	WGN36	5.01995015891491	1.41954210215023	1087	2.23459735851616	7.80530295931366
58	WGN36	11.6278836651366	1.41954210215023	1087	8.84253086473784	14.4132364655353
59	WGN36	8.30465988943736	1.4195421021502	1087	5.51930708903867	11.090012689836
60	WGN36	7.83120486916561	1.41954210215024	1087	5.04585206876685	10.6165576695644
62	WGN36	9.67152476877973	1.41954210215023	1087	6.88617196838098	12.4568775691785
64	WGN36	7.65863953155051	1.41954210215023	1087	4.87328673115176	10.4439923319493
65	WGN36	9.43268797836005	1.41954210215023	1087	6.64733517796129	12.2180407787588
66	WGN36	6.98201712765968	1.41954210215022	1087	4.19666432726096	9.76736992805841
68	WGN36	8.52789501831908	2.00799693060584	1087	4.58790629562943	12.4678837410087
69	WGN36	6.5517887523923	2.00799693060582	1087	2.61180002970269	10.4917774750819
70	WGN36	4.2360679774999	1.41954210215023	1087	1.45071517710115	7.02142077789865
71	WGN36	7.47429794123856	1.41954210215023	1087	4.68894514083982	10.2596507416373
72	WGN36	9.37102138625169	1.41954210215023	1087	6.58566858585294	12.1563741866504
74	WGN36	8.77917452150519	1.41954210215023	1087	5.99382172110645	11.5645273219039
75	WGN36	9.2355261661607	2.00799693060581	1087	5.29553744347111	13.1755148888503
76	WGN36	9.59889323697938	1.41954210215022	1087	6.81354043658065	12.3842460373781
77	WGN36	8.1647992501021	1.41954210215023	1087	5.37944644970335	10.9501520505009
78	WGN36	6.35800605550463	1.41954210215023	1087	3.57265325510589	9.14335885590338
79	WGN36	7.91588043316401	1.41954210215022	1087	5.13052763276527	10.7012332335627
80	WGN36	7.91963895387291	2.00799693060581	1087	3.97965023118332	11.8596276765625
81	WGN36	6.93719487780386	1.41954210215023	1087	4.15184207740511	9.72254767820261
82	WGN36	8.32254184149241	1.41954210215022	1087	5.53718904109367	11.1078946418911
83	WGN36	9.68656171692903	1.41954210215023	1087	6.90120891653027	12.4719145173278
84	WGN36	5.19615242270673	1.41954210215023	1087	2.41079962230798	7.98150522310549
85	WGN36	7.44420280583583	1.41954210215023	1087	4.65885000543707	10.2295556062346
86	WGN36	8.78282373846518	1.41954210215023	1087	5.99747093806643	11.5681765388639
87	WGN36	6.89741621683469	1.41954210215023	1087	4.11206341643594	9.68276901723344
88	WGN36	8.52992462404442	1.41954210215022	1087	5.74457182364569	11.3152774244431
89	WGN36	9.57905219799608	1.41954210215023	1087	6.79369939759734	12.3644049983948
90	WGN36	7.30116263352143	1.41954210215024	1087	4.51580983312267	10.0865154339202
92	WGN36	9.31896329044067	1.41954210215023	1087	6.53361049004191	12.1043160908394
93	WGN36	2.52456127673744	2.00799693060582	1087	-1.41542744595217	6.46454999942705
94	WGN36	5.96862997592791	1.41954210215023	1087	3.18327717552917	8.75398277632665
95	WGN36	6.62249899919932	1.41954210215024	1087	3.83714619880056	9.40785179959808
96	WGN36	11.7378536606414	1.41954210215022	1087	8.95250086024264	14.5232064610401
97	WGN36	10.0179778032032	1.41954210215023	1087	7.23262500280449	12.803330603602
98	WGN36	8.78013577432321	1.41954210215023	1087	5.99478297392447	11.565488574722
99	WGN36	6.07419282834175	1.41954210215023	1087	3.28884002794301	8.8595456287405
100	WGN36	6.70714204083916	1.41954210215023	1087	3.92178924044041	9.4924948412379
102	WGN36	6.78460654641688	2.00799693060579	1087	2.84461782372732	10.7245952691064
104	WGN36	9.41242000425667	1.41954210215023	1087	6.62706720385792	12.1977728046554
105	WGN36	13.0752223122509	2.0079969306058	1087	9.1352335895613	17.0152110349405
106	WGN36	8.48441459005484	1.41954210215024	1087	5.69906178965608	11.2697673904536
107	WGN36	6.26344631483177	1.41954210215023	1087	3.47809351443302	9.04879911523051
108	WGN36	6.71285419720343	1.41954210215023	1087	3.92750139680467	9.49820699760218
109	WGN36	11.6262256881641	1.41954210215023	1087	8.84087288776537	14.4115784885629
110	WGN36	5.86297773033372	1.41954210215023	1087	3.07762492993497	8.64833053073247
112	WGN36	9.88209586073167	1.41954210215022	1087	7.09674306033294	12.6674486611304
114	WGN36	5.1365285491823	1.41954210215023	1087	2.35117574878355	7.92188134958105
116	WGN36	4.17684919421641	2.00799693060581	1087	0.236860471526823	8.116837916906
117	WGN36	8.96194174756647	1.41954210215023	1087	6.17658894716772	11.7472945479652
118	WGN36	7.77864718525882	1.41954210215023	1087	4.99329438486007	10.5639999856576
119	WGN36	6.90723670291919	2.00799693060583	1087	2.96724798022957	10.8472254256088
120	WGN36	8.21560427592187	1.41954210215022	1087	5.43025147552314	11.0009570763206
121	WGN36	5.08613969537835	1.41954210215023	1087	2.3007868949796	7.8714924957771
122	WGN36	7.84370773336451	1.41954210215023	1087	5.05835493296576	10.6290605337633
123	WGN36	11.8252654007285	1.41954210215023	1087	9.03991260032974	14.6106182011272
124	WGN36	5.23060293793264	1.41954210215023	1087	2.44525013753389	8.01595573833139
125	WGN36	10.7667247494445	1.41954210215023	1087	7.98137194904575	13.5520775498432
126	WGN36	10.589071284831	1.41954210215023	1087	7.80371848443231	13.3744240852298
127	WGN36	8.0562834788779	1.41954210215023	1087	5.27093067847916	10.8416362792766
128	WGN36	10.5329798776281	1.41954210215023	1087	7.74762707722937	13.3183326780269
129	WGN36	6.6143782776616	1.41954210215023	1087	3.82902547726285	9.39973107806034
130	WGN36	9.36966800016505	1.41954210215023	1087	6.58431519976631	12.1550208005638
1	WGN38	11.7971445185876	1.41954210215004	1087	9.01179171818919	14.582497318986
2	WGN38	10.4562457571908	1.41954210215022	1087	7.67089295679206	13.2415985575895
3	WGN38	12.1861301487877	2.00799693060576	1087	8.24614142609815	16.1261188714771
4	WGN38	6.7830386519224	1.41954210215027	1087	3.99768585152357	9.56839145232122
5	WGN38	8.8739367312277	1.41954210215025	1087	6.0885839308289	11.6592895316265
6	WGN38	7.23269099286513	1.41954210215024	1087	4.44733819246636	10.0180437932639
7	WGN38	12.509213758763	1.41954210215026	1087	9.72386095836422	15.2945665591619
8	WGN38	7.65625078236727	1.41954210215025	1087	4.87089798196849	10.4416035827661
10	WGN38	9.66837387882205	1.41954210215023	1087	6.88302107842329	12.4537266792208
11	WGN38	8.77900976834601	1.41954210215021	1087	5.9936569679473	11.5643625687447
12	WGN38	9.73490826393201	1.41954210215022	1087	6.94955546353327	12.5202610643307
13	WGN38	4.37298334620697	1.41954210215024	1087	1.5876305458082	7.15833614660573
14	WGN38	9.67204021639385	1.41954210215025	1087	6.88668741599506	12.4573930167927
16	WGN38	7.7500639351028	1.41954210215024	1087	4.96471113470402	10.5354167355016
18	WGN38	8.77196283177346	1.41954210215022	1087	5.98661003137473	11.5573156321722
19	WGN38	7.88849149079699	1.41954210215024	1087	5.10313869039823	10.6738442911958
20	WGN38	10.7905073850196	1.41954210215024	1087	8.00515458462088	13.5758601854184
21	WGN38	7.47722557505138	1.41954210215021	1087	4.69187277465266	10.2625783754501
22	WGN38	9.68245836551803	1.41954210215023	1087	6.89710556511927	12.4678111659168
23	WGN38	9.61248608016052	1.41954210215023	1087	6.82713327976176	12.3978388805593
24	WGN38	5.5953684701376	2.00799693060582	1087	1.65537974744798	9.53535719282722
26	WGN38	10.5586923804705	1.41954210215024	1087	7.77333958007175	13.3440451808693
27	WGN38	7.17344395678999	1.41954210215023	1087	4.38809115639124	9.95879675718874
28	WGN38	11.1579343065791	1.41954210215024	1087	8.37258150618032	13.9432871069778
29	WGN38	10.575413762866	1.41954210215024	1087	7.79006096246727	13.3607665632648
30	WGN38	9.39116499156214	1.41954210215024	1087	6.60581219116337	12.1765177919609
32	WGN38	8.18170185318459	1.41954210215024	1087	5.39634905278583	10.9670546535834
33	WGN38	11.935847888726	1.41954210215022	1087	9.15049508832732	14.7212006891248
34	WGN38	9.58470217705875	1.41954210215022	1087	6.79934937666002	12.3700549774575
35	WGN38	10.4371710435185	1.41954210215025	1087	7.65181824311975	13.2225238439173
36	WGN38	7.00465025460481	1.41954210215025	1087	4.21929745420602	9.7900030550036
37	WGN38	10.7376659197006	1.41954210215021	1087	7.95231311930187	13.5230187200993
38	WGN38	10.8318738335755	1.41954210215023	1087	8.04652103317673	13.6172266339742
39	WGN38	9.7958315233124	1.41954210215022	1087	7.01047872291366	12.5811843237111
40	WGN38	10.5678215656153	1.41954210215023	1087	7.78246876521659	13.3531743660141
41	WGN38	10.78098910243	1.41954210215023	1087	7.99563630203121	13.5663419028287
42	WGN38	6.11265167247261	1.41954210215023	1087	3.32729887207387	8.89800447287136
45	WGN38	9.10555127546365	1.41954210215023	1087	6.32019847506491	11.8909040758624
46	WGN38	8.73832297368118	1.41954210215023	1087	5.95297017328243	11.5236757740799
47	WGN38	9.90352620059931	1.41954210215022	1087	7.11817340020058	12.688879000998
48	WGN38	7.94036075071509	1.41954210215023	1087	5.15500795031633	10.7257135511138
49	WGN38	9.83310969223124	1.41954210215021	1087	7.04775689183253	12.61846249263
50	WGN38	10.0224548685458	1.41954210215023	1087	7.23710206814701	12.8078076689445
51	WGN38	7.25770523551511	1.41954210215023	1087	4.47235243511636	10.0430580359139
52	WGN38	9.75781946040962	1.41954210215023	1087	6.97246666001087	12.5431722608084
53	WGN38	9.13779248452759	1.41954210215023	1087	6.35243968412884	11.9231452849263
54	WGN38	4.6794494717697	1.41954210215025	1087	1.89409667137091	7.46480227216849
55	WGN38	7.63338808518449	2.00799693060582	1087	3.69339936249487	11.5733768078741
56	WGN38	11.2511875254089	1.41954210215023	1087	8.4658347250102	14.0365403258077
59	WGN38	10.0349191123814	1.41954210215022	1087	7.24956631198271	12.8202719127802
61	WGN38	9.45597286735991	1.41954210215024	1087	6.67062006696114	12.2413256677587
63	WGN38	8.76587582762583	1.41954210215023	1087	5.98052302722708	11.5512286280246
64	WGN38	7.13405765108494	1.41954210215024	1087	4.34870485068618	9.9194104514837
65	WGN38	8.42790425264445	2.00799693060582	1087	4.48791552995484	12.3678929753341
66	WGN38	8.6738967032014	1.41954210215022	1087	5.88854390280267	11.4592495036001
67	WGN38	6.51908961135461	1.41954210215022	1087	3.73373681095588	9.30444241175334
68	WGN38	10.8592274884918	1.41954210215024	1087	8.073874688093	13.6445802888905
69	WGN38	5.93649167310336	1.41954210215023	1087	3.1511388727046	8.72184447350212
70	WGN38	9.60327780786653	1.41954210215022	1087	6.81792500746781	12.3886306082652
72	WGN38	10.0658696213469	1.41954210215023	1087	7.28051682094811	12.8512224217456
73	WGN38	9.92391729612637	1.41954210215024	1087	7.1385644957276	12.7092700965251
74	WGN38	7.24560462481648	1.41954210215023	1087	4.46025182441774	10.0309574252152
76	WGN38	9.44404208905279	1.41954210215021	1087	6.65868928865407	12.2293948894515
77	WGN38	12.1488412349476	1.41954210215023	1087	9.36348843454883	14.9341940353463
78	WGN38	9.37695387979254	1.41954210215022	1087	6.5916010793938	12.1623066801913
80	WGN38	7.96387419489577	1.41954210215023	1087	5.17852139449703	10.7492269952945
81	WGN38	7.77810818416038	1.41954210215023	1087	4.99275538376164	10.5634609845591
82	WGN38	7.75881936694774	1.41954210215023	1087	4.97346656654899	10.5441721673465
83	WGN38	5.64062530455519	1.41954210215022	1087	2.85527250415645	8.42597810495393
84	WGN38	11.2471997399374	1.41954210215023	1087	8.46184693953861	14.0325525403361
85	WGN38	6.47846413511606	2.0079969306058	1087	2.53847541242649	10.4184528578056
86	WGN38	10.6527772753414	1.41954210215023	1087	7.86742447494266	13.4381300757401
87	WGN38	8.24705317263457	1.41954210215023	1087	5.46170037223582	11.0324059730333
88	WGN38	9.19029485259038	1.41954210215023	1087	6.40494205219163	11.9756476529891
89	WGN38	9.71529182605633	1.41954210215023	1087	6.92993902565759	12.5006446264551
90	WGN38	10.3864510976738	1.41954210215023	1087	7.6010982972751	13.1718038980726
91	WGN38	11.1480141453264	1.41954210215023	1087	8.36266134492764	13.9333669457252
92	WGN38	9.49731505622755	1.41954210215023	1087	6.71196225582879	12.2826678566263
93	WGN38	5.7890807532186	1.41954210215023	1087	3.00372795281985	8.57443355361734
94	WGN38	9.79583152331234	1.41954210215024	1087	7.01047872291358	12.5811843237111
95	WGN38	5.96862997592741	1.41954210215023	1087	3.18327717552865	8.75398277632616
96	WGN38	9.08190818364567	1.41954210215023	1087	6.29655538324693	11.8672609840444
97	WGN38	8.22151851279162	1.41954210215023	1087	5.43616571239287	11.0068713131904
98	WGN38	10.8719813392931	1.41954210215024	1087	8.08662853889432	13.6573341396919
99	WGN38	9.08090645640528	1.41954210215023	1087	6.29555365600653	11.866259256804
100	WGN38	9.51389521980122	1.41954210215023	1087	6.72854241940248	12.2992480202
101	WGN38	10.7928951833332	1.41954210215022	1087	8.00754238293442	13.5782479837319
102	WGN38	9.51604611350916	1.41954210215023	1087	6.73069331311041	12.3013989139079
103	WGN38	11.0098426509755	2.00799693060581	1087	7.06985392828591	14.9498313736651
104	WGN38	11.3279444765715	1.41954210215023	1087	8.54259167617275	14.1132972769702
106	WGN38	12.368722355356	1.41954210215023	1087	9.58336955495722	15.1540751557547
107	WGN38	9.09382725315487	1.41954210215023	1087	6.30847445275612	11.8791800535536
108	WGN38	10.767826876426	1.41954210215024	1087	7.98247407602722	13.5531796768247
109	WGN38	10.2154897579497	1.41954210215023	1087	7.43013695755096	13.0008425583485
110	WGN38	10.8118086036804	1.41954210215023	1087	8.02645580328166	13.5971614040792
111	WGN38	10.6947207249875	1.41954210215023	1087	7.90936792458879	13.4800735253863
113	WGN38	9.15331193145866	1.41954210215023	1087	6.3679591310599	11.9386647318574
114	WGN38	9.66673803433377	1.41954210215023	1087	6.88138523393502	12.4520908347325
115	WGN38	12.2670146494861	1.41954210215023	1087	9.48166184908738	15.0523674498849
1	WGN39	8.16696625076206	1.41954210215024	1087	5.3816134503633	10.9523190511608
2	WGN39	7.24734622874803	1.41954210215025	1087	4.46199342834924	10.0326990291468
3	WGN39	8.52191447159117	1.4195421021502	1087	5.73656167119249	11.3072672719899
4	WGN39	11.5556128837962	1.41954210215021	1087	8.77026008339748	14.3409656841949
5	WGN39	7.615773105864	1.41954210215024	1087	4.83042030546523	10.4011259062628
6	WGN39	8.97513731195559	1.41954210215022	1087	6.18978451155687	11.7604901123543
7	WGN39	8.93569139920325	1.41954210215023	1087	6.1503385988045	11.721044199602
8	WGN39	10.0112433666789	1.41954210215018	1087	7.22589056628025	12.7965961670776
9	WGN39	10.3918593113444	1.41954210215025	1087	7.6065065109456	13.1772121117432
10	WGN39	6.63227450572464	1.41954210215025	1087	3.84692170532586	9.41762730612342
11	WGN39	5.80947501931123	1.41954210215023	1087	3.02412221891249	8.59482781970997
12	WGN39	4.9201816677748	1.41954210215022	1087	2.13482886737607	7.70553446817353
13	WGN39	9.83853912601576	1.41954210215024	1087	7.053186325617	12.6238919264145
14	WGN39	6.29539061664456	1.4195421021502	1087	3.51003781624588	9.08074341704325
15	WGN39	8.0382262624701	1.41954210215024	1087	5.25287346207134	10.8235790628689
16	WGN39	8.58398936418692	1.41954210215021	1087	5.79863656378822	11.3693421645856
17	WGN39	8.59524158061732	1.41954210215023	1087	5.80988878021858	11.3805943810161
18	WGN39	10.1205813236047	1.41954210215023	1087	7.335228523206	12.9059341240035
19	WGN39	9.60301230482369	1.41954210215021	1087	6.81765950442498	12.3883651052224
20	WGN39	8.24264068711934	1.41954210215022	1087	5.4572878867206	11.0279934875181
21	WGN39	5.56703991227205	1.41954210215024	1087	2.78168711187329	8.35239271267081
22	WGN39	10.1950617751169	1.41954210215024	1087	7.4097089747181	12.9804145755156
24	WGN39	10.2272217689128	1.41954210215021	1087	7.44186896851411	13.0125745693115
25	WGN39	7.00000000000005	1.41954210215024	1087	4.21464719960128	9.78535280039882
26	WGN39	4.98763677412033	2.00799693060583	1087	1.0476480514307	8.92762549680996
27	WGN39	7.03481582940918	1.41954210215025	1087	4.2494630290104	9.82016862980797
28	WGN39	5.07517002889301	1.41954210215023	1087	2.28981722849427	7.86052282929176
29	WGN39	9.69613415199123	2.00799693060581	1087	5.75614542930163	13.6361228746808
30	WGN39	8.11245631366819	1.41954210215023	1087	5.32710351326943	10.8978091140669
31	WGN39	9.29239315630038	1.41954210215022	1087	6.50704035590164	12.0777459566991
32	WGN39	5.7510718755129	1.41954210215022	1087	2.96571907511416	8.53642467591163
34	WGN39	7.25445615173736	1.41954210215023	1087	4.4691033513386	10.0398089521361
35	WGN39	7.86330094656228	1.41954210215024	1087	5.07794814616352	10.648653746961
36	WGN39	7.54541769077454	1.41954210215024	1087	4.76006489037578	10.3307704911733
37	WGN39	6.11645340877632	1.41954210215023	1087	3.33110060837758	8.90180620917507
38	WGN39	6.02068947232796	2.00799693060581	1087	2.08070074963836	9.96067819501756
39	WGN39	8.2703140696928	1.41954210215021	1087	5.48496126929408	11.0556668700915
40	WGN39	9.55521678957223	1.41954210215024	1087	6.76986398917346	12.340569589971
41	WGN39	9.16103871591083	1.41954210215022	1087	6.37568591551211	11.9463915163096
42	WGN39	7.85753474684524	1.41954210215022	1087	5.07218194644651	10.642887547244
43	WGN39	10.4823936922087	1.41954210215021	1087	7.69704089180996	13.2677464926074
44	WGN39	7.31051376004597	1.41954210215023	1087	4.52516095964721	10.0958665604447
45	WGN39	9.14242885511737	1.41954210215025	1087	6.35707605471858	11.9277816555162
46	WGN39	6.78072640549324	1.41954210215023	1087	3.99537360509448	9.56607920589199
47	WGN39	7.37339717240454	1.41954210215024	1087	4.58804437200577	10.1587499728033
48	WGN39	4.93703915854268	1.41954210215021	1087	2.15168635814398	7.72239195894139
49	WGN39	10.2468299825757	1.41954210215023	1087	7.46147718217694	13.0321827829744
50	WGN39	7.24596858726196	2.00799693060579	1087	3.30597986457241	11.1859573099515
51	WGN39	12.5415229867974	1.41954210215024	1087	9.75617018639868	15.3268757871962
52	WGN39	5.36431897330431	1.41954210215022	1087	2.57896617290558	8.14967177370304
53	WGN39	7.80788655293202	1.41954210215024	1087	5.02253375253325	10.5932393533308
54	WGN39	10.1458998910125	1.41954210215023	1087	7.3605470906138	12.9312526914113
55	WGN39	10.417867691524	1.41954210215022	1087	7.63251489112531	13.2032204919228
56	WGN39	8.43860674417986	1.41954210215024	1087	5.65325394378109	11.2239595445786
57	WGN39	6.43912378955468	1.41954210215022	1087	3.65377098915594	9.22447658995342
58	WGN39	7.68517195450745	1.41954210215022	1087	4.89981915410871	10.4705247549062
59	WGN39	12.7863381335875	1.41954210215024	1087	10.0009853331887	15.5716909339862
60	WGN39	9.38584112713908	1.41954210215022	1087	6.60048832674034	12.1711939275378
61	WGN39	7.75677890828864	1.41954210215024	1087	4.97142610788988	10.5421317086874
62	WGN39	10.101417939975	1.41954210215023	1087	7.31606513957622	12.8867707403737
63	WGN39	7.0622012097976	1.41954210215022	1087	4.27684840939888	9.84755401019632
64	WGN39	8.7859439116872	1.41954210215022	1087	6.00059111128847	11.5712967120859
65	WGN39	3.35410196624975	1.41954210215023	1087	0.568749165850998	6.1394547666485
66	WGN39	8.23816657052728	1.41954210215024	1087	5.45281377012852	11.023519370926
67	WGN39	8.75763402123782	1.41954210215022	1087	5.97228122083909	11.5429868216366
68	WGN39	10.6479462807976	2.00799693060583	1087	6.70795755810797	14.5879350034872
69	WGN39	9.07789795351961	1.41954210215023	1087	6.29254515312086	11.8632507539184
70	WGN39	7.08619583113422	2.00799693060582	1087	3.14620710844461	11.0261845538238
71	WGN39	10.1142338916378	1.41954210215023	1087	7.32888109123901	12.8995866920365
72	WGN39	8.96607355834078	1.41954210215023	1087	6.18072075794203	11.7514263587395
73	WGN39	9.63862671207757	1.41954210215023	1087	6.85327391167883	12.4239795124763
74	WGN39	9.6815566151674	1.41954210215023	1087	6.89620381476865	12.4669094155661
75	WGN39	10.3294766461893	1.41954210215023	1087	7.54412384579054	13.114829446588
76	WGN39	10.7286608149814	1.41954210215023	1087	7.94330801458264	13.5140136153801
77	WGN39	10.4876550448359	1.41954210215023	1087	7.70230224443714	13.2730078452346
78	WGN39	8.88233233547814	1.41954210215023	1087	6.09697953507938	11.6676851358769
79	WGN39	8.01931840470998	1.41954210215023	1087	5.23396560431123	10.8046712051087
80	WGN39	8.86760645216332	1.41954210215023	1087	6.08225365176457	11.6529592525621
81	WGN39	4.85454980676816	1.41954210215023	1087	2.06919700636942	7.6399026071669
82	WGN39	8.31104386192268	1.41954210215023	1087	5.52569106152394	11.0963966623214
83	WGN39	9.24183196208438	1.41954210215023	1087	6.45647916168563	12.0271847624831
84	WGN39	10.5778314402977	1.41954210215023	1087	7.79247863989899	13.3631842406965
85	WGN39	10.0185233843996	1.41954210215023	1087	7.23317058400086	12.8038761847984
86	WGN39	11.6334642080544	1.41954210215023	1087	8.84811140765569	14.4188170084532
87	WGN39	7.04950975679646	1.41954210215023	1087	4.26415695639771	9.8348625571952
88	WGN39	8.90619111505157	2.0079969306058	1087	4.966202392362	12.8461798377411
89	WGN39	8.82204968466835	1.41954210215023	1087	6.0366968842696	11.6074024850671
90	WGN39	9.42780534654704	1.41954210215023	1087	6.6424525461483	12.2131581469458
91	WGN39	6.01361137193423	1.41954210215023	1087	3.22825857153548	8.79896417233297
92	WGN39	10.3270889581347	1.41954210215022	1087	7.54173615773593	13.1124417585334
93	WGN39	10.171847583611	1.41954210215023	1087	7.3864947832122	12.9572003840097
94	WGN39	8.42790425264491	2.0079969306058	1087	4.48791552995534	12.3678929753345
95	WGN39	8.39383901945761	1.41954210215023	1087	5.60848621905886	11.1791918198564
96	WGN39	8.45864795280232	1.41954210215023	1087	5.67329515240357	11.2440007532011
97	WGN39	10.4010466377117	1.41954210215023	1087	7.61569383731296	13.1863994381105
98	WGN39	6.31492590204484	1.41954210215023	1087	3.5295731016461	9.10027870244358
99	WGN39	5.18669010554827	1.41954210215023	1087	2.40133730514953	7.97204290594701
100	WGN39	8.79140985595505	1.41954210215023	1087	6.0060570555563	11.5767626563538
101	WGN39	5.01869867458826	1.41954210215023	1087	2.23334587418951	7.80405147498701
102	WGN39	9.68159520854869	1.41954210215023	1087	6.89624240814994	12.4669480089474
104	WGN39	7.66478269644041	1.41954210215023	1087	4.87942989604165	10.4501354968392
105	WGN39	11.1779897920337	1.41954210215023	1087	8.39263699163492	13.9633425924324
106	WGN39	10.0174042082044	1.41954210215023	1087	7.23205140780561	12.8027570086031
107	WGN39	8.72424262731013	1.41954210215023	1087	5.93888982691139	11.5095954277089
108	WGN39	9.44952996395145	1.41954210215023	1087	6.66417716355269	12.2348827643502
109	WGN39	6.67072675660516	1.41954210215023	1087	3.88537395620641	9.45607955700391
110	WGN39	6.94660482157199	1.41954210215023	1087	4.16125202117325	9.73195762197074
111	WGN39	8.19101956426937	1.41954210215022	1087	5.40566676387063	10.9763723646681
112	WGN39	8.02143170862798	1.41954210215023	1087	5.23607890822923	10.8067845090267
113	WGN39	8.39851500337133	1.41954210215023	1087	5.61316220297258	11.1838678037701
114	WGN39	11.2728712093674	1.41954210215023	1087	8.48751840896862	14.0582240097661
115	WGN39	9.29895575057571	1.41954210215023	1087	6.51360295017697	12.0843085509745
116	WGN39	6.47458798014837	1.41954210215023	1087	3.68923517974963	9.25994078054711
118	WGN39	11.6622026178179	1.41954210215023	1087	8.87684981741916	14.4475554182167
120	WGN39	10.0812932695242	1.41954210215023	1087	7.29594046912547	12.866646069923
121	WGN39	4.89471763670817	1.41954210215023	1087	2.10936483630943	7.68007043710691
122	WGN39	8.76659519733446	1.41954210215023	1087	5.98124239693571	11.5519479977332
123	WGN39	9.1134563436511	1.41954210215023	1087	6.32810354325235	11.8988091440498
124	WGN39	7.80753577859157	1.41954210215023	1087	5.02218297819283	10.5928885789903
125	WGN39	11.153030277048	1.41954210215023	1087	8.36767747664921	13.9383830774467
126	WGN39	2.3418854630558	2.00799693060581	1087	-1.59810325963379	6.28187418574539
127	WGN39	4.36425692068145	1.41954210215023	1087	1.5789041202827	7.1496097210802
128	WGN39	10.921106312313	2.00799693060581	1087	6.98111758962343	14.8610950350026
129	WGN39	11.6453958683817	1.41954210215023	1087	8.86004306798291	14.4307486687804
130	WGN39	9.75654541799207	1.41954210215023	1087	6.97119261759332	12.5418982183908
1	WGN45	11.2510928783601	1.41954210215017	1087	8.46574007796142	14.0364456787587
2	WGN45	11.6729324740477	1.41954210215024	1087	8.88757967364894	14.4582852744465
3	WGN45	5.65105186149957	1.41954210215023	1087	2.86569906110082	8.43640466189833
4	WGN45	12.4120184775464	1.41954210215022	1087	9.62666567714763	15.1973712779451
5	WGN45	10.8752601924325	1.41954210215021	1087	8.08990739203378	13.6606129928312
6	WGN45	9.2418319620843	1.41954210215025	1087	6.45647916168552	12.0271847624831
7	WGN45	11.5952609329612	1.41954210215025	1087	8.80990813256238	14.3806137333599
8	WGN45	8.95892935439267	1.41954210215024	1087	6.17357655399389	11.7442821547914
9	WGN45	10.4349172763156	1.41954210215024	1087	7.64956447591679	13.2202700767143
10	WGN45	7.23004176420856	1.41954210215024	1087	4.4446889638098	10.0153945646073
11	WGN45	10.8416460707434	1.41954210215022	1087	8.05629327034465	13.6269988711421
12	WGN45	10.2165281636232	1.41954210215022	1087	7.43117536322444	13.0018809640219
13	WGN45	10.1884700787719	1.41954210215023	1087	7.40311727837315	12.9738228791706
14	WGN45	9.38383675410115	1.41954210215023	1087	6.59848395370239	12.1691895544999
15	WGN45	9.94308491795071	2.0079969306058	1087	6.00309619526113	13.8830736406403
16	WGN45	11.5693003153003	1.41954210215024	1087	8.78394751490149	14.354653115699
17	WGN45	8.65530374464504	1.41954210215024	1087	5.86995094424628	11.4406565450438
18	WGN45	10.3175793456075	1.41954210215022	1087	7.53222654520873	13.1029321460062
19	WGN45	6.36286934840308	1.41954210215024	1087	3.57751654800432	9.14822214880185
20	WGN45	10.975334750884	1.41954210215023	1087	8.18998195048529	13.7606875512828
22	WGN45	10.8472214460907	1.41954210215025	1087	8.06186864569188	13.6325742464895
23	WGN45	9.12347538297983	1.41954210215023	1087	6.33812258258108	11.9088281833786
24	WGN45	9.24264068711922	1.41954210215025	1087	6.45728788672044	12.027993487518
25	WGN45	6.39548323139878	1.41954210215023	1087	3.61013043100002	9.18083603179753
26	WGN45	6.30386584800873	2.00799693060583	1087	2.36387712531909	10.2438545706984
28	WGN45	7.28388218141509	1.41954210215022	1087	4.49852938101635	10.0692349818138
29	WGN45	7.48139794273997	1.41954210215021	1087	4.69604514234125	10.2667507431387
31	WGN45	9.28332784443877	1.41954210215024	1087	6.49797504404001	12.0686806448375
32	WGN45	7.69822766140018	1.41954210215024	1087	4.91287486100141	10.4835804617989
33	WGN45	9.0216637350903	2.00799693060581	1087	5.08167501240071	12.9616524577799
34	WGN45	8.5061164109758	1.41954210215022	1087	5.72076361057707	11.2914692113745
35	WGN45	9.84493519464082	1.41954210215022	1087	7.05958239424209	12.6302879950395
36	WGN45	4.05622815683403	1.41954210215024	1087	1.27087535643527	6.84158095723279
37	WGN45	10.0349191123818	1.41954210215023	1087	7.24956631198303	12.8202719127805
38	WGN45	4.97493718553317	1.41954210215023	1087	2.18958438513442	7.76028998593192
40	WGN45	8.3033955238182	1.41954210215024	1087	5.51804272341943	11.088748324217
41	WGN45	6.65831239517778	1.41954210215022	1087	3.87295959477905	9.44366519557651
42	WGN45	8.4653329774589	1.41954210215022	1087	5.67998017706017	11.2506857778576
43	WGN45	6.42209015888962	1.41954210215023	1087	3.63673735849087	9.20744295928838
44	WGN45	7.14428319592785	1.41954210215023	1087	4.3589303955291	9.92963599632659
45	WGN45	10.8165497133812	1.41954210215022	1087	8.03119691298251	13.60190251378
46	WGN45	10.2356840130281	1.41954210215025	1087	7.45033121262934	13.0210368134269
47	WGN45	9.28779719861657	2.00799693060582	1087	5.34780847592697	13.2277859213062
48	WGN45	9.87417636920394	1.41954210215022	1087	7.08882356880521	12.6595291696027
49	WGN45	10.1191327400216	1.41954210215025	1087	7.33377993962284	12.9044855404204
50	WGN45	8.93139024560016	1.41954210215023	1087	6.14603744520141	11.7167430459989
52	WGN45	6.75460160588529	1.41954210215022	1087	3.96924880548655	9.53995440628403
53	WGN45	7.3949603490928	1.41954210215023	1087	4.60960754869406	10.1803131494915
54	WGN45	6.03797494662181	1.41954210215024	1087	3.25262214622305	8.82332774702058
55	WGN45	9.28672069433574	1.41954210215022	1087	6.501367893937	12.0720734947345
56	WGN45	12.1476868839709	1.41954210215023	1087	9.36233408357217	14.9330396843697
57	WGN45	7.95736091523226	1.41954210215023	1087	5.17200811483351	10.742713715631
58	WGN45	5.370828693387	1.41954210215023	1087	2.58547589298825	8.15618149378574
59	WGN45	9.8668918732324	1.41954210215023	1087	7.08153907283365	12.6522446736311
60	WGN45	12.3869118216035	2.00799693060581	1087	8.44692309891389	16.3269005442931
61	WGN45	9.20823794323088	1.41954210215022	1087	6.42288514283216	11.9935907436296
62	WGN45	8.1667854964726	1.41954210215024	1087	5.38143269607383	10.9521382968714
64	WGN45	7.70536348832407	1.41954210215023	1087	4.92001068792532	10.4907162887228
65	WGN45	5.65062229511708	1.41954210215023	1087	2.86526949471833	8.43597509551583
66	WGN45	11.2879184513951	1.41954210215023	1087	8.50256565099636	14.0732712517939
67	WGN45	6.90723670291922	2.00799693060579	1087	2.96724798022967	10.8472254256088
68	WGN45	11.8616910724879	1.41954210215023	1087	9.07633827208914	14.6470438728866
69	WGN45	11.5324810979332	1.41954210215023	1087	8.74712829753443	14.3178338983319
71	WGN45	8.43860674417983	1.41954210215023	1087	5.65325394378109	11.2239595445786
72	WGN45	11.2286967466619	2.00799693060579	1087	7.28870802397238	15.1686854693515
73	WGN45	8.84786959332641	2.00799693060581	1087	4.90788087063681	12.787858316016
74	WGN45	8.89672842171166	1.41954210215022	1087	6.11137562131293	11.6820812221104
75	WGN45	10.7731782901217	1.41954210215023	1087	7.98782548972297	13.5585310905205
76	WGN45	7.43599889381982	1.41954210215023	1087	4.65064609342106	10.2213516942186
77	WGN45	7.08862437016424	1.41954210215024	1087	4.30327156976548	9.87397717056301
78	WGN45	8.18699651487544	1.41954210215022	1087	5.40164371447672	10.9723493152742
80	WGN45	10.0935504268598	1.41954210215023	1087	7.30819762646106	12.8789032272585
81	WGN45	8.51058781931371	1.41954210215023	1087	5.72523501891495	11.2959406197125
82	WGN45	8.02673533184806	1.41954210215023	1087	5.24138253144931	10.8120881322468
84	WGN45	7.74566217950308	1.41954210215022	1087	4.96030937910434	10.5310149799018
85	WGN45	7.78718062155677	2.00799693060581	1087	3.84719189886717	11.7271693442464
86	WGN45	8.1332438445327	1.41954210215023	1087	5.34789104413395	10.9185966449315
87	WGN45	6.80928526027499	1.41954210215022	1087	4.02393245987626	9.59463806067372
88	WGN45	11.2591042209726	1.41954210215023	1087	8.47375142057388	14.0444570213714
89	WGN45	11.1694268992965	1.41954210215022	1087	8.38407409889773	13.9547796996952
90	WGN45	9.48624728313615	1.41954210215024	1087	6.70089448273738	12.2716000835349
92	WGN45	11.2623421404454	1.41954210215022	1087	8.47698934004668	14.0476949408441
93	WGN45	9.85889305260127	1.41954210215023	1087	7.07354025220253	12.644245853
94	WGN45	6.92481618052109	1.41954210215024	1087	4.13946338012233	9.71016898091986
95	WGN45	9.50835444920098	1.41954210215023	1087	6.72300164880224	12.2937072495997
96	WGN45	6.28670912655093	1.41954210215023	1087	3.50135632615218	9.07206192694967
98	WGN45	8.6867378957771	1.41954210215023	1087	5.90138509537835	11.4720906961759
99	WGN45	10.0402145847798	2.00799693060581	1087	6.10022586209016	13.9802033074693
100	WGN45	7.2797858896388	1.41954210215023	1087	4.49443308924005	10.0651386900375
101	WGN45	8.69418959725129	1.41954210215022	1087	5.90883679685256	11.47954239765
102	WGN45	10.6922423001553	1.41954210215022	1087	7.90688949975661	13.4775951005541
103	WGN45	8.30386584800891	2.00799693060581	1087	4.36387712531933	12.2438545706985
104	WGN45	11.9790026050171	1.41954210215022	1087	9.19364980461836	14.7643554054158
105	WGN45	8.62249899919922	1.41954210215023	1087	5.83714619880047	11.407851799598
106	WGN45	11.353632403439	1.41954210215023	1087	8.56827960304022	14.1389852038377
107	WGN45	10.0457252800594	1.41954210215023	1087	7.26037247966064	12.8310780804581
108	WGN45	10.4442477387711	1.41954210215023	1087	7.65889493837235	13.2296005391698
109	WGN45	8.1239796767118	1.41954210215023	1087	5.33862687631306	10.9093324771105
110	WGN45	8.92442890089808	1.41954210215023	1087	6.13907610049934	11.7097817012968
111	WGN45	8.82955373885141	1.41954210215023	1087	6.04420093845266	11.6149065392502
112	WGN45	6.39332221621846	1.41954210215023	1087	3.60796941581971	9.1786750166172
113	WGN45	6.10977222864642	1.41954210215023	1087	3.32441942824767	8.89512502904518
114	WGN45	9.02565266181039	1.41954210215023	1087	6.24029986141164	11.8110054622091
115	WGN45	7.00470653235536	1.41954210215023	1087	4.21935373195661	9.7900593327541
116	WGN45	12.0177729259577	1.41954210215023	1087	9.23242012555891	14.8031257263564
117	WGN45	7.51657460440935	1.41954210215023	1087	4.73122180401061	10.3019274048081
118	WGN45	8.12228392516751	2.00799693060581	1087	4.18229520247792	12.0622726478571
119	WGN45	8.22276157112982	1.41954210215023	1087	5.43740877073107	11.0081143715286
120	WGN45	9.83853912601569	1.41954210215023	1087	7.05318632561694	12.6238919264144
121	WGN45	3.69613415199118	2.00799693060581	1087	-0.243854570698411	7.63612287468077
122	WGN45	8.06125714573477	1.41954210215023	1087	5.27590434533603	10.8466099461335
123	WGN45	11.2715394274515	1.41954210215023	1087	8.48618662705273	14.0568922278502
124	WGN45	11.4638400059849	1.41954210215023	1087	8.67848720558612	14.2491928063836
126	WGN45	9.91314298873497	1.41954210215023	1087	7.12779018833622	12.6984957891337
127	WGN45	11.7258636780608	1.41954210215023	1087	8.94051087766202	14.5112164784595
128	WGN45	7.15811663454197	1.41954210215023	1087	4.37276383414322	9.94346943494071
129	WGN45	9.92212563996246	1.41954210215023	1087	7.13677283956372	12.7074784403612
130	WGN45	7.31190725785507	2.00799693060581	1087	3.37191853516547	11.2518959805447
1	WGN46	6.63153534076642	1.41954210215026	1087	3.84618254036761	9.41688814116522
2	WGN46	9.28511212798357	1.41954210215022	1087	6.49975932758483	12.0704649283823
3	WGN46	8.47522608280708	1.41954210215022	1087	5.68987328240835	11.2605788832058
4	WGN46	9.11043357914441	1.41954210215026	1087	6.3250807787456	11.8957863795432
6	WGN46	5.61221393509076	2.00799693060583	1087	1.67222521240113	9.5522026577804
7	WGN46	10.0681994933479	1.41954210215022	1087	7.28284669294915	12.8535522937466
8	WGN46	6.7069900854417	2.00799693060584	1087	2.76700136275205	10.6469788081314
9	WGN46	11.980617786271	1.41954210215022	1087	9.19526498587222	14.7659705866697
10	WGN46	9.05606668470974	1.41954210215024	1087	6.27071388431097	11.8414194851085
11	WGN46	10.0255921739262	1.41954210215023	1087	7.24023937352748	12.810944974325
12	WGN46	6.64218614273263	1.41954210215022	1087	3.8568333423339	9.42753894313137
13	WGN46	10.4163056771619	1.41954210215023	1087	7.63095287676316	13.2016584775607
14	WGN46	6.10462932219658	1.41954210215022	1087	3.31927652179784	8.88998212259531
15	WGN46	10.383264098729	1.41954210215021	1087	7.59791129833029	13.1686168991277
16	WGN46	7.47213595499962	1.41954210215022	1087	4.68678315460089	10.2574887553983
17	WGN46	10.4858802129751	1.41954210215022	1087	7.70052741257641	13.2712330133739
18	WGN46	7.23173786549701	1.41954210215023	1087	4.44638506509827	10.0170906658958
19	WGN46	12.286555137828	1.41954210215022	1087	9.50120233742923	15.0719079382267
20	WGN46	6.83756258053396	2.00799693060583	1087	2.89757385784434	10.7775513032236
21	WGN46	9.30386584800879	2.0079969306058	1087	5.36387712531922	13.2438545706984
22	WGN46	6.77227633298787	1.41954210215024	1087	3.98692353258911	9.55762913338663
23	WGN46	8.80264074115341	1.41954210215022	1087	6.01728794075467	11.5879935415521
24	WGN46	8.21342148154348	1.41954210215024	1087	5.4280686811447	10.9987742819423
25	WGN46	8.88438915318541	1.41954210215023	1087	6.09903635278666	11.6697419535842
26	WGN46	7.44612414939833	1.41954210215024	1087	4.66077134899956	10.2314769497971
27	WGN46	5.26389851482114	2.00799693060579	1087	1.32390979213158	9.20388723751069
28	WGN46	8.93010835971574	1.41954210215025	1087	6.14475555931696	11.7154611601145
29	WGN46	8.24105369125347	1.41954210215022	1087	5.45570089085473	11.0264064916522
30	WGN46	7.63273341658938	1.41954210215021	1087	4.84738061619067	10.4180862169881
31	WGN46	9.4952947817028	1.41954210215022	1087	6.70994198130406	12.2806475821015
32	WGN46	8.53098863375779	1.41954210215024	1087	5.74563583335902	11.3163414341566
33	WGN46	9.02268050859366	1.41954210215023	1087	6.23732770819491	11.8080333089924
34	WGN46	8.41547594742266	1.41954210215023	1087	5.63012314702391	11.2008287478214
36	WGN46	9.44409720865778	1.41954210215023	1087	6.65874440825903	12.2294500090565
37	WGN46	11.8428722484575	1.41954210215025	1087	9.05751944805875	14.6282250488563
38	WGN46	9.26012958872604	1.41954210215022	1087	6.47477678832731	12.0454823891248
39	WGN46	6.36396103067894	1.41954210215024	1087	3.57860823028017	9.14931383107772
40	WGN46	7.7837891008597	1.41954210215024	1087	4.99843630046093	10.5691419012585
41	WGN46	9.92885612215116	1.41954210215022	1087	7.14350332175243	12.7142089225499
42	WGN46	9.14916907880415	1.41954210215023	1087	6.3638162784054	11.9345218792029
43	WGN46	9.42188342330545	1.41954210215023	1087	6.6365306229067	12.2072362237042
44	WGN46	9.6667380343341	1.41954210215023	1087	6.88138523393536	12.4520908347328
45	WGN46	7.50000000000004	1.41954210215021	1087	4.71464719960133	10.2853528003988
46	WGN46	9.43817853198503	1.41954210215023	1087	6.65282573158628	12.2235313323838
47	WGN46	8.57316450618015	1.41954210215024	1087	5.78781170578137	11.3585173065789
48	WGN46	9.74404424085082	1.41954210215024	1087	6.95869144045204	12.5293970412496
49	WGN46	6.88733900462687	1.41954210215023	1087	4.10198620422811	9.67269180502562
50	WGN46	8.39345952906296	1.41954210215022	1087	5.60810672866422	11.1788123294617
52	WGN46	9.30437359180758	1.41954210215023	1087	6.51902079140883	12.0897263922063
53	WGN46	14.0488342463984	2.00799693060579	1087	10.1088455237088	17.9888229690879
54	WGN46	10.4363484299279	1.41954210215023	1087	7.65099562952918	13.2217012303267
55	WGN46	12.2260982381329	2.00799693060583	1087	8.28610951544328	16.1660869608225
56	WGN46	11.5259520067366	1.41954210215024	1087	8.74059920633783	14.3113048071354
57	WGN46	8.63252814444587	1.41954210215022	1087	5.84717534404713	11.4178809448446
58	WGN46	9.33052961397869	1.41954210215023	1087	6.54517681357995	12.1158824143774
59	WGN46	9.02258847008518	1.41954210215024	1087	6.23723566968641	11.807941270484
60	WGN46	7.09928159717427	1.41954210215022	1087	4.31392879677555	9.88463439757299
61	WGN46	10.4664637662601	2.00799693060582	1087	6.52647504357054	14.4064524889498
62	WGN46	8.41588043316391	1.41954210215022	1087	5.63052763276518	11.2012332335627
63	WGN46	9.11727932166743	1.41954210215023	1087	6.33192652126869	11.9026321220662
64	WGN46	7.37727989985977	2.00799693060582	1087	3.43729117717016	11.3172686225494
65	WGN46	8.63012288081534	1.41954210215022	1087	5.84477008041661	11.4154756812141
66	WGN46	9.85381646949721	1.41954210215023	1087	7.06846366909846	12.639169269896
67	WGN46	11.1414284285428	1.41954210215022	1087	8.35607562814408	13.9267812289415
68	WGN46	9.02351320508	2.00799693060581	1087	5.0835244823904	12.9635019277696
69	WGN46	8.08842497062368	1.41954210215023	1087	5.30307217022494	10.8737777710224
70	WGN46	10.1285812973871	1.41954210215023	1087	7.34322849698833	12.9139340977858
71	WGN46	5.95803989154982	1.41954210215024	1087	3.17268709115106	8.74339269194859
72	WGN46	10.1469774019274	1.41954210215024	1087	7.36162460152869	12.9323302023262
73	WGN46	10.4063274311333	1.41954210215023	1087	7.62097463073451	13.191680231532
74	WGN46	9.51224114031993	1.41954210215023	1087	6.72688833992118	12.2975939407187
75	WGN46	9.04169787974351	1.41954210215022	1087	6.25634507934479	11.8270506801422
76	WGN46	10.8344128298716	1.41954210215023	1087	8.04906002947284	13.6197656302703
78	WGN46	6.58275524807052	1.41954210215023	1087	3.79740244767177	9.36810804846927
79	WGN46	9.20352419132669	1.41954210215023	1087	6.41817139092794	11.9888769917254
80	WGN46	11.6394757078139	1.41954210215023	1087	8.85412290741512	14.4248285082126
81	WGN46	10.2130962684171	1.41954210215023	1087	7.42774346801833	12.9984490688158
82	WGN46	6.97972990502467	1.41954210215023	1087	4.19437710462592	9.76508270542342
83	WGN46	8.97200285980021	1.41954210215023	1087	6.18665005940147	11.757355660199
84	WGN46	12.2172567611113	1.41954210215022	1087	9.43190396071253	15.00260956151
85	WGN46	6.55566408496613	1.41954210215023	1087	3.77031128456738	9.34101688536489
86	WGN46	7.56781212019628	1.41954210215023	1087	4.78245931979753	10.353164920595
87	WGN46	12.4391842326176	1.41954210215022	1087	9.65383143221891	15.2245370330164
88	WGN46	10.3839251638196	1.41954210215023	1087	7.59857236342082	13.1692779642183
89	WGN46	7.02021504255952	1.41954210215023	1087	4.23486224216077	9.80556784295827
90	WGN46	10.9886068873888	1.41954210215023	1087	8.20325408699007	13.7739596877876
91	WGN46	7.38486225138683	1.41954210215023	1087	4.59950945098808	10.1702150517856
92	WGN46	9.36966800016496	1.41954210215023	1087	6.58431519976621	12.1550208005637
93	WGN46	8.75568716038805	1.41954210215023	1087	5.97033435998929	11.5410399607868
94	WGN46	9.31749438106232	1.41954210215024	1087	6.53214158066356	12.1028471814611
95	WGN46	9.71835367578568	1.41954210215023	1087	6.93300087538693	12.5037064761844
96	WGN46	10.1022359971684	1.41954210215023	1087	7.31688319676966	12.8875887975672
98	WGN46	5.04366707272097	1.41954210215023	1087	2.25831427232222	7.82901987311971
100	WGN46	6.78460654641675	2.00799693060581	1087	2.84461782372716	10.7245952691064
101	WGN46	8.19258240356728	1.41954210215023	1087	5.40722960316853	10.977935203966
102	WGN46	6.78072640549317	1.41954210215023	1087	3.99537360509443	9.56607920589192
103	WGN46	9.04169787974352	1.41954210215023	1087	6.25634507934477	11.8270506801423
104	WGN46	10.7678268764264	1.41954210215023	1087	7.98247407602764	13.5531796768251
106	WGN46	10.6844663039734	1.41954210215023	1087	7.89911350357464	13.4698191043721
107	WGN46	10.1487719827738	1.41954210215023	1087	7.3634191823751	12.9341247831726
108	WGN46	7.16471835856686	1.41954210215023	1087	4.37936555816811	9.9500711589656
109	WGN46	9.40920396816813	1.41954210215023	1087	6.62385116776938	12.1945567685669
110	WGN46	11.5265996204127	1.41954210215023	1087	8.74124682001393	14.3119524208114
111	WGN46	10.5204802384845	1.41954210215023	1087	7.73512743808572	13.3058330388832
112	WGN46	10.0521157064304	1.41954210215023	1087	7.26676290603168	12.8374685068292
113	WGN46	13.0934483213957	1.41954210215023	1087	10.308095520997	15.8788011217945
114	WGN46	7.82300055867845	1.41954210215023	1087	5.03764775827971	10.6083533590772
115	WGN46	8.20156211871645	1.41954210215023	1087	5.4162093183177	10.9869149191152
116	WGN46	8.46938899514281	1.41954210215023	1087	5.68403619474406	11.2547417955416
117	WGN46	7.76316057025794	1.41954210215023	1087	4.9778077698592	10.5485133706567
118	WGN46	10.5339428637761	1.41954210215023	1087	7.74859006337738	13.3192956641749
119	WGN46	9.10231543379326	1.41954210215023	1087	6.31696263339452	11.887668234192
120	WGN46	6.99374503708859	1.41954210215023	1087	4.20839223668984	9.77909783748733
121	WGN46	8.80079061401692	1.41954210215023	1087	6.01543781361817	11.5861434144157
122	WGN46	7.68517195450741	1.41954210215023	1087	4.89981915410866	10.4705247549062
123	WGN46	8.68077708010603	1.41954210215023	1087	5.89542427970728	11.4661298805048
124	WGN46	7.30295814111873	1.41954210215023	1087	4.51760534071998	10.0883109415175
125	WGN46	9.21171195647667	1.41954210215023	1087	6.42635915607792	11.9970647568754
126	WGN46	9.82076933387319	1.41954210215023	1087	7.03541653347444	12.6061221342719
127	WGN46	6.59447231545364	1.41954210215023	1087	3.80911951505489	9.37982511585238
128	WGN46	10.4393176926227	1.41954210215023	1087	7.65396489222396	13.2246704930215
129	WGN46	8.77033325618802	1.41954210215023	1087	5.98498045578927	11.5556860565868
130	WGN46	10.4140924199601	1.41954210215023	1087	7.62873961956138	13.1994452203589
1	WGN55	10.8407149229864	1.41954210215022	1087	8.05536212258765	13.6260677233851
2	WGN55	9.10562485977499	1.4195421021502	1087	6.32027205937629	11.8909776601737
3	WGN55	8.90690606652478	1.41954210215023	1087	6.12155326612603	11.6922588669235
4	WGN55	8.33013400720749	1.41954210215025	1087	5.5447812068087	11.1154868076063
5	WGN55	7.48202927777842	1.41954210215024	1087	4.69667647737966	10.2673820781772
6	WGN55	7.64678222472736	1.41954210215024	1087	4.86142942432859	10.4321350251261
7	WGN55	8.52276350300177	1.41954210215025	1087	5.73741070260298	11.3081163034006
8	WGN55	5.72033159749567	1.41954210215024	1087	2.93497879709691	8.50568439789443
9	WGN55	10.303087849845	1.41954210215022	1087	7.51773504944625	13.0884406502437
10	WGN55	9.58470217705922	1.41954210215024	1087	6.79934937666046	12.370054977458
11	WGN55	7.40213710020757	1.41954210215024	1087	4.61678429980881	10.1874899006063
12	WGN55	7.06965289060172	1.41954210215023	1087	4.28430009020296	9.85500569100047
13	WGN55	8.27491721763543	1.41954210215024	1087	5.48956441723667	11.0602700180342
14	WGN55	7.19026733304433	1.41954210215023	1087	4.40491453264558	9.97562013344307
15	WGN55	9.53881594652487	1.41954210215023	1087	6.75346314612612	12.3241687469236
16	WGN55	8.99570819128856	1.41954210215022	1087	6.21035539088982	11.7810609916873
17	WGN55	8.22586676797611	1.41954210215024	1087	5.44051396757734	11.0112195683749
18	WGN55	8.77329858852089	1.41954210215024	1087	5.98794578812213	11.5586513889197
19	WGN55	9.53420112954456	1.41954210215023	1087	6.74884832914582	12.3195539299433
20	WGN55	9.22212513921055	1.41954210215022	1087	6.43677233881183	12.0074779396093
21	WGN55	8.85961814869574	1.41954210215022	1087	6.07426534829701	11.6449709490945
22	WGN55	5.70160775744926	1.41954210215023	1087	2.91625495705051	8.48696055784801
23	WGN55	6.30010862346951	1.41954210215024	1087	3.51475582307074	9.08546142386828
24	WGN55	9.99549492790998	1.41954210215021	1087	7.21014212751128	12.7808477283087
25	WGN55	11.6370959897069	1.41954210215023	1087	8.85174318930812	14.4224487901056
26	WGN55	8.78549221184988	1.41954210215023	1087	6.00013941145113	11.5708450122486
27	WGN55	6.67072675660526	1.41954210215022	1087	3.88537395620653	9.45607955700399
28	WGN55	9.89787457799715	1.41954210215021	1087	7.11252177759843	12.6832273783959
29	WGN55	7.17737428620995	1.41954210215022	1087	4.39202148581121	9.96272708660868
30	WGN55	6.88963587218244	1.41954210215024	1087	4.10428307178367	9.67498867258121
31	WGN55	9.03920030438074	1.41954210215022	1087	6.25384750398201	11.8245531047795
32	WGN55	5.97898313672987	1.41954210215023	1087	3.19363033633112	8.76433593712861
33	WGN55	5.24382752241794	1.41954210215023	1087	2.45847472201918	8.02918032281669
34	WGN55	8.6533119314591	1.41954210215023	1087	5.86795913106036	11.4386647318578
35	WGN55	7.24037034920396	1.41954210215023	1087	4.45501754880521	10.0257231496027
36	WGN55	6.38943345687914	1.41954210215022	1087	3.6040806564804	9.17478625727787
37	WGN55	10.5591427356905	1.41954210215023	1087	7.77378993529176	13.3444955360893
38	WGN55	5.27744924264905	1.41954210215023	1087	2.49209644225031	8.06280204304779
40	WGN55	4.17255965060369	1.41954210215022	1087	1.38720685020495	6.95791245100242
41	WGN55	5.34027207495991	1.41954210215023	1087	2.55491927456116	8.12562487535866
42	WGN55	7.0980762113534	1.41954210215023	1087	4.31272341095466	9.88342901175215
43	WGN55	10.9052514533696	1.41954210215024	1087	8.11989865297088	13.6906042537684
44	WGN55	8.915678609284	2.00799693060583	1087	4.97568988659437	12.8556673319736
45	WGN55	3.70245917364393	1.41954210215023	1087	0.917106373245173	6.48781197404268
46	WGN55	4.16827010699089	2.00799693060579	1087	0.22828138430134	8.10825882968044
47	WGN55	4.74312364156816	1.41954210215023	1087	1.95777084116941	7.52847644196691
48	WGN55	7.47095209389961	1.41954210215023	1087	4.68559929350086	10.2563048942984
49	WGN55	7.05558145593946	1.41954210215023	1087	4.27022865554072	9.8409342563382
50	WGN55	8.8840991854911	1.41954210215023	1087	6.09874638509235	11.6694519858899
52	WGN55	5.1400549446403	1.41954210215023	1087	2.35470214424154	7.92540774503906
53	WGN55	6.24264068711936	1.41954210215023	1087	3.45728788672061	9.0279934875181
54	WGN55	10.6005388715904	1.41954210215023	1087	7.8151860711917	13.3858916719892
55	WGN55	8.98899243868714	1.41954210215023	1087	6.20363963828838	11.7743452390859
56	WGN55	10.1441028637223	1.41954210215022	1087	7.35875006332361	12.929455664121
57	WGN55	6.78460654641681	2.00799693060582	1087	2.8446178237272	10.7245952691064
58	WGN55	7.2713151232797	1.41954210215024	1087	4.48596232288093	10.0566679236785
59	WGN55	8.09173259221461	1.41954210215023	1087	5.30637979181586	10.8770853926134
60	WGN55	5.70070844801523	1.41954210215023	1087	2.91535564761648	8.48606124841398
61	WGN55	4.38598141588696	1.41954210215023	1087	1.60062861548821	7.17133421628571
62	WGN55	10.2923765156785	1.41954210215023	1087	7.5070237152797	13.0777293160772
63	WGN55	5.83032121481889	1.41954210215023	1087	3.04496841442013	8.61567401521765
64	WGN55	6.87298334620753	1.41954210215023	1087	4.08763054580879	9.65833614660628
65	WGN55	7.57815809333241	1.41954210215023	1087	4.79280529293366	10.3635108937312
66	WGN55	11.1122322058063	1.41954210215023	1087	8.32687940540759	13.8975850062051
67	WGN55	7.37727989985987	2.0079969306058	1087	3.43729117717029	11.3172686225494
68	WGN55	7.53837943236318	1.41954210215022	1087	4.75302663196445	10.3237322327619
69	WGN55	6.63282122840068	1.41954210215023	1087	3.84746842800193	9.41817402879943
70	WGN55	6.09925838942407	2.00799693060581	1087	2.15926966673448	10.0392471121137
71	WGN55	3.64269164289314	1.41954210215023	1087	0.857338842494399	6.42804444329188
72	WGN55	8.62747525468926	1.41954210215023	1087	5.84212245429052	11.412828055088
73	WGN55	7.65685424949246	1.41954210215023	1087	4.87150144909372	10.4422070498912
74	WGN55	8.06322647500151	1.41954210215023	1087	5.27787367460276	10.8485792754003
75	WGN55	10.2697974125497	1.41954210215023	1087	7.48444461215092	13.0551502129484
76	WGN55	10.1483808116285	1.41954210215023	1087	7.36302801122975	12.9337336120272
77	WGN55	7.82017255662713	2.00799693060582	1087	3.88018383393752	11.7601612793167
78	WGN55	5.3979157616564	1.41954210215023	1087	2.61256296125764	8.18326856205515
80	WGN55	9.23405941871236	1.41954210215023	1087	6.44870661831362	12.0194122191111
81	WGN55	7.19258240356733	1.41954210215023	1087	4.40722960316859	9.97793520396608
82	WGN55	10.4621221840063	1.41954210215022	1087	7.67676938360761	13.2474749844051
83	WGN55	9.51947986417348	1.41954210215023	1087	6.73412706377474	12.3048326645722
84	WGN55	8.88534380849441	1.41954210215023	1087	6.09999100809567	11.6706966088932
85	WGN55	9.52493781056052	1.41954210215023	1087	6.73958501016177	12.3102906109593
86	WGN55	8.50979259395532	1.41954210215023	1087	5.72443979355656	11.2951453943541
87	WGN55	7.44422739350454	1.41954210215023	1087	4.65887459310579	10.2295801939033
88	WGN55	8.30374447118476	1.41954210215023	1087	5.51839167078601	11.0890972715835
89	WGN55	8.04692790009733	1.41954210215023	1087	5.26157509969859	10.8322807004961
90	WGN55	8.78787001513384	1.41954210215023	1087	6.00251721473508	11.5732228155326
91	WGN55	4.33440743476014	1.41954210215023	1087	1.54905463436138	7.11976023515889
92	WGN55	8.31178147255414	1.41954210215023	1087	5.52642867215538	11.0971342729529
93	WGN55	6.00000000000006	1.41954210215023	1087	3.21464719960132	8.78535280039881
94	WGN55	7.80571974896624	1.41954210215022	1087	5.0203669485675	10.591072549365
95	WGN55	7.89116499156268	1.41954210215023	1087	5.10581219116393	10.6765177919614
96	WGN55	8.33047070446375	1.41954210215023	1087	5.54511790406499	11.1158235048625
97	WGN55	9.14781507049358	1.41954210215023	1087	6.36246227009483	11.9331678708923
98	WGN55	9.56350449478802	1.41954210215023	1087	6.77815169438927	12.3488572951868
99	WGN55	10.6394589986601	1.41954210215023	1087	7.85410619826138	13.4248117990589
100	WGN55	7.54153298272533	1.41954210215023	1087	4.75618018232659	10.3268857831241
101	WGN55	9.98007097932166	1.41954210215023	1087	7.19471817892291	12.7654237797204
102	WGN55	7.17344395679044	1.41954210215022	1087	4.3880911563917	9.95879675718917
103	WGN55	5.51248533512234	1.41954210215023	1087	2.72713253472359	8.29783813552108
104	WGN55	11.3150729063674	1.41954210215023	1087	8.52972010596866	14.1004257067661
105	WGN55	8.83132754130145	1.41954210215022	1087	6.04597474090271	11.6166803417002
106	WGN55	7.84212877495932	1.41954210215023	1087	5.05677597456058	10.6274815753581
107	WGN55	7.4236616327206	1.41954210215023	1087	4.63830883232185	10.2090144331193
108	WGN55	6.64693254061319	1.41954210215022	1087	3.86157974021445	9.43228534101193
109	WGN55	10.1959541938032	1.41954210215023	1087	7.41060139340441	12.9813069942019
110	WGN55	7.68330013267045	1.41954210215023	1087	4.89794733227171	10.4686529330692
111	WGN55	12.9270577879274	1.41954210215023	1087	10.1417049875287	15.7124105883261
112	WGN55	11.5990710906537	1.41954210215023	1087	8.81371829025495	14.3844238910524
113	WGN55	7.77871926215108	1.41954210215023	1087	4.99336646175234	10.5640720625498
114	WGN55	10.6048462666269	2.00799693060581	1087	6.66485754393731	14.5448349893165
115	WGN55	10.6961209375791	1.41954210215022	1087	7.91076813718035	13.4814737379778
116	WGN55	9.88748219369614	1.41954210215023	1087	7.10212939329739	12.6728349940949
117	WGN55	10.2468195919638	1.41954210215023	1087	7.46146679156501	13.0321723923625
118	WGN55	5.56122725848733	1.41954210215023	1087	2.77587445808858	8.34658005888607
119	WGN55	7.32466774433417	1.41954210215023	1087	4.53931494393543	10.1100205447329
120	WGN55	6.32938373270199	2.00799693060581	1087	2.3893950100124	10.2693724553916
121	WGN55	11.1340798245441	1.41954210215023	1087	8.34872702414538	13.9194326249429
122	WGN55	8.67832241518989	1.41954210215023	1087	5.89296961479115	11.4636752155886
123	WGN55	6.92217606581946	1.41954210215023	1087	4.13682326542072	9.70752886621821
124	WGN55	4.28169955301551	1.41954210215023	1087	1.49634675261676	7.06705235341425
125	WGN55	5.93134279211826	1.41954210215023	1087	3.14598999171951	8.716695592517
126	WGN55	9.04931470336418	1.41954210215023	1087	6.26396190296544	11.8346675037629
128	WGN55	7.16648030881155	1.41954210215023	1087	4.38112750841281	9.9518331092103
129	WGN55	6.11703806613915	1.41954210215023	1087	3.33168526574041	8.9023908665379
130	WGN55	9.82992548310179	1.41954210215023	1087	7.04457268270305	12.6152782835005
1	WGN63	8.19536874662805	1.41954210215021	1087	5.41001594622934	10.9807215470268
2	WGN63	9.74165738677405	1.41954210215023	1087	6.95630458637531	12.5270101871728
3	WGN63	9.94308491795088	2.00799693060582	1087	6.00309619526126	13.8830736406405
4	WGN63	7.81605778654717	1.41954210215023	1087	5.03070498614843	10.6014105869459
5	WGN63	7.5383794323633	1.41954210215022	1087	4.75302663196456	10.323732232762
6	WGN63	9.91196884286193	1.41954210215023	1087	7.12661604246318	12.6973216432607
7	WGN63	11.1938553329034	1.41954210215022	1087	8.40850253250469	13.9792081333022
8	WGN63	9.92362828078174	1.41954210215023	1087	7.13827548038299	12.7089810811805
9	WGN63	8.59379216851857	1.41954210215024	1087	5.80843936811981	11.3791449689173
10	WGN63	11.7392586023064	1.41954210215024	1087	8.95390580190762	14.5246114027052
12	WGN63	9.46935028699795	1.41954210215023	1087	6.68399748659919	12.2547030873967
13	WGN63	10.3374603699149	1.41954210215024	1087	7.55210756951615	13.1228131703137
14	WGN63	8.69565417662706	1.41954210215023	1087	5.91030137622831	11.4810069770258
16	WGN63	8.13324384453283	1.41954210215023	1087	5.34789104413409	10.9185966449316
17	WGN63	9.1969151227685	1.41954210215022	1087	6.41156232236976	11.9822679231672
18	WGN63	9.24658147639446	1.41954210215022	1087	6.46122867599572	12.0319342767932
19	WGN63	9.62849132532957	1.41954210215022	1087	6.84313852493084	12.4138441257283
20	WGN63	6.3729934289888	1.41954210215023	1087	3.58764062859005	9.15834622938755
21	WGN63	11.5908541084622	1.41954210215024	1087	8.80550130806349	14.376206908861
22	WGN63	7.87375180455038	1.41954210215023	1087	5.08839900415164	10.6591046049491
23	WGN63	10.894913061276	1.41954210215023	1087	8.10956026087724	13.6802658616747
24	WGN63	10.9350828383668	1.41954210215022	1087	8.14973003796802	13.7204356387655
25	WGN63	10.0215401394399	1.41954210215024	1087	7.23618733904116	12.8068929398387
26	WGN63	7.95810918348126	1.41954210215022	1087	5.17275638308252	10.74346198388
27	WGN63	10.504108526499	1.41954210215022	1087	7.71875572610028	13.2894613268978
28	WGN63	10.6717954327911	1.41954210215023	1087	7.88644263239236	13.4571482331898
29	WGN63	11.0739884272254	1.41954210215023	1087	8.28863562682665	13.8593412276241
30	WGN63	8.34091245986863	1.41954210215023	1087	5.55555965946987	11.1262652602674
31	WGN63	10.0663905394965	1.41954210215023	1087	7.2810377390977	12.8517433398952
32	WGN63	11.7432680496301	1.41954210215022	1087	8.95791524923133	14.5286208500288
33	WGN63	10.9939325748687	1.41954210215023	1087	8.20857977446999	13.7792853752675
34	WGN63	11.4420493633627	1.41954210215023	1087	8.65669656296397	14.2274021637615
35	WGN63	8.41765110442747	1.41954210215022	1087	5.63229830402874	11.2030039048262
36	WGN63	9.10778673520234	1.41954210215022	1087	6.3224339348036	11.8931395356011
37	WGN63	10.3740680770705	1.41954210215022	1087	7.58871527667181	13.1594208774693
38	WGN63	8.52789501831912	2.00799693060582	1087	4.58790629562951	12.4678837410087
39	WGN63	11.5704762390292	2.00799693060581	1087	7.63048751633961	15.5104649617188
40	WGN63	9.02166373509034	2.00799693060581	1087	5.08167501240076	12.9616524577799
41	WGN63	9.81389114280337	1.41954210215022	1087	7.02853834240463	12.5992439432021
42	WGN63	8.94974746830599	1.41954210215024	1087	6.16439466790723	11.7351002687047
43	WGN63	10.7805698159509	1.41954210215023	1087	7.99521701555212	13.5659226163496
44	WGN63	8.8983926006153	1.41954210215022	1087	6.11303980021657	11.683745401014
45	WGN63	10.5145988446477	1.41954210215023	1087	7.72924604424892	13.2999516450464
46	WGN63	10.8814045689975	1.41954210215024	1087	8.09605176859869	13.6667573693962
47	WGN63	11.4014168960306	1.41954210215024	1087	8.61606409563182	14.1867696964294
48	WGN63	9.97534837376367	1.41954210215024	1087	7.18999557336491	12.7607011741624
49	WGN63	11.1771176284478	1.41954210215022	1087	8.39176482804903	13.9624704288465
50	WGN63	10.697698756663	1.41954210215022	1087	7.91234595626428	13.4830515570617
51	WGN63	9.5301539751054	1.41954210215023	1087	6.74480117470665	12.3155067755041
52	WGN63	9.19041575982356	1.41954210215022	1087	6.40506295942483	11.9757685602223
53	WGN63	10.7980989631335	1.41954210215022	1087	8.0127461627348	13.5834517635323
54	WGN63	11.5415229867974	1.41954210215023	1087	8.75617018639869	14.3268757871962
55	WGN63	5.56122725848741	1.41954210215022	1087	2.77587445808868	8.34658005888613
56	WGN63	12.2629477503659	1.41954210215023	1087	9.47759494996716	15.0483005507647
57	WGN63	11.0360652686673	1.41954210215023	1087	8.2507124682686	13.8214180690661
58	WGN63	8.94356415213013	1.41954210215023	1087	6.15821135173138	11.7289169525289
59	WGN63	9.50100329913234	1.41954210215023	1087	6.7156504987336	12.2863560995311
60	WGN63	11.6952486104592	1.41954210215022	1087	8.9098958100605	14.480601410858
61	WGN63	8.46469650607476	1.41954210215022	1087	5.67934370567602	11.2500493064735
62	WGN63	10.3513904366185	1.41954210215023	1087	7.56603763621972	13.1367432370172
63	WGN63	9.52341030530193	2.00799693060582	1087	5.58342158261232	13.4633990279915
64	WGN63	7.91552850989901	1.41954210215023	1087	5.13017570950026	10.7008813102978
65	WGN63	10.1234753829799	1.41954210215023	1087	7.33812258258117	12.9088281833787
66	WGN63	7.52630421014244	1.41954210215023	1087	4.74095140974369	10.3116570105412
67	WGN63	10.6946181619915	1.41954210215023	1087	7.90926536159272	13.4799709623902
68	WGN63	10.8326393346163	1.41954210215022	1087	8.04728653421757	13.617992135015
69	WGN63	6.35330704979598	1.41954210215023	1087	3.56795424939723	9.13865985019473
70	WGN63	7.34557779283891	1.41954210215023	1087	4.56022499244016	10.1309305932377
72	WGN63	11.6899249135939	1.41954210215023	1087	8.90457211319517	14.4752777139927
73	WGN63	8.99356477715748	1.41954210215023	1087	6.20821197675873	11.7789175775562
74	WGN63	9.17894394464293	1.41954210215023	1087	6.39359114424418	11.9642967450417
75	WGN63	7.80367658909206	1.41954210215023	1087	5.01832378869331	10.5890293894908
76	WGN63	9.94409720865795	1.41954210215023	1087	7.1587444082592	12.7294500090567
77	WGN63	9.59561133797952	1.41954210215023	1087	6.81025853758077	12.3809641383783
78	WGN63	10.2222608530397	1.41954210215022	1087	7.436908052641	13.0076136534385
79	WGN63	9.46011176690832	1.41954210215023	1087	6.67475896650957	12.2454645673071
80	WGN63	10.4705731325806	1.41954210215023	1087	7.68522033218182	13.2559259329793
81	WGN63	11.4183507142343	1.41954210215023	1087	8.63299791383557	14.2037035146331
82	WGN63	9.44718400945262	1.41954210215023	1087	6.66183120905388	12.2325368098514
83	WGN63	8.11162837012942	1.41954210215023	1087	5.32627556973067	10.8969811705282
84	WGN63	12.188959299144	1.41954210215022	1087	9.40360649874525	14.9743120995427
85	WGN63	8.85241291576587	1.41954210215023	1087	6.06706011536713	11.6377657161646
86	WGN63	8.65530374464517	1.41954210215023	1087	5.86995094424642	11.4406565450439
87	WGN63	11.9750547585677	1.41954210215023	1087	9.18970195816896	14.7604075589665
88	WGN63	7.56776436283016	1.41954210215023	1087	4.7824115624314	10.3531171632289
89	WGN63	10.5923190166916	1.41954210215023	1087	7.80696621629289	13.3776718170904
90	WGN63	10.604846266627	2.00799693060581	1087	6.66485754393738	14.5448349893166
91	WGN63	7.74341649025271	1.41954210215023	1087	4.95806368985395	10.5287692906515
92	WGN63	12.6488635756673	1.41954210215023	1087	9.86351077526858	15.4342163760661
93	WGN63	8.74525984217925	1.41954210215023	1087	5.95990704178051	11.530612642578
94	WGN63	9.73559983078711	1.41954210215023	1087	6.95024703038836	12.5209526311858
95	WGN63	10.0369317522738	1.41954210215023	1087	7.2515789518751	12.8222845526726
96	WGN63	8.96241763248233	1.41954210215023	1087	6.17706483208359	11.7477704328811
97	WGN63	6.92782730020066	1.41954210215023	1087	4.14247449980191	9.71318010059941
98	WGN63	12.303865848009	2.00799693060581	1087	8.36387712531942	16.2438545706986
99	WGN63	7.91963895387293	2.00799693060581	1087	3.97965023118334	11.8596276765625
100	WGN63	8.05628347887793	1.41954210215023	1087	5.27093067847918	10.8416362792767
101	WGN63	7.15952044841006	2.00799693060581	1087	3.21953172572047	11.0995091710997
102	WGN63	9.53809561723988	1.41954210215023	1087	6.75274281684114	12.3234484176386
103	WGN63	8.21533113377716	1.41954210215023	1087	5.42997833337841	11.0006839341759
105	WGN63	10.3738448155208	1.41954210215023	1087	7.58849201512207	13.1591976159196
106	WGN63	9.09210234957683	1.41954210215023	1087	6.30674954917808	11.8774551499756
107	WGN63	8.99356477715747	1.41954210215023	1087	6.20821197675872	11.7789175775562
109	WGN63	9.26702748533527	1.41954210215023	1087	6.48167468493652	12.052380285734
110	WGN63	4.05503309553194	2.00799693060581	1087	0.115044372842342	7.99502181822154
111	WGN63	6.13120412840153	1.41954210215023	1087	3.34585132800278	8.91655692880028
112	WGN63	10.9051248379535	1.41954210215023	1087	8.11977203755472	13.6904776383522
114	WGN63	10.8667134979905	1.41954210215023	1087	8.08136069759176	13.6520662983893
115	WGN63	9.61248573862716	1.41954210215023	1087	6.82713293822841	12.3978385390259
116	WGN63	11.6160793893194	1.41954210215023	1087	8.83072658892062	14.4014321897181
117	WGN63	7.02669964253414	1.41954210215023	1087	4.24134684213539	9.8120524429329
118	WGN63	10.2581801226536	1.41954210215023	1087	7.47282732225484	13.0435329230523
119	WGN63	11.0311288741494	1.41954210215023	1087	8.24577607375067	13.8164816745482
121	WGN63	11.6536435068215	1.41954210215023	1087	8.86829070642271	14.4389963072202
122	WGN63	11.1018978878892	1.41954210215023	1087	8.31654508749043	13.8872506882879
123	WGN63	10.8141831307229	1.41954210215023	1087	8.02883033032419	13.5995359311217
124	WGN63	11.3651489862213	1.41954210215023	1087	8.57979618582258	14.1505017866201
125	WGN63	12.8870401102642	2.00799693060582	1087	8.94705138757459	16.8270288329538
126	WGN63	7.63338808518504	2.00799693060582	1087	3.69339936249543	11.5733768078746
127	WGN63	8.08321356105373	1.41954210215023	1087	5.29786076065498	10.8685663614525
128	WGN63	9.29028964508797	1.41954210215023	1087	6.50493684468922	12.0756424454867
129	WGN63	9.2709206961113	1.41954210215023	1087	6.48556789571255	12.0562734965101
130	WGN63	8.7938503654072	1.41954210215023	1087	6.00849756500845	11.579203165806
