plantID3	famID	response	SE	df	lower.CL	upper.CL
1	WGN07	140.463958726208	26.9196213018834	1123	92.6108479115234	198.247677186061
2	WGN07	223.927106217556	33.9891127492392	1123	162.203097058738	295.581723021548
3	WGN07	117.598598932037	24.6313132723885	1123	74.2353284819091	170.892477027343
4	WGN07	55.2350876627979	16.8808386108819	1123	27.0788581927918	93.3219247779818
5	WGN07	215.619036934959	33.3526268798679	1123	155.14386312127	286.024818393826
6	WGN07	190.994241012666	31.3903841226256	1123	134.369141849312	257.549947821199
7	WGN07	102.596442562693	23.0066107742167	1123	62.4209662218621	152.702526548702
8	WGN07	151.025505778609	27.9133295801317	1123	101.222661151539	210.758958050856
9	WGN07	211.427700344836	33.0268715273105	1123	151.591684158542	281.194324176308
10	WGN07	44.641589825486	15.1759651444047	1123	19.8304562112738	79.3833310848761
11	WGN07	175.368319650796	30.0789079303922	1123	121.316439944412	239.350807002358
12	WGN07	149.496212024588	27.7716439240718	1123	99.9713658004677	208.951665893886
13	WGN07	67.9668956485594	18.7255771046668	1123	36.1911441366427	109.673254805654
14	WGN07	261.927082918166	36.7601010995839	1123	194.766176635046	339.018596846463
15	WGN07	121.052607302387	24.9904207407691	1123	76.9847397499615	175.051082499991
16	WGN07	140.606034221184	26.9332320954397	1123	92.7262179588475	198.416458128698
17	WGN07	96.2258001544895	22.2808758930984	1123	57.4742727406425	144.907935213514
18	WGN07	144.374018317881	27.2917268596525	1123	95.7908071270235	202.887837153918
20	WGN07	42.854156504063	14.8690413664081	1123	18.6452314865643	76.9936891667397
21	WGN07	170.947352211762	29.6973490311723	1123	117.644121081135	234.181190987568
22	WGN07	192.125577937465	31.4832158907014	1123	135.318335542498	258.863427977611
23	WGN07	209.062481231233	32.8416179240266	1123	149.589947187631	278.465622920012
24	WGN07	102.754901725231	23.0243706576002	1123	62.5445790961126	152.895831999526
25	WGN07	77.2905183549053	19.9686913368858	1123	43.0756789292874	121.435965425701
26	WGN07	116.740879114252	24.5413231300002	1123	73.5541764026007	169.85818947108
27	WGN07	173.676121279166	29.9334344992769	1123	119.909671888357	237.373178315152
28	WGN07	84.2560971076273	20.8490928288336	1123	48.3138406976659	130.128961162767
29	WGN07	196.331598681918	31.8259660745787	1123	138.8518534636	263.741951545414
30	WGN07	206.517071749055	32.6410764953315	1123	147.438015764227	275.526735379062
31	WGN07	143.738717492459	27.2316136452259	1123	95.2734531571361	202.134589472959
32	WGN07	93.7741872578136	21.9952118054557	1123	55.5831552558034	141.895826905002
33	WGN07	161.380345856437	28.8543845170955	1123	109.731077414574	222.960221943477
34	WGN07	208.653732530335	32.8094970564369	1123	149.244222155746	277.993850550102
35	WGN07	213.218305142895	33.1664307955901	1123	153.108462693749	283.258755237218
36	WGN07	90.3369936192119	21.5883430531368	1123	52.9442701157476	137.660324767854
37	WGN07	106.783008588995	23.4713230232353	1123	65.6957302588107	157.800894564356
38	WGN07	192.054488412603	31.477390706057	1123	135.258675488148	258.780908982236
39	WGN07	189.870889171016	31.2979351341736	1123	133.427182195541	256.245203791668
40	WGN07	167.408383625778	29.3883427045384	1123	114.711447216114	230.03592768062
41	WGN07	186.463702594077	31.0158470167493	1123	130.573474695566	252.284538137766
42	WGN07	189.434950234657	31.2619848387338	1123	133.06178056688	255.738727547612
44	WGN07	182.224292051279	30.6612340175334	1123	127.029842753005	247.34934899473
46	WGN07	83.8927201313103	20.8040856026378	1123	48.0387714396566	129.677276468142
47	WGN07	144.253571337471	27.2803401433307	1123	95.6927017797762	202.745048540343
48	WGN07	148.158563029527	27.6471184129011	1123	98.8780456541736	207.369688050058
49	WGN07	168.072257703763	29.4465562013715	1123	115.261101833924	230.81402121878
50	WGN07	242.209022216379	35.3493678906576	1123	177.816085465075	316.53256661286
51	WGN07	206.115788258926	32.609348624077	1123	147.098984853385	275.063199309645
52	WGN07	158.156995834781	28.5647677645774	1123	107.075978244179	219.168621070561
53	WGN07	222.827920310324	33.9055893323684	1123	161.267790665812	294.318657600014
54	WGN07	142.56046204792	38.3616795565785	1123	77.2268541960358	227.764120250343
55	WGN07	153.156805979576	28.1095986250697	1123	102.968866046754	213.275353557576
56	WGN07	131.399922958354	26.0365867051119	1123	85.2793954868156	187.45105807507
57	WGN07	124.483297336205	25.3420670568558	1123	79.7254720492158	179.171730268371
58	WGN07	81.092285507892	20.4539064084121	1123	45.9254159422979	126.189762718663
59	WGN07	243.547315889747	35.4468924721211	1123	178.963028237801	318.062211186871
60	WGN07	120.697455790811	24.9537346038382	1123	76.701569324973	174.623949901826
61	WGN07	162.986195149857	28.9975899804822	1123	111.055946323514	224.847051621379
63	WGN07	157.473679652895	28.5029940305592	1123	106.513866987893	218.364099963076
64	WGN07	127.077625302977	25.6047794484753	1123	81.8043376372537	182.281520613878
66	WGN07	205.000000000005	32.5209650406822	1123	146.156612137815	273.773995507372
67	WGN07	148.129152352697	27.6443741880482	1123	98.8540193623811	207.334892988191
68	WGN07	133.005952099786	26.1952189133889	1123	86.5741757567407	189.368336088009
69	WGN07	216.440956082482	33.4161349277351	1123	155.841174482991	286.971345327151
71	WGN07	139.099097267393	26.7885156329518	1123	91.5032260886379	196.625576091327
73	WGN07	124.818838867026	25.3761985176566	1123	79.9940449689811	179.574240410249
74	WGN07	152.622417311274	28.0605163239199	1123	102.530780714387	212.644661553339
75	WGN07	129.48793323856	25.8464644167661	1123	83.7404406528039	185.166033469495
76	WGN07	80.4619385257689	20.3742551132981	1123	45.4513510669905	125.403133629725
77	WGN07	209.174613956672	32.8504242063257	1123	149.68480129445	278.595034264072
78	WGN07	146.784238546044	27.5185918014273	1123	97.7559004930006	205.743184244265
79	WGN07	161.99382692527	28.9091769004487	1123	110.237051517003	223.681209978714
80	WGN07	162.654174261098	28.9680392758491	1123	110.781906241863	224.45704992551
81	WGN07	223.959814219215	33.9915949752291	1123	162.230934737741	295.619301345866
82	WGN07	168.282651254632	29.4649810978155	1123	115.435344288568	231.060565865874
83	WGN07	40.0748277173163	14.3787895053779	1123	16.8278154170212	73.2524476627895
84	WGN07	112.778326201124	24.1212225919286	1123	70.4158937925497	165.071366254877
85	WGN07	179.499651809914	30.4311454108134	1123	124.756654458039	244.173256806967
86	WGN07	138.073844215852	26.689608435975	1123	90.67203673814	195.406259338742
87	WGN07	122.217818264441	25.1104073128127	1123	77.9145276188731	176.451716555187
88	WGN07	176.949137926836	30.2141735591723	1123	122.63185641606	241.19702708279
89	WGN07	74.3730262611165	19.5881860683094	1123	40.9047681050474	117.771892062364
90	WGN07	154.496359137507	28.2322582928809	1123	104.067751287366	214.855574632826
91	WGN07	172.308119895804	29.8153125181164	1123	118.773435124146	235.77341231264
92	WGN07	53.8106442338472	16.6617490775121	1123	26.08428566308	91.4676104497923
93	WGN07	184.45787078875	30.8485737453963	1123	128.895846207253	249.950503015424
94	WGN07	171.899184089297	42.124520831846	1123	99.1825856498952	264.485832879235
95	WGN07	171.417963673716	29.7381987638326	1123	118.034582154148	234.731952838463
96	WGN07	121.967204298711	25.0846490060478	1123	77.7144534773028	176.150562765296
97	WGN07	203.458119438518	32.3984331213492	1123	144.855148841083	271.991697681132
98	WGN07	89.2471909225762	21.4577297748213	1123	52.1107409459136	136.314248544417
99	WGN07	156.20832219847	28.3882471713603	1123	105.473651897824	216.873600144294
100	WGN07	137.452272687819	26.6294659328465	1123	90.1684695323801	194.666683488437
101	WGN07	116.220685556588	24.4865844148864	1123	73.1413845100338	169.23059424832
102	WGN07	125.389185470534	25.4341093785366	1123	80.4507659078612	180.258212678385
103	WGN07	150.993377192972	27.9103603349811	1123	101.196358458465	210.721003572658
104	WGN07	115.784080852778	24.4405469240844	1123	72.7951089847357	168.703660365999
105	WGN07	169.747023756795	29.5929035176762	1123	116.648722939895	232.775932218873
106	WGN07	188.551337105416	31.188989365117	1123	132.321390299094	254.711891556916
107	WGN07	178.322916030809	30.331233520035	1123	123.77595366825	242.800486038544
108	WGN07	74.746478698601	19.6373039816357	1123	41.1818473327047	118.241717709675
109	WGN07	66.9815157971186	18.5893403843306	1123	35.4730714476185	108.420567791797
110	WGN07	99.9774949352231	22.7110712299988	1123	60.3818904288861	149.503707086738
111	WGN07	108.245370171897	23.6314929164938	1123	66.8438259113103	159.577522077662
112	WGN07	93.829477895875	22.0016951998814	1123	55.6257249639826	141.963838472945
113	WGN07	124.067514398351	25.2997095179167	1123	79.3927979348344	178.672838507047
114	WGN07	95.9348516217519	22.2471661408665	1123	57.2494653935753	144.550845495107
115	WGN07	214.801389528583	33.2893286859026	1123	154.450411750832	285.082974951513
116	WGN07	169.230767041977	29.54786835736	1123	116.220828752327	232.171312976805
117	WGN07	108.000000000002	23.6046938340807	1123	66.6510376472703	159.279569997912
118	WGN07	73.2318920289839	19.4373305990148	1123	40.0596241707778	116.334767532368
119	WGN07	130.837150424835	25.9807708484429	1123	84.8261380548589	186.77877043999
120	WGN07	126.761362615739	25.572897829036	1123	81.5506291953359	181.90270368132
121	WGN07	131.099062732379	26.0067622491663	1123	85.0370531895588	187.091679920377
122	WGN07	49.4743053966684	22.5989321841965	1123	15.06844787234	103.750213271536
123	WGN07	184.987837038177	30.8928575073874	1123	129.338924232054	250.567357489478
124	WGN07	150.879903846094	27.8998708774056	1123	101.103466252507	210.586949084859
125	WGN07	120.39991652749	24.922958075864	1123	76.464416030586	174.266024669572
126	WGN07	147.020545054118	27.5407338491605	1123	97.9487625616091	206.022935191806
127	WGN07	150.626559883981	27.8764375597733	1123	100.89610030298	210.287627110159
128	WGN07	108.207530153891	23.6273620503011	1123	66.8140909777301	159.531576975229
129	WGN07	195.317436255827	31.7436601977246	1123	137.999181642522	262.56629851431
130	WGN07	153.392307299886	28.1312016637076	1123	103.161980505845	213.553241739106
1	WGN15	204.205872807801	32.4579142061942	1123	145.486195642796	272.856157617983
2	WGN15	173.952298986196	29.9572249413741	1123	120.139170876508	237.696034741063
3	WGN15	195.461309478478	31.7553494305182	1123	138.120119670894	262.73310693124
4	WGN15	237.393411978869	34.9961947973282	1123	173.693428619183	311.024002983733
5	WGN15	127.966526610487	25.6941754338463	1123	82.5178369890936	183.345823877057
7	WGN15	171.306998544823	29.728571892768	1123	117.942505703585	234.602099031239
8	WGN15	181.864568365128	30.6309553409993	1123	126.729528212099	246.930216163335
9	WGN15	122.662812973349	25.1560792365225	1123	78.2699104206617	176.986323171214
10	WGN15	187.870878105027	31.1326598499353	1123	131.751454238675	253.920909616556
11	WGN15	229.995652091712	34.4465956437269	1123	167.374025505832	302.547886322769
12	WGN15	125.44459434779	25.4397283630829	1123	80.4951498954169	180.32464644534
13	WGN15	150.40262092157	27.855707674933	1123	100.712835005351	210.023014482967
14	WGN15	124.756097258722	25.3698198986526	1123	79.9438187129396	179.498983449683
15	WGN15	172.629263319726	29.8430840888942	1123	119.04008854154	236.14904574309
16	WGN15	134.462676171123	26.3382775158111	1123	87.7502075963632	191.105752391062
17	WGN15	147.738316792058	39.0521221882116	1123	81.0500061829586	234.296677751696
18	WGN15	174.712167542965	30.0225840895193	1123	120.770799643112	238.584143087996
19	WGN15	234.116320988906	34.7538033524158	1123	170.89192871196	307.271320911031
20	WGN15	207.365674663559	32.7080707534612	1123	148.155170674149	276.506786298146
21	WGN15	211.003571367828	32.9937285541143	1123	151.232584302149	280.705166078683
22	WGN15	143.888803022441	27.245826951529	1123	95.3956510620554	202.312562628003
23	WGN15	231.947186253045	34.5924282051215	1123	169.039424709732	304.785555441536
24	WGN15	92.1107866755346	30.8356645033758	1123	41.5438123950735	162.547811306535
25	WGN15	135.870263235212	26.4757762663222	1123	88.8880112955531	192.783122820048
26	WGN15	215.34646834352	33.3315393324306	1123	154.912669956763	285.710874375455
27	WGN15	222.594554321976	33.8878301483046	1123	161.06926959363	294.050446695499
28	WGN15	176.433213292811	30.1700941820776	1123	122.202418987417	240.594615243383
29	WGN15	222.053154636122	33.8465936720666	1123	160.60877911804	293.428137799382
30	WGN15	174.709760809231	30.0223773019333	1123	120.768798642889	238.581330620752
31	WGN15	252.015400671315	51.0048655150755	1123	161.874867387487	362.025984305682
32	WGN15	201.447567001386	32.2379566740731	1123	143.159463817451	269.666277830498
33	WGN15	196.607038581793	31.8482830845446	1123	139.083505634345	264.061179174419
34	WGN15	166.518074912595	29.3100922101684	1123	113.974672128492	228.992085341875
35	WGN15	192.671312314605	31.5278983574128	1123	135.776399404985	259.496832869403
36	WGN15	136.854800894801	26.5715269779568	1123	89.6846785266472	193.955530908134
37	WGN15	184.933760066321	30.8883417664603	1123	129.293707499129	250.50442027869
38	WGN15	132.520989003516	26.1474191141129	1123	86.1829996268408	188.789586025368
39	WGN15	176.54118354497	30.1793242312462	1123	122.292279157022	240.720695578097
40	WGN15	174.938027327783	30.0419837237481	1123	120.958595819493	238.848066481252
41	WGN15	180.832718325084	30.5439358842755	1123	125.868417191568	245.727627103778
43	WGN15	199.866765657186	32.1112185426443	1123	141.827332657022	267.836806302528
44	WGN15	262.431172429565	36.7954572646335	1123	195.200894569311	339.592057934997
45	WGN15	269.826470717264	37.3103025256268	1123	201.586025954429	347.997523125277
46	WGN15	180.993055287609	30.5574739123102	1123	126.002191478115	245.914526742282
47	WGN15	209.855853436984	32.9038743218204	1123	150.261167443486	279.381147075659
48	WGN15	118.887604807793	24.7659380817226	1123	75.260189891436	172.445627369328
50	WGN15	224.486357745599	34.0315296993117	1123	162.679123193994	296.224199942382
51	WGN15	154.767392863995	28.2570114366331	1123	104.290217398597	215.175175974572
52	WGN15	219.476933794752	33.6496798138655	1123	158.41891875677	290.465556477913
53	WGN15	121.719000322474	25.0591123036571	1123	77.5163545200121	175.852253770114
54	WGN15	65.9024758424977	18.4389997877778	1123	34.6890115700382	107.046547760135
55	WGN15	151.661020689136	27.971997533105	1123	101.743064923194	211.509584100256
56	WGN15	124.548368229949	25.3486896943732	1123	79.7775488071788	179.249795297897
57	WGN15	207.914963844254	32.751362169762	1123	148.619518690525	277.14101664316
58	WGN15	137.029710319216	26.5885016343789	1123	89.8262823398428	194.163745943766
59	WGN15	214.73805294763	33.2844204594876	1123	154.396705496212	285.010008044225
60	WGN15	154.788924491036	28.2589769613485	1123	104.307892511527	215.200564115723
61	WGN15	130.511830123849	25.9484507748822	1123	84.5642322806704	186.390035612206
62	WGN15	158.212016184993	28.5697359509472	1123	107.121250621909	219.233389393255
63	WGN15	304.44489132576	39.6315300533613	1123	231.6500155532	387.170374743496
64	WGN15	123.716091951215	25.2638532718784	1123	79.1117282630709	178.251063284536
65	WGN15	184.48339959038	30.8507083788219	1123	128.91718669018	249.980220135757
66	WGN15	143.705996959801	27.2285139806637	1123	95.2468144101852	202.095787154594
67	WGN15	191.22512765113	31.4093517920225	1123	134.562812428319	257.818050519118
68	WGN15	14.9886648385402	12.4388302273991	1123	0.517726602006225	49.3296534256122
69	WGN15	225.493070740504	34.1077518349001	1123	163.536282362829	297.380466763357
70	WGN15	223.421918114105	33.9507507322772	1123	161.773178250332	295.001265623056
71	WGN15	180.347169766859	30.5029020137652	1123	125.46338031523	245.161566863666
72	WGN15	163.887959797494	29.0776977838345	1123	111.800533159261	225.905994080906
73	WGN15	145.993150363574	27.4443364046873	1123	97.1105072402652	204.80640113206
74	WGN15	196.607448782178	45.0503376135099	1123	118.150167656584	294.934780258311
75	WGN15	249.921664380581	50.7925501816079	1123	160.197710482888	359.515668628812
77	WGN15	115.302607302378	24.3896775139294	1123	72.4134452187225	168.122377031212
78	WGN15	120.151513194455	24.8972348754346	1123	76.2664836403193	173.967150393768
79	WGN15	224.931898938591	34.0652843841615	1123	163.058435039985	296.735970482375
80	WGN15	127.968742366872	25.6943978818118	1123	82.5196162850717	183.34847609385
81	WGN15	233.961532137702	34.7423125030208	1123	170.759685811202	307.093986109382
82	WGN15	234.30256324937	34.7676241320121	1123	171.051053515638	307.484680628279
83	WGN15	195.998724481488	31.7989746545512	1123	138.571938552555	263.356118055599
84	WGN15	197.611577864519	31.9295418478796	1123	139.928608831154	265.225154543062
85	WGN15	203.034647522512	32.3646989724231	1123	144.49786597898	271.502036711222
86	WGN15	140.227560413657	26.8969591439865	1123	92.4189145354982	197.966813936993
87	WGN15	195.252308678991	31.7383673777976	1123	137.944438994744	262.490786008415
88	WGN15	165.469405220287	29.2176543461733	1123	113.107372797005	227.762045288747
89	WGN15	172.499637680394	29.8318775435947	1123	118.932451025653	235.997431980313
90	WGN15	223.421918114103	33.9507507322761	1123	161.773178250332	295.001265623051
91	WGN15	161.453159789435	28.8608932535624	1123	109.791120694612	223.045806529436
92	WGN15	149.984998499694	27.8170073693589	1123	100.371145627386	209.529459017179
93	WGN15	186.98796714016	31.0594187553494	1123	131.012248062927	252.894293862571
94	WGN15	209.855853436986	32.9038743218213	1123	150.261167443487	279.381147075663
95	WGN15	126.19044804416	25.5152445511471	1123	81.092834890293	181.218668843204
96	WGN15	210.475947370402	32.9524515771075	1123	150.785948980681	280.0965534053
97	WGN15	152.59523716094	28.0580175985529	1123	102.508503259786	212.612578707272
98	WGN15	125.998015841764	25.4957825869159	1123	80.9385885927027	180.988050736003
99	WGN15	190.587324593624	31.3569274243985	1123	134.027870104076	257.07738672835
100	WGN15	137.810192531812	26.6641143873707	1123	90.4584063829617	195.092586325841
101	WGN15	202.87677248758	32.3521135056036	1123	144.364684619989	271.319468000349
102	WGN15	146.402712048986	27.4828049100561	1123	97.444590692003	205.291441051147
103	WGN15	119.135482081747	24.7917427763969	1123	75.4574363245024	172.74413548417
104	WGN15	170.691156102322	29.6750872121117	1123	117.431604411926	233.881315437896
106	WGN15	164.350868481668	29.1187344390649	1123	112.182924697707	226.449419910807
107	WGN15	242.99074038789	35.4063661449752	1123	178.485968577825	317.426119843134
108	WGN15	152.941153837436	28.0898018211235	1123	102.79205679128	213.02085852877
109	WGN15	203.969358142524	32.4391121102078	1123	145.286572168919	272.582751761307
110	WGN15	151.351201750541	27.9434117929709	1123	101.489333455452	211.143677690809
111	WGN15	133.196270822621	26.2139536330861	1123	86.727735485756	189.595413804664
112	WGN15	163.220853683995	29.0184570377073	1123	111.249662049861	225.122652963307
113	WGN15	121.382456133671	25.0244450118797	1123	77.2478302847927	175.447689627727
114	WGN15	186.616119329537	31.0285207125945	1123	130.701024642797	252.461821661456
115	WGN15	149.949056597771	27.8136741824907	1123	100.341743700305	209.486977140415
116	WGN15	184.402048268059	30.8439055373002	1123	128.849183078074	249.885521103222
117	WGN15	166.38708054222	29.2985612923746	1123	113.866302325913	228.838466403705
118	WGN15	122.126925020887	25.1010682863667	1123	77.8419582798646	176.342499407088
119	WGN15	212.252358464321	33.0912182791958	1123	152.290088888964	282.145235684856
120	WGN15	179.971792224625	30.4711408590957	1123	125.150320656962	244.723871437466
121	WGN15	148.094431069642	27.641134095267	1123	98.8256553962455	207.293814388216
122	WGN15	279.967738204931	38.0049782560871	1123	210.364285011984	359.501799043057
123	WGN15	174.956651122488	30.0435828067367	1123	120.974082087582	238.869827802572
124	WGN15	153.681158050716	28.1576759279908	1123	103.398886667542	213.894037079068
125	WGN15	52.4782505861494	16.4541771418774	1123	25.1591644818286	89.7279443356482
126	WGN15	105.285702146249	23.306185184004	1123	64.5224372472721	155.979574690403
127	WGN15	171.655913279081	29.7588317784565	1123	118.232048161716	235.010386041624
128	WGN15	248.50785978995	35.8060619381204	1123	183.218853391501	323.727473833577
129	WGN15	133.294736614277	26.2236412197626	1123	86.8071934702746	189.712887403457
130	WGN15	173.035440262607	29.8781721459108	1123	119.377419956338	236.624068214053
1	WGN26	3.02846204467581	5.59125286428046	1123	0	23.9339651778479
3	WGN26	97.5960524607081	22.4389546022923	1123	58.5343621840967	146.588350382498
4	WGN26	108.441556863543	23.6528983845668	1123	66.9980133907272	159.815707981537
5	WGN26	128.220091023146	25.7196192137667	1123	82.7214787040041	183.649310987466
6	WGN26	175.723699183095	30.1093695846661	1123	121.612051314748	239.765954696621
7	WGN26	146.448360637372	27.4870891663175	1123	97.4818332325817	205.34549568734
8	WGN26	28.6873363863057	12.1655460501983	1123	9.78288185077018	57.5223985670183
9	WGN26	74.2849804219131	19.5765879856422	1123	40.8394786164048	117.661089872599
10	WGN26	101.049105359829	22.8324613119378	1123	61.2153239635275	150.813494401308
11	WGN26	48.7441852601996	15.8579813181069	1123	22.5948822621037	84.8240959034735
12	WGN26	76.7571421284202	19.899670813543	1123	42.6777263991285	120.76716550289
13	WGN26	179.977775033619	30.4716473315224	1123	125.155309727213	244.730847985204
14	WGN26	62.8787648325417	18.0110277361095	1123	32.5050153920513	103.18312191821
15	WGN26	150.527821384946	27.8672993014604	1123	100.81529178562	210.17095862945
17	WGN26	157.339117641985	28.4908134556889	1123	106.403204223068	218.20563870608
18	WGN26	68.1749164809607	18.7542111487541	1123	36.3429827220356	109.937457885064
19	WGN26	210.897318269557	46.6588031865655	1123	129.284101159028	312.380585730624
20	WGN26	55.8922315791469	24.020043580485	1123	18.6980417029935	112.956471805839
21	WGN26	111.918859605732	24.0291347117926	1123	69.7371108621149	164.031215994527
22	WGN26	115.537268518036	24.4144835546605	1123	72.5994350310888	168.405709650162
23	WGN26	129.476347031163	25.8453080572936	1123	83.7311233136572	185.152178393847
25	WGN26	132.102107027786	26.1060620755953	1123	85.8452634140511	188.289558286699
26	WGN26	164.70249387943	29.1498672710702	1123	112.473465029998	226.86213037404
27	WGN26	82.3455662603663	20.6113578842428	1123	46.8697645132083	127.751975652703
28	WGN26	87.9545219516652	21.3017645586347	1123	51.1240879982279	134.71556355028
29	WGN26	96.0604878023708	22.2617288072838	1123	57.3465284771055	144.705054772814
30	WGN26	96.941100855979	22.3635357283429	1123	58.0273883429128	145.785421014223
31	WGN26	212.618980208114	33.1197850425955	1123	152.60066039575	282.567907665655
32	WGN26	103.739998999794	23.1344731584217	1123	63.3136466028062	154.09695904196
33	WGN26	83.4553836976357	29.3511583348702	1123	35.8011272990647	150.979690446745
34	WGN26	109.815599969351	23.8022774570361	1123	68.078963005385	161.482844578496
35	WGN26	155.735292703897	28.3452319866981	1123	105.085021579365	216.316171473607
36	WGN26	86.1160704986917	21.0779609863322	1123	49.7247567597109	132.43799188285
38	WGN26	77.137992820938	19.9489784440506	1123	42.9618316417853	121.244761645268
39	WGN26	84.3733107765274	20.8635899952689	1123	48.4026097855943	130.274619412638
40	WGN26	109.197222151364	23.7351668664421	1123	67.5922614454253	160.732790502481
41	WGN26	23.6052390989998	15.6099771743028	1123	2.91226109307475	64.1682674554633
42	WGN26	95.7419347844306	22.2247863035667	1123	57.1004595575552	144.314017656484
43	WGN26	69.6581045073272	26.8153760898026	1123	26.9792523519218	132.20700701327
44	WGN26	131.908332802466	26.0869081857941	1123	85.6890706272698	188.05820262284
45	WGN26	100.168123520849	22.732712688566	1123	60.5300567703691	149.736797916507
46	WGN26	137.048203568651	26.5902957387482	1123	89.8412554153715	194.185759367108
47	WGN26	126.107838320444	25.506891492679	1123	81.0266145243886	181.119669761677
48	WGN26	144.956883730934	27.3467623184448	1123	96.2656886405386	203.578686466508
49	WGN26	112.566664178354	24.0985766425387	1123	70.2486649039349	164.81527109795
50	WGN26	42.0748598998849	14.733225407678	1123	18.1324164774325	75.9479109675156
51	WGN26	74.9165738677345	19.659634882638	1123	41.3081275174026	118.455627863244
52	WGN26	132.907830863525	26.1855547538513	1123	86.4950163617273	189.2512530105
53	WGN26	115.591084747318	24.4201689170425	1123	72.6420961321358	168.470681007678
54	WGN26	126.903469936575	25.5872282132331	1123	81.6646191750715	182.072928343256
55	WGN26	79.9217985566708	20.3057539001574	1123	45.0456158667501	124.728588891769
56	WGN26	74.5278665245496	19.6085661915335	1123	41.019620963504	117.966719730773
57	WGN26	259.188815305365	36.5674454613784	1123	192.405914539739	335.902323716169
58	WGN26	163.920067956379	29.0805460272866	1123	111.827052840435	225.943690717502
59	WGN26	142.560462047916	38.3616795565785	1123	77.2268541960319	227.764120250339
60	WGN26	154.165492286794	28.2020112210384	1123	103.796231571007	214.46536064776
61	WGN26	98.4841345003571	22.5408158146159	1123	59.2225845122129	147.676292133679
62	WGN26	134.299980783995	26.3223384709547	1123	87.6187858690944	190.911783344074
64	WGN26	87.8528168082713	21.2894449778191	1123	51.0465548415191	134.589686420201
65	WGN26	161.453159789432	28.8608932535622	1123	109.79112069461	223.045806529432
66	WGN26	145.379209722126	27.3865701853444	1123	96.6099084653719	204.079118624059
67	WGN26	80.1898275858245	20.3397745063214	1123	45.2468937903653	125.063369026462
68	WGN26	165.374138586562	29.2092423127771	1123	113.02861123454	227.650273583763
69	WGN26	229.828063602966	34.4340434392664	1123	167.231065429662	302.355669421447
70	WGN26	89.3818272088332	21.473908997236	1123	52.2136323250478	136.480629737797
71	WGN26	186.424567345376	31.0125920224378	1123	130.540726001759	252.23901633417
73	WGN26	71.4781401698936	19.2031783712017	1123	38.765297402337	114.121590582628
74	WGN26	114.887498563541	24.345734461353	1123	72.0845562058381	167.621048566421
75	WGN26	137.368510622124	26.6213508287746	1123	90.1006299392517	194.566998950174
76	WGN26	76.0127528892962	19.8029424186071	1123	42.1231258800471	119.832987543723
77	WGN26	31.8473824241211	12.8180914434664	1123	11.6625824942449	61.9627899991753
78	WGN26	119.466507841733	24.8261616268489	1123	75.7209295923292	173.142693736316
79	WGN26	159.787572472601	28.7116395704078	1123	108.418380845229	221.087371745151
80	WGN26	89.1899309798001	21.4508451574774	1123	52.0669891639475	136.243480440831
81	WGN26	193.22878355019	31.5734765007438	1123	136.244442737932	260.143732007627
82	WGN26	171.695889310122	29.7622967646196	1123	118.26522561733	235.057160648091
83	WGN26	71.9687364248414	19.2689669965023	1123	39.1268111991561	114.741269295705
85	WGN26	49.5154937434716	22.6083372581965	1123	15.0911827241008	103.809855113381
86	WGN26	90.0372681420797	30.4866160192659	1123	40.155154445483	159.789432189215
87	WGN26	196.256105206813	31.8198466220678	1123	138.78836683571	263.654451223093
88	WGN26	47.97915761656	15.733045670653	1123	22.0749881868822	83.8139346914157
89	WGN26	89.3603235895952	21.4713257286144	1123	52.1971972820592	136.454057542309
90	WGN26	137.24953874381	26.6098202452616	1123	90.0042819728481	194.42540315995
91	WGN26	88.4144653539391	21.3573889341415	1123	51.4748920000433	135.284646353013
92	WGN26	91.5555213042667	21.7334545825897	1123	53.8780775647581	139.163572688953
93	WGN26	193.450311849795	31.5915701172415	1123	136.430469938626	260.400761406142
94	WGN26	43.9463600656489	15.0573293157075	1123	19.3679992798765	78.4553284965992
95	WGN26	174.173236930429	29.976243337382	1123	120.322793231683	237.954288274352
96	WGN26	80.6643772202495	20.399869376708	1123	45.603532561704	125.655829523973
97	WGN26	143.464712576982	27.2056458493733	1123	95.0503990998889	201.809633699252
98	WGN26	66.0317300508512	18.457073091071	1123	34.782804535587	107.211263211294
99	WGN26	201.010525732671	32.2029675012003	1123	142.791074058351	269.16058505217
100	WGN26	60.4667876276932	24.9836860898625	1123	21.3818553428102	119.421770263114
101	WGN26	76.491665637599	19.8652279560188	1123	42.479829504231	120.434109416145
102	WGN26	98.2283982551179	22.5115306373378	1123	59.0243080885237	147.36309606689
103	WGN26	112.128430675225	24.0516217897516	1123	69.9025605156975	164.284908479931
104	WGN26	120.474579699649	24.9306845708884	1123	76.5239192116998	174.355847832777
105	WGN26	185.878289415264	30.967120752459	1123	130.083666280362	251.603520195344
106	WGN26	134.814560089171	26.3727181537498	1123	88.0345162734883	191.525211550032
108	WGN26	101.459983987182	22.8788340789446	1123	61.5352155740808	151.315360045462
109	WGN26	217.443533693798	33.4934390628101	1123	156.692075300129	288.125599732646
111	WGN26	81.9624765331515	20.563357701992	1123	46.5808549195233	127.274705791958
112	WGN26	101.803726564307	22.917557619211	1123	61.8029795189996	151.735081254792
113	WGN26	45.3241756210016	15.2915479489248	1123	20.2862594519527	80.2926994352285
114	WGN26	56.8059047942493	24.2155761749326	1123	19.228064586138	114.253795352899
115	WGN26	200.024746303851	32.123906867782	1123	141.960417811634	268.019682441246
116	WGN26	159.772723919625	28.7103054985545	1123	108.406149846175	221.069905638253
117	WGN26	55.8922315791416	24.0200435804837	1123	18.6980417029907	112.956471805831
118	WGN26	164.016087400624	29.0890620348485	1123	111.906363207927	226.056419238498
119	WGN26	176.970165397129	30.2159687325512	1123	122.649361614965	241.22157682447
120	WGN26	14.1593705671831	12.0898257117882	1123	0.373206644860265	47.8155848400443
121	WGN26	115.860997033867	24.4486635901212	1123	72.8560996285589	168.796502084353
122	WGN26	55.4392834356151	16.9120127806988	1123	27.2218877920995	93.5872867243086
123	WGN26	124.266628527823	25.3200029449143	1123	79.5520947641456	178.911769936678
125	WGN26	168.4578252017	29.4803129055899	1123	115.5804360227	231.265822025878
126	WGN26	35.9875437105655	19.2741027029849	1123	8.10526317743889	83.7398745942303
127	WGN26	157.772723919625	28.5300449452778	1123	106.759835231973	218.716220252455
128	WGN26	72.1775526523521	19.2969010604135	1123	39.2808185958284	115.004894354054
129	WGN26	6.79844477334272	8.37727655999225	1123	0	33.170345561189
130	WGN26	84.2272660151346	20.845525410124	1123	48.2920091613138	130.093130514133
1	WGN36	149.49958193864	27.7719569337641	1123	99.9741215648813	208.955649957579
2	WGN36	95.2105099003395	22.1630200597096	1123	56.6902249027784	143.661402543078
4	WGN36	241.717838031568	35.313506587858	1123	177.395263977401	315.971019730913
5	WGN36	128.399812967292	25.7376380800191	1123	82.8658462151012	183.864387364661
6	WGN36	122.413714733493	25.1305233264174	1123	78.0709548867986	176.687082225366
7	WGN36	233.997580619986	34.7449889246237	1123	170.790482943758	307.135285941391
8	WGN36	169.138438763308	29.5398069508254	1123	116.144317587433	232.063167584362
9	WGN36	130.714571505868	36.7333103371977	1123	68.5759521587366	212.723241203538
10	WGN36	126.217204298705	25.5179494159161	1123	81.1142839873828	181.250732255206
11	WGN36	151.027056824251	27.9134729159769	1123	101.223930960977	210.760790332702
12	WGN36	106.108645736038	33.0958433255033	1123	51.1070228086753	180.98031901394
13	WGN36	152.539705173909	28.0529117404649	1123	102.462989367978	212.547028625018
14	WGN36	173.418910227372	29.9112608612902	1123	119.695967258591	237.072460841331
15	WGN36	142.192004612574	27.0847033010385	1123	94.0149899293092	200.299626941017
16	WGN36	105.713850172418	23.353524818338	1123	64.8577011868863	156.500606803128
17	WGN36	239.499739039382	35.1511077814233	1123	175.495804218608	313.434281505334
18	WGN36	179.441136685853	30.426184879203	1123	124.70787228722	244.105008729664
19	WGN36	192.708107766448	31.5309087378116	1123	135.807288253672	259.539534924401
20	WGN36	82.4053786194436	20.6188421375549	1123	46.9148921785354	127.82647270553
21	WGN36	155.161239494018	28.2929423177781	1123	104.613564813296	215.639521819919
22	WGN36	65.9753119796733	26.096892248168	1123	24.7061816413793	127.114492668506
23	WGN36	177.008190500946	30.2192147701903	1123	122.681017737584	241.265970909487
24	WGN36	118.526339069539	24.7282811191673	1123	74.9728100760158	172.01047570824
26	WGN36	164.888770017794	29.1663466520355	1123	112.62740732655	227.080740354215
27	WGN36	140.785133563224	26.9503799691997	1123	92.8716718236266	198.629202948
28	WGN36	155.619887137623	28.3347276118201	1123	104.990226422933	216.180155497491
30	WGN36	163.715762016991	29.0624177383471	1123	111.658316030015	225.703815649146
31	WGN36	251.444073050401	36.0169717763093	1123	185.741244958117	327.077508787863
32	WGN36	107.915026221294	23.5954059881563	1123	66.5842873528981	159.176372734868
33	WGN36	183.934402715829	30.804770473857	1123	128.458323598895	249.341089477941
34	WGN36	155.29003816793	28.3046828063846	1123	104.719327724991	215.791356256047
35	WGN36	109.149786324353	23.7300109680238	1123	67.5549418967016	160.675238397182
36	WGN36	184.73475483786	30.8717179870516	1123	129.127319433585	250.272797887314
37	WGN36	151.594901016234	27.9658993908649	1123	101.68891028508	211.431499392566
38	WGN36	112.545300375256	34.0848783578182	1123	55.6031129116477	189.357538189403
39	WGN36	145.531907673054	27.4009490488516	1123	96.7343939549794	204.260029036307
40	WGN36	150.733331481072	27.8863159122082	1123	100.983489795509	210.413780811812
41	WGN36	97.1978883789486	22.3931355522285	1123	58.2260986829365	146.100285720139
42	WGN36	95.1701449273148	22.1583214999264	1123	56.6590788736624	143.611818626145
43	WGN36	182.376285999158	30.6740186758243	1123	127.156752195607	247.526427447887
44	WGN36	189.777370716857	31.2902264880003	1123	133.348788711578	256.136560367313
45	WGN36	143.181785641969	27.1788064666333	1123	94.8201331451434	201.474045783973
46	WGN36	169.865855453259	29.6032599870262	1123	116.747234428798	232.915084122897
47	WGN36	112.253959134167	24.0650809922033	1123	70.0016809606554	164.436844952857
48	WGN36	131.674183411932	26.0637445743677	1123	85.5003700645291	187.778604404513
49	WGN36	66.1884625104496	18.4789648989842	1123	34.8965835459316	107.410949120146
51	WGN36	135.933791297117	26.4819651046823	1123	88.9393963697482	192.858793869663
52	WGN36	107.99768513557	23.6044408620484	1123	66.649219133866	159.276758782452
53	WGN36	217.749711316015	33.5170114679213	1123	156.952002009184	288.478028268024
54	WGN36	125.499501990058	25.4452952936263	1123	80.5391347820338	180.390476843259
55	WGN36	107.369026473819	23.5356394147686	1123	66.1555543239718	158.513106268844
56	WGN36	168.229164082529	29.4602981321245	1123	115.391045463538	230.997890346698
57	WGN36	182.67170748035	30.6988522151342	1123	127.403448319133	247.870574286745
58	WGN36	165.926171984485	29.2579532043481	1123	113.485070031337	228.29788158281
59	WGN36	109.724309040866	23.7923818511603	1123	68.0070880340696	161.37213769284
60	WGN36	187.103766298118	31.0690346090482	1123	131.109180159493	253.028960081921
62	WGN36	83.6825205639493	20.7780061499151	1123	47.8797418100885	129.415906962988
64	WGN36	177.560757238888	30.2663457010688	1123	123.141109881568	241.911012241386
65	WGN36	147.48250644352	27.5839685451061	1123	98.325894076491	206.569726455728
66	WGN36	222.75	33.8996606205563	1123	161.201502954448	294.22910469073
68	WGN36	71.4964786985982	19.2056416099787	1123	38.7788028627895	114.144762179585
69	WGN36	115.688820407425	24.4304907209976	1123	72.7195796009135	168.588668859114
70	WGN36	82.199968710876	20.5931280569903	1123	46.759935318844	127.570609748086
71	WGN36	164.985847796952	29.1749311891639	1123	112.707641568556	227.194661670525
72	WGN36	168.9763280452	29.5256473448259	1123	116.009989130166	231.873274605411
74	WGN36	132.16582063753	26.1123568689964	1123	85.8966261439599	188.365622776279
75	WGN36	79.4362696659696	20.2439807073332	1123	44.6812908397834	124.121856137334
76	WGN36	132.630552696921	26.1582257642401	1123	86.2713598225868	188.920353216432
77	WGN36	153.499592832798	28.1410376961502	1123	103.249966969348	213.679826341426
78	WGN36	132.081174402464	26.1039936374829	1123	85.8283892270198	188.264567223086
79	WGN36	131.992423807587	26.0952220079016	1123	85.7568492594057	188.158606000947
80	WGN36	108.494815420464	23.6587059579678	1123	67.0398770317799	159.880361454326
81	WGN36	185.032888744216	30.8966190822832	1123	129.376595432241	250.619789701368
82	WGN36	125.836477907463	25.4794336907373	1123	80.8091284787969	180.794434981308
83	WGN36	145.753006810718	27.4217555751425	1123	96.9146690513061	204.521952215307
84	WGN36	158.922918606661	28.6338509617668	1123	107.706354348716	220.070090509785
85	WGN36	195.380696239041	31.748800396363	1123	138.052356151652	262.639643971608
86	WGN36	80.0000000000011	20.3156858026044	1123	45.1043301361823	124.826277508998
87	WGN36	184.795070866762	30.8767573946879	1123	129.177747748277	250.343001630425
88	WGN36	148.111025509282	27.6426826892262	1123	98.8392113727167	207.313447291025
89	WGN36	143.075663908262	27.1687325711369	1123	94.7337771868675	201.348158274835
90	WGN36	125.891839053465	25.4850378508455	1123	80.8534938218132	180.860791930296
92	WGN36	78.6571957465392	20.14446433854	1123	44.0974758644208	123.147523273836
93	WGN36	115.499454145871	24.4104879005661	1123	72.5694604465765	168.360055490343
94	WGN36	83.7072948325462	20.7810815939186	1123	47.8984818156194	129.446715494651
95	WGN36	162.417543854793	28.9469601556156	1123	110.586634727654	224.17906062711
96	WGN36	128.28514659935	25.7261431229802	1123	82.7737338571248	183.727166986752
97	WGN36	117.89609494695	24.6624492260535	1123	74.4717333064091	171.251064232669
98	WGN36	233.807278794813	49.1277732382086	1123	147.349748220426	340.134859719739
99	WGN36	83.412558481699	20.7444638701374	1123	47.675592319379	129.080132289197
100	WGN36	147.000000000002	27.5388094730942	1123	97.9319932847168	205.998614360465
102	WGN36	143.333131557414	27.1931669347432	1123	94.9433026924845	201.653568067521
104	WGN36	112.567266743759	24.0986411418701	1123	70.2491409165783	164.816000216117
105	WGN36	171.859533738185	29.776476702456	1123	118.401047891888	235.24862722966
106	WGN36	118.461525809716	24.7215191636229	1123	74.9212643049036	171.932394959707
107	WGN36	129.969223483126	25.8944538824628	1123	84.1275717905621	185.741482820868
108	WGN36	141.339357775097	27.003375202164	1123	93.3219152195315	199.28740797584
109	WGN36	176.482647019118	30.1743204717238	1123	122.243560400976	240.652341282439
110	WGN36	85.7500000000016	21.0331131599036	1123	49.4466812244465	131.983926420735
112	WGN36	187.411723033035	31.0945925785323	1123	131.366990147754	253.387063563494
114	WGN36	77.5356977359965	20.000338393706	1123	43.2587642953688	121.743238821802
115	WGN36	100.733763095212	32.2467236059723	1123	47.3981798539174	173.939396687045
116	WGN36	114.407676649775	24.2948418946817	1123	71.7045895113655	167.041371433362
117	WGN36	195.401435581684	31.750485393372	1123	138.069789397612	262.663689410934
118	WGN36	145.551452267574	27.4027889287377	1123	96.7503285604277	204.283183619898
119	WGN36	112.799635035284	24.1235012693674	1123	70.4327316823211	165.097146033424
120	WGN36	126.963922517118	25.5933219386707	1123	81.7131153869407	182.145337292473
121	WGN36	139.068107302495	26.7855313526094	1123	91.4780915165314	196.588730733637
122	WGN36	142.937035212838	27.1555672339381	1123	94.6209799186837	201.18369815217
123	WGN36	293.424638084187	38.9076305019758	1123	222.050110177299	374.729773636252
124	WGN36	173.36249908746	29.9063955742276	1123	119.649102194626	237.006503625472
125	WGN36	210.26054163313	32.935585126937	1123	150.60363654545	279.848054365987
126	WGN36	172.470647179201	29.8293706472533	1123	118.908379252288	235.963522751292
127	WGN36	99.1655011512534	22.6186562050751	1123	59.7512221936824	148.510387754002
128	WGN36	113.136195008363	24.1594630780646	1123	70.6987317577866	165.504265904118
129	WGN36	174.505769025961	30.0048450616216	1123	120.599206494291	238.342939202809
130	WGN36	84.5743389728245	20.8884300456156	1123	48.5548998490585	130.524385741768
1	WGN38	183.03252844877	30.7291561009869	1123	127.704810679643	248.290853863076
2	WGN38	174.535912128274	30.0074363801384	1123	120.624265225827	238.378166675899
3	WGN38	91.3460524607161	21.7085784833186	1123	53.7174175848658	138.905294981744
4	WGN38	87.9878030638396	21.3057943648813	1123	51.1494623135402	134.756751459317
5	WGN38	215.436600847645	33.3385140017629	1123	154.989117610993	285.814691729476
6	WGN38	115.758612984107	34.568037413138	1123	57.8684294460566	193.518846872695
7	WGN38	177.465902485002	30.2582603269793	1123	123.062119267685	241.800293347497
8	WGN38	117.707948953183	24.642762425756	1123	74.3222143634959	171.024291188048
10	WGN38	148.273460406894	27.6578365438994	1123	98.9719132153757	207.50561524359
11	WGN38	177.96488071144	30.3007688170628	1123	123.477692492632	242.382676575426
12	WGN38	122.94916598295	25.1854252119644	1123	78.4986843179325	177.330255293145
13	WGN38	166.462112512356	29.3051666159117	1123	113.928374131658	228.926458538231
14	WGN38	155.006067722869	28.278791347552	1123	104.486158358922	215.456584731994
16	WGN38	181.380460999601	30.5901597299156	1123	126.325465044722	246.366064599659
18	WGN38	229.14464507808	34.3828086526183	1123	166.648173586586	301.571724214753
19	WGN38	101.199601592045	22.8494576075711	1123	61.3324721266902	150.997338702577
20	WGN38	177.299985722447	30.2441124639765	1123	122.923961725289	241.606617364783
21	WGN38	145.953932475676	27.4406499947516	1123	97.0785223786543	204.759950217876
22	WGN38	160.498251726882	28.7754183996427	1123	109.003921019364	221.923190079578
23	WGN38	261.312119458765	36.716922282051	1123	194.235933412324	338.318913150383
24	WGN38	85.2678533483128	20.9738983475467	1123	49.0807186927591	131.385595649044
26	WGN38	153.112498966775	28.1055323923407	1123	102.932537302438	213.223068276289
27	WGN38	134.421422494991	26.3342368624712	1123	87.7168819999432	191.056570635217
28	WGN38	136.778840060447	26.5641517324419	1123	89.6231885041701	193.865099261903
29	WGN38	135.396138101155	26.4295417160534	1123	88.5046019861832	192.218281861304
30	WGN38	116.306007441095	24.495571017447	1123	73.209073973382	169.333548553986
32	WGN38	183.319645625615	30.7532485704938	1123	127.944656536071	248.625242360337
33	WGN38	217.062049191218	33.4640455996886	1123	156.368263084442	287.686442943173
34	WGN38	169.285230022825	29.5526226214969	1123	116.265963492942	232.235104197886
35	WGN38	204.55880657739	32.485950982098	1123	145.784119052538	273.26410174742
36	WGN38	186.61611932955	31.0285207125954	1123	130.701024642808	252.461821661471
37	WGN38	183.483309108529	30.7669733976367	1123	128.081390828461	248.815835033774
38	WGN38	194.476171969847	31.675223846787	1123	137.292194860655	261.590756724217
39	WGN38	172.950348027143	29.8708247692799	1123	119.306743851808	236.524559847655
40	WGN38	196.989449558511	31.8792413264742	1123	139.405174105054	264.504332657145
41	WGN38	154.97418925036	28.2758832967888	1123	104.459985710773	215.419000435124
42	WGN38	147.4283550305	27.5789040528933	1123	98.2816795955923	206.505638110585
43	WGN38	48.6074412222013	22.400073634222	1123	14.5917598162112	102.49317297873
45	WGN38	181.392200991019	30.591149699837	1123	126.335262637277	246.379746989938
46	WGN38	115.513041999188	24.411923735812	1123	72.5802310781904	168.376460565364
47	WGN38	173.02325267043	29.8771199065871	1123	119.367296940489	236.609816045549
48	WGN38	188.561971054683	31.189868853588	1123	132.330298622796	254.724251131749
49	WGN38	166.038888143281	29.2678892023321	1123	113.578290980469	228.43009295127
50	WGN38	163.872577482989	29.0763331540325	1123	111.787828355776	225.88793425538
51	WGN38	97.8364617883015	22.4665746536927	1123	58.7205787981	146.882952423681
52	WGN38	160.413841757192	28.7678505550978	1123	108.934359755998	221.823931403563
53	WGN38	141.292247083163	26.998874496434	1123	93.2836352662902	199.231466545215
54	WGN38	125.523780845925	25.4477564698515	1123	80.5585846165381	180.41958472049
55	WGN38	49.2812296813984	15.9451005405256	1123	22.9609919156478	85.5320750923269
56	WGN38	168.412491545171	29.4763459177011	1123	115.542885908473	231.212704827046
59	WGN38	205.504606775324	32.5609655607686	1123	146.582734746067	274.357086449758
61	WGN38	169.520955454308	29.5731911061303	1123	116.461331939546	232.511186614248
63	WGN38	93.0157076859983	21.9060785865275	1123	54.9995620712263	140.962460945948
64	WGN38	132.155234996929	26.111311131306	1123	85.8880923229702	188.352985316065
65	WGN38	119.43668193157	24.8230623938447	1123	75.6971846211223	173.106786887196
66	WGN38	64.9175724503941	18.3006969619003	1123	33.9754692019546	105.790283344011
67	WGN38	158.936683487467	28.6350909748966	1123	107.717686226215	220.086288393898
68	WGN38	168.97454701884	29.5254917428686	1123	116.008513407087	231.87118827577
69	WGN38	188.483751915122	31.1833991032281	1123	132.264773642386	254.633337833036
70	WGN38	161.499613002173	28.8650448749824	1123	109.829428099535	223.100405549989
72	WGN38	171.111035007578	29.7115632966102	1123	117.77991436999	234.372763290344
73	WGN38	286.717491948438	38.4603815630334	1123	216.220501642775	367.145089899279
74	WGN38	149.918288821893	27.810820517334	1123	100.316575039949	209.450610249014
76	WGN38	194.358187090485	31.6656140205043	1123	137.193065216421	261.453916609728
77	WGN38	245.983738762492	35.6237548196043	1123	181.052433271836	320.845651898327
78	WGN38	136.219223483127	26.5097537851324	1123	89.1703049787071	193.198749632724
80	WGN38	139.742383096654	26.8503880496776	1123	92.0251133690637	197.390260469422
81	WGN38	144.943398570376	27.3454902710328	1123	96.2546993370693	203.562705448861
82	WGN38	179.796077524371	30.4562620415628	1123	125.003799367156	244.518963326764
83	WGN38	172.630731249801	29.8432109719807	1123	119.041307517018	236.150762627762
84	WGN38	201.756218713076	32.2626442197917	1123	143.419676622386	270.023368448944
85	WGN38	123.524585209573	25.2442920655631	1123	78.9586021470096	178.021175917313
86	WGN38	158.080459716728	28.5578553261355	1123	107.013004874119	219.078522204516
87	WGN38	212.096587096612	33.0790732776912	1123	152.158146969599	281.965634868804
88	WGN38	137.499545453046	26.6340447595512	1123	90.2067582794166	194.722940271853
89	WGN38	193.030099968548	31.5572399321916	1123	136.077616581045	259.913191001229
90	WGN38	202.462647431044	32.3190770352873	1123	144.015379717041	270.840522790225
91	WGN38	198.818930723205	32.0269337122608	1123	140.944871190554	266.623597901034
92	WGN38	228.785825892807	34.3558779667623	1123	166.342194525475	301.160064905316
93	WGN38	103.057894129464	23.0582915421612	1123	62.7810160564371	153.265379847669
94	WGN38	153.059187479229	28.1006390028446	1123	102.888827030025	213.160155573611
95	WGN38	154.98319486943	28.2767048469319	1123	104.467379383835	215.429618000203
96	WGN38	174.702975444267	30.0217942928211	1123	120.763157187665	238.573401346046
97	WGN38	165.181789984208	29.1922505641648	1123	112.869601779626	227.424585833969
98	WGN38	224.463920350156	34.0298289323297	1123	162.660022837161	296.198425508328
99	WGN38	182.649602303031	30.6969947186674	1123	127.384987696002	247.844824555237
100	WGN38	182.868055290928	30.7153463773704	1123	127.567433285884	248.099284941151
101	WGN38	201.363120416777	32.2311989089102	1123	143.088276499694	269.568571979037
102	WGN38	104.694144467571	23.2406189535201	1123	64.0595256705981	155.259370909722
103	WGN38	178.976980000455	30.386808006596	1123	124.320976123474	243.563591522613
104	WGN38	265.174788779027	36.987298295505	1123	197.56810372495	342.712081478281
106	WGN38	146.676231316042	38.9114968397739	1123	80.2638387029275	232.958674279695
107	WGN38	184.350488598056	30.8395931861482	1123	128.806084580264	249.825500261026
108	WGN38	225.209796854756	48.2160585175421	1123	140.541122282727	329.748521777324
109	WGN38	165.261769893369	41.3032537932454	1123	94.1565619890088	256.237028148268
110	WGN38	204.852332655396	32.5092500414893	1123	146.031930543188	273.603342412782
111	WGN38	233.759367932517	34.7272989880742	1123	170.586979303386	306.862364206827
112	WGN38	180.557379259497	43.1723498113078	1123	105.784857934499	275.199950935034
113	WGN38	167.733004296959	29.4168222915058	1123	114.980188697307	230.416427541789
114	WGN38	142.446022204302	27.1088851148869	1123	94.2215608999945	200.601091153788
115	WGN38	250.685573724057	35.9626068394991	1123	185.089413914435	326.212341178857
1	WGN39	129.905700828231	25.8881251322907	1123	84.0764666413596	185.665542660283
2	WGN39	238.660605906476	35.0894744341416	1123	174.777600561481	312.474218896648
3	WGN39	164.611205081887	29.1417877784542	1123	112.398028832544	226.754988976408
4	WGN39	218.373782925624	33.5650070531822	1123	157.481902504919	289.196270991507
5	WGN39	182.49691775616	30.6841615764489	1123	127.257482783689	247.66696037381
6	WGN39	227.037245530991	34.2243373905266	1123	164.851707121927	299.153391585233
7	WGN39	171.786496566372	29.7701487999295	1123	118.340426562619	235.163174215303
8	WGN39	148.943856107911	27.7202913606861	1123	99.5197676528236	208.298552208176
9	WGN39	250.193168768529	35.9272700032958	1123	184.666342611324	325.650602570912
10	WGN39	149.174961825572	27.741788839212	1123	99.7086936265092	208.571837669813
11	WGN39	161.493379789236	28.864487834306	1123	109.824287844225	223.093079379425
12	WGN39	235.378134963377	34.8473335791283	1123	171.970229024028	308.716648547905
13	WGN39	214.683077565198	33.2801595917757	1123	154.350090271414	284.94667250416
14	WGN39	198.593136756073	32.0087424295797	1123	140.754769951067	266.362111206258
15	WGN39	179.940806701136	30.4685176566439	1123	125.124482063038	244.687738984411
16	WGN39	191.477746098237	31.4300916471905	1123	134.774737648078	258.111362193574
17	WGN39	227.081372532055	34.2276631532105	1123	164.889308714982	299.204043994305
18	WGN39	134.165820637525	26.3091877201589	1123	87.510428530195	190.751820390033
19	WGN39	207.497289121209	32.7184489709439	1123	148.266422252692	276.658763634904
20	WGN39	252.410611919881	36.0861291304313	1123	186.572091658518	328.179739826422
21	WGN39	146.386273190296	27.4812619105344	1123	97.4311793197553	205.271974706014
22	WGN39	196.673439482073	31.8536607560622	1123	139.139355120071	264.138131489253
24	WGN39	198.847873656156	32.0292647771625	1123	140.969240390793	266.657114566697
25	WGN39	154.275985641888	28.2121158710661	1123	103.886898807859	214.595680121094
26	WGN39	191.031327274939	31.3934315849601	1123	134.400248750754	257.593013444302
27	WGN39	135.983453869303	26.486802174227	1123	88.9795682309774	192.917947152806
28	WGN39	128.283665448742	25.7259946085047	1123	82.7725441036009	183.725394439061
29	WGN39	303.933373555647	39.5982222942351	1123	231.203850226662	386.59350452981
30	WGN39	134.909198185408	26.3819731851594	1123	88.1109952700485	191.638008745945
31	WGN39	229.949607671514	34.4431474200339	1123	167.334746771776	302.49507621643
32	WGN39	334.030027322394	41.5125344061651	1123	257.54447303966	420.446189250305
34	WGN39	271.033036630611	37.3936285351814	1123	202.629099682156	349.367581224245
35	WGN39	236.85054094063	34.9561572615878	1123	173.229114375635	310.402575150802
36	WGN39	174.712167542966	30.0225840895192	1123	120.770799643113	238.584143087996
37	WGN39	227.032977438971	34.2240156959355	1123	164.848070220001	299.148492303119
38	WGN39	205.848568072992	46.0969287695767	1123	125.337792768675	306.229393727847
39	WGN39	213.098483769161	33.157110287735	1123	153.006928889629	283.120646293871
40	WGN39	177.253895098174	30.2401811026067	1123	122.885584741286	241.55281310024
41	WGN39	225.750831482521	34.1272405234006	1123	163.755804764922	297.676465845297
42	WGN39	183.491484618461	30.7676588357177	1123	128.088221454958	248.825355427142
43	WGN39	187.230896166449	31.079587928337	1123	131.215603585198	253.176796392878
44	WGN39	205.238691306178	32.539892390399	1123	146.358166494916	274.049823762618
45	WGN39	156.373986479081	28.4032965369716	1123	105.609788139241	217.068792464098
46	WGN39	272.514705087351	37.4956999388124	1123	203.910496015483	351.049521804397
47	WGN39	220.232629604869	33.7075607724753	1123	159.061047572865	291.334819282052
48	WGN39	194.083624708176	31.6432397145648	1123	136.962402982449	261.135454079081
49	WGN39	205.969655724387	32.5977868419093	1123	146.975537444971	274.89438164898
50	WGN39	247.024482064441	35.6990363227506	1123	181.945468342561	322.034103431499
51	WGN39	255.859782208643	36.3318495373504	1123	189.539139179209	332.111032883255
52	WGN39	199.447041079457	32.0774836918487	1123	141.47379851032	267.350891293772
53	WGN39	235.791839090666	34.877944231711	1123	172.32387264295	309.190413183561
54	WGN39	178.91277250063	30.3813569257209	1123	124.267464073139	243.4886885733
55	WGN39	213.261791796949	33.1698128306564	1123	153.145313528954	283.308877710121
56	WGN39	229.519648969071	34.4109315356206	1123	166.967998168827	302.001907414492
57	WGN39	218.907495172856	33.6059989772869	1123	157.935185372411	289.810412618479
58	WGN39	212.48113039593	33.1090468281768	1123	152.483879804982	282.408988632055
59	WGN39	219.995454451533	33.6894055393607	1123	158.859494415089	291.062022133156
60	WGN39	259.268338469886	36.5730547619962	1123	192.47443181519	335.992852769761
61	WGN39	200.492206679619	32.1614219516961	1123	142.354270641623	268.560750362793
62	WGN39	144.624891304262	27.3154284416522	1123	95.9951757450261	203.185214508676
63	WGN39	165.563611839597	29.2259703994603	1123	113.18526266558	227.872568658792
64	WGN39	204.497249351751	32.4810626677906	1123	145.73215308411	273.192953264568
65	WGN39	267.578923951165	37.1545876253405	1123	199.644004072067	345.44445147544
66	WGN39	183.598013223241	30.7765888419068	1123	128.177228685113	248.949405406548
67	WGN39	143.826179071419	27.2398972788008	1123	95.3446615953871	202.238304192629
68	WGN39	286.057562824941	38.4160945066367	1123	215.647467207788	366.398266087272
69	WGN39	194.685055722175	31.6922302076341	1123	137.467710795188	261.833008294339
70	WGN39	160.02154881284	28.7326530535449	1123	108.611127078519	221.362578192339
71	WGN39	186.96657156438	31.0576417609038	1123	130.994339090038	252.869411683901
72	WGN39	292.690392244112	38.8589201074887	1123	221.411437963031	373.899954170371
73	WGN39	215.989582830935	33.3812731767827	1123	155.458202729226	286.451570577822
74	WGN39	198.998743710658	32.0414131109557	1123	141.09627445874	266.831820607755
75	WGN39	233.439759619259	34.7035503572071	1123	170.313967672084	306.496159211611
76	WGN39	228.67321975787	34.3474221134242	1123	166.246179439971	301.030867720948
77	WGN39	204.4752415013	32.47931482618	1123	145.713574636394	273.167516011383
78	WGN39	198.544406233937	32.0048150571277	1123	140.71374524263	266.305674870422
79	WGN39	201.201480825318	32.2182598867294	1123	142.952024287608	269.381545008206
80	WGN39	162.875672040233	28.9877564871615	1123	110.964717301341	224.717234424303
81	WGN39	152.025505778604	28.0055897432888	1123	102.041639453737	211.939979748649
82	WGN39	190.949789915731	31.3867310852464	1123	134.331858299083	257.498329177558
83	WGN39	213.415364575382	33.1817537028167	1123	153.275457376875	283.485879419067
84	WGN39	235.467883093434	34.8539764751675	1123	172.046943269489	308.819430562557
85	WGN39	215.255813796274	33.3245227936767	1123	154.835782410511	285.606452827215
86	WGN39	222.712634174355	33.8968172043192	1123	161.169716135139	294.186159858749
87	WGN39	180.932295116288	30.5523443420155	1123	125.951495927232	245.843701950523
88	WGN39	163.796039506894	29.0695421959615	1123	111.72461477363	225.798071885336
89	WGN39	219.497437327708	33.6512515535339	1123	158.436338412854	290.48914388774
90	WGN39	182.807674031348	30.7102750038593	1123	127.517002460074	248.0289532478
91	WGN39	86.1870833312726	21.086649824897	1123	49.7787214075169	132.526052900206
92	WGN39	226.400342465232	34.1762992505298	1123	164.309058665782	298.422233909861
93	WGN39	159.985936263819	28.7294556718184	1123	108.581788043968	221.320692128847
94	WGN39	112.205339334149	24.0598688546782	1123	69.9632877844763	164.377998528999
95	WGN39	238.586712431519	49.6273622512389	1123	151.148948913194	345.894526300383
96	WGN39	196.7249967524	31.8578356466498	1123	139.182720926646	264.197880223333
97	WGN39	180.499999999997	30.515823698173	1123	125.59085718707	245.339750458101
98	WGN39	219.020307037179	33.6146571255296	1123	158.031009268785	289.94021245075
99	WGN39	236.872294055659	34.9577624676562	1123	173.247717950084	310.427477806411
100	WGN39	169.467449351803	29.5685236269103	1123	116.41698379844	232.448522550344
101	WGN39	197.785299002441	31.9435734594814	1123	140.074798843311	265.426406806749
102	WGN39	192.125573392769	31.4832155183359	1123	135.318331728412	258.863422702304
104	WGN39	194.917914163666	31.7111777275668	1123	137.663392712057	262.103043260452
105	WGN39	226.717710628679	34.2002450421379	1123	164.579443302388	298.786585600148
106	WGN39	268.820206258727	37.2406668446836	1123	200.716392179822	346.85462798281
107	WGN39	227.338460949821	34.2470329643338	1123	165.10839203959	299.499137505229
108	WGN39	122.351900554616	25.1241775553505	1123	78.0215916099474	176.612817144463
109	WGN39	159.292441501374	28.6671209273229	1123	108.010598953812	220.504891694114
110	WGN39	150.753424577205	27.8881745049595	1123	100.999936186457	210.43752061313
111	WGN39	140.956527671371	26.9667798944772	1123	93.010887988272	198.832774999648
112	WGN39	212.924856119232	33.1435997169902	1123	152.859810042316	282.920509841327
113	WGN39	261.976142865787	36.7635435923831	1123	194.80848214099	339.074411235762
114	WGN39	216.502369641631	33.4208753850453	1123	155.893286891987	287.042060036453
115	WGN39	168.681519705052	29.4998798095548	1123	115.765738721234	231.527908334048
116	WGN39	197.136531571728	31.8911404106569	1123	139.528909179059	264.674761609575
117	WGN39	171.102211453479	29.7107972298107	1123	117.772593899215	234.362436652922
118	WGN39	211.433489722848	33.0273237001679	1123	151.596586337837	281.201000753037
120	WGN39	220.152229276749	33.7014074010602	1123	158.992720643519	291.242345555158
121	WGN39	230.009810923596	48.7271764690629	1123	144.338282723381	335.551389474349
122	WGN39	221.517855696931	33.8057724144307	1123	160.153574697551	292.812744341489
123	WGN39	269.799247489531	37.3084203298589	1123	201.562495742856	347.966606881383
124	WGN39	138.477884555283	26.7286303125132	1123	90.9995130861314	195.886863669613
125	WGN39	241.406148406976	35.2907312638234	1123	177.128261330195	315.614643128935
126	WGN39	270.277774920566	37.3414915734954	1123	201.976134792314	348.510022693997
127	WGN39	172.618963379249	29.8421937804697	1123	119.031535456229	236.136998947448
128	WGN39	275.934159094961	53.3704420122888	1123	181.152178634562	390.586189905899
129	WGN39	307.315850452583	39.8179570913841	1123	234.155190166064	390.407118384279
130	WGN39	204.058440719809	32.4461951453383	1123	145.361757274088	272.685731810708
1	WGN45	154.874897034532	28.2668236431485	1123	104.378469248069	215.301932466173
2	WGN45	168.61000238493	29.4936254907018	1123	115.7064928667	231.444119548337
3	WGN45	104.416395221866	23.209770278266	1123	63.8423039524651	154.921094136445
4	WGN45	191.747047198327	31.4521860796943	1123	135.000687733528	258.424014308305
5	WGN45	128.144444202921	25.712031110976	1123	82.6607203383752	183.558775712644
6	WGN45	192.101447563404	31.4812387316991	1123	135.298084509933	258.835418262053
7	WGN45	144.190115590548	27.2743393048117	1123	95.6410201500866	202.669818676187
8	WGN45	214.981393738638	33.303274043699	1123	154.603054071873	285.290341050581
9	WGN45	126.416446789416	25.5380823880679	1123	81.2740240029635	181.489477221047
10	WGN45	123.499481325569	25.2417267382641	1123	78.9385316369695	177.991038659347
11	WGN45	99.9099188538722	22.7033945792646	1123	60.3293765401628	149.42106881276
12	WGN45	187.515026088617	31.1031612098096	1123	131.453480874715	253.507178947697
13	WGN45	192.42692030836	31.5078963883186	1123	135.571252835566	259.213195426332
14	WGN45	133.773872135741	26.2707301276386	1123	87.1939368502181	190.284415066442
15	WGN45	34.4115345252887	13.3241193397206	1123	13.2338680560712	65.5198086396841
16	WGN45	177.593171294408	30.2691081646219	1123	123.168103766287	241.948846467708
17	WGN45	26.9907375632327	11.8003223268709	1123	8.80288070333902	55.1092020683045
18	WGN45	39.5736356304656	20.2116161395015	1123	9.85187998501727	89.1654416264524
19	WGN45	97.1663783151699	22.3895055025566	1123	58.2017110621736	146.061653213344
20	WGN45	240.915945787924	35.2548821354116	1123	176.708397521173	315.054101699853
22	WGN45	150.958597919656	27.9071457636807	1123	101.167886426916	210.679917057574
23	WGN45	93.9334635414861	22.0138834109174	1123	55.7057963807508	142.0917383474
24	WGN45	22.7336669292569	15.3190845286466	1123	2.61144317729732	62.725941031754
26	WGN45	30.6445939598097	17.7858654185963	1123	5.68235205144568	75.4768862187116
28	WGN45	58.5731835202146	17.3834474301957	1123	29.4307960087875	97.6461786768196
29	WGN45	31.5000000000007	12.7479916669988	1123	11.4527413459814	61.477866299198
30	WGN45	6.79844477334398	8.3772765599933	1123	0	33.1703455611929
31	WGN45	136.458001802684	26.5329780510894	1123	89.3635154615108	193.483095789036
32	WGN45	159.292981863438	28.6671695505074	1123	108.011043913363	220.505527458691
33	WGN45	180.599944506089	30.5242709747836	1123	125.674227471944	245.456269185412
34	WGN45	61.381811916545	17.7953422938914	1123	31.4312542806698	101.262977197598
35	WGN45	134.995722294309	26.3904318776348	1123	88.1809227589056	191.741129474889
36	WGN45	145.403286229876	27.3888378605943	1123	96.6295356158939	204.107644489037
37	WGN45	140.303550944976	26.9042460046488	1123	92.4806076729741	198.057101862155
40	WGN45	127.240156717401	25.6211483851856	1123	81.9347519101834	182.476169169798
41	WGN45	155.687071225611	28.3408432743243	1123	105.045411099996	216.259338996403
42	WGN45	135.46665843215	26.4364236605056	1123	88.5616194007921	192.302305108685
43	WGN45	85.8349737215005	21.0435319316156	1123	49.5112124962495	132.089342591929
44	WGN45	98.3886752131709	22.5298889181951	1123	59.1485646553732	147.559393416146
45	WGN45	112.703683840865	24.11323895245	1123	70.3569159609841	164.981059365924
46	WGN45	34.9928556845374	13.4361915570068	1123	13.5952947087979	66.3210243054549
48	WGN45	90.9678876186831	30.6437648550853	1123	40.7774355440318	161.028390043873
49	WGN45	181.310912477272	30.5842944223274	1123	126.267424717278	246.285007882445
50	WGN45	48.9202895126809	15.8866015538381	1123	22.714831360658	85.0563553098819
52	WGN45	20.9971119836505	14.7223740749187	1123	2.04568108237647	59.8185932354631
53	WGN45	154.447457584983	28.227789868723	1123	104.02761713455	214.797905680593
54	WGN45	218.98972554537	33.6123102603874	1123	158.005032511003	289.905026224916
55	WGN45	138.586763433504	26.7391360025832	1123	91.0877789740009	196.016355538186
56	WGN45	193.497092979584	31.5953897027228	1123	136.469756741231	260.455036863114
57	WGN45	197.622372576291	31.9304139260707	1123	139.937692456913	265.237660340848
58	WGN45	119.991596045157	24.8806607166573	1123	76.1390862943557	173.774713441137
59	WGN45	79.7136926681005	20.2792999073489	1123	44.8894147930841	124.468578188295
60	WGN45	42.6132477258388	14.8271885878498	1123	18.4864411522371	76.6706619446182
61	WGN45	178.162878707195	30.3176199612015	1123	123.642627217984	242.613737841583
62	WGN45	139.541354602857	26.8310680854034	1123	91.8619921649853	197.151324685906
64	WGN45	83.3596095821908	20.7378787052707	1123	47.6355640313639	129.014262778195
65	WGN45	91.496913462635	21.7264973027102	1123	53.8331204535474	139.091314116901
66	WGN45	179.374911095265	30.4205697286007	1123	124.652664063832	244.027765771876
68	WGN45	222.081319216265	33.8487401060496	1123	160.632732225858	293.46051385185
69	WGN45	191.81231653603	31.4575386750005	1123	135.055454858176	258.499785859062
70	WGN45	192.590289854626	31.52126857828	1123	135.708385093199	259.402802261231
71	WGN45	165.517855204813	29.2219315456099	1123	113.147430579768	227.818887475035
72	WGN45	191.706582845698	31.4488672293703	1123	134.966735226313	258.377038110261
73	WGN45	53.1551515376177	23.4245224838027	1123	17.1294209000642	109.050932525709
74	WGN45	122.175937829495	35.513289919069	1123	62.4310945161349	201.790831493393
75	WGN45	179.98742928479	30.4724645907417	1123	125.163360451505	244.742105763252
76	WGN45	168.786713069144	29.5090767504815	1123	115.852886963747	231.651146819719
78	WGN45	39.6659021245864	14.3052404477495	1123	16.5631988611247	72.6992130332261
80	WGN45	170.081321815164	29.6220291660658	1123	116.925874184943	233.167377090563
81	WGN45	122.261830123854	25.1149281603275	1123	77.9496692198282	176.504598673059
82	WGN45	191.849584136123	44.5018942303481	1123	114.468392071815	289.10082655097
84	WGN45	176.035230022824	30.1360473850857	1123	121.871238211433	240.129829479393
85	WGN45	168.993694126031	29.5271645147486	1123	116.024378404261	231.89361749298
86	WGN45	182.019148375154	30.6439703216296	1123	126.8585718063	247.110332589187
87	WGN45	44.0793375732042	21.3312151340593	1123	12.1608406267226	95.8678848702241
88	WGN45	123.524585209571	25.2442920655631	1123	78.9586021470083	178.021175917312
89	WGN45	158.08912138458	28.5586376975607	1123	107.020131467689	219.088718946649
90	WGN45	154.293407829898	28.2137088050182	1123	103.901195534147	214.616227770827
92	WGN45	157.115268252285	28.4705390277001	1123	106.219134855978	217.94200929377
93	WGN45	71.5024028252633	27.1680447765203	1123	28.131586963692	134.743269037373
94	WGN45	139.983331275214	26.8735262186482	1123	92.2206626399296	197.676607555676
95	WGN45	163.120099846328	29.0094993212895	1123	111.166483956468	225.004323381367
96	WGN45	32.6559737205878	12.9797943900974	1123	12.1538998889934	63.0886551973602
98	WGN45	81.5746030439732	20.5146437033625	1123	46.2885621277628	126.791251605362
99	WGN45	59.4324129303717	24.7690726807104	1123	20.7685690368965	117.966307174385
100	WGN45	160.926459081286	28.8137790607857	1123	109.356861738948	222.426664068802
101	WGN45	130.569193939991	25.9541527048673	1123	84.6104084616374	186.458587063523
102	WGN45	219.150639851879	33.624657205808	1123	158.141721139319	290.090166209617
103	WGN45	136.91052550595	26.5769361316826	1123	89.7297899526727	194.021868704406
104	WGN45	195.891649152155	31.7902874785319	1123	138.481908145952	263.231997803536
105	WGN45	158.480675877468	28.5939827843036	1123	107.342336119951	219.549623280162
106	WGN45	145.246052522229	27.3740252195775	1123	96.5013654751642	203.921347214472
107	WGN45	172.496739068793	29.8316269013592	1123	118.930044193835	235.994041588929
108	WGN45	136.62860791049	26.549559248487	1123	89.5015879556556	193.686235510502
109	WGN45	137.061785220416	26.5916132722173	1123	89.8522519628265	194.201926123184
110	WGN45	191.869703243519	31.4622440807818	1123	135.10360918937	258.566404942847
111	WGN45	59.9604989415166	17.5881075662303	1123	30.4165521435167	99.4350533846945
112	WGN45	11.4508771254961	7.68609718072044	1123	1.33545364954637	31.4969082466237
114	WGN45	125.743999711974	25.4700694540611	1123	80.7350236523081	180.683583416818
115	WGN45	3.02846204467962	5.59125286428374	1123	0	23.9339651778573
116	WGN45	179.191882379395	30.4050456544207	1123	124.50009480271	243.814277601257
117	WGN45	77.9715484528549	28.3704448524933	1123	32.2415290549331	143.571618201315
118	WGN45	161.265377057075	28.8441046253115	1123	109.636278571565	222.825083187763
119	WGN45	116.923026282453	24.560461199941	1123	73.6987731720744	170.07788703801
120	WGN45	128.683559262724	25.7660607431926	1123	83.0938250095064	184.203901161119
121	WGN45	122.398675482168	25.1289795620362	1123	78.0589446226299	176.669013986884
122	WGN45	268.263957476445	52.6234394075168	1123	174.947654889872	381.450310413556
123	WGN45	111.473472405013	33.922185986112	1123	54.8505001729539	187.966494987611
124	WGN45	258.106948814616	36.4910485252156	1123	191.473944847538	334.670560426873
126	WGN45	182.016665123745	30.6437612860893	1123	126.856498699064	247.107439193603
127	WGN45	172.92916174533	29.8689951369578	1123	119.28914745254	236.499783683298
128	WGN45	108.430254705937	23.6516657586299	1123	66.9891297421739	159.801987314877
129	WGN45	39.5736356304653	20.2116161395014	1123	9.8518799850172	89.1654416264518
1	WGN46	146.094765651529	27.453885753558	1123	97.1933859545324	204.926752993703
2	WGN46	175.679815237031	30.105609703496	1123	121.575544551312	239.714693567929
3	WGN46	142.670243760452	27.1302125139278	1123	94.403936421497	200.867158744584
4	WGN46	133.932802122727	26.2863309597694	1123	87.3222567773171	190.473955113314
6	WGN46	160.852710796777	28.8071760127298	1123	109.296069154156	222.339960084575
7	WGN46	186.408557194698	31.0112603124095	1123	130.527328770917	252.220393263658
8	WGN46	148.277022093289	27.6581687272464	1123	98.9748231319124	207.509828699843
9	WGN46	160.944079956204	28.8153565207694	1123	109.371387513287	222.4473800443
10	WGN46	89.9305018890285	21.5397174754095	1123	52.6331855942161	137.158425829019
11	WGN46	177.723159771766	30.280183803206	1123	123.276360969473	242.100566219237
12	WGN46	131.476706900621	26.0441928731838	1123	85.3412555289834	187.542765917436
13	WGN46	181.34910713841	30.5875156714836	1123	126.29929903417	246.329522887828
14	WGN46	132.420235000339	26.1374774509298	1123	86.1017519488943	188.669325696961
15	WGN46	153.88803254616	28.1766214710185	1123	103.568588517207	214.138084220292
16	WGN46	189.303263185973	31.2511169544853	1123	132.951417162018	255.585716855105
17	WGN46	188.996237637236	44.1697199278538	1123	112.266797685048	285.595727939962
18	WGN46	185.836025134842	30.9635999607474	1123	130.048310070243	251.55434784462
19	WGN46	203.49504938362	32.4013733285796	1123	144.886309868306	272.034396544112
20	WGN46	154.532460690284	28.2355566516058	1123	104.097381200858	214.898147824887
21	WGN46	169.053750286926	41.7744240493225	1123	97.0240692753423	260.953481649048
22	WGN46	137.203687816161	26.6053751051564	1123	89.9671527597645	194.370830517736
23	WGN46	171.048703509661	42.020184938913	1123	98.5368202998211	263.430637070041
24	WGN46	198.781483505289	32.0239174601381	1123	140.913342096577	266.580232559179
25	WGN46	185.610744517038	30.9448263827331	1123	129.859864689334	251.292231989921
26	WGN46	191.897791401581	31.4645469043385	1123	135.12717902646	258.599011421879
27	WGN46	140.48887812316	26.92200907092	1123	92.6310823177957	198.277281573703
28	WGN46	95.2414013340004	22.166615208709	1123	56.7140623712887	143.69934794189
29	WGN46	175.471149103282	30.0877252138339	1123	121.401969193171	239.470936658572
30	WGN46	153.989753409885	28.1859323860599	1123	103.652040633174	214.258073831775
31	WGN46	169.946199439168	29.6102601069779	1123	116.813843628695	233.009162894819
32	WGN46	153.467012454867	28.1380510618468	1123	103.223246602865	213.641385952046
33	WGN46	179.987499131825	30.4724705034075	1123	125.163418697425	244.742187211402
34	WGN46	217.706025591961	33.5136491480549	1123	156.914913421207	288.427745407894
36	WGN46	130.498061986389	25.9470820435593	1123	84.5531497017378	186.373581916218
37	WGN46	194.988460855632	31.7169158258658	1123	137.722680803771	262.184848552671
38	WGN46	162.539052967912	28.9577861469685	1123	110.686902394107	224.321811186894
39	WGN46	118.461525809716	24.7215191636226	1123	74.9212643049035	171.932394959706
40	WGN46	103.990383726224	23.162374777008	1123	63.5092861586781	154.402088938948
41	WGN46	191.666085944813	31.4455453587634	1123	134.932756096875	258.330023437929
42	WGN46	101.85555523806	22.9233905858367	1123	61.8433634533802	151.798354667917
43	WGN46	68.6860505254036	18.8243836989217	1123	36.7164327028976	110.586275993088
44	WGN46	121.413003552413	25.0275936716459	1123	77.272199785383	175.484414964621
45	WGN46	175.397019344642	30.0813690936587	1123	121.340310642321	239.384335692141
46	WGN46	182.928543373355	30.720425883434	1123	127.617954977833	248.169739414056
47	WGN46	196.752577285349	31.8600687774307	1123	139.205919881332	264.229842334544
48	WGN46	218.394444302731	33.5665948877114	1123	157.499448425772	289.220047824868
49	WGN46	143.374018317881	27.1970451770311	1123	94.9765800364994	201.702064244441
50	WGN46	152.430706218833	28.0428871881904	1123	102.37365937305	212.418360709794
51	WGN46	93.0411901469426	21.9090790612796	1123	55.0191573646733	140.99383057439
52	WGN46	223.945299142038	33.99049344141	1123	162.21858095657	295.602624972684
53	WGN46	241.441756139349	35.293333883076	1123	177.158762518859	315.655357405018
54	WGN46	166.272277967929	29.2884519418225	1123	113.771335092661	228.703828488374
55	WGN46	186.161542955836	30.9907066362682	1123	130.320642461507	251.933051095343
56	WGN46	183.651513899117	30.7810726822813	1123	128.221931713451	249.011703729962
57	WGN46	144.18878498407	27.2742134588196	1123	95.6399364633442	202.668241149973
58	WGN46	174.028896907335	29.9638198775016	1123	120.202829014172	237.785572445677
59	WGN46	162.735847796951	28.9753112234642	1123	110.849311644445	224.552991594636
60	WGN46	131.998091575252	26.0957822675873	1123	85.7614177534937	188.165373042188
61	WGN46	176.482647019118	30.1743204717237	1123	122.243560400975	240.652341282438
62	WGN46	149.466129450074	27.7688495904607	1123	99.9467659283157	208.916100617009
63	WGN46	173.929569192538	29.9552676697813	1123	120.120281403684	237.669464626569
64	WGN46	120.533324079215	24.9367620318529	1123	76.5707391347673	174.426516668841
65	WGN46	118.968780418747	35.044072560476	1123	60.1445784741211	197.663032713911
66	WGN46	178.457622992659	30.342687619934	1123	123.888186785057	242.957666845438
67	WGN46	216.704667182149	33.4364857968347	1123	156.064955576575	287.274986432902
68	WGN46	181.686955573263	30.615994267195	1123	126.581270223957	246.723248567748
69	WGN46	138.935221609788	26.7727309174197	1123	91.3703212846176	196.430729580136
70	WGN46	215.958131381484	33.3788426714891	1123	155.431520122357	286.415350285788
71	WGN46	155.681158050726	28.3403050602241	1123	105.040553943515	216.252369803115
72	WGN46	116.205882811425	34.6347552739866	1123	58.1847935820026	194.097022391386
73	WGN46	89.4518956920176	21.4823242954716	1123	52.267189331101	136.567209698112
74	WGN46	148.973149523838	27.7230171599361	1123	99.5437128361965	208.333193856658
75	WGN46	155.018089952327	28.2798879740635	1123	104.496028920898	215.470758628934
76	WGN46	179.965271077233	30.470588804248	1123	125.144882684609	244.716267115035
78	WGN46	159.169122768919	28.6560222290615	1123	107.909056740429	220.359796442587
79	WGN46	111.309490104073	23.9636291854103	1123	69.2562683562368	163.293319497087
80	WGN46	224.422591872936	34.0266959884016	1123	162.624841442382	296.150949948668
81	WGN46	157.077774510766	28.4671417425878	1123	106.188306855098	217.897849811611
82	WGN46	178.28277478855	30.3278194834508	1123	123.742511034336	242.753646187941
83	WGN46	193.593704268283	31.6032763596921	1123	136.55089378855	260.567122393194
84	WGN46	150.799402388068	27.8924269438835	1123	101.037570377631	210.491842043682
85	WGN46	198.444428847713	31.9967560019039	1123	140.629580356724	266.18988498388
86	WGN46	224.031035958701	33.9969994003257	1123	162.291552570047	295.701126992534
87	WGN46	208.43430113152	32.7922404093375	1123	149.058649656041	277.740560252177
88	WGN46	164.240384046361	29.1089452976208	1123	112.09164732798	226.319728409919
89	WGN46	122.068093247294	25.0950216334475	1123	77.7949905149614	176.271803624805
90	WGN46	218.321077742912	33.5609563000198	1123	157.437145218565	289.135617912436
91	WGN46	207.084384180247	46.2350936404002	1123	126.302518530579	307.736300180454
93	WGN46	119.981247069397	24.8795877460687	1123	76.1308425712963	173.762259212676
94	WGN46	156.25	28.3920340400941	1123	105.507899565003	216.922708080175
95	WGN46	195.484333782966	31.7572196812254	1123	138.13947439637	262.759800814739
96	WGN46	155.447350184191	28.3190157915661	1123	104.848517296816	215.976790716744
98	WGN46	104.940442408508	23.2679402235572	1123	64.2522171304835	155.559275331711
100	WGN46	178.440806701141	30.3412579709988	1123	123.874175577214	242.938045470245
101	WGN46	168.937291202415	29.5222366462916	1123	115.97764434621	231.827545703798
102	WGN46	107.789704892725	23.5817013785227	1123	66.4858555465091	159.024161884119
103	WGN46	152.949734042084	28.0905897479237	1123	102.799091021563	213.030984707782
104	WGN46	193.831884047014	31.6227112571507	1123	136.750940769612	260.843434969593
106	WGN46	141.701838731395	27.0379796524367	1123	93.616499522221	199.717785585746
107	WGN46	149.717802430212	27.7922185293925	1123	100.152587211942	209.213625293659
108	WGN46	156.063880509843	28.3751192066247	1123	105.354968308725	216.703400356139
109	WGN46	156.591292728448	28.4230251093265	1123	105.788385377692	217.324807724382
110	WGN46	161.738776309777	28.8864099592424	1123	110.026671431128	223.381488833604
111	WGN46	225.988635790931	34.1452104876137	1123	163.958350589932	297.949528637108
112	WGN46	222.913426596951	33.9120940445367	1123	161.340534195469	294.416926643611
113	WGN46	225.398391409351	34.1005905545812	1123	163.455654027007	297.271736436873
114	WGN46	111.425625842205	23.9761272581889	1123	69.3478818924112	163.433977437176
115	WGN46	160.499610590956	28.7755402134293	1123	109.005040875206	221.924787951884
116	WGN46	138.998201415577	26.7787983146356	1123	91.421396379775	196.505614096557
117	WGN46	168.25264346231	29.462353915373	1123	115.410491234866	231.025403334931
118	WGN46	180.442629859222	43.1586289968433	1123	105.697029851557	275.058280217426
119	WGN46	155.985575589337	28.3679997173902	1123	105.290632386154	216.611126437697
120	WGN46	141.840890601424	27.0512425704606	1123	93.7295285037551	199.882860344272
121	WGN46	166.649863883736	29.3216884975935	1123	114.083708271479	229.146627141172
122	WGN46	134.636055886536	26.3552526798099	1123	87.890280704652	191.312438713599
123	WGN46	140.936141291244	26.9648297368157	1123	92.9943279708873	198.808562256779
124	WGN46	118.508187187512	24.7263875230605	1123	74.9583735785106	171.98860844169
125	WGN46	168.072257703762	29.4465562013709	1123	115.261101833924	230.814021218777
126	WGN46	167.962789377201	29.4369651173935	1123	115.170451968613	230.685734430966
127	WGN46	180.677787523146	30.530848621771	1123	125.739164628178	245.547018063291
128	WGN46	104.949494703992	23.2689437629139	1123	64.2593004028056	155.570296650356
129	WGN46	157.614258655474	28.5157137073327	1123	106.629488984043	218.529635972083
130	WGN46	138.685879189249	26.7486960641484	1123	91.1681371369085	196.134228886768
1	WGN55	186.866214446134	31.0493053139989	1123	130.910338736408	252.752697801037
2	WGN55	245.993609239913	35.6244695415246	1123	181.060901408624	320.856924716379
3	WGN55	204.725241501306	32.4991640466836	1123	145.924628904325	273.456461743464
4	WGN55	184.402048268067	30.843905537301	1123	128.84918307808	249.885521103233
5	WGN55	160.434163024876	28.7696726568324	1123	108.951105916743	221.847827778188
6	WGN55	166.389451247545	29.2987700165372	1123	113.868263498012	228.841246642256
7	WGN55	169.71127433819	29.5897871602317	1123	116.619088059746	232.734068261813
8	WGN55	168.535440262615	29.487103485915	1123	115.644727430833	231.356760739575
9	WGN55	219.744020338241	33.6701481244564	1123	158.645844864731	290.772803456929
10	WGN55	189.946884848449	31.3041979947997	1123	133.490889647756	256.33348769432
11	WGN55	180.200891857329	30.4905291945364	1123	125.34137885034	244.991012509496
12	WGN55	228.960692801227	48.6159225411647	1123	143.507453559384	334.283982393609
13	WGN55	259.718500030521	36.6047914624405	1123	192.862323472972	336.505284233247
14	WGN55	242.886404566992	35.3987639027944	1123	178.396548954118	317.306867825043
15	WGN55	243.589473228568	35.4499602168615	1123	178.999166420116	318.110387682198
16	WGN55	206.463371226796	32.6368323986989	1123	147.392642493424	275.464707605345
17	WGN55	234.20511806138	49.1695526262707	1123	147.665613041022	340.614673432276
18	WGN55	131.442465321376	26.0408011987682	1123	85.3136686817489	187.50186960618
19	WGN55	200.15995946351	32.1347626274605	1123	142.074331116831	268.176195455366
20	WGN55	190.236701186925	31.3280704843352	1123	133.733866283824	256.670143735204
21	WGN55	174.305817777382	29.9876501406954	1123	120.432993033215	238.109250166728
22	WGN55	201.104894722294	32.2105258240819	1123	142.870613023902	269.269784065865
23	WGN55	217.258064216447	33.4791518229501	1123	156.534638511294	287.912097566777
24	WGN55	142.496052522229	27.1136453288012	1123	94.2622513037576	200.660461385879
25	WGN55	166.35795275434	29.2959966712875	1123	113.842206526353	228.804306627505
26	WGN55	213.577436636468	33.194350768172	1123	153.412813004781	283.672667913333
27	WGN55	155.161239494017	28.2929423177784	1123	104.613564813294	215.639521819918
28	WGN55	74.4323706252415	19.5959994968447	1123	40.9487819077396	117.846566987921
29	WGN55	174.310323913941	29.9880377570555	1123	120.436738635983	238.114516837076
30	WGN55	226.212047140985	34.1620842191624	1123	164.148654351308	298.20604757584
31	WGN55	206.980390271857	32.6776709098531	1123	147.829533167023	276.061855021869
32	WGN55	164.925724139981	29.1696147835033	1123	112.657949117709	227.124106807431
33	WGN55	163.998475595587	29.0875002226786	1123	111.891815801229	226.035743035123
34	WGN55	214.492715370324	33.2654013506637	1123	154.188684906565	284.727353479261
35	WGN55	172.349941245574	29.8189305744294	1123	118.808157562814	235.822332573512
36	WGN55	194.748393302923	31.6973850613223	1123	137.520934147492	261.906460103532
37	WGN55	145.390201037324	27.3876054390656	1123	96.6188685313297	204.092141188496
38	WGN55	223.982141433356	33.9932892941593	1123	162.249937564856	295.644952947032
40	WGN55	134.10805860179	26.3035236999397	1123	87.4637797476922	190.682945101065
41	WGN55	163.920067956383	29.080546027287	1123	111.827052840437	225.943690717506
42	WGN55	207.979366865408	32.7564342514336	1123	148.673969888443	277.215371487552
43	WGN55	191.405632348546	31.4241725384356	1123	134.714237655393	258.027634686877
44	WGN55	188.469409916207	31.1822126858859	1123	132.252759487627	254.616667989965
45	WGN55	167.461068768619	29.3929667478516	1123	114.755059622223	230.097685560193
46	WGN55	134.909198185412	26.38197318516	1123	88.1109952700515	191.638008745951
47	WGN55	189.523806525131	31.2693158469174	1123	133.136252842601	255.841967852839
48	WGN55	189.999670184124	31.308547336506	1123	133.53514123286	256.394806780566
49	WGN55	234.913798166998	34.8129444731817	1123	171.573366358748	308.184837620425
50	WGN55	188.704776355437	31.2016772675135	1123	132.449934886514	254.890225469538
52	WGN55	221.281601372909	33.7877402550347	1123	159.952700888771	292.541109502225
53	WGN55	188.044989205182	31.1470827514763	1123	131.897266471424	254.123319584118
54	WGN55	186.991621607522	31.0597222643917	1123	131.015307021672	252.898543838549
55	WGN55	206.650375665822	32.6516094778514	1123	147.550653140709	275.680705836114
56	WGN55	228.078166916007	34.3027036178307	1123	165.738867804261	300.348073672931
57	WGN55	76.9699879903915	19.9272423870379	1123	42.8364746649737	121.034108960987
58	WGN55	190.555355097154	31.3542973774499	1123	134.001060966613	257.040256872873
59	WGN55	157.210180983734	28.4791372011255	1123	106.297177294787	218.053792317858
60	WGN55	144.943398570374	27.3454902710328	1123	96.2546993370672	203.562705448859
61	WGN55	213.600875674561	33.1961721738383	1123	153.432678301674	283.699680692625
62	WGN55	151.676944970052	27.9734660127859	1123	101.756107931458	211.528389653824
63	WGN55	180.854687377392	30.5457911927404	1123	125.88674598272	245.753236417243
64	WGN55	197.207688090089	31.8968954520087	1123	139.588773853565	264.757209971791
65	WGN55	203.980390271855	32.4399893685482	1123	145.295883048377	272.595505140512
66	WGN55	226.499724061475	34.1837995097681	1123	164.393724163388	298.53633160474
67	WGN55	135.75141507923	26.4641943148715	1123	88.7918878394166	192.641549964221
68	WGN55	188.46657156438	31.1819778827323	1123	132.250381838058	254.61336893588
69	WGN55	157.485667481394	28.5040789182126	1123	106.523726181472	218.378216426494
70	WGN55	209.453114431461	32.8722858828804	1123	149.920407440081	278.916429068019
71	WGN55	168.303554356733	29.4668110261491	1123	115.452656927326	231.085059431317
72	WGN55	232.570021969498	34.6388416922911	1123	169.571193513222	305.499458070952
73	WGN55	175.827956824694	30.1183002707387	1123	121.698786247737	239.88773504683
74	WGN55	203.823376490865	32.4275016339646	1123	145.163371184992	272.413989441916
75	WGN55	118.997899122575	24.7774233368204	1123	75.3479492322242	172.578456658104
76	WGN55	176.374911095262	30.1651089298799	1123	122.153898246846	240.526531588855
77	WGN55	142.49956140216	27.1139791553832	1123	94.2651051896739	200.664625259824
78	WGN55	183.349672488499	30.7557670833488	1123	127.969741878614	248.660210743562
80	WGN55	104.989360497883	23.2733627781904	1123	64.2904957411006	155.618832899843
81	WGN55	242.342288310656	35.3590913607739	1123	177.930273346084	316.684910920407
82	WGN55	192.406123049967	31.5061936754964	1123	135.553796433674	259.189057311437
83	WGN55	181.168471564168	30.5722782928873	1123	126.148560395389	246.118990378126
84	WGN55	231.428549328147	34.5537320020448	1123	168.596712779323	304.190993522149
85	WGN55	219.105453575888	33.6211905233267	1123	158.103336767064	290.038178029891
86	WGN55	164.925724139981	29.1696147835032	1123	112.657949117709	227.124106807431
87	WGN55	212.481130395936	33.1090468281774	1123	152.483879804987	282.408988632062
88	WGN55	202.980293653499	32.3603665484259	1123	144.452012666662	271.439182285514
89	WGN55	195.585859631405	31.765465252865	1123	138.224821784611	262.877505123377
90	WGN55	184.864766009558	30.8825794037433	1123	129.236019651316	250.424120012978
91	WGN55	143.984373304212	27.2548737261032	1123	95.4734708604447	202.425883393158
92	WGN55	221.517855696936	33.8057724144311	1123	160.153574697556	292.812744341495
93	WGN55	202.916631023662	32.3552914064974	1123	144.398307864527	271.365561827976
94	WGN55	187.614902659781	31.1114433822212	1123	131.537107172087	253.623305792653
95	WGN55	231.869538706256	34.5866375722104	1123	168.973138840236	304.696546217453
96	WGN55	198.791446998211	32.0247200149617	1123	140.921730913802	266.591770727798
97	WGN55	202.410763144612	32.3149356301559	1123	143.971621193262	270.78051274114
98	WGN55	185.441557524333	30.9307198294627	1123	129.718355863843	251.095366830001
99	WGN55	278.319982190885	37.8929736619395	1123	208.936290822543	357.634281204406
100	WGN55	195.910124923125	31.7917866139585	1123	138.497442495285	263.253414996143
101	WGN55	227.123277274675	34.2308211296551	1123	164.925017259395	299.252144935134
102	WGN55	162.322786306255	28.9385148143514	1123	110.508447603032	224.067732654655
103	WGN55	170.963442476888	29.6987466163631	1123	117.657469174174	234.20002342478
104	WGN55	157.772723919635	28.5300449452786	1123	106.759835231981	218.716220252466
105	WGN55	179.635609200828	30.4426678732733	1123	124.870003871188	244.331822175646
106	WGN55	147.135325345304	27.5514824037543	1123	98.0424533431425	206.158804992644
107	WGN55	165.908383625776	29.2563848414125	1123	113.470358924085	228.277015972646
108	WGN55	235.847358901252	34.8820501899378	1123	172.371336240497	309.253989207184
109	WGN55	260.223643347495	36.6403716840731	1123	193.297655596171	337.080238743997
110	WGN55	218.624351209132	33.5842582538347	1123	157.694698418343	289.484611645099
111	WGN55	194.791228351667	31.7008708009462	1123	137.556929900886	261.956134447625
112	WGN55	172.236841092652	29.8091450211295	1123	118.714257435251	235.690032395231
113	WGN55	241.537156421625	35.3003058781782	1123	177.240483198289	315.764437290139
114	WGN55	127.349025449884	25.6321069757162	1123	82.0221190259831	182.606539518963
115	WGN55	291.690596813935	38.7924946180786	1123	220.541974568465	372.769826704583
116	WGN55	199.463505113686	45.376374068963	1123	120.366514814702	298.430545763208
117	WGN55	186.088569571059	30.9846320238958	1123	130.259587944066	251.848158843229
118	WGN55	209.522724801836	32.877747873531	1123	149.97930095513	278.99675629372
119	WGN55	181.400427467278	30.5918433749571	1123	126.342128068383	246.389334511352
120	WGN55	151.046702484028	27.9152883547846	1123	101.240014587002	210.783998026233
121	WGN55	257.812119458766	36.4702011468941	1123	191.220019687921	334.334826874788
122	WGN55	194.139833488809	31.6478215002856	1123	137.009621939069	261.200652683726
123	WGN55	275.472547173658	37.6986376855955	1123	206.470158278421	354.405543714074
124	WGN55	177.440472994568	30.256092362044	1123	123.040943494999	241.770610139316
125	WGN55	204.431211580213	32.4758177312489	1123	145.676406290663	273.116624514942
126	WGN55	234.278636744913	34.7658488869184	1123	171.030610181706	307.457270953299
128	WGN55	198.153798693892	31.9733171242221	1123	140.384939124744	265.853265908219
129	WGN55	157.364532793862	28.4931144381885	1123	106.424104666273	218.235568566629
130	WGN55	197.75221516503	31.9409017235298	1123	140.04695716201	265.388080813227
1	WGN63	195.384522582952	31.7491112797736	1123	138.055572517855	262.644080293227
2	WGN63	240.937483715476	35.2564579964962	1123	176.726843485312	315.078731590818
3	WGN63	184.384515964043	30.8424392369305	1123	128.83452777073	249.865111802534
4	WGN63	241.311187784462	35.2837895196699	1123	177.046920955785	315.506062258316
5	WGN63	233.132988447628	34.6807402996906	1123	170.051951627663	306.144632912771
6	WGN63	161.524833394624	40.8336044022146	1123	91.3411145406274	251.57860259916
7	WGN63	240.406148406981	35.2175613084587	1123	176.27182653857	314.47107792057
8	WGN63	247.771128527845	35.7529468665996	1123	182.586338078038	322.886526622829
9	WGN63	201.958946838997	32.2788491805443	1123	143.59060934054	270.257891982631
10	WGN63	201.764947972307	32.2633421559954	1123	143.427036475882	270.03346711391
12	WGN63	195.358913527405	31.7470305330811	1123	138.034046051002	262.614388648986
13	WGN63	190.935842323523	31.3855847699755	1123	134.320159867611	257.482132424613
14	WGN63	216.465063646428	33.4179958490544	1123	155.861630772918	286.999104165116
16	WGN63	172.847932132057	42.2406079557107	1123	99.903561623593	265.66235299106
17	WGN63	152.631465242699	28.0613480689191	1123	102.538196696693	212.655341433882
18	WGN63	121.537178659069	25.0403888822179	1123	77.3712696823563	175.63369528096
19	WGN63	243.900732560725	35.4726020169873	1123	179.2660007593	318.466072007329
20	WGN63	200.803557050841	32.1863844833833	1123	142.616642561987	268.921079184872
21	WGN63	269.940727728882	37.3182011437082	1123	201.684785256023	348.127277846919
22	WGN63	127.669066272407	25.664294788287	1123	82.2790048281742	182.989735361817
23	WGN63	258.938209196514	36.5497629054753	1123	192.190002996576	335.617023041631
24	WGN63	222.20929461894	33.8584914491251	1123	160.741574726325	293.607622156732
25	WGN63	184.913473043709	30.8866475120582	1123	129.276744736934	250.480808995662
26	WGN63	227.420576667845	34.2532175003544	1123	165.178373211433	299.593387769435
27	WGN63	207.499698794745	32.7186389506589	1123	148.268459171083	276.661546063586
28	WGN63	208.773792452624	32.818935035665	1123	149.345764020347	278.132428530079
29	WGN63	138.935221609786	26.7727309174199	1123	91.3703212846152	196.430729580135
30	WGN63	204.827059272084	32.5072445869509	1123	146.01059201944	273.574134169906
31	WGN63	227.222218792022	34.2382762893617	1123	165.009331166934	299.365714062288
32	WGN63	159.993749755842	28.7301572167079	1123	108.588225049731	221.329882107131
33	WGN63	216.43502669039	33.4156772077016	1123	155.836143173611	286.964517852347
34	WGN63	250.951185725766	35.9816537494852	1123	185.317654380418	326.515324716292
35	WGN63	167.335285786436	29.3819258846029	1123	114.650939682268	229.950239535783
36	WGN63	260.876861177855	36.6863305036397	1123	193.860698607172	337.823631393716
37	WGN63	180.686417837904	30.5315777863536	1123	125.746364264665	245.55707905632
38	WGN63	203.123073347908	32.3717459560826	1123	144.572465068083	271.604289272912
39	WGN63	176.906111529493	30.2104999440076	1123	122.596037940656	241.146792763507
40	WGN63	158.253164493584	28.5734509654933	1123	107.155109779717	219.281826852628
41	WGN63	278.15439876467	53.5847282140645	1123	182.951971919475	393.226875960403
42	WGN63	195.981682079456	31.7975921386889	1123	138.557608755401	263.336363048689
43	WGN63	210.52499702452	32.9562909996564	1123	150.827465385729	280.153136308489
44	WGN63	188.483751915119	31.1833991032279	1123	132.264773642384	254.633337833033
45	WGN63	220.183332061265	33.7037879597218	1123	159.019152584672	291.278119183035
46	WGN63	205.885276586564	32.5911090259422	1123	146.904260707388	274.796900110917
47	WGN63	185.61074451704	30.9448263827332	1123	129.859864689335	251.292231989922
48	WGN63	172.783156854946	29.8563832090077	1123	119.167888156917	236.329033198154
49	WGN63	253.325374280628	36.1514599387611	1123	187.358669834047	329.222686372386
50	WGN63	267.726233593759	37.1648135352497	1123	199.771249674994	345.611825157701
51	WGN63	267.305498324119	52.5293482198118	1123	174.173810049545	380.307236949231
52	WGN63	184.252717351176	30.8314141316924	1123	128.724361281634	249.711681065895
53	WGN63	225.398391409351	34.100590554581	1123	163.455654027007	297.271736436873
54	WGN63	94.9649859887899	22.1344251912942	1123	56.5008063724869	143.359773250271
55	WGN63	169.300580009898	29.5539624374166	1123	116.278684655784	232.253083009191
56	WGN63	215.25581379628	33.324522793677	1123	154.835782410516	285.606452827221
57	WGN63	224.248878918133	34.0135243595658	1123	162.476972259507	295.951393221937
58	WGN63	156.115268252285	28.3797904133806	1123	105.39719077605	216.763953373698
59	WGN63	257.578009450201	36.4536387403757	1123	191.018406423834	334.068220121746
60	WGN63	206.366439038595	32.6291701897501	1123	147.310744161932	275.352741560436
61	WGN63	178.070042783149	30.3097200804054	1123	123.565291481507	242.505401729968
62	WGN63	186.737599711706	31.0386182951033	1123	130.802692773753	252.603114294837
63	WGN63	211.000000000002	32.9934493331552	1123	151.22956078781	280.701046857371
64	WGN63	159.671935706792	28.7012485181119	1123	108.323132141441	220.951346917321
65	WGN63	186.966571564384	31.0576417609041	1123	130.994339090041	252.869411683905
66	WGN63	157.732140832067	28.5263753890037	1123	106.726452102492	218.668437206819
67	WGN63	227.876038201208	34.2875002813034	1123	165.566569231705	300.116114815888
68	WGN63	247.365799148608	35.7236907311934	1123	182.238411537914	322.423794404479
69	WGN63	174.534614005078	30.0073247887151	1123	120.623186053782	238.376649601552
70	WGN63	183.491484618467	30.7676588357184	1123	128.088221454963	248.825355427149
72	WGN63	219.73842530568	33.6697194739432	1123	158.641090878197	290.766367378341
73	WGN63	171.527773266935	29.7477223185237	1123	118.125705783888	234.860448395159
74	WGN63	124.572326064296	25.3511275846295	1123	79.7967233090653	179.278536464705
75	WGN63	153.156805979573	28.1095986250685	1123	102.968866046753	213.275353557571
76	WGN63	196.461506454185	31.8364935614751	1123	138.961105478427	263.892515075121
77	WGN63	200.339156036189	32.1491440029462	1123	142.225310299491	268.383609418065
78	WGN63	139.690908484931	26.8454423754702	1123	91.983342559189	197.32908205585
79	WGN63	229.886406535044	34.4384137836549	1123	167.280833402256	302.422587313011
80	WGN63	250.311725465455	35.9357812548398	1123	184.76819956318	325.785859012909
81	WGN63	188.742847132626	31.2048245439615	1123	132.48183045973	254.934471450699
82	WGN63	161.032887621083	28.8233054667976	1123	109.444598720751	222.551784166593
83	WGN63	181.863816920605	30.6308920590531	1123	126.728900931732	246.929340554655
84	WGN63	208.946928937471	32.8325406166499	1123	149.492205285013	278.332260235107
85	WGN63	107.899786324354	23.5937398427433	1123	66.5723165643266	159.15786372956
86	WGN63	208.989233895174	32.8358642092733	1123	149.527989092537	278.381086342989
87	WGN63	259.231516180346	36.5704575466184	1123	192.442705466532	335.950934539338
88	WGN63	187.9667494383	31.1406024032344	1123	131.831741657572	254.032364864206
89	WGN63	193.533672881541	31.5983760567352	1123	136.500477181693	260.497476226566
90	WGN63	309.540502527722	56.5271133131894	1123	208.564884654122	430.38617075186
91	WGN63	200.653798693893	32.1743800169796	1123	142.490437912459	268.747767120504
92	WGN63	149.429314404996	27.765429503206	1123	99.9166613634743	208.872575091696
93	WGN63	169.122577482987	29.5384218424283	1123	116.131173998747	232.044588612405
94	WGN63	157.115268252285	28.4705390277	1123	106.219134855978	217.942009293769
95	WGN63	212.158116428781	46.7980644969197	1123	130.27165767229	313.914625535811
96	WGN63	236.236537664905	34.9108182829362	1123	172.704069742634	309.699613232354
97	WGN63	181.690407430997	30.616285101378	1123	126.584151442146	246.727271065027
98	WGN63	140.055733049118	26.8804750440207	1123	92.2794302718212	197.762643471593
99	WGN63	167.124904580099	29.3634499573998	1123	114.476809698519	229.703607106856
100	WGN63	215.233312513012	33.3227809960673	1123	154.816698671178	285.580534000024
101	WGN63	198.327380772672	31.9873183191934	1123	140.53104975758	266.054319432942
102	WGN63	207.449083891809	32.7146482177908	1123	148.225674399966	276.60310102883
103	WGN63	214.017604178842	33.2285387322305	1123	153.785901072261	284.1799149306
105	WGN63	222.922941589172	33.9128178005543	1123	161.348629121449	294.427861702073
106	WGN63	80.2586194087213	20.3484969980261	1123	45.298571398379	125.149275064242
107	WGN63	173.697141142516	29.9352458526787	1123	119.927137733842	237.397752196368
109	WGN63	174.456651122493	30.0006220528022	1123	120.558374466332	238.285535423833
110	WGN63	225.081020254424	34.0765745088524	1123	163.185404243031	296.907243910994
111	WGN63	146.389520923532	27.4815667591749	1123	97.4338289159777	205.275820576264
112	WGN63	184.277502749855	30.8334877597104	1123	128.74507805902	249.740535085869
114	WGN63	251.081560271148	35.9909991578631	1123	185.429692499402	326.664035688072
115	WGN63	188.412120417185	31.1774730596522	1123	132.20476950812	254.550078971428
116	WGN63	141.582684627716	27.0266094267341	1123	93.5196546958149	199.576322204796
117	WGN63	163.387959797505	29.0333078394087	1123	111.387629722188	225.318897518
118	WGN63	211.414563596318	33.0258454733814	1123	151.580560608548	281.179174229267
119	WGN63	203.078673138457	32.3682077296506	1123	144.535007137228	271.552946784865
121	WGN63	183.480369777712	30.7667269592119	1123	128.07893502922	248.812412171382
122	WGN63	252.720804980644	36.10829584885	1123	186.83879187399	328.533425732476
123	WGN63	229.676832517554	34.4227124585712	1123	167.102066619731	302.182206060556
124	WGN63	235.225210599088	34.83601164352	1123	171.839519188046	308.541509655307
125	WGN63	251.487822472001	36.0201049842808	1123	185.778846779202	327.127405809978
126	WGN63	191.717271878903	31.4497439684349	1123	134.975704028504	258.389447374479
127	WGN63	170.976604986395	29.6998898505693	1123	117.668388568236	234.215429049733
128	WGN63	190.753968170656	31.3706331858464	1123	134.167621898978	257.270922087512
129	WGN63	188.181274942986	31.1583676421974	1123	132.011410365902	254.281747165247
130	WGN63	229.971276476848	34.4447702196604	1123	167.353231516585	302.519929082288
