plantID3	famID	emmean	SE	df	lower.CL	upper.CL
1	WGN07	11.8517491842431	1.13568136160327	1123	9.62345301394065	14.0800453545456
2	WGN07	14.9641941385948	1.13568136160358	1123	12.7358979682918	17.1924903088979
3	WGN07	10.8442887702254	1.13568136160379	1123	8.61599259992191	13.0725849405289
4	WGN07	7.43203119361039	1.13568136160374	1123	5.20373502330699	9.6603273639138
5	WGN07	14.6839721102622	1.13568136160374	1123	12.4556759399588	16.9122682805656
6	WGN07	13.8200666066653	1.13568136160379	1123	11.5917704363618	16.0483627769688
7	WGN07	10.1289902044919	1.13568136160374	1123	7.90069403418852	12.3572863747953
8	WGN07	12.2892434990364	1.13568136160376	1123	10.060947328733	14.5175396693399
9	WGN07	14.5405536464344	1.13568136160377	1123	12.3122574761309	16.7688498167378
10	WGN07	6.68143620978948	1.13568136160376	1123	4.45314003948605	8.90973238009291
11	WGN07	13.2426704123751	1.13568136160377	1123	11.0143742420717	15.4709665826786
12	WGN07	12.2268643578224	1.13568136160373	1123	9.99856818751904	14.4551605281258
13	WGN07	8.24420376073757	1.13568136160377	1123	6.0159075904341	10.472499931041
14	WGN07	16.1841614833196	1.13568136160378	1123	13.9558653130161	18.4124576536231
15	WGN07	11.0023909811635	1.13568136160375	1123	8.77409481086007	13.2306871514669
16	WGN07	11.8577415312185	1.13568136160378	1123	9.62944536091501	14.086037701522
17	WGN07	9.80947501931115	1.13568136160374	1123	7.58117884900775	12.0377711896146
18	WGN07	12.0155739903627	1.13568136160379	1123	9.78727782005924	14.2438701606662
20	WGN07	6.54630861662227	1.13568136160377	1123	4.31801244631882	8.77460478692572
21	WGN07	13.0746836371578	1.13568136160379	1123	10.8463874668543	15.3029798074613
22	WGN07	13.8609371233501	1.13568136160378	1123	11.6326409530466	16.0892332936536
23	WGN07	14.4589930918869	1.13568136160375	1123	12.2306969215835	16.6872892621903
24	WGN07	10.1368092477481	1.13568136160376	1123	7.90851307744462	12.3651054180515
25	WGN07	8.79150262212924	1.13568136160378	1123	6.56320645182577	11.0197987924327
26	WGN07	10.8046693199862	1.13568136160374	1123	8.57637314968284	13.0329654902896
27	WGN07	13.1786236488931	1.13568136160376	1123	10.9503274785897	15.4069198191966
28	WGN07	9.17911199995006	1.13568136160377	1123	6.95081582964661	11.4074081702535
29	WGN07	14.0118378052958	1.13568136160375	1123	11.7835416349924	16.2401339755993
30	WGN07	14.3707018530431	1.13568136160377	1123	12.1424056827396	16.5989980233465
31	WGN07	11.9891082859593	1.13568136160374	1123	9.76081211565596	14.2174044562627
32	WGN07	9.68370730959035	1.13568136160376	1123	7.45541113928691	11.9120034798938
33	WGN07	12.7035564255226	1.13568136160376	1123	10.4752602552192	14.9318525958261
34	WGN07	14.4448514194621	1.13568136160374	1123	12.2165552491587	16.6731475897655
35	WGN07	14.601996614946	1.13568136160374	1123	12.3737004446426	16.8302927852494
36	WGN07	9.50457750871715	1.13568136160376	1123	7.27628133841371	11.7328736790206
37	WGN07	10.3335864340022	1.13568136160375	1123	8.10529026369881	12.5618826043056
38	WGN07	13.8583725023036	1.13568136160378	1123	11.6300763320001	16.086668672607
39	WGN07	13.7793646141981	1.13568136160373	1123	11.5510684438948	16.0076607845015
40	WGN07	12.9386391720991	1.13568136160375	1123	10.7103430017957	15.1669353424026
41	WGN07	13.6551712766291	1.13568136160376	1123	11.4268751063257	15.8834674469325
42	WGN07	13.7635369812653	1.13568136160375	1123	11.5352408109619	15.9918331515687
44	WGN07	13.4990478201716	1.13568136160376	1123	11.2707516498681	15.727343990475
46	WGN07	9.15929692341668	1.13568136160375	1123	6.93100075311326	11.3875930937201
47	WGN07	12.0105608252683	1.13568136160374	1123	9.78226465496494	14.2388569955717
48	WGN07	12.1720402163946	1.13568136160375	1123	9.94374404609117	14.400336386698
49	WGN07	12.9642684985989	1.13568136160378	1123	10.7359723282954	15.1925646689023
50	WGN07	15.5630659645321	1.13568136160375	1123	13.3347697942287	17.7913621348356
51	WGN07	14.3567332028887	1.13568136160376	1123	12.1284370325852	16.5850293731921
52	WGN07	12.5760484984267	1.1356813616038	1123	10.3477523281232	14.8043446687302
53	WGN07	14.9274217569654	1.13568136160377	1123	12.6991255866619	17.1557179272688
54	WGN07	11.9398685942484	1.60645317215039	1123	8.7878810981963	15.0918560903006
55	WGN07	12.3756537596838	1.1356813616038	1123	10.1473575893803	14.6039499299873
56	WGN07	11.4629805442718	1.13568136160376	1123	9.23468437396837	13.6912767145752
57	WGN07	11.1572083128444	1.13568136160376	1123	8.92891214254098	13.3855044831479
58	WGN07	9.00512551316704	1.13568136160373	1123	6.77682934286366	11.2334216834704
59	WGN07	15.6060025595842	1.13568136160377	1123	13.3777063892807	17.8342987298876
60	WGN07	10.9862393834656	1.13568136160377	1123	8.75794321316215	13.214535553769
61	WGN07	12.7666046836995	1.13568136160379	1123	10.538308513396	14.994900854003
63	WGN07	12.5488517264686	1.13568136160376	1123	10.3205555561652	14.7771478967721
64	WGN07	11.2728712093671	1.13568136160374	1123	9.04457503906367	13.5011673796705
66	WGN07	14.3178210632765	1.13568136160377	1123	12.089524892973	16.54611723358
67	WGN07	12.1708320320633	1.13568136160374	1123	9.94253586175987	14.3991282023667
68	WGN07	11.5328206480369	1.13568136160376	1123	9.30452447773344	13.7611168183403
69	WGN07	14.7119324387547	1.13568136160377	1123	12.4836362684512	16.9402286090581
71	WGN07	11.7940280340261	1.13568136160378	1123	9.5657318637226	14.0223242043296
73	WGN07	11.1722351777532	1.13568136160377	1123	8.94393900744974	13.4005313480567
74	WGN07	12.354044572984	1.13568136160376	1123	10.1257484026805	14.5823407432874
75	WGN07	11.3792764813304	1.13568136160376	1123	9.150980311027	13.6075726516339
76	WGN07	8.97005788865205	1.13568136160377	1123	6.74176171834859	11.1983540589555
77	WGN07	14.4628701839114	1.13568136160376	1123	12.2345740136079	16.6911663542148
78	WGN07	12.1154545332003	1.13568136160378	1123	9.88715836289682	14.3437507035038
79	WGN07	12.7276795577697	1.13568136160377	1123	10.4993833874663	14.9559757280732
80	WGN07	12.7535945623615	1.13568136160372	1123	10.5252983920582	14.9818907326649
81	WGN07	14.9652869741684	1.13568136160376	1123	12.736990803865	17.1935831444718
82	WGN07	12.9723803233883	1.13568136160378	1123	10.7440841530848	15.2006764936918
83	WGN07	6.33046820680085	1.13568136160377	1123	4.1021720364974	8.55876437710429
84	WGN07	10.6197140357509	1.13568136160378	1123	8.39141786544739	12.8480102060543
85	WGN07	13.3977480126294	1.13568136160374	1123	11.169451842326	15.6260441829328
86	WGN07	11.7504827226736	1.13568136160376	1123	9.52218655237021	13.9787788929771
87	WGN07	11.0552167895723	1.13568136160377	1123	8.82692061926882	13.2835129598758
88	WGN07	13.3022230445455	1.13568136160375	1123	11.073926874242	15.5305192148489
89	WGN07	8.62397972290731	1.13568136160377	1123	6.39568355260385	10.8522758932108
90	WGN07	12.4296564368251	1.13568136160376	1123	10.2013602665216	14.6579526071285
91	WGN07	13.1266187533502	1.13568136160376	1123	10.8983225830467	15.3549149236536
92	WGN07	7.33557388578748	1.13568136160375	1123	5.10727771548406	9.56387005609091
93	WGN07	13.5815268209708	1.13568136160376	1123	11.3532306506674	15.8098229912743
94	WGN07	13.11103291466	1.60645317215034	1123	9.95904541860791	16.263020410712
95	WGN07	13.0926683175629	1.13568136160376	1123	10.8643721472595	15.3209644878664
96	WGN07	11.0438763257613	1.13568136160374	1123	8.81558015545788	13.2721724960647
97	WGN07	14.2638746292345	1.13568136160378	1123	12.035578458931	16.4921707995379
98	WGN07	9.4470731405328	1.13568136160376	1123	7.21877697022935	11.6753693108362
99	WGN07	12.4983327767535	1.13568136160375	1123	10.27003660645	14.7266289470569
100	WGN07	11.7240041234989	1.13568136160375	1123	9.49570795319549	13.9523002938023
101	WGN07	10.7805698159507	1.13568136160375	1123	8.55227364564733	13.0088659862542
102	WGN07	11.1977312644363	1.13568136160379	1123	8.96943509413281	13.4260274347398
103	WGN07	12.2879362462935	1.13568136160375	1123	10.05964007599	14.5162324165969
104	WGN07	10.7603011506546	1.13568136160379	1123	8.53200498035108	12.9885973209581
105	WGN07	13.0287000025634	1.13568136160376	1123	10.8004038322599	15.2569961728668
106	WGN07	13.731399677579	1.13568136160377	1123	11.5031035072755	15.9596958478824
107	WGN07	13.3537603704278	1.13568136160374	1123	11.1254642001244	15.5820565407312
108	WGN07	8.64560458837906	1.13568136160374	1123	6.41730841807566	10.8739007586825
109	WGN07	8.1842235915888	1.13568136160377	1123	5.95592742128533	10.4125197618923
110	WGN07	9.99887468344429	1.13568136160376	1123	7.77057851314084	12.2271708537477
111	WGN07	10.4041035256238	1.13568136160376	1123	8.17580735532035	12.6323996959272
112	WGN07	9.68656171692902	1.13568136160375	1123	7.45826554662561	11.9148578872324
113	WGN07	11.1385597991101	1.13568136160377	1123	8.91026362880663	13.3668559694136
114	WGN07	9.79463381764484	1.13568136160378	1123	7.56633764734137	12.0229299879483
115	WGN07	14.6561041729575	1.13568136160378	1123	12.4278080026541	16.884400343261
116	WGN07	13.0088726276329	1.13568136160376	1123	10.7805764573295	15.2371687979364
117	WGN07	10.3923048454134	1.13568136160376	1123	8.16400867510994	12.6206010157168
118	WGN07	8.55756343996257	1.13568136160378	1123	6.32926726965909	10.785859610266
119	WGN07	11.4384068132251	1.13568136160378	1123	9.21011064292166	13.6667029835286
120	WGN07	11.2588348693699	1.13568136160377	1123	9.0305386990664	13.4871310396733
121	WGN07	11.4498498999934	1.13568136160376	1123	9.22155372968996	13.6781460702968
122	WGN07	7.03379736676203	1.60645317215044	1123	3.8818098707098	10.1857848628143
123	WGN07	13.6010233820171	1.13568136160375	1123	11.3727272117137	15.8293195523206
124	WGN07	12.2833181122242	1.13568136160375	1123	10.0550219419207	14.5116142825276
125	WGN07	10.9726895758283	1.13568136160376	1123	8.74439340552482	13.2009857461317
126	WGN07	12.1252028871322	1.13568136160377	1123	9.8969067168287	14.3534990574356
127	WGN07	12.2730012582082	1.13568136160376	1123	10.0447050879048	14.5012974285117
128	WGN07	10.4022848525644	1.13568136160376	1123	8.17398868226095	12.6305810228678
129	WGN07	13.9756014631152	1.13568136160377	1123	11.7473052928117	16.2038976334186
130	WGN07	12.3851648071346	1.13568136160378	1123	10.1568686368312	14.6134609774381
1	WGN15	14.2900620295295	1.13568136160368	1123	12.0617658592262	16.5183581998328
2	WGN15	13.1890977320739	1.13568136160379	1123	10.9608015617704	15.4173939023774
3	WGN15	13.9807478154238	1.13568136160374	1123	11.7524516451204	16.2090439857272
4	WGN15	15.407576447283	1.13568136160374	1123	13.1792802769796	17.6358726175864
5	WGN15	11.3122290734623	1.13568136160374	1123	9.08393290315894	13.5405252437657
7	WGN15	13.0884299495709	1.13568136160376	1123	10.8601337792674	15.3167261198743
8	WGN15	13.4857171987673	1.13568136160379	1123	11.2574210284638	15.7140133690708
9	WGN15	11.0753245087153	1.13568136160376	1123	8.84702833841181	13.3036206790187
10	WGN15	13.7065998010093	1.13568136160373	1123	11.4783036307059	15.9348959713126
11	WGN15	15.1656075411344	1.13568136160374	1123	12.937311370831	17.3939037114378
12	WGN15	11.200205102934	1.13568136160375	1123	8.97190893263061	13.4285012732375
13	WGN15	12.263874629234	1.13568136160378	1123	10.0355784589306	14.4921707995375
14	WGN15	11.1694268992962	1.13568136160375	1123	8.94113072899281	13.3977230695997
15	WGN15	13.1388455855043	1.13568136160376	1123	10.9105494152009	15.3671417558078
16	WGN15	11.5958042485687	1.13568136160379	1123	9.36750807826517	13.8241004188722
17	WGN15	12.1547651886846	1.60645317215042	1123	9.00277769263234	15.3067526847368
18	WGN15	13.2178730340008	1.13568136160376	1123	10.9895768636973	15.4461692043042
19	WGN15	15.3008601388584	1.13568136160379	1123	13.0725639685549	17.5291563091619
20	WGN15	14.4001970355811	1.13568136160372	1123	12.1719008652777	16.6284932058845
21	WGN15	14.5259619773641	1.13568136160375	1123	12.2976658070607	16.7542581476675
22	WGN15	11.9953658978141	1.13568136160373	1123	9.76706972751068	14.2236620681175
23	WGN15	15.2298124168699	1.13568136160376	1123	13.0015162465665	17.4581085871734
24	WGN15	9.59743646374044	1.60645317215042	1123	6.44544896768825	12.7494239597926
25	WGN15	11.6563400445943	1.13568136160375	1123	9.42804387429084	13.8846362148977
26	WGN15	14.6746880152022	1.13568136160376	1123	12.4463918448988	16.9029841855057
27	WGN15	14.9196030215946	1.13568136160377	1123	12.6913068512912	17.1478991918981
28	WGN15	13.2828164668797	1.13568136160376	1123	11.0545202965763	15.5111126371831
29	WGN15	14.9014480717856	1.13568136160377	1123	12.6731519014821	17.129744242089
30	WGN15	13.2177819928016	1.13568136160376	1123	10.9894858224982	15.4460781631051
31	WGN15	15.874992934528	1.6064531721504	1123	12.7230054384759	19.0269804305802
32	WGN15	14.1932225728122	1.13568136160376	1123	11.9649264025088	16.4215187431156
33	WGN15	14.0216631888586	1.13568136160376	1123	11.7933670185552	16.2499593591621
34	WGN15	12.9041882701933	1.13568136160375	1123	10.6758920998899	15.1324844404967
35	WGN15	13.8806092198651	1.13568136160378	1123	11.6523130495617	16.1089053901686
36	WGN15	11.6984956680251	1.13568136160376	1123	9.47019949772164	13.9267918383285
37	WGN15	13.5990352623383	1.13568136160378	1123	11.3707390920348	15.8273314326418
38	WGN15	11.511776101172	1.13568136160374	1123	9.28347993086864	13.7400722714754
39	WGN15	13.2868801283435	1.13568136160376	1123	11.0585839580401	15.515176298647
40	WGN15	13.2264140010731	1.13568136160378	1123	10.9981178307696	15.4547101713766
41	WGN15	13.4474056354779	1.13568136160377	1123	11.2191094651745	15.6757018057814
43	WGN15	14.137424293597	1.13568136160375	1123	11.9091281232936	16.3657204639004
44	WGN15	16.1997275418312	1.13568136160376	1123	13.9714313715278	18.4280237121346
45	WGN15	16.4263955485452	1.13568136160374	1123	14.1980993782418	18.6546917188486
46	WGN15	13.4533659463946	1.13568136160376	1123	11.2250697760911	15.681662116698
47	WGN15	14.4864023634919	1.13568136160374	1123	12.2581061931885	16.7146985337953
48	WGN15	10.9035592724483	1.13568136160376	1123	8.67526310214486	13.1318554427517
50	WGN15	14.9828688089297	1.13568136160377	1123	12.7545726386263	17.2111649792332
51	WGN15	12.4405543632105	1.13568136160377	1123	10.212258192907	14.6688505335139
52	WGN15	14.8147539228552	1.13568136160376	1123	12.5864577525517	17.0430500931586
53	WGN15	11.0326334264524	1.13568136160376	1123	8.80433725614893	13.2609295967558
54	WGN15	8.11803398874984	1.13568136160374	1123	5.88973781844644	10.3463301590532
55	WGN15	12.3150729063671	1.13568136160376	1123	10.0867767360636	14.5433690766705
56	WGN15	11.1601240239501	1.13568136160377	1123	8.93182785364669	13.3884201942536
57	WGN15	14.4192567022109	1.13568136160376	1123	12.1909605319074	16.6475528725143
58	WGN15	11.7059690038551	1.13568136160375	1123	9.47767283355164	13.9342651741585
59	WGN15	14.6539432559168	1.13568136160376	1123	12.4256470856134	16.8822394262202
60	WGN15	12.4414197136435	1.13568136160374	1123	10.2131235433401	14.6697158839469
61	WGN15	11.424177437516	1.13568136160376	1123	9.19588126721253	13.6524736078194
62	WGN15	12.5782358136979	1.13568136160376	1123	10.3499396433945	14.8065319840013
63	WGN15	17.4483492435749	1.13568136160374	1123	15.2200530732715	19.6766454138783
64	WGN15	11.1227735727747	1.13568136160377	1123	8.89447740247121	13.3510697430781
65	WGN15	13.5824666239376	1.13568136160375	1123	11.3541704536342	15.8107627942411
66	WGN15	11.9877436142003	1.13568136160377	1123	9.75944744389687	14.2160397845038
67	WGN15	13.8284173950286	1.13568136160376	1123	11.6001212247252	16.056713565332
68	WGN15	3.87151970659329	1.60645317215039	1123	0.719532210541144	7.02350720264543
69	WGN15	15.0164266968045	1.13568136160376	1123	12.7881305265011	17.244722867108
70	WGN15	14.9473047106863	1.13568136160377	1123	12.7190085403829	17.1756008809898
71	WGN15	13.4293398857449	1.13568136160377	1123	11.2010437154414	15.6576360560484
72	WGN15	12.8018732925105	1.13568136160377	1123	10.5735771222071	15.030169462814
73	WGN15	12.082762530298	1.13568136160375	1123	9.8544663599946	14.3110587006014
74	WGN15	14.0216778162308	1.60645317215041	1123	10.8696903201786	17.173665312283
75	WGN15	15.8089109169664	1.60645317215041	1123	12.6569234209143	18.9608984130186
77	WGN15	10.7379051635958	1.13568136160377	1123	8.50960899329238	12.9662013338993
78	WGN15	10.9613645680843	1.13568136160377	1123	8.73306839778089	13.1896607383878
79	WGN15	14.997729792825	1.13568136160376	1123	12.7694336225216	17.2260259631284
80	WGN15	11.3123270093678	1.13568136160377	1123	9.08403083906433	13.5406231796712
81	WGN15	15.2958011276854	1.13568136160378	1123	13.0675049573819	17.5240972979889
82	WGN15	15.3069449352041	1.13568136160374	1123	13.0786487649007	17.5352411055075
83	WGN15	13.9999544456933	1.13568136160376	1123	11.7716582753899	16.2282506159968
84	WGN15	14.0574385243016	1.13568136160374	1123	11.8291423539982	16.285734694605
85	WGN15	14.2490226865744	1.13568136160375	1123	12.020726516271	16.4773188568778
86	WGN15	11.8417718443507	1.13568136160376	1123	9.61347567404725	14.0700680146541
87	WGN15	13.9732712232673	1.13568136160376	1123	11.7449750529639	16.2015673935708
88	WGN15	12.8634911754269	1.13568136160375	1123	10.6351950051235	15.0917873457304
89	WGN15	13.1339117432848	1.13568136160377	1123	10.9056155729813	15.3622079135882
90	WGN15	14.9473047106862	1.13568136160373	1123	12.7190085403828	17.1756008809896
91	WGN15	12.7064219900582	1.13568136160375	1123	10.4781258197548	14.9347181603616
92	WGN15	12.2468362649173	1.13568136160375	1123	10.0185400946139	14.4751324352207
93	WGN15	13.6743543591703	1.13568136160375	1123	11.4460581888669	15.9026505294737
94	WGN15	14.486402363492	1.13568136160377	1123	12.2581061931885	16.7146985337954
95	WGN15	11.2334521872913	1.13568136160375	1123	9.00515601698788	13.4617483575947
96	WGN15	14.507789196511	1.13568136160375	1123	12.2794930262076	16.7360853668144
97	WGN15	12.3529444733205	1.13568136160377	1123	10.1246483030171	14.581240643624
98	WGN15	11.2248837785415	1.13568136160376	1123	8.99658760823807	13.4531799488449
99	WGN15	13.805336815653	1.13568136160376	1123	11.5770406453496	16.0336329859564
100	WGN15	11.7392586023059	1.13568136160376	1123	9.51096243200243	13.9675547726093
101	WGN15	14.2434817543879	1.13568136160378	1123	12.0151855840844	16.4717779246913
102	WGN15	12.0996988412516	1.13568136160376	1123	9.87140267094819	14.3279950115551
103	WGN15	10.9149201592017	1.13568136160376	1123	8.68662398889824	13.1432163295051
104	WGN15	13.0648825521825	1.13568136160377	1123	10.836586381879	15.2931787224859
106	WGN15	12.8199402682566	1.13568136160375	1123	10.5916440979532	15.0482364385601
107	WGN15	15.5881602630936	1.13568136160375	1123	13.3598640927902	17.816456433397
108	WGN15	12.3669379329499	1.13568136160376	1123	10.1386417626465	14.5952341032534
109	WGN15	14.2817841372331	1.13568136160376	1123	12.0534879669297	16.5100803075366
110	WGN15	12.3024876244823	1.13568136160376	1123	10.0741914541789	14.5307837947858
111	WGN15	11.5410688769551	1.13568136160375	1123	9.31277270665165	13.7693650472585
112	WGN15	12.7757917047827	1.13568136160376	1123	10.5474955344793	15.0040878750862
113	WGN15	11.0173706542746	1.13568136160376	1123	8.78907448397115	13.245666824578
114	WGN15	13.6607510529084	1.13568136160378	1123	11.4324548826049	15.8890472232119
115	WGN15	12.2453687816158	1.13568136160374	1123	10.0170726113124	14.4736649519192
116	WGN15	13.5794715754354	1.13568136160376	1123	11.351175405132	15.8077677457389
117	WGN15	12.8991116183333	1.13568136160374	1123	10.6708154480299	15.1274077886367
118	WGN15	11.0511051493001	1.13568136160375	1123	8.82280897899669	13.2794013196035
119	WGN15	14.5688832263946	1.13568136160376	1123	12.3405870560911	16.797179396698
120	WGN15	13.41535658209	1.13568136160375	1123	11.1870604117866	15.6436527523934
121	WGN15	12.169405534768	1.13568136160375	1123	9.94110936446459	14.3977017050714
122	WGN15	16.7322364974002	1.13568136160376	1123	14.5039403270968	18.9605326677036
123	WGN15	13.2271180202827	1.13568136160376	1123	10.9988218499793	15.4554141905862
124	WGN15	12.3968204815072	1.13568136160375	1123	10.1685243112038	14.6251166518106
125	WGN15	7.24418736547789	1.13568136160376	1123	5.01589119517445	9.47248353578132
126	WGN15	10.2608821329479	1.13568136160377	1123	8.03258596264441	12.4891783032513
127	WGN15	13.1017522980356	1.13568136160376	1123	10.8734561277322	15.330048468339
128	WGN15	15.7641320658624	1.13568136160377	1123	13.5358358955589	17.9924282361658
129	WGN15	11.5453339758656	1.13568136160377	1123	9.31703780556216	13.7736301461691
130	WGN15	13.1542936056105	1.13568136160376	1123	10.9259974353071	15.382589775914
1	WGN26	1.74024769635699	1.60645317215047	1123	-1.41173979969531	4.89223519240929
3	WGN26	9.87907143717	1.13568136160377	1123	7.65077526686653	12.1073676074735
4	WGN26	10.4135275898008	1.13568136160377	1123	8.18523141949738	12.6418237601043
5	WGN26	11.3234310623215	1.13568136160374	1123	9.09513489201804	13.5517272326249
6	WGN26	13.2560815923521	1.13568136160377	1123	11.0277854220486	15.4843777626555
7	WGN26	12.1015850464876	1.13568136160376	1123	9.87328887618415	14.329881216791
8	WGN26	5.35605604771885	1.13568136160372	1123	3.12775987741549	7.5843522180222
9	WGN26	8.61887350074899	1.13568136160375	1123	6.39057733044557	10.8471696710524
10	WGN26	10.0523184072048	1.13568136160376	1123	7.8240222369014	12.2806145775083
11	WGN26	6.98170360730099	1.13568136160376	1123	4.75340743699756	9.20999977760442
12	WGN26	8.76111534728429	1.13568136160377	1123	6.53281917698083	10.9894115175877
13	WGN26	13.4155795638362	1.13568136160377	1123	11.1872833935327	15.6438757341397
14	WGN26	7.92961315781178	1.13568136160376	1123	5.70131698750835	10.1579093281152
15	WGN26	12.2689780089845	1.13568136160377	1123	10.0406818386811	14.497274179288
17	WGN26	12.5434890537675	1.13568136160375	1123	10.3151928834641	14.7717852240709
18	WGN26	8.25681030913032	1.13568136160376	1123	6.02851413882688	10.4851064794338
19	WGN26	14.5223041653023	1.60645317215039	1123	11.3703166692502	17.6742916613545
20	WGN26	7.47611072544722	1.60645317215043	1123	4.32412322939501	10.6280982214994
21	WGN26	10.5791710263958	1.13568136160377	1123	8.35087485609232	12.8074671966992
22	WGN26	10.7488263786349	1.13568136160374	1123	8.52053020833145	12.9771225489383
23	WGN26	11.3787673774958	1.13568136160375	1123	9.15047120719241	13.6070635477992
25	WGN26	11.4935680720908	1.13568136160376	1123	9.2652719017874	13.7218642423943
26	WGN26	12.8336469438515	1.13568136160375	1123	10.6053507735481	15.061943114155
27	WGN26	9.07444578254597	1.13568136160377	1123	6.84614961224251	11.3027419528494
28	WGN26	9.37840721826821	1.13568136160376	1123	7.15011104796477	11.6067033885716
29	WGN26	9.80104524029814	1.13568136160376	1123	7.57274906999469	12.0293414106016
30	WGN26	9.84586719674702	1.13568136160376	1123	7.61757102644358	12.0741633670505
31	WGN26	14.5814601535002	1.13568136160374	1123	12.3531639831968	16.8097563238036
32	WGN26	10.1852834521084	1.13568136160377	1123	7.95698728180498	12.4135796224119
33	WGN26	9.13539181960115	1.6064531721504	1123	5.98340432354899	12.2873793156533
34	WGN26	10.4792938678783	1.13568136160377	1123	8.25099769757482	12.7075900381817
35	WGN26	12.4793947250617	1.13568136160378	1123	10.2510985547582	14.7076908953651
36	WGN26	9.27987448722727	1.13568136160374	1123	7.05157831692387	11.5081706575307
38	WGN26	8.78282373846464	1.13568136160376	1123	6.55452756816121	11.0111199087681
39	WGN26	9.18549458529738	1.13568136160376	1123	6.95719841499395	11.4137907556008
40	WGN26	10.4497474683058	1.13568136160376	1123	8.2214512980024	12.6780436386093
41	WGN26	4.85852231640443	1.6064531721504	1123	1.70653482035227	8.01050981245659
42	WGN26	9.78478077344764	1.13568136160377	1123	7.55648460314419	12.0130769437511
43	WGN26	8.34614309171171	1.60645317215038	1123	5.19415559565959	11.4981305877638
44	WGN26	11.4851352975255	1.13568136160375	1123	9.25683912722209	13.7134314678289
45	WGN26	10.0084026458196	1.13568136160375	1123	7.7801064755162	12.236698816123
46	WGN26	11.706758884023	1.13568136160376	1123	9.47846271371953	13.9350550543264
47	WGN26	11.2297746335554	1.13568136160376	1123	9.00147846325195	13.4580708038588
48	WGN26	12.039804140057	1.13568136160375	1123	9.81150796975361	14.2681003103604
49	WGN26	10.6097438318912	1.13568136160376	1123	8.38144766158776	12.8380400021947
50	WGN26	6.48651369380231	1.13568136160378	1123	4.25821752349883	8.71480986410579
51	WGN26	8.65543608766968	1.13568136160376	1123	6.42713991736625	10.8837322579731
52	WGN26	11.52856586326	1.13568136160375	1123	9.30026969295661	13.7568620335635
53	WGN26	10.7513294409258	1.13568136160376	1123	8.52303327062237	12.9796256112292
54	WGN26	11.2651440264461	1.13568136160374	1123	9.03684785614273	13.4934401967495
55	WGN26	8.93989924756822	1.13568136160376	1123	6.71160307726478	11.1681954178717
56	WGN26	8.63295236431602	1.13568136160375	1123	6.4046561940126	10.8612485346194
57	WGN26	16.0993420767858	1.13568136160379	1123	13.8710459064823	18.3276382470893
58	WGN26	12.8031272725213	1.13568136160376	1123	10.5748311022179	15.0314234428248
59	WGN26	11.9398685942483	1.60645317215041	1123	8.78788109819608	15.0918560903005
60	WGN26	12.4163397298396	1.13568136160377	1123	10.1880435595362	14.6446359001431
61	WGN26	9.92391729612642	1.13568136160376	1123	7.69562112582298	12.1522134664299
62	WGN26	11.588786855577	1.13568136160375	1123	9.36049068527363	13.8170830258805
64	WGN26	9.37298334620687	1.13568136160375	1123	7.14468717590344	11.6012795165103
65	WGN26	12.7064219900581	1.13568136160376	1123	10.4781258197547	14.9347181603615
66	WGN26	12.0573301241248	1.13568136160377	1123	9.8290339538213	14.2856262944282
67	WGN26	8.95487730713406	1.13568136160377	1123	6.7265811368306	11.1831734774375
68	WGN26	12.8597876571335	1.13568136160376	1123	10.63149148683	15.0880838274369
69	WGN26	15.1600812531782	1.13568136160377	1123	12.9317850828748	17.3883774234817
70	WGN26	9.454196275138	1.13568136160377	1123	7.22590010483454	11.6824924454415
71	WGN26	13.6537382187215	1.13568136160376	1123	11.4254420484181	15.8820343890249
73	WGN26	8.45447456497999	1.13568136160376	1123	6.22617839467655	10.6827707352834
74	WGN26	10.7185586047538	1.13568136160376	1123	8.49026243445031	12.9468547750572
75	WGN26	11.7204313325971	1.13568136160377	1123	9.49213516229366	13.9487275029006
76	WGN26	8.7185292847645	1.13568136160376	1123	6.49023311446107	10.9468254550679
77	WGN26	5.64334851166585	1.13568136160376	1123	3.41505234136242	7.87164468196928
78	WGN26	10.9300735515244	1.13568136160375	1123	8.70177738122099	13.1583697218278
79	WGN26	12.640710916424	1.13568136160376	1123	10.4124147461206	14.8690070867274
80	WGN26	9.44404208905276	1.13568136160376	1123	7.21574591874932	11.6723382593562
81	WGN26	13.900675650852	1.13568136160376	1123	11.6723794805486	16.1289718211555
82	WGN26	13.1032778078663	1.13568136160375	1123	10.8749816375629	15.3315739781697
83	WGN26	8.48343895038099	1.13568136160377	1123	6.25514278007753	10.7117351206845
85	WGN26	7.03672464598919	1.6064531721504	1123	3.88473714993702	10.1887121420414
86	WGN26	9.48879698075998	1.6064531721504	1123	6.33680948470782	12.6407844768121
87	WGN26	14.0091436286024	1.13568136160376	1123	11.780847458299	16.2374397989059
88	WGN26	6.92669889749511	1.13568136160376	1123	4.69840272719167	9.15499506779854
89	WGN26	9.45305895409497	1.13568136160376	1123	7.22476278379153	11.6813551243984
90	WGN26	11.715354827909	1.13568136160376	1123	9.48705865760553	13.9436509982124
91	WGN26	9.40289664698805	1.13568136160375	1123	7.17460047668463	11.6311928172915
92	WGN26	9.56846493980444	1.13568136160375	1123	7.34016876950102	11.7967611101079
93	WGN26	13.9086416248962	1.13568136160375	1123	11.6803454545928	16.1369377951996
94	WGN26	6.62920508550225	1.13568136160375	1123	4.40090891519883	8.85750125580568
95	WGN26	13.1974708535548	1.13568136160376	1123	10.9691746832514	15.4257670238582
96	WGN26	8.98133493531165	1.13568136160375	1123	6.75303876500824	11.2096311056151
97	WGN26	11.9776755915738	1.13568136160376	1123	9.74937942127031	14.2059717618772
98	WGN26	8.12599101961424	1.13568136160377	1123	5.89769484931078	10.3542871899177
99	WGN26	14.1778180878678	1.13568136160376	1123	11.9495219175644	16.4061142581712
100	WGN26	7.77603932781292	1.60645317215039	1123	4.62405183176078	10.9280268238651
101	WGN26	8.74595138550398	1.13568136160375	1123	6.51765521520056	10.9742475558074
102	WGN26	9.91102407701232	1.13568136160375	1123	7.6827279067089	12.1393202473157
103	WGN26	10.5890712848307	1.13568136160376	1123	8.36077511452721	12.8173674551341
104	WGN26	10.9760912760258	1.13568136160377	1123	8.74779510572234	13.2043874463292
105	WGN26	13.6337188402601	1.13568136160376	1123	11.4054226699567	15.8620150105636
106	WGN26	11.6109672331452	1.13568136160375	1123	9.38267106284177	13.8392634034486
108	WGN26	10.0727346826561	1.13568136160376	1123	7.84443851235261	12.3010308529595
109	WGN26	14.7459666924145	1.13568136160376	1123	12.5176705221111	16.974262862718
111	WGN26	9.05331301420378	1.13568136160376	1123	6.82501684390034	11.2816091845072
112	WGN26	10.0897832763795	1.13568136160376	1123	7.86148710607603	12.3180794466829
113	WGN26	6.73232319641605	1.13568136160377	1123	4.5040270261126	8.9606193667195
114	WGN26	7.53696920480967	1.60645317215039	1123	4.38498170875752	10.6889567008618
115	WGN26	14.1430105106321	1.13568136160376	1123	11.9147143403287	16.3713066809356
116	WGN26	12.6401235721659	1.13568136160376	1123	10.4118274018625	14.8684197424694
117	WGN26	7.47611072544686	1.60645317215041	1123	4.32412322939468	10.628098221499
118	WGN26	12.8068765669317	1.13568136160376	1123	10.5785803966282	15.0351727372351
119	WGN26	13.30301339536	1.13568136160376	1123	11.0747172250566	15.5313095656635
120	WGN26	3.76289390857397	1.6064531721504	1123	0.610906412521807	6.91488140462613
121	WGN26	10.763874629234	1.13568136160376	1123	8.53557845893053	12.9921707995374
122	WGN26	7.44575606876931	1.13568136160376	1123	5.21745989846587	9.67405223907276
123	WGN26	11.1474942712622	1.13568136160376	1123	8.91919810095872	13.3757904415656
125	WGN26	12.9791303715503	1.13568136160376	1123	10.7508342012469	15.2074265418538
126	WGN26	5.99896188607375	1.60645317215039	1123	2.84697439002161	9.15094938212589
127	WGN26	12.5607612794617	1.13568136160376	1123	10.3324651091583	14.7890574497652
128	WGN26	8.49573732246661	1.13568136160376	1123	6.26744115216317	10.72403349277
129	WGN26	2.60738274392977	1.60645317215038	1123	-0.544604752122347	5.75937023998188
130	WGN26	9.17754139272249	1.13568136160376	1123	6.94924522241904	11.4058375630259
1	WGN36	12.2270021648252	1.13568136160386	1123	9.99870599452156	14.4552983351288
2	WGN36	9.75758729914007	1.13568136160375	1123	7.52929112883666	11.9858834694435
4	WGN36	15.5472775118851	1.13568136160375	1123	13.3189813415817	17.7755736821885
5	WGN36	11.3313641264983	1.13568136160376	1123	9.10306795619483	13.5596602968017
6	WGN36	11.0640731529348	1.13568136160376	1123	8.83577698263139	13.2923693232383
7	WGN36	15.2969794606643	1.13568136160375	1123	13.0686832903609	17.5252756309677
8	WGN36	13.005323477842	1.13568136160374	1123	10.7770273075386	15.2336196481454
9	WGN36	11.433047341189	1.60645317215041	1123	8.28105984513677	14.5850348372411
10	WGN36	11.2346430427809	1.1356813616038	1123	9.00634687247736	13.4629392130844
11	WGN36	12.2893066046971	1.13568136160376	1123	10.0610104343936	14.5176027750005
12	WGN36	10.3009050930507	1.60645317215041	1123	7.14891759699853	13.4528925891029
13	WGN36	12.3506965461025	1.13568136160375	1123	10.1224003757991	14.578992716406
14	WGN36	13.1688613868995	1.13568136160376	1123	10.9405652165961	15.3971575572029
15	WGN36	11.9244289008981	1.13568136160377	1123	9.69613273059467	14.1527250712016
16	WGN36	10.2817240856005	1.13568136160376	1123	8.05342791529708	12.510020255904
17	WGN36	15.475779109285	1.13568136160375	1123	13.2474829389816	17.7040752795884
18	WGN36	13.395564067476	1.13568136160376	1123	11.1672678971725	15.6238602377794
19	WGN36	13.8819345829912	1.13568136160376	1123	11.6536384126878	16.1102307532947
20	WGN36	9.07774083235711	1.13568136160377	1123	6.84944466205366	11.3060370026606
21	WGN36	12.4563734487217	1.13568136160375	1123	10.2280772784183	14.6846696190251
22	WGN36	8.12251881990269	1.6064531721504	1123	4.97053132385053	11.2745063159548
23	WGN36	13.3044425099643	1.13568136160375	1123	11.0761463396609	15.5327386802678
24	WGN36	10.8869802548521	1.13568136160376	1123	8.65868408454863	13.1152764251555
26	WGN36	12.8409022275615	1.13568136160376	1123	10.6126060572581	15.0691983978649
27	WGN36	11.8652911284647	1.13568136160376	1123	9.63699495816132	14.0935872987682
28	WGN36	12.4747700234362	1.13568136160378	1123	10.2464738531327	14.7030661937397
30	WGN36	12.7951460334375	1.13568136160378	1123	10.566849863134	15.023442203741
31	WGN36	15.8569881456222	1.13568136160375	1123	13.6286919753187	18.0852843159256
32	WGN36	10.3882157380993	1.13568136160375	1123	8.15991956779588	12.6165119084027
33	WGN36	13.5622418027341	1.13568136160376	1123	11.3339456324307	15.7905379730376
34	WGN36	12.4615423671362	1.13568136160377	1123	10.2332461968327	14.6898385374396
35	WGN36	10.4474775101147	1.13568136160377	1123	8.21918133981126	12.6757736804182
36	WGN36	13.591716405144	1.13568136160374	1123	11.3634202348406	15.8200125754474
37	WGN36	12.312388111826	1.13568136160376	1123	10.0840919415226	14.5406842821294
38	WGN36	10.608736983037	1.60645317215041	1123	7.45674948698478	13.7607244790891
39	WGN36	12.0636606249121	1.13568136160376	1123	9.83536445460865	14.2919567952155
40	WGN36	12.2773503444787	1.13568136160377	1123	10.0490541741753	14.5056465147822
41	WGN36	9.85889894354073	1.13568136160377	1123	7.63060277323728	12.0871951138442
42	WGN36	9.75551869083929	1.13568136160375	1123	7.52722252053587	11.9838148611427
43	WGN36	13.5046764492585	1.13568136160376	1123	11.2763802789551	15.732972619562
44	WGN36	13.7759707722126	1.13568136160377	1123	11.5476746019092	16.0042669425161
45	WGN36	11.9658591685666	1.13568136160377	1123	9.73756299826314	14.19415533887
46	WGN36	13.0332595866598	1.13568136160377	1123	10.8049634163563	15.2615557569632
47	WGN36	10.5949968916544	1.13568136160376	1123	8.36670072135101	12.8232930619579
48	WGN36	11.4749371855332	1.13568136160375	1123	9.24664101522975	13.7032333558366
49	WGN36	8.13562920187797	1.13568136160376	1123	5.90733303157453	10.3639253721814
51	WGN36	11.6590647694022	1.13568136160376	1123	9.43076859909882	13.8873609397057
52	WGN36	10.3921934708497	1.13568136160375	1123	8.16389730054623	12.6204896411531
53	WGN36	14.7563447816868	1.13568136160376	1123	12.5280486113834	16.9846409519902
54	WGN36	11.2026560239105	1.13568136160375	1123	8.97435985360704	13.4309521942139
55	WGN36	10.3619026473819	1.13568136160377	1123	8.13360647707841	12.5901988176853
56	WGN36	12.9703185806105	1.13568136160376	1123	10.742022410307	15.1986147509139
57	WGN36	13.5156097709408	1.13568136160376	1123	11.2873136006373	15.7439059412442
58	WGN36	12.8812333254423	1.13568136160376	1123	10.6529371551388	15.1095294957457
59	WGN36	10.4749371855332	1.13568136160376	1123	8.24664101522975	12.7032333558366
60	WGN36	13.6785878766091	1.13568136160376	1123	11.4502917063057	15.9068840469126
62	WGN36	9.14781507049357	1.13568136160376	1123	6.91951890019013	11.376111240797
64	WGN36	13.3251925779288	1.13568136160375	1123	11.0968964076253	15.5534887482322
65	WGN36	12.144237581813	1.13568136160376	1123	9.9159414115096	14.3725337521165
66	WGN36	14.9248115565993	1.13568136160375	1123	12.6965153862959	17.1531077269027
68	WGN36	8.45555904116329	1.13568136160376	1123	6.22726287085984	10.6838552114667
69	WGN36	10.7558737630852	1.13568136160376	1123	8.52757759278176	12.9841699333886
70	WGN36	9.06641983976454	1.13568136160376	1123	6.83812366946109	11.294716010068
71	WGN36	12.8446816930959	1.13568136160376	1123	10.6163855227924	15.0729778633993
72	WGN36	12.9990895083156	1.13568136160376	1123	10.7707933380121	15.227385678619
74	WGN36	11.4963394451247	1.13568136160376	1123	9.26804327482128	13.7246356154281
75	WGN36	8.91270271387808	1.13568136160376	1123	6.68440654357464	11.1409988841815
76	WGN36	11.516533883809	1.13568136160376	1123	9.28823771350555	13.7448300541124
77	WGN36	12.389495261422	1.13568136160376	1123	10.1611990911185	14.6177914317254
78	WGN36	11.4926574125597	1.13568136160377	1123	9.26436124225625	13.7209535828632
79	WGN36	11.4887955768909	1.13568136160377	1123	9.26049940658741	13.7170917471943
80	WGN36	10.4160844572451	1.13568136160376	1123	8.18778828694171	12.6443806275486
81	WGN36	13.602679469289	1.13568136160376	1123	11.3743832989855	15.8309756395924
82	WGN36	11.2176859426293	1.13568136160376	1123	8.98938977232587	13.4459821129328
83	WGN36	12.0728209963835	1.13568136160376	1123	9.84452482608003	14.3011171666869
84	WGN36	12.6064633663316	1.13568136160376	1123	10.3781671960282	14.8347595366351
85	WGN36	13.9778645092532	1.13568136160376	1123	11.7495683389498	16.2061606795567
86	WGN36	8.94427190999922	1.13568136160376	1123	6.71597573969578	11.1725680803027
87	WGN36	13.593935076598	1.13568136160376	1123	11.3656389062946	15.8222312469015
88	WGN36	12.1700873254583	1.13568136160375	1123	9.94179115515493	14.3983834957618
89	WGN36	11.9614239916601	1.13568136160376	1123	9.73312782135669	14.1897201619636
90	WGN36	11.2201532544554	1.13568136160376	1123	8.99185708415193	13.4484494247588
92	WGN36	8.86888920590055	1.13568136160376	1123	6.64059303559711	11.097185376204
93	WGN36	10.7470672346399	1.13568136160376	1123	8.51877106433648	12.9753634049434
94	WGN36	9.14916907880416	1.13568136160376	1123	6.92087290850073	11.3774652491076
95	WGN36	12.7443141774986	1.13568136160376	1123	10.5160180071952	14.9726103478021
96	WGN36	11.326303306876	1.13568136160376	1123	9.09800713657253	13.5545994771794
97	WGN36	10.8579968201759	1.13568136160377	1123	8.62970064987246	13.0862929904794
98	WGN36	15.2907579535749	1.6064531721504	1123	12.1387704575227	18.442745449627
99	WGN36	9.1330476009763	1.13568136160376	1123	6.90475143067286	11.3613437712797
100	WGN36	12.1243556529822	1.13568136160376	1123	9.89605948267879	14.3526518232857
102	WGN36	11.9721815705165	1.13568136160376	1123	9.74388540021302	14.2004777408199
104	WGN36	10.6097722286465	1.13568136160376	1123	8.38147605834308	12.83806839895
105	WGN36	13.1095207287751	1.13568136160376	1123	10.8812245584717	15.3378168990786
106	WGN36	10.8840032069876	1.13568136160377	1123	8.65570703668415	13.1122993772911
107	WGN36	11.4004045315562	1.13568136160376	1123	9.17210836125272	13.6287007018596
108	WGN36	11.8886230394902	1.13568136160376	1123	9.66032686918675	14.1169192097936
109	WGN36	13.2846771514824	1.13568136160376	1123	11.056380981179	15.5129733217858
110	WGN36	9.26012958872615	1.13568136160376	1123	7.03183341842272	11.4884257590296
112	WGN36	13.6898401390606	1.13568136160376	1123	11.4615439687572	15.918136309364
114	WGN36	8.80543569257061	1.13568136160377	1123	6.57713952226717	11.0337318628741
115	WGN36	10.0366210995141	1.60645317215041	1123	6.88463360346194	13.1886085955663
116	WGN36	10.6961524227067	1.13568136160375	1123	8.46785625240329	12.9244485930101
117	WGN36	13.9786063533417	1.13568136160376	1123	11.7503101830382	16.2069025236451
118	WGN36	12.0644706584074	1.13568136160377	1123	9.83617448810399	14.2927668287109
119	WGN36	10.6207172561595	1.13568136160376	1123	8.39242108585604	12.8490134264629
120	WGN36	11.2678268764264	1.13568136160376	1123	9.039530706123	13.4961230467299
121	WGN36	11.7927141618245	1.13568136160376	1123	9.56441799152104	14.0210103321279
122	WGN36	11.9556277632267	1.13568136160376	1123	9.7273315929233	14.1839239335302
123	WGN36	17.129642088619	1.13568136160376	1123	14.9013459183155	19.3579382589224
124	WGN36	13.1667193745238	1.13568136160376	1123	10.9384232042203	15.3950155448272
125	WGN36	14.5003635000344	1.13568136160376	1123	12.272067329731	16.7286596703378
126	WGN36	13.132808046233	1.13568136160376	1123	10.9045118759295	15.3611042165364
127	WGN36	9.95818764390657	1.13568136160376	1123	7.72989147360313	12.18648381421
128	WGN36	10.6365499579687	1.13568136160376	1123	8.40825378766522	12.8648461282721
129	WGN36	13.2100631726711	1.13568136160376	1123	10.9817670023677	15.4383593429745
130	WGN36	9.19643077355691	1.13568136160376	1123	6.96813460325348	11.4247269438603
1	WGN38	13.5289514911086	1.13568136160376	1123	11.3006553208052	15.7572476614121
2	WGN38	13.2112040377959	1.13568136160377	1123	10.9829078674924	15.4395002080993
3	WGN38	9.55751288048915	1.13568136160375	1123	7.32921671018574	11.7858090507926
4	WGN38	9.38018139823743	1.13568136160377	1123	7.15188522793397	11.6084775685409
5	WGN38	14.677758713361	1.13568136160377	1123	12.4494625430576	16.9060548836645
6	WGN38	10.7591176675463	1.60645317215039	1123	7.60713017149415	13.9111051635984
7	WGN38	13.321632876078	1.13568136160376	1123	11.0933367057745	15.5499290463814
8	WGN38	10.8493294241249	1.13568136160377	1123	8.62103325382149	13.0776255944284
10	WGN38	12.1767590272163	1.13568136160374	1123	9.94846285691291	14.4050551975197
11	WGN38	13.3403478482174	1.13568136160376	1123	11.112051677914	15.5686440185209
12	WGN38	11.0882444950925	1.13568136160377	1123	8.85994832478906	13.316540665396
13	WGN38	12.9020197067109	1.13568136160375	1123	10.6737235364075	15.1303158770143
14	WGN38	12.4501432812185	1.13568136160375	1123	10.221847110915	14.6784394515219
16	WGN38	13.4677563461625	1.13568136160378	1123	11.2394601758591	15.696052516466
18	WGN38	15.1375244038806	1.13568136160375	1123	12.9092282335772	17.365820574184
19	WGN38	10.0598012700075	1.13568136160378	1123	7.83150509970403	12.288097440311
20	WGN38	13.3154040765741	1.13568136160378	1123	11.0871079062707	15.5437002468776
21	WGN38	12.0811395354774	1.13568136160374	1123	9.85284336517405	14.3094357057808
22	WGN38	12.6687904602958	1.13568136160375	1123	10.4404942899924	14.8970866305992
23	WGN38	16.1651513899117	1.13568136160374	1123	13.9368552196083	18.3934475602151
24	WGN38	9.23405941871249	1.13568136160375	1123	7.00576324840906	11.4623555890159
26	WGN38	12.3738635424339	1.13568136160375	1123	10.1455673721305	14.6021597127373
27	WGN38	11.5940252930115	1.13568136160374	1123	9.36572912270813	13.8223214633149
28	WGN38	11.6952486104592	1.13568136160378	1123	9.46695244015571	13.9235447807626
29	WGN38	11.6359846210432	1.13568136160375	1123	9.40768845073981	13.8642807913467
30	WGN38	10.7845262965554	1.13568136160375	1123	8.55623012625198	13.0128224668588
32	WGN38	13.5395585461866	1.13568136160375	1123	11.3112623758832	15.76785471649
33	WGN38	14.7330257989056	1.13568136160375	1123	12.5047296286022	16.961321969209
34	WGN38	13.0109657605739	1.13568136160376	1123	10.7826695902704	15.2392619308773
35	WGN38	14.302405622041	1.13568136160377	1123	12.0741094517375	16.5307017923445
36	WGN38	13.6607510529089	1.13568136160377	1123	11.4324548826054	15.8890472232123
37	WGN38	13.5456010980882	1.13568136160377	1123	11.3173049277848	15.7738972683917
38	WGN38	13.945471378546	1.13568136160377	1123	11.7171752082426	16.1737675488495
39	WGN38	13.1510588177204	1.13568136160377	1123	10.922762647417	15.3793549880239
40	WGN38	14.0352929986699	1.13568136160376	1123	11.8069968283664	16.2635891689733
41	WGN38	12.4488629701816	1.13568136160375	1123	10.2205667998782	14.6771591404851
42	WGN38	12.1420078665145	1.13568136160375	1123	9.91371169621107	14.3703040368179
43	WGN38	6.97190370144348	1.6064531721504	1123	3.81991620539131	10.1238911974956
45	WGN38	13.4681921946124	1.13568136160375	1123	11.239896024309	15.6964883649158
46	WGN38	10.7476993816904	1.13568136160376	1123	8.51940321138696	12.9759955519938
47	WGN38	13.1538303421638	1.13568136160377	1123	10.9255341718604	15.3821265124673
48	WGN38	13.7317868849864	1.13568136160376	1123	11.5034907146829	15.9600830552898
49	WGN38	12.8856077909923	1.13568136160375	1123	10.6573116206888	15.1139039612957
50	WGN38	12.8012724946776	1.13568136160376	1123	10.5729763243741	15.029568664981
51	WGN38	9.89123156074619	1.13568136160376	1123	7.66293539044275	12.1195277310496
52	WGN38	12.665458608246	1.13568136160376	1123	10.4371624379425	14.8937547785494
53	WGN38	11.8866415392727	1.13568136160376	1123	9.65834536896927	14.1149377095761
54	WGN38	11.2037395920257	1.13568136160376	1123	8.9754434217223	13.4320357623292
55	WGN38	7.02005909386797	1.13568136160376	1123	4.79176292356454	9.2483552641714
56	WGN38	12.9773838482635	1.13568136160376	1123	10.7490876779601	15.205680018567
59	WGN38	14.335431865672	1.13568136160376	1123	12.1071356953686	16.5637280359754
61	WGN38	13.0200213307931	1.13568136160376	1123	10.7917251604897	15.2483175010966
63	WGN38	9.64446513218843	1.13568136160376	1123	7.41616896188499	11.8727613024919
64	WGN38	11.4958790441153	1.13568136160376	1123	9.26758287381182	13.7241752144187
65	WGN38	10.9287090697653	1.13568136160376	1123	8.70041289946186	13.1570052400687
66	WGN38	8.05714418701776	1.13568136160376	1123	5.82884801671433	10.2854403573212
67	WGN38	12.6070092998882	1.13568136160376	1123	10.3787131295848	14.8353054701916
68	WGN38	12.9990210023232	1.13568136160376	1123	10.7707248320198	15.2273171726266
69	WGN38	13.7289384846434	1.13568136160376	1123	11.5006423143399	15.9572346549468
70	WGN38	12.7082498009038	1.13568136160376	1123	10.4799536306004	14.9365459712073
72	WGN38	13.0809416712857	1.13568136160376	1123	10.8526455009822	15.3092378415891
73	WGN38	16.9327343317149	1.13568136160376	1123	14.7044381614115	19.1610305020184
74	WGN38	12.2441124146217	1.13568136160376	1123	10.0158162443182	14.4724085849251
76	WGN38	13.9412405147636	1.13568136160376	1123	11.7129443444601	16.169536685067
77	WGN38	15.6838687434731	1.13568136160376	1123	13.4555725731697	17.9121649137765
78	WGN38	11.6712991343349	1.13568136160376	1123	9.44300296403147	13.8995953046383
80	WGN38	11.8212682524615	1.13568136160376	1123	9.59297208215805	14.0495644227649
81	WGN38	12.0392441029483	1.13568136160376	1123	9.8109479326449	14.2675402732518
82	WGN38	13.4088059693759	1.13568136160376	1123	11.1805097990725	15.6371021396793
83	WGN38	13.1389014476021	1.13568136160376	1123	10.9106052772987	15.3671976179056
84	WGN38	14.204091618723	1.13568136160376	1123	11.9757954484195	16.4323877890264
85	WGN38	11.1141614712749	1.13568136160376	1123	8.88586530097152	13.3424576415784
86	WGN38	12.5730051983099	1.13568136160376	1123	10.3447090280065	14.8013013686134
87	WGN38	14.5635362153775	1.13568136160376	1123	12.3352400450741	16.791832385681
88	WGN38	11.7260200175953	1.13568136160376	1123	9.49772384729187	13.9543161878987
89	WGN38	13.8935272687877	1.13568136160376	1123	11.6652310984843	16.1218234390911
90	WGN38	14.2289369747372	1.13568136160376	1123	12.0006408044338	16.4572331450407
91	WGN38	14.1003166887558	1.13568136160376	1123	11.8720205184524	16.3286128590592
92	WGN38	15.1256677833677	1.13568136160376	1123	12.8973716130642	17.3539639536711
93	WGN38	10.1517434034487	1.13568136160376	1123	7.92344723314525	12.3800395737521
94	WGN38	12.371709157559	1.13568136160376	1123	10.1434129872556	14.6000053278624
95	WGN38	12.4492246694093	1.13568136160376	1123	10.2209284991059	14.6775208397128
96	WGN38	13.2175253146823	1.13568136160376	1123	10.9892291443788	15.4458214849857
97	WGN38	12.8523067962218	1.13568136160376	1123	10.6240106259183	15.0806029665252
98	WGN38	14.9821200218846	1.13568136160376	1123	12.7538238515812	17.210416192188
99	WGN38	13.5147919814931	1.13568136160376	1123	11.2864958111897	15.7430881517966
100	WGN38	13.5228715623172	1.13568136160376	1123	11.2945753920138	15.7511677326207
101	WGN38	14.1902473698233	1.13568136160376	1123	11.9619511995198	16.4185435401267
102	WGN38	10.2320156600531	1.13568136160376	1123	8.00371948974963	12.4603118303565
103	WGN38	13.3782278348238	1.13568136160376	1123	11.1499316645204	15.6065240051273
104	WGN38	16.2841883058084	1.13568136160376	1123	14.0558921355049	18.5124844761118
106	WGN38	12.1109962974167	1.60645317215041	1123	8.95900880136455	15.2629837934689
107	WGN38	13.5775730010211	1.13568136160376	1123	11.3492768307176	15.8058691713245
108	WGN38	15.0069915990766	1.6064531721504	1123	11.8550041030245	18.1589790951288
109	WGN38	12.8554179198254	1.6064531721504	1123	9.70343042377328	16.0074054158776
110	WGN38	14.3126633669417	1.13568136160376	1123	12.0843671966383	16.5409595372452
111	WGN38	15.2891912125043	1.13568136160376	1123	13.0608950422008	17.5174873828077
112	WGN38	13.4371641077832	1.6064531721504	1123	10.285176611731	16.5891516038354
113	WGN38	12.9511777185304	1.13568136160376	1123	10.722881548227	15.1794738888339
114	WGN38	11.9350752911032	1.13568136160376	1123	9.70677912079978	14.1633714614066
115	WGN38	15.833053202843	1.13568136160376	1123	13.6047570325396	18.0613493731464
1	WGN39	11.3976182085658	1.13568136160389	1123	9.16932203826213	13.6259143788695
2	WGN39	15.4486441445997	1.13568136160375	1123	13.2203479742963	17.6769403149032
3	WGN39	12.8300898314036	1.13568136160377	1123	10.6017936611002	15.0583860017071
4	WGN39	14.7774755261386	1.13568136160375	1123	12.5491793558351	17.005771696442
5	WGN39	13.509142006662	1.13568136160376	1123	11.2808458363586	15.7374381769655
6	WGN39	15.0677551589808	1.13568136160376	1123	12.8394589886773	17.2960513292842
7	WGN39	13.1067347789742	1.13568136160376	1123	10.8784386086708	15.3350309492776
8	WGN39	12.2042556556273	1.13568136160375	1123	9.97595948532389	14.4325518259307
9	WGN39	15.8174956541334	1.13568136160377	1123	13.58919948383	18.0457918244369
10	WGN39	12.2137202287252	1.13568136160375	1123	9.98542405842181	14.4420163990287
11	WGN39	12.7080045557607	1.13568136160375	1123	10.4797083854573	14.9363007260642
12	WGN39	15.3420381619711	1.13568136160376	1123	13.1137419916677	17.5703343322745
13	WGN39	14.6520673478249	1.13568136160376	1123	12.4237711775215	16.8803635181284
14	WGN39	14.0923077157744	1.13568136160376	1123	11.8640115454709	16.3206038860778
15	WGN39	13.4142016796057	1.13568136160375	1123	11.1859055093022	15.6424978499091
16	WGN39	13.8375484135824	1.13568136160376	1123	11.609252243279	16.0658445838859
17	WGN39	15.0692193736787	1.13568136160376	1123	12.8409232033753	17.2975155439822
18	WGN39	11.5829970490165	1.13568136160376	1123	9.35470087871307	13.81129321932
19	WGN39	14.4047661946041	1.13568136160377	1123	12.1764700243006	16.6330623649076
20	WGN39	15.8874356621791	1.13568136160376	1123	13.6591394918757	18.1157318324826
21	WGN39	12.0990195135927	1.13568136160375	1123	9.87072334328925	14.3273156838961
22	WGN39	14.0240307858359	1.13568136160375	1123	11.7957346155325	16.2523269561393
24	WGN39	14.1013429734957	1.13568136160376	1123	11.8730468031922	16.3296391437991
25	WGN39	12.4207884468695	1.13568136160376	1123	10.1924922765661	14.649084617173
26	WGN39	13.8214082956455	1.13568136160375	1123	11.5931121253421	16.0497044659489
27	WGN39	11.6611943586111	1.13568136160376	1123	9.43289818830763	13.8894905289145
28	WGN39	11.3262379212491	1.13568136160376	1123	9.0979417509457	13.5545340915526
29	WGN39	17.4336850251359	1.13568136160377	1123	15.2053888548324	19.6619811954393
30	WGN39	11.6150418933987	1.13568136160375	1123	9.38674572309533	13.8433380637022
31	WGN39	15.1640894112213	1.13568136160376	1123	12.9357932409179	17.3923855815247
32	WGN39	18.2764883750242	1.13568136160375	1123	16.0481922047208	20.5047845453276
34	WGN39	16.4630810187708	1.13568136160376	1123	14.2347848484674	18.6913771890742
35	WGN39	15.3899493482152	1.13568136160376	1123	13.1616531779118	17.6182455185186
36	WGN39	13.2178730340008	1.13568136160376	1123	10.9895768636974	15.4461692043042
37	WGN39	15.0676135283253	1.13568136160376	1123	12.8393173580218	17.2959096986287
38	WGN39	14.3474237434109	1.60645317215039	1123	11.1954362473588	17.4994112394631
39	WGN39	14.5978931277483	1.13568136160377	1123	12.3695969574448	16.8261892980518
40	WGN39	13.3136732383732	1.13568136160377	1123	11.0853770680697	15.5419694086766
41	WGN39	15.025006871297	1.13568136160375	1123	12.7967107009935	17.2533030416004
42	WGN39	13.5459028720296	1.13568136160376	1123	11.3176067017262	15.7741990423331
43	WGN39	13.6832341267132	1.13568136160375	1123	11.4549379564098	15.9115302970166
44	WGN39	14.3261541003222	1.13568136160378	1123	12.0978579300187	16.5544502706257
45	WGN39	12.504958475704	1.13568136160374	1123	10.2766623054006	14.7332546460074
46	WGN39	16.5080194174635	1.13568136160376	1123	14.27972324716	18.7363155877669
47	WGN39	14.8402368446352	1.13568136160376	1123	12.6119406743318	17.0685330149387
48	WGN39	13.9313899058269	1.13568136160376	1123	11.7030937355235	16.1596860761304
49	WGN39	14.3516429625457	1.13568136160374	1123	12.1233467922423	16.5799391328491
50	WGN39	15.717012504431	1.13568136160374	1123	13.4887163341276	17.9453086747344
51	WGN39	15.9956175938487	1.13568136160376	1123	13.7673214235453	18.2239137641522
52	WGN39	14.1225720419284	1.13568136160375	1123	11.894275871625	16.3508682122318
53	WGN39	15.3555149405895	1.13568136160376	1123	13.127218770286	17.5838111108929
54	WGN39	13.3758279183245	1.13568136160376	1123	11.1475317480211	15.604124088628
55	WGN39	14.6034856043668	1.13568136160376	1123	12.3751894340634	16.8317817746702
56	WGN39	15.1499059062778	1.13568136160375	1123	12.9216097359744	17.3782020765812
57	WGN39	14.7955228083653	1.13568136160374	1123	12.5672266380619	17.0238189786687
58	WGN39	14.5767325006645	1.13568136160375	1123	12.3484363303611	16.805028670968
59	WGN39	14.8322437429923	1.13568136160376	1123	12.6039475726888	17.0605399132957
60	WGN39	16.1018116517952	1.13568136160377	1123	13.8735154814917	18.3301078220986
61	WGN39	14.1595270641226	1.13568136160377	1123	11.9312308938191	16.387823234426
62	WGN39	12.0260089516124	1.13568136160375	1123	9.79771278130902	14.2543051219159
63	WGN39	12.8671524371011	1.13568136160376	1123	10.6388562667977	15.0954486074045
64	WGN39	14.300253471591	1.13568136160375	1123	12.0719573012876	16.5285496418944
65	WGN39	16.3578398314437	1.13568136160377	1123	14.1295436611402	18.5861360017471
66	WGN39	13.5498344352705	1.13568136160375	1123	11.321538264967	15.7781306055739
67	WGN39	11.9927552743904	1.13568136160376	1123	9.76445910408698	14.2210514446939
68	WGN39	16.9132363202594	1.13568136160376	1123	14.6849401499559	19.1415324905628
69	WGN39	13.9529586727036	1.13568136160376	1123	11.7246625024002	16.181254843007
70	WGN39	12.6499624036137	1.13568136160377	1123	10.4216662333103	14.8782585739172
71	WGN39	13.6735720118914	1.13568136160376	1123	11.445275841588	15.9018681821949
72	WGN39	17.1081966391584	1.13568136160376	1123	14.879900468855	19.3364928094619
73	WGN39	14.6965840531375	1.13568136160376	1123	12.468287882834	16.9248802234409
74	WGN39	14.1066914516005	1.13568136160377	1123	11.878395281297	16.3349876219039
75	WGN39	15.2787355373165	1.13568136160377	1123	13.0504393670131	17.50703170762
76	WGN39	15.1219449727166	1.13568136160377	1123	12.8936488024132	17.3502411430201
77	WGN39	14.2994839592658	1.13568136160375	1123	12.0711877889624	16.5277801295692
78	WGN39	14.0905786337516	1.13568136160376	1123	11.8622824634482	16.318874804055
79	WGN39	14.1845507798209	1.13568136160376	1123	11.9562546095175	16.4128469501244
80	WGN39	12.7622753472973	1.13568136160376	1123	10.5339791769939	14.9905715176008
81	WGN39	12.3298623584614	1.13568136160376	1123	10.101566188158	14.5581585287649
82	WGN39	13.8184583045914	1.13568136160376	1123	11.590162134288	16.0467544748949
83	WGN39	14.6087427445137	1.13568136160376	1123	12.3804465742103	16.8370389148171
84	WGN39	15.3449627921815	1.13568136160376	1123	13.116666621878	17.5732589624849
85	WGN39	14.6715988834303	1.13568136160376	1123	12.4433027131269	16.8998950537338
86	WGN39	14.9235597018391	1.13568136160376	1123	12.6952635315356	17.1518558721425
87	WGN39	13.4511075795374	1.13568136160376	1123	11.222811409234	15.6794037498408
88	WGN39	12.7982826780351	1.13568136160376	1123	10.5699865077317	15.0265788483386
89	WGN39	14.8154459037758	1.13568136160376	1123	12.5871497334724	17.0437420740793
90	WGN39	13.5206388174283	1.13568136160376	1123	11.2923426471248	15.7489349877317
91	WGN39	9.28369987296405	1.13568136160377	1123	7.0554037026606	11.5119960432675
92	WGN39	15.0466056791966	1.13568136160376	1123	12.8183095088932	17.2749018495001
93	WGN39	12.6485547104726	1.13568136160376	1123	10.4202585401692	14.876850880776
94	WGN39	10.5927021733904	1.13568136160377	1123	8.36440600308691	12.8209983436938
95	WGN39	15.4462523749782	1.6064531721504	1123	12.294264878926	18.5982398710304
96	WGN39	14.0258688412661	1.13568136160376	1123	11.7975726709627	16.2541650115696
97	WGN39	13.4350288425443	1.13568136160376	1123	11.2067326722408	15.6633250128477
98	WGN39	14.7993346822477	1.13568136160376	1123	12.5710385119442	17.0276308525511
99	WGN39	15.3906560631982	1.13568136160376	1123	13.1623598928947	17.6189522335016
100	WGN39	13.0179664061559	1.13568136160376	1123	10.7896702358525	15.2462625764593
101	WGN39	14.0636161424593	1.13568136160376	1123	11.8353199721558	16.2919123127627
102	WGN39	13.8609369594111	1.13568136160376	1123	11.6326407891077	16.0892331297146
104	WGN39	13.9613005899761	1.13568136160376	1123	11.7330044196726	16.1895967602795
105	WGN39	15.0571481572268	1.13568136160376	1123	12.8288519869234	17.2854443275303
106	WGN39	16.3957374417477	1.13568136160376	1123	14.1674412714443	18.6240336120511
107	WGN39	15.0777472107016	1.13568136160376	1123	12.8494510403982	17.3060433810051
108	WGN39	11.0612793362529	1.13568136160376	1123	8.83298316594951	13.2895755065564
109	WGN39	12.6211109456091	1.13568136160376	1123	10.3928147753057	14.8494071159126
110	WGN39	12.2781686165814	1.13568136160376	1123	10.049872446278	14.5064647868848
111	WGN39	11.8725114306692	1.13568136160376	1123	9.64421526036577	14.1008076009726
112	WGN39	14.5919449052973	1.13568136160376	1123	12.3636487349939	16.8202410756007
113	WGN39	16.1856770901247	1.13568136160376	1123	13.9573809198212	18.4139732604281
114	WGN39	14.7140194930424	1.13568136160376	1123	12.4857233227389	16.9423156633458
115	WGN39	12.9877449815221	1.13568136160376	1123	10.7594488112186	15.2160411518255
116	WGN39	14.0405317410605	1.13568136160376	1123	11.8122355707571	16.268827911364
117	WGN39	13.0806043993953	1.13568136160376	1123	10.8523082290919	15.3089005696987
118	WGN39	14.5407527220171	1.13568136160376	1123	12.3124565517137	16.7690488923205
120	WGN39	14.8375277346581	1.13568136160376	1123	12.6092315643547	17.0658239049616
121	WGN39	15.1660743412261	1.6064531721504	1123	12.0140868451739	18.3180618372782
122	WGN39	14.8834759279186	1.13568136160376	1123	12.6551797576151	17.111772098222
123	WGN39	16.4255668848759	1.13568136160376	1123	14.1972707145724	18.6538630551793
124	WGN39	11.7676626632175	1.13568136160376	1123	9.53936649291406	13.9959588335209
125	WGN39	15.5372503489831	1.13568136160376	1123	13.3089541786797	17.7655465192866
126	WGN39	16.4401269739794	1.13568136160376	1123	14.211830803676	18.6684231442829
127	WGN39	13.1384536144574	1.13568136160376	1123	10.910157444154	15.3667497847609
128	WGN39	16.6112660292634	1.6064531721504	1123	13.4592785332113	19.7632535253156
129	WGN39	17.5304264195878	1.13568136160376	1123	15.3021302492844	19.7587225898913
130	WGN39	14.2849025449882	1.13568136160376	1123	12.0566063746847	16.5131987152916
1	WGN45	12.4448743277918	1.13568136160376	1123	10.2165781574884	14.6731704980953
2	WGN45	12.9849914279883	1.13568136160376	1123	10.7566952576849	15.2132875982917
3	WGN45	10.2184340885415	1.13568136160376	1123	7.99013791823802	12.4467302588449
4	WGN45	13.8472758042269	1.13568136160376	1123	11.6189796339235	16.0755719745303
5	WGN45	11.3200902912883	1.13568136160377	1123	9.09179412098488	13.5483864615918
6	WGN45	13.8600666507562	1.13568136160375	1123	11.6317704804528	16.0883628210596
7	WGN45	12.0079188700852	1.13568136160376	1123	9.77962269978176	14.2362150403886
8	WGN45	14.6622438166414	1.13568136160376	1123	12.4339476463379	16.8905399869448
9	WGN45	11.2435068723871	1.13568136160377	1123	9.01521070208365	13.4718030426906
10	WGN45	11.113032049156	1.13568136160379	1123	8.88473587885253	13.3413282194595
11	WGN45	9.99549492790988	1.13568136160377	1123	7.76719875760642	12.2237910982133
12	WGN45	13.6936126018161	1.13568136160375	1123	11.4653164315127	15.9219087721195
13	WGN45	13.8718030662333	1.13568136160378	1123	11.6435068959298	16.1000992365368
14	WGN45	11.566065542601	1.13568136160375	1123	9.33776937229754	13.7943617129044
15	WGN45	5.86613454715187	1.13568136160376	1123	3.63783837684843	8.09443071745531
16	WGN45	13.3264087921093	1.13568136160376	1123	11.0981126218059	15.5547049624127
17	WGN45	5.19526106786105	1.13568136160376	1123	2.96696489755761	7.42355723816449
18	WGN45	6.29075795357488	1.60645317215041	1123	3.1387704575227	9.44274544962705
19	WGN45	9.85730076213412	1.13568136160376	1123	7.62900459183068	12.0855969324376
20	WGN45	15.5214672562849	1.13568136160376	1123	13.2931710859815	17.7497634265883
22	WGN45	12.2865209851958	1.13568136160376	1123	10.0582248148923	14.5148171554992
23	WGN45	9.69192775156141	1.13568136160378	1123	7.46363158125793	11.9202239218649
24	WGN45	4.76798352862684	1.60645317215037	1123	1.61599603257475	7.91997102467894
26	WGN45	5.53575595197347	1.60645317215038	1123	2.38376845592135	8.68774344802559
28	WGN45	7.65331193145912	1.13568136160376	1123	5.42501576115568	9.88160810176257
29	WGN45	5.61248608016097	1.13568136160377	1123	3.38418990985752	7.84078225046443
30	WGN45	2.60738274393001	1.60645317215043	1123	-0.544604752122205	5.75937023998222
31	WGN45	11.6815239503536	1.13568136160378	1123	9.45322778005009	13.909820120657
32	WGN45	12.621132352663	1.13568136160377	1123	10.3928361823596	14.8494285229665
33	WGN45	13.4387478771681	1.13568136160376	1123	11.2104517068646	15.6670440474715
34	WGN45	7.83465454991763	1.13568136160378	1123	5.60635837961415	10.0629507202211
35	WGN45	11.6187659540206	1.13568136160375	1123	9.39046978371719	13.847062124324
36	WGN45	12.058328500662	1.13568136160376	1123	9.83003233035853	14.2866246709654
37	WGN45	11.844979989218	1.13568136160376	1123	9.61668381891461	14.0732761595215
40	WGN45	11.2800778684104	1.13568136160377	1123	9.05178169810692	13.5083740387138
41	WGN45	12.477462531525	1.13568136160375	1123	10.2491663612216	14.7057587018284
42	WGN45	11.6390144957445	1.13568136160374	1123	9.41071832544105	13.8673106660479
43	WGN45	9.26471660233061	1.13568136160376	1123	7.03642043202717	11.4930127726341
44	WGN45	9.91910657333466	1.13568136160376	1123	7.69081040303122	12.1474027436381
45	WGN45	10.616199124021	1.13568136160377	1123	8.38790295371758	12.8444952943245
46	WGN45	5.91547594742278	1.13568136160376	1123	3.68717977711935	8.14377211772621
48	WGN45	9.53770871953443	1.60645317215041	1123	6.38572122348226	12.6896962155866
49	WGN45	13.465174060415	1.13568136160376	1123	11.2368778901115	15.6934702307184
50	WGN45	6.99430407636678	1.13568136160377	1123	4.76600790606332	9.22260024667024
52	WGN45	4.58226057570393	1.60645317215041	1123	1.43027307965174	7.73424807175611
53	WGN45	12.4276891490326	1.13568136160375	1123	10.1993929787292	14.655985319336
54	WGN45	14.7983014412253	1.13568136160376	1123	12.5700052709218	17.0265976115287
55	WGN45	11.772287943875	1.13568136160377	1123	9.54399177357153	14.0005841141784
56	WGN45	13.91032325216	1.13568136160375	1123	11.6820270818566	16.1386194224634
57	WGN45	14.0578224692266	1.13568136160377	1123	11.8295262989231	16.28611863953
58	WGN45	10.9540675570839	1.13568136160377	1123	8.72577138678041	13.1823637273873
59	WGN45	8.92825249800321	1.13568136160376	1123	6.69995632769977	11.1565486683066
60	WGN45	6.5278823308818	1.13568136160375	1123	4.29958616057838	8.75617850118522
61	WGN45	13.347766805994	1.13568136160376	1123	11.1194706356905	15.5760629762974
62	WGN45	11.8127623612285	1.13568136160377	1123	9.58446619092505	14.0410585315319
64	WGN45	9.13014838774216	1.13568136160376	1123	6.90185221743873	11.3584445580456
65	WGN45	9.56540189760132	1.13568136160376	1123	7.33710572729788	11.7936980679048
66	WGN45	13.3930919169274	1.13568136160376	1123	11.1647957466239	15.6213880872308
68	WGN45	14.9023930701168	1.13568136160377	1123	12.6740968998133	17.1306892404202
69	WGN45	13.8496323610423	1.13568136160378	1123	11.6213361907388	16.0779285313458
70	WGN45	13.8776903645609	1.13568136160377	1123	11.6493941942574	16.1059865348643
71	WGN45	12.8653742737945	1.13568136160376	1123	10.637078103491	15.0936704440979
72	WGN45	13.8458146327942	1.13568136160377	1123	11.6175184624907	16.0741108030977
73	WGN45	7.29075795357504	1.6064531721504	1123	4.13877045752289	10.4427454496272
74	WGN45	11.0533224792139	1.6064531721504	1123	7.9013349831617	14.205309975266
75	WGN45	13.4159393739235	1.13568136160376	1123	11.18764320362	15.6442355442269
76	WGN45	12.9917940666078	1.13568136160376	1123	10.7634978963043	15.2200902369112
78	WGN45	6.29808717981789	1.13568136160376	1123	4.06979100951445	8.52638335012132
80	WGN45	13.0415229867974	1.13568136160377	1123	10.8132268164939	15.2698191571008
81	WGN45	11.0572071574993	1.13568136160377	1123	8.82891098719588	13.2855033278028
82	WGN45	13.8509777321359	1.60645317215039	1123	10.6989902360837	17.002965228188
84	WGN45	13.2678268764264	1.13568136160375	1123	11.039530706123	15.4961230467299
85	WGN45	12.9997574641234	1.13568136160376	1123	10.7714612938199	15.2280536344268
86	WGN45	13.4914472305663	1.13568136160376	1123	11.2631510602628	15.7197434008697
87	WGN45	6.63922718192443	1.6064531721504	1123	3.48723968587228	9.79121467797658
88	WGN45	11.1141614712749	1.13568136160376	1123	8.88586530097144	13.3424576415783
89	WGN45	12.5733496485455	1.13568136160376	1123	10.3450534782421	14.801645818849
90	WGN45	12.4214897588775	1.13568136160376	1123	10.193193588574	14.6497859291809
92	WGN45	12.5345629462014	1.13568136160376	1123	10.306266775898	14.7628591165048
93	WGN45	8.45590934348656	1.6064531721504	1123	5.3039218474344	11.6078968395387
94	WGN45	11.8314551630479	1.13568136160376	1123	9.6031589927445	14.0597513333514
95	WGN45	12.7718479417165	1.13568136160376	1123	10.5435517714131	15.0001441120199
96	WGN45	5.71454055201185	1.13568136160376	1123	3.48624438170841	7.94283672231528
98	WGN45	9.03186597796785	1.13568136160376	1123	6.80356980766441	11.2601621482713
99	WGN45	7.70924204642529	1.60645317215041	1123	4.55725455037312	10.8612295424775
100	WGN45	12.685679291283	1.13568136160376	1123	10.4573831209796	14.9139754615864
101	WGN45	11.4266877939319	1.13568136160376	1123	9.19839162362842	13.6549839642353
102	WGN45	14.8037373609464	1.13568136160376	1123	12.5754411906429	17.0320335312498
103	WGN45	11.7008771254958	1.13568136160376	1123	9.47258095519235	13.9291732957992
104	WGN45	13.9961297919159	1.13568136160376	1123	11.7678336216124	16.2244259622193
105	WGN45	12.5889108296734	1.13568136160376	1123	10.3606146593699	14.8172069999768
106	WGN45	12.0518070231078	1.13568136160376	1123	9.82351085280431	14.2801031934112
107	WGN45	13.1338013944476	1.13568136160376	1123	10.9055052241441	15.362097564751
108	WGN45	11.6888240602077	1.13568136160376	1123	9.46052788990422	13.9171202305111
109	WGN45	11.7073389470202	1.13568136160376	1123	9.47904277671678	13.9356351173237
110	WGN45	13.8517039833921	1.13568136160376	1123	11.6234078130886	16.0800001536955
111	WGN45	7.74341649025265	1.13568136160376	1123	5.51512031994921	9.97171266055608
112	WGN45	3.38391446781624	1.13568136160376	1123	1.15561829751279	5.61221063811968
114	WGN45	11.2135632031917	1.13568136160376	1123	8.98526703288823	13.4418593734951
115	WGN45	1.74024769635808	1.6064531721504	1123	-1.41173979969408	4.89223519241025
116	WGN45	13.3862572207243	1.13568136160376	1123	11.1579610504209	15.6145533910278
117	WGN45	8.83014996774431	1.6064531721504	1123	5.67816247169215	11.9821374637965
118	WGN45	12.6990305557974	1.13568136160376	1123	10.4707343854939	14.9273267261008
119	WGN45	10.8130951296312	1.13568136160376	1123	8.58479895932773	13.0413912999346
120	WGN45	11.3438776114133	1.13568136160376	1123	9.11558144110985	13.5721737817167
121	WGN45	11.0633934885354	1.13568136160376	1123	8.83509731823198	13.2916896588389
122	WGN45	16.3787654442099	1.6064531721504	1123	13.2267779481578	19.5307529402621
123	WGN45	10.5580998482214	1.6064531721504	1123	7.40611235216925	13.7100873442736
124	WGN45	16.0657072304526	1.13568136160376	1123	13.8374110601491	18.294003400756
126	WGN45	13.491355199673	1.13568136160376	1123	11.2630590293696	15.7196513699765
127	WGN45	13.150253295862	1.13568136160376	1123	10.9219571255586	15.3785494661654
128	WGN45	10.4129849085618	1.13568136160376	1123	8.1846887382584	12.6412810788653
129	WGN45	6.29075795357486	1.6064531721504	1123	3.13877045752269	9.44274544962702
1	WGN46	12.0869667680328	1.13568136160377	1123	9.85867059772931	14.3152629383362
2	WGN46	13.2544262507674	1.13568136160375	1123	11.026130080464	15.4827224210708
3	WGN46	11.94446498427	1.13568136160374	1123	9.7161688139666	14.1727611545734
4	WGN46	11.572934032592	1.13568136160377	1123	9.34463786228857	13.8012302028955
6	WGN46	12.6827722047184	1.13568136160376	1123	10.4544760344149	14.9110683750218
7	WGN46	13.6531519142906	1.13568136160377	1123	11.4248557439872	15.8814480845941
8	WGN46	12.1769052756966	1.13568136160376	1123	9.9486091053932	14.4052014460001
9	WGN46	12.6863737906545	1.13568136160376	1123	10.458077620351	14.9146699609579
10	WGN46	9.48316940105092	1.13568136160377	1123	7.25487323074746	11.7114655713544
11	WGN46	13.3312850007704	1.13568136160378	1123	11.1029888304669	15.5595811710739
12	WGN46	11.4663292688035	1.13568136160376	1123	9.2380330985001	13.694625439107
13	WGN46	13.4665922615341	1.13568136160377	1123	11.2382960912306	15.6948884318375
14	WGN46	11.5073991414367	1.13568136160377	1123	9.27910297113327	13.7356953117402
15	WGN46	12.4051615284187	1.13568136160376	1123	10.1768653581153	14.6334576987222
16	WGN46	13.7587522394283	1.13568136160376	1123	11.5304560691248	15.9870484097317
17	WGN46	13.7475902483757	1.60645317215038	1123	10.5956027523236	16.8995777444279
18	WGN46	13.6321687612369	1.13568136160376	1123	11.4038725909334	15.8604649315403
19	WGN46	14.2651690976175	1.13568136160374	1123	12.0368729273141	16.4934652679209
20	WGN46	12.4311085865374	1.13568136160375	1123	10.202812416234	14.6594047568408
21	WGN46	13.0020671543769	1.6064531721504	1123	9.85007965832471	16.154054650429
22	WGN46	11.7133977912543	1.13568136160376	1123	9.48510162095086	13.9416939615577
23	WGN46	13.0785589232783	1.60645317215041	1123	9.92657142722607	16.2305464193305
24	WGN46	14.0989887405193	1.13568136160376	1123	11.8706925702158	16.3272849108227
25	WGN46	13.6239034243875	1.13568136160376	1123	11.3956072540841	15.852199594691
26	WGN46	13.852717834475	1.13568136160376	1123	11.6244216641715	16.0810140047784
27	WGN46	11.8528004337861	1.13568136160377	1123	9.62450426348265	14.0810966040896
28	WGN46	9.75917011502517	1.13568136160376	1123	7.53087394472174	11.9874662853286
29	WGN46	13.2465523478104	1.13568136160377	1123	11.018256177507	15.4748485181139
30	WGN46	12.4092607922424	1.13568136160375	1123	10.180964621939	14.6375569625459
31	WGN46	13.0363414898187	1.13568136160376	1123	10.8080453195152	15.2646376601221
32	WGN46	12.3881803528552	1.13568136160375	1123	10.1598841825517	14.6164765231586
33	WGN46	13.4159419770594	1.13568136160375	1123	11.187645806756	15.6442381473628
34	WGN46	14.7548644721652	1.13568136160376	1123	12.5265683018617	16.9831606424686
36	WGN46	11.4235748339296	1.13568136160376	1123	9.19527866362612	13.651871004233
37	WGN46	13.9638268700107	1.13568136160376	1123	11.7355306997072	16.1921230403141
38	WGN46	12.7490804753877	1.13568136160376	1123	10.5207843050843	14.9773766456911
39	WGN46	10.8840032069876	1.13568136160376	1123	8.65570703668415	13.112299377291
40	WGN46	10.1975675396746	1.13568136160377	1123	7.96927136937111	12.425863709978
41	WGN46	13.8443521316388	1.13568136160377	1123	11.6160559613354	16.0726483019423
42	WGN46	10.0923513235549	1.13568136160377	1123	7.86405515325142	12.3206474938583
43	WGN46	8.28770478029977	1.13568136160376	1123	6.05940860999632	10.5160009506032
44	WGN46	11.0187568968742	1.13568136160376	1123	8.79046072657076	13.2470530671776
45	WGN46	13.2437539747853	1.13568136160375	1123	11.0154578044819	15.4720501450888
46	WGN46	13.5251078876789	1.13568136160376	1123	11.2968117173755	15.7534040579824
47	WGN46	14.0268520091056	1.13568136160375	1123	11.7985558388021	16.255148179409
48	WGN46	14.7781745930521	1.13568136160377	1123	12.5498784227487	17.0064707633556
49	WGN46	11.9738890222802	1.13568136160377	1123	9.7455928519767	14.2021851925836
50	WGN46	12.3462830932566	1.13568136160377	1123	10.1179869229531	14.57457926356
51	WGN46	9.64578613421128	1.13568136160377	1123	7.41748996390782	11.8740823045147
52	WGN46	14.9648020081135	1.13568136160376	1123	12.7365058378101	17.1930981784169
53	WGN46	15.538396189419	1.13568136160376	1123	13.3101000191155	17.7666923597224
54	WGN46	12.8946608318299	1.13568136160376	1123	10.6663646615265	15.1229570021334
55	WGN46	13.6441028637223	1.13568136160377	1123	11.4158066934189	15.8723990340258
56	WGN46	13.5518085102734	1.13568136160376	1123	11.3235123399699	15.7801046805768
57	WGN46	12.0078634645831	1.13568136160376	1123	9.77956729427965	14.2361596348865
58	WGN46	13.1920012472458	1.13568136160377	1123	10.9637050769424	15.4202974175493
59	WGN46	12.7567961415455	1.13568136160377	1123	10.5284999712421	14.985092311849
60	WGN46	11.4890422392492	1.13568136160376	1123	9.26074606894573	13.7173384095526
61	WGN46	13.2846771514824	1.13568136160376	1123	11.0563809811789	15.5129733217858
62	WGN46	12.2256341123916	1.13568136160376	1123	9.99733794208817	14.4539302826951
63	WGN46	13.1882360151969	1.13568136160376	1123	10.9599398448935	15.4165321855004
64	WGN46	10.9787669653388	1.13568136160376	1123	8.75047079503539	13.2070631356423
65	WGN46	10.9072810736107	1.6064531721504	1123	7.75529357755856	14.0592685696629
66	WGN46	13.3588032021083	1.13568136160376	1123	11.1305070318048	15.5870993724117
67	WGN46	14.7208922006157	1.13568136160375	1123	12.4925960303123	16.9491883709192
68	WGN46	13.4791303715508	1.13568136160377	1123	11.2508342012474	15.7074265418543
69	WGN46	11.7870785867317	1.13568136160375	1123	9.55878241642823	14.0153747570351
70	WGN46	14.6955139883396	1.13568136160376	1123	12.4672178180361	16.923810158643
71	WGN46	12.4772255750518	1.13568136160376	1123	10.2489294047483	14.7055217453552
72	WGN46	10.7798832466509	1.6064531721504	1123	7.62789575059876	13.9318707427031
73	WGN46	9.45790123082376	1.13568136160376	1123	7.22960506052032	11.6861974011272
74	WGN46	12.2054557278226	1.13568136160376	1123	9.97715955751919	14.4337518981261
75	WGN46	12.4506260867607	1.13568136160376	1123	10.2223299164573	14.6789222570642
76	WGN46	13.4151135320292	1.13568136160376	1123	11.1868173617258	15.6434097023326
78	WGN46	12.6162245845942	1.13568136160376	1123	10.3879284142908	14.8445207548976
79	WGN46	10.550331279352	1.13568136160376	1123	8.32203510904855	12.7786274496554
80	WGN46	14.9807406984079	1.13568136160376	1123	12.7524445281045	17.2090368687114
81	WGN46	12.533067242729	1.13568136160376	1123	10.3047710724255	14.7613634130324
82	WGN46	13.3522572918795	1.13568136160376	1123	11.1239611215761	15.580553462183
83	WGN46	13.9137954659497	1.13568136160376	1123	11.6854992956463	16.1420916362532
84	WGN46	12.2800408137786	1.13568136160376	1123	10.0517446434752	14.508336984082
85	WGN46	14.0870305191589	1.13568136160375	1123	11.8587343488554	16.3153266894623
86	WGN46	14.9676663497922	1.13568136160377	1123	12.7393701794887	17.1959625200956
87	WGN46	14.4372539331938	1.13568136160376	1123	12.2089577628904	16.6655501034972
88	WGN46	12.8156304584035	1.13568136160376	1123	10.5873342881001	15.043926628707
89	WGN46	11.0484430236705	1.13568136160376	1123	8.82014685336709	13.276739193974
90	WGN46	14.775692123989	1.13568136160377	1123	12.5473959536856	17.0039882942925
91	WGN46	14.3904268241163	1.60645317215041	1123	11.2384393280642	17.5424143201685
93	WGN46	10.9535951664007	1.13568136160376	1123	8.72529899609728	13.1818913367042
94	WGN46	12.5	1.13568136160376	1123	10.2717038296966	14.7282961703035
95	WGN46	13.9815712201085	1.13568136160376	1123	11.753275049805	16.2098673904119
96	WGN46	12.4678526693329	1.13568136160376	1123	10.2395564990294	14.6961488396363
98	WGN46	10.2440442408508	1.13568136160376	1123	8.01574807054735	12.4723404111542
100	WGN46	13.3581737786698	1.13568136160377	1123	11.1298776083663	15.5864699489732
101	WGN46	12.9975878993918	1.13568136160376	1123	10.7692917290883	15.2258840696952
102	WGN46	10.3821820872457	1.13568136160376	1123	8.15388591694225	12.6104782575491
103	WGN46	12.367284829019	1.13568136160376	1123	10.1389886587156	14.5955809993224
104	WGN46	13.9223519581647	1.13568136160376	1123	11.6940557878613	16.1506481284682
106	WGN46	11.9038581447947	1.13568136160375	1123	9.67556197449125	14.1321543150981
107	WGN46	12.2359226227617	1.13568136160376	1123	10.0076264524583	14.4642187930651
108	WGN46	12.4925530020826	1.13568136160376	1123	10.2642568317792	14.720849172386
109	WGN46	12.5136442625019	1.13568136160376	1123	10.2853480921985	14.7419404328054
110	WGN46	12.7176560855284	1.13568136160376	1123	10.4893599152249	14.9459522558318
111	WGN46	15.03291840565	1.13568136160376	1123	12.8046222353466	17.2612145759535
112	WGN46	14.9302855497459	1.13568136160376	1123	12.7019893794425	17.1585817200493
113	WGN46	15.0132738404836	1.13568136160376	1123	12.7849776701802	17.2415700107871
114	WGN46	10.5558337350588	1.13568136160376	1123	8.32753756475533	12.7841299053622
115	WGN46	12.6688440905616	1.13568136160376	1123	10.4405479202581	14.897140260865
116	WGN46	11.789749845335	1.13568136160376	1123	9.56145367503158	14.0180460156385
117	WGN46	12.9712236686563	1.13568136160376	1123	10.7429274983529	15.1995198389598
118	WGN46	13.4328935773058	1.60645317215041	1123	10.2809060812536	16.5848810733579
119	WGN46	12.4894185448858	1.13568136160376	1123	10.2611223745823	14.7177147151892
120	WGN46	11.9096973345851	1.13568136160376	1123	9.6814011642817	14.1379935048886
121	WGN46	12.9092937019705	1.13568136160376	1123	10.6809975316671	15.137589872274
122	WGN46	11.6032778078669	1.13568136160376	1123	9.37498163756346	13.8315739781703
123	WGN46	11.8716528458022	1.13568136160376	1123	9.6433566754988	14.0999490161057
124	WGN46	10.8861465720204	1.13568136160376	1123	8.65785040171697	13.1144427423238
125	WGN46	12.9642684985988	1.13568136160376	1123	10.7359723282954	15.1925646689023
126	WGN46	12.9600458863848	1.13568136160376	1123	10.7317497160814	15.1883420566883
127	WGN46	13.441643780548	1.13568136160376	1123	11.2133476102446	15.6699399508515
128	WGN46	10.2444860634388	1.13568136160376	1123	8.01618989313537	12.4727822337422
129	WGN46	12.554451746511	1.13568136160376	1123	10.3261555762076	14.7827479168145
130	WGN46	11.7764968980274	1.13568136160376	1123	9.54820072772397	14.0047930683308
1	WGN55	13.6699017716344	1.13568136160376	1123	11.441605601331	15.8981979419379
2	WGN55	15.6841834100444	1.13568136160376	1123	13.455887239741	17.9124795803479
3	WGN55	14.3082228631408	1.13568136160376	1123	12.0799266928374	16.5365190334443
4	WGN55	13.5794715754357	1.13568136160377	1123	11.3511754051323	15.8077677457392
5	WGN55	12.6662608146555	1.13568136160376	1123	10.437964644352	14.8945569849589
6	WGN55	12.8992035121377	1.13568136160377	1123	10.6709073418342	15.1274996824411
7	WGN55	13.0273279815237	1.13568136160378	1123	10.7990318112202	15.2556241518272
8	WGN55	12.9821200218845	1.13568136160378	1123	10.753823851581	15.210416192188
9	WGN55	14.8237653900162	1.13568136160376	1123	12.5954692197127	17.0520615603196
10	WGN55	13.7821219283697	1.13568136160375	1123	11.5538257580663	16.0104180986731
11	WGN55	13.4238925747091	1.13568136160376	1123	11.1955964044056	15.6521887450125
12	WGN55	15.1314471482812	1.60645317215039	1123	11.9794596522291	18.2834346443334
13	WGN55	16.1157841891272	1.13568136160376	1123	13.8874880188237	18.3440803594306
14	WGN55	15.5848132669914	1.13568136160376	1123	13.356517096688	17.8131094372949
15	WGN55	15.6073531781839	1.13568136160377	1123	13.3790570078805	17.8356493484874
16	WGN55	14.3688333286595	1.13568136160376	1123	12.1405371583561	16.5971294989629
17	WGN55	15.3037615657517	1.60645317215041	1123	12.1517740696996	18.4557490618039
18	WGN55	11.4648360355208	1.13568136160376	1123	9.23653986521733	13.6931322058242
19	WGN55	14.1477899144534	1.13568136160375	1123	11.91949374415	16.3760860847568
20	WGN55	13.7926321341115	1.13568136160377	1123	11.564335963808	16.0209283044149
21	WGN55	13.2024928622356	1.13568136160376	1123	10.9741966919322	15.4307890325391
22	WGN55	14.1811457478687	1.13568136160377	1123	11.9528495775652	16.4094419181721
23	WGN55	14.7396765302515	1.13568136160376	1123	12.511380359948	16.9679727005549
24	WGN55	11.937171043519	1.13568136160375	1123	9.70887487321562	14.1654672138225
25	WGN55	12.8979825071342	1.13568136160377	1123	10.6696863368308	15.1262786774377
26	WGN55	14.6142887831214	1.13568136160377	1123	12.385992612818	16.8425849534249
27	WGN55	12.4563734487216	1.13568136160377	1123	10.2280772784182	14.6846696190251
28	WGN55	8.6274196968295	1.13568136160375	1123	6.39912352652608	10.8557158671329
29	WGN55	13.2026635158948	1.13568136160376	1123	10.9743673455914	15.4309596861983
30	WGN55	15.0403473078578	1.13568136160375	1123	12.8120511375544	17.2686434781612
31	WGN55	14.3868130686354	1.13568136160376	1123	12.1585168983319	16.6151092389388
32	WGN55	12.8423410692903	1.13568136160377	1123	10.6140448989869	15.0706372395938
33	WGN55	12.8061889567344	1.13568136160377	1123	10.577892786431	15.0344851270379
34	WGN55	14.6455698206087	1.13568136160376	1123	12.4172736503053	16.8738659909121
35	WGN55	13.1282116545086	1.13568136160377	1123	10.8999154842051	15.356507824812
36	WGN55	13.9552281709373	1.13568136160375	1123	11.7269320006339	16.1835243412408
37	WGN55	12.0577859094165	1.13568136160376	1123	9.8294897391131	14.28608207972
38	WGN55	14.9660329223664	1.13568136160375	1123	12.737736752063	17.1943290926698
40	WGN55	11.5805033829186	1.13568136160375	1123	9.35220721261522	13.808799553222
41	WGN55	12.8031272725215	1.13568136160377	1123	10.574831102218	15.0314234428249
42	WGN55	14.4214897588775	1.13568136160377	1123	12.193193588574	16.6497859291809
43	WGN55	13.8349424410999	1.13568136160375	1123	11.6066462707964	16.0632386114033
44	WGN55	13.7284161474005	1.13568136160377	1123	11.5001199770971	15.956712317704
45	WGN55	12.9406749734556	1.13568136160377	1123	10.7123788031521	15.168971143759
46	WGN55	11.6150418933989	1.13568136160376	1123	9.38674572309549	13.8433380637024
47	WGN55	13.7667645627116	1.13568136160377	1123	11.5384683924081	15.995060733015
48	WGN55	13.7840367884058	1.13568136160376	1123	11.5557406181023	16.0123329587092
49	WGN55	15.3268978650932	1.13568136160376	1123	13.0986016947897	17.5551940353966
50	WGN55	13.7369857084965	1.13568136160376	1123	11.5086895381931	15.9652818787999
52	WGN55	14.8755370112446	1.13568136160376	1123	12.6472408409412	17.1038331815481
53	WGN55	13.7129496901718	1.13568136160376	1123	11.4846535198683	15.9412458604752
54	WGN55	13.674487983377	1.13568136160376	1123	11.4461918130736	15.9027841536804
55	WGN55	14.375339149593	1.13568136160376	1123	12.1470429792896	16.6036353198965
56	WGN55	15.10225701397	1.13568136160376	1123	12.8739608436666	17.3305531842735
57	WGN55	8.77325412776761	1.13568136160376	1123	6.54495795746418	11.0015502980711
58	WGN55	13.8041788997808	1.13568136160376	1123	11.5758827294774	16.0324750700842
59	WGN55	12.5383484153111	1.13568136160375	1123	10.3100522450076	14.7666445856145
60	WGN55	12.0392441029482	1.13568136160377	1123	9.81094793264479	14.2675402732517
61	WGN55	14.6150906830769	1.13568136160376	1123	12.3867945127734	16.8433868533803
62	WGN55	12.315719425598	1.13568136160375	1123	10.0874232552946	14.5440155959014
63	WGN55	13.4482224616264	1.13568136160377	1123	11.2199262913229	15.6765186319298
64	WGN55	14.043065480517	1.13568136160376	1123	11.8147693102136	16.2713616508205
65	WGN55	14.2821703627934	1.13568136160376	1123	12.05387419249	16.5104665330969
66	WGN55	15.0499077758462	1.13568136160377	1123	12.8216116055427	17.2782039461496
67	WGN55	11.651240924435	1.13568136160375	1123	9.42294475413162	13.8795370947385
68	WGN55	13.7283127719462	1.13568136160376	1123	11.5000166016427	15.9566089422496
69	WGN55	12.5493293638104	1.13568136160377	1123	10.3210331935069	14.7776255341138
70	WGN55	14.4724951004124	1.13568136160377	1123	12.244198930109	16.7007912707159
71	WGN55	12.9731859755702	1.13568136160377	1123	10.7448898052668	15.2014821458737
72	WGN55	15.2502466199566	1.13568136160376	1123	13.0219504496532	17.4785427902601
73	WGN55	13.2600134549213	1.13568136160377	1123	11.0317172846179	15.4883096252248
74	WGN55	14.2766724586251	1.13568136160376	1123	12.0483762883217	16.5049686289286
75	WGN55	10.9086158206518	1.13568136160376	1123	8.68031965034838	13.1369119909553
76	WGN55	13.2806216381336	1.13568136160376	1123	11.0523254678301	15.508917808437
77	WGN55	11.9373180154572	1.13568136160376	1123	9.70902184515381	14.1656141857607
78	WGN55	13.5406673575751	1.13568136160376	1123	11.3123711872716	15.7689635278785
80	WGN55	10.246431598263	1.13568136160376	1123	8.01813542795958	12.4747277685665
81	WGN55	15.5673468616414	1.13568136160376	1123	13.339050691338	17.7956430319448
82	WGN55	13.8710534225042	1.13568136160377	1123	11.6427572522008	16.0993495928077
83	WGN55	13.4598837871717	1.13568136160377	1123	11.2315876168683	15.6881799574752
84	WGN55	15.2127758587362	1.13568136160376	1123	12.9844796884328	17.4410720290397
85	WGN55	14.8022111042874	1.13568136160376	1123	12.5739149339839	17.0305072745908
86	WGN55	12.8423410692903	1.13568136160377	1123	10.6140448989869	15.0706372395938
87	WGN55	14.5767325006647	1.13568136160376	1123	12.3484363303613	16.8050286709682
88	WGN55	14.2471152748021	1.13568136160376	1123	12.0188191044986	16.4754114451055
89	WGN55	13.9852014512271	1.13568136160376	1123	11.7569052809237	16.2134976215306
90	WGN55	13.596498299546	1.13568136160376	1123	11.3682021292426	15.8247944698495
91	WGN55	11.9993488700101	1.13568136160376	1123	9.77105269970665	14.2276450403135
92	WGN55	14.8834759279187	1.13568136160376	1123	12.6551797576153	17.1117720982222
93	WGN55	14.2448808708133	1.13568136160377	1123	12.0165847005098	16.4731770411167
94	WGN55	13.6972589469492	1.13568136160376	1123	11.4689627766458	15.9255551172527
95	WGN55	15.2272630077193	1.13568136160376	1123	12.9989668374158	17.4555591780227
96	WGN55	14.0993420767854	1.13568136160376	1123	11.871045906482	16.3276382470888
97	WGN55	14.2271136617591	1.13568136160376	1123	11.9988174914557	16.4554098320625
98	WGN55	13.6176928120858	1.13568136160376	1123	11.3893966417824	15.8459889823892
99	WGN55	16.6829248691854	1.13568136160376	1123	14.454628698882	18.9112210394889
100	WGN55	13.9967898077782	1.13568136160376	1123	11.7684936374748	16.2250859780817
101	WGN55	15.0706097180796	1.13568136160376	1123	12.8423135477762	17.298905888383
102	WGN55	12.740595994939	1.13568136160376	1123	10.5122998246355	14.9688921652424
103	WGN55	13.0752989440734	1.13568136160376	1123	10.84700277377	15.3035951143769
104	WGN55	12.5607612794621	1.13568136160376	1123	10.3324651091587	14.7890574497656
105	WGN55	13.4028209419073	1.13568136160376	1123	11.1745247716038	15.6311171122107
106	WGN55	12.129935092378	1.13568136160376	1123	9.90163892207459	14.3582312626815
107	WGN55	12.8805428311767	1.13568136160376	1123	10.6522466608732	15.1088390014801
108	WGN55	15.3573226475598	1.13568136160376	1123	13.1290264772563	17.5856188178632
109	WGN55	16.1314488917609	1.13568136160376	1123	13.9031527214575	18.3597450620644
110	WGN55	14.7859511432012	1.13568136160376	1123	12.5576549728977	17.0142473135046
111	WGN55	13.9567628177764	1.13568136160376	1123	11.728466647473	16.1850589880799
112	WGN55	13.1239034243876	1.13568136160376	1123	10.8956072540841	15.352199594691
113	WGN55	15.5414657102097	1.13568136160376	1123	13.3131695399063	17.7697618805132
114	WGN55	11.2849025449883	1.13568136160376	1123	9.0566063746849	13.5131987152918
115	WGN55	17.0789518652034	1.13568136160376	1123	14.8506556949	19.3072480355068
116	WGN55	14.1231549277662	1.6064531721504	1123	10.971167431714	17.2751424238183
117	WGN55	13.6414284285429	1.13568136160376	1123	11.4131322582395	15.8697245988464
118	WGN55	14.4748998200967	1.13568136160376	1123	12.2466036497933	16.7031959904002
119	WGN55	13.4684975950281	1.13568136160376	1123	11.2402014247247	15.6967937653316
120	WGN55	12.2901058776574	1.13568136160376	1123	10.0618097073539	14.5184020479608
121	WGN55	16.0565288732891	1.13568136160376	1123	13.8282327029856	18.2848250435925
122	WGN55	13.9334071026727	1.13568136160376	1123	11.7051109323692	16.1617032729761
123	WGN55	16.5973656696977	1.13568136160376	1123	14.3690694993942	18.8256618400011
124	WGN55	13.3206783984363	1.13568136160376	1123	11.0923822281329	15.5489745687398
125	WGN55	14.2979443130897	1.13568136160376	1123	12.0696481427862	16.5262404833931
126	WGN55	15.3061633581023	1.13568136160376	1123	13.0778671877989	17.5344595284057
128	WGN55	14.0767112172514	1.13568136160376	1123	11.848415046948	16.3050073875549
129	WGN55	12.5445020942986	1.13568136160376	1123	10.3162059239952	14.772798264602
130	WGN55	14.0624398724058	1.13568136160376	1123	11.8341437021024	16.2907360427093
1	WGN63	13.9780013801313	1.13568136160377	1123	11.7497052098278	16.2062975504347
2	WGN63	15.5221610517182	1.13568136160376	1123	13.2938648814147	17.7504572220216
3	WGN63	13.5788260156776	1.13568136160376	1123	11.3505298453742	15.807122185981
4	WGN63	15.5341941466064	1.13568136160375	1123	13.305897976303	17.7624903169098
5	WGN63	15.2686930825015	1.13568136160377	1123	13.040396912198	17.4969892528049
6	WGN63	12.7092420464253	1.60645317215041	1123	9.5572545503731	15.8612295424775
7	WGN63	15.5050362272063	1.13568136160376	1123	13.2767400569029	17.7333323975098
8	WGN63	15.7407473941946	1.13568136160376	1123	13.5124512238912	17.9690435644981
9	WGN63	14.2112260850004	1.13568136160376	1123	11.982929914697	16.4395222553039
10	WGN63	14.2043988951418	1.13568136160376	1123	11.9761027248384	16.4326950654453
12	WGN63	13.9770853015715	1.13568136160376	1123	11.748789131268	16.2053814718749
13	WGN63	13.8179536228605	1.13568136160376	1123	11.589657452557	16.0462497931639
14	WGN63	14.7127517360427	1.13568136160377	1123	12.4844555657393	16.9410479063462
16	WGN63	13.1471644141259	1.6064531721504	1123	9.99517691807369	16.299151910178
17	WGN63	12.3544107606433	1.13568136160376	1123	10.1261145903398	14.5827069309467
18	WGN63	11.0243901717541	1.13568136160377	1123	8.79609400145066	13.2526863420576
19	WGN63	15.6173215552708	1.13568136160376	1123	13.3890253849674	17.8456177255742
20	WGN63	14.170517176548	1.13568136160377	1123	11.9422210062445	16.3988133468514
21	WGN63	16.4298730283859	1.13568136160376	1123	14.2015768580825	18.6581691986893
22	WGN63	11.2990736909008	1.13568136160376	1123	9.07077752059735	13.5273698612042
23	WGN63	16.0915570780616	1.13568136160376	1123	13.8632609077582	18.319853248365
24	WGN63	14.9066862386964	1.13568136160375	1123	12.6783900683929	17.1349824089998
25	WGN63	13.59828934255	1.13568136160376	1123	11.3699931722466	15.8265855128534
26	WGN63	15.080470041343	1.13568136160376	1123	12.8521738710396	17.3087662116465
27	WGN63	14.4048498358971	1.13568136160377	1123	12.1765536655937	16.6331460062006
28	WGN63	14.4490066251152	1.13568136160375	1123	12.2207104548118	16.6773027954187
29	WGN63	11.7870785867316	1.13568136160377	1123	9.55878241642811	14.015374757035
30	WGN63	14.3117804368319	1.13568136160377	1123	12.0834842665284	16.5400766071353
31	WGN63	15.0738919590138	1.13568136160376	1123	12.8455957887104	17.3021881293173
32	WGN63	12.6488635756673	1.13568136160376	1123	10.4205674053638	14.8771597459707
33	WGN63	14.7117309209484	1.13568136160376	1123	12.483434750645	16.9400270912519
34	WGN63	15.8414388780112	1.13568136160377	1123	13.6131427077078	18.0697350483147
35	WGN63	12.9358140751341	1.13568136160377	1123	10.7075179048306	15.1641102454375
36	WGN63	16.1516829209174	1.13568136160377	1123	13.923386750614	18.3799790912209
37	WGN63	13.4419648057084	1.13568136160376	1123	11.213668635405	15.6702609760119
38	WGN63	14.2521252221522	1.13568136160377	1123	12.0238290518488	16.4804213924557
39	WGN63	13.3006056828061	1.13568136160375	1123	11.0723095125026	15.5289018531095
40	WGN63	12.5798714021084	1.13568136160376	1123	10.3515752318049	14.8081675724118
41	WGN63	16.6779614690966	1.6064531721504	1123	13.5259739730444	19.8299489651487
42	WGN63	13.9993457732658	1.13568136160376	1123	11.7710496029624	16.2276419435693
43	WGN63	14.509479557328	1.13568136160376	1123	12.2811833870246	16.7377757276315
44	WGN63	13.7289384846433	1.13568136160376	1123	11.5006423143398	15.9572346549467
45	WGN63	14.8385758097354	1.13568136160376	1123	12.610279639432	17.0668719800388
46	WGN63	14.3487029583361	1.13568136160376	1123	12.1204067880327	16.5769991286396
47	WGN63	13.6239034243876	1.13568136160376	1123	11.3956072540842	15.852199594691
48	WGN63	13.1447007137837	1.13568136160377	1123	10.9164045434803	15.3729968840872
49	WGN63	15.9161984870957	1.13568136160376	1123	13.6879023167923	18.1444946573992
50	WGN63	16.3623419348747	1.13568136160376	1123	14.1340457645712	18.5906381051781
51	WGN63	16.3494800628069	1.60645317215041	1123	13.1974925667547	19.501467558859
52	WGN63	13.5739720550462	1.13568136160375	1123	11.3456758847428	15.8022682253496
53	WGN63	15.0132738404837	1.13568136160375	1123	12.7849776701802	17.2415700107871
54	WGN63	9.74499799839845	1.13568136160376	1123	7.51670182809501	11.9732941687019
55	WGN63	13.0115556337395	1.13568136160376	1123	10.7832594634361	15.2398518040429
56	WGN63	14.6715988834305	1.13568136160375	1123	12.4433027131271	16.8998950537339
57	WGN63	14.9749416999911	1.13568136160376	1123	12.7466455296877	17.2032378702946
58	WGN63	12.494609567821	1.13568136160375	1123	10.2663133975176	14.7229057381245
59	WGN63	16.049237036389	1.13568136160377	1123	13.8209408660856	18.2775332066925
60	WGN63	14.3654599313282	1.13568136160376	1123	12.1371637610247	16.5937561016316
61	WGN63	13.3442887702248	1.13568136160376	1123	11.1159925999214	15.5725849405283
62	WGN63	13.6651966583619	1.13568136160376	1123	11.4369004880585	15.8934928286654
63	WGN63	14.525839046334	1.13568136160376	1123	12.2975428760306	16.7541352166374
64	WGN63	12.6361361066899	1.13568136160375	1123	10.4078399363865	14.8644322769933
65	WGN63	13.6735720118916	1.13568136160376	1123	11.4452758415881	15.901868182195
66	WGN63	12.5591457047073	1.13568136160375	1123	10.3308495344038	14.7874418750107
67	WGN63	15.0955635271164	1.13568136160376	1123	12.867267356813	17.3238596974199
68	WGN63	15.727866961181	1.13568136160375	1123	13.4995707908775	17.9561631314844
69	WGN63	13.2111549080721	1.13568136160376	1123	10.9828587377687	15.4394510783756
70	WGN63	13.5459028720299	1.13568136160376	1123	11.3176067017264	15.7741990423333
72	WGN63	14.8235766704827	1.13568136160376	1123	12.5952805001793	17.0518728407862
73	WGN63	13.0968611990406	1.13568136160376	1123	10.8685650287372	15.325157369344
74	WGN63	11.1611973400839	1.13568136160376	1123	8.93290116978047	13.3894935103873
75	WGN63	12.3756537596837	1.13568136160376	1123	10.1473575893803	14.6039499299871
76	WGN63	14.0164726823186	1.13568136160376	1123	11.7881765120152	16.2447688526221
77	WGN63	14.154121521175	1.13568136160376	1123	11.9258253508716	16.3824176914784
78	WGN63	11.819090848493	1.13568136160376	1123	9.59079467818955	14.0473870187964
79	WGN63	15.1620053599464	1.13568136160376	1123	12.933709189643	17.3903015302499
80	WGN63	15.8212428546387	1.13568136160376	1123	13.5929466843352	18.0495390249421
81	WGN63	13.7383713420706	1.13568136160376	1123	11.5100751717671	15.966667512374
82	WGN63	12.6898734280955	1.13568136160376	1123	10.461577257792	14.9181695983989
83	WGN63	13.4856893379836	1.13568136160376	1123	11.2573931676802	15.713985508287
84	WGN63	14.4549966771864	1.13568136160376	1123	12.226700506883	16.6832928474899
85	WGN63	10.3874821936961	1.13568136160376	1123	8.15918602339269	12.6157783639996
86	WGN63	14.4564599364842	1.13568136160376	1123	12.2281637661808	16.6847561067877
87	WGN63	16.1006681904928	1.13568136160376	1123	13.8723720201893	18.3289643607962
88	WGN63	13.7100966239593	1.13568136160376	1123	11.4818004536559	15.9383927942627
89	WGN63	13.9116380373248	1.13568136160376	1123	11.6833418670213	16.1399342076282
90	WGN63	17.593763171298	1.60645317215041	1123	14.4417756752458	20.7457506673502
91	WGN63	14.1652320381239	1.13568136160376	1123	11.9369358678205	16.3935282084274
92	WGN63	12.2241283699492	1.13568136160376	1123	9.99583219964573	14.4524245402526
93	WGN63	13.0047136640138	1.13568136160376	1123	10.7764174937104	15.2330098343172
94	WGN63	12.5345629462014	1.13568136160376	1123	10.3062667758979	14.7628591165048
95	WGN63	14.5656485069763	1.6064531721504	1123	11.4136610109241	17.7176360030285
96	WGN63	15.3699882129072	1.13568136160376	1123	13.1416920426037	17.5982843832106
97	WGN63	13.4792584154692	1.13568136160376	1123	11.2509622451658	15.7075545857726
98	WGN63	11.834514483033	1.13568136160376	1123	9.60621831272958	14.0628106533365
99	WGN63	12.9276797833215	1.13568136160376	1123	10.699383613018	15.1559759536249
100	WGN63	14.6708320320632	1.13568136160376	1123	12.4425358617598	16.8991282023667
101	WGN63	14.0828754440516	1.13568136160376	1123	11.8545792737482	16.311171614355
102	WGN63	14.4030928585429	1.13568136160376	1123	12.1747966882394	16.6313890288463
103	WGN63	14.6293405243996	1.13568136160376	1123	12.4010443540962	16.8576366947031
105	WGN63	14.930604193708	1.13568136160376	1123	12.7023080234046	17.1589003640115
106	WGN63	8.95871750914836	1.13568136160376	1123	6.73042133884492	11.1870136794518
107	WGN63	13.1794211231949	1.13568136160376	1123	10.9511249528915	15.4077172934983
109	WGN63	13.2082039324994	1.13568136160376	1123	10.979907762196	15.4365001028029
110	WGN63	15.0027004320697	1.13568136160376	1123	12.7744042617662	17.2309966023731
111	WGN63	12.0991537275766	1.13568136160376	1123	9.87085755727322	14.3274498978801
112	WGN63	13.5748849995076	1.13568136160376	1123	11.3465888292041	15.803181169811
114	WGN63	15.8455533280207	1.13568136160376	1123	13.6172571577173	18.0738494983242
115	WGN63	13.7263294590063	1.13568136160376	1123	11.4980332887029	15.9546256293098
116	WGN63	11.8988522399312	1.13568136160376	1123	9.67055606962779	14.1271484102347
117	WGN63	12.7823299831253	1.13568136160376	1123	10.5540338128219	15.0106261534288
118	WGN63	14.5401019114832	1.13568136160376	1123	12.3118057411798	16.7683980817867
119	WGN63	14.2505674672435	1.13568136160376	1123	12.02227129694	16.4788636375469
121	WGN63	13.545492600039	1.13568136160376	1123	11.3171964297356	15.7737887703425
122	WGN63	15.8971948777337	1.13568136160376	1123	13.6688987074303	18.1254910480372
123	WGN63	15.1550926264921	1.13568136160376	1123	12.9267964561886	17.3833887967955
124	WGN63	15.337053517514	1.13568136160376	1123	13.1087573472105	17.5653496878174
125	WGN63	15.8583675853475	1.13568136160376	1123	13.6300714150441	18.086663755651
126	WGN63	13.846200629736	1.13568136160376	1123	11.6179044594326	16.0744968000395
127	WGN63	13.0758022693216	1.13568136160376	1123	10.8475060990181	15.304098439625
128	WGN63	13.8113709736092	1.13568136160376	1123	11.5830748033058	16.0396671439127
129	WGN63	13.7179180250862	1.13568136160376	1123	11.4896218547828	15.9462141953897
130	WGN63	15.1648038720205	1.13568136160376	1123	12.9365077017171	17.3931000423239
