plantID3	famID	emmean	SE	df	lower.CL	upper.CL
1	WGN07	7.61549009157063	0.863037409435438	1125	5.92214605103328	9.30883413210799
2	WGN07	9.20014211908476	0.863037409435899	1125	7.5067980785465	10.893486159623
3	WGN07	7.24363314947867	0.863037409435831	1125	5.55028910894055	8.9369771900168
4	WGN07	4.78270094880095	0.863037409435914	1125	3.08935690826266	6.47604498933924
5	WGN07	9.14162017268576	0.863037409435905	1125	7.44827613214749	10.834964213224
6	WGN07	11.8596636337868	0.863037409435943	1125	10.1663195932484	13.5530076743251
7	WGN07	7.85753474684511	0.863037409435913	1125	6.16419070630682	9.5508787873834
8	WGN07	10.653405269511	0.863037409435938	1125	8.96006122897266	12.3467493100493
9	WGN07	11.3547432725158	0.863037409435908	1125	9.66139923197748	13.048087313054
10	WGN07	5.57000710962886	0.863037409435942	1125	3.87666306909051	7.2633511501672
11	WGN07	10.2206420653042	0.863037409435952	1125	8.52729802476586	11.9139861058426
12	WGN07	6.15309443284373	0.86303740943594	1125	4.45975039230539	7.84643847338207
13	WGN07	7.35410196624979	0.863037409435916	1125	5.66075792571149	9.04744600678808
14	WGN07	12.3415277261427	0.86303740943593	1125	10.6481836856044	14.034871766681
15	WGN07	8.02387300660463	0.863037409435895	1125	6.33052896606637	9.71721704714288
16	WGN07	9.92391729612681	0.863037409435905	1125	8.23057325558854	11.6172613366651
17	WGN07	8.77422422757992	0.863037409435917	1125	7.08088018704163	10.4675682681182
18	WGN07	8.48275557485383	0.863037409435906	1125	6.78941153431556	10.1760996153921
20	WGN07	5.9623761014199	0.863037409435932	1125	4.26903206088157	7.65572014195822
21	WGN07	10.7002377135018	0.863037409435943	1125	9.00689367296349	12.3935817540402
22	WGN07	8.46862696659673	0.863037409435934	1125	6.7752829260584	10.1619710071351
23	WGN07	9.94936153005136	0.863037409435934	1125	8.25601748951303	11.6427055705897
24	WGN07	7.02833658042442	0.863037409435932	1125	5.3349925398861	8.72168062096275
25	WGN07	7.21076915891171	0.863037409435936	1125	5.51742511837337	8.90411319945004
26	WGN07	8.22805506763033	0.863037409435881	1125	6.53471102709211	9.92139910816856
27	WGN07	10.7115055937538	0.863037409435944	1125	9.01816155321544	12.4048496342921
28	WGN07	10.2159315230272	0.86303740943592	1125	8.52258748248891	11.9092755635655
29	WGN07	10.5990195135928	0.863037409435918	1125	8.90567547305448	12.2923635541311
30	WGN07	9.47744003737452	0.863037409435925	1125	7.78409599683621	11.1707840779128
31	WGN07	10.3400107169279	0.863037409435974	1125	8.64666667638945	12.0333547574663
32	WGN07	7.17488338742077	0.863037409435923	1125	5.48153934688246	8.86822742795907
33	WGN07	11.294203277918	0.863037409435943	1125	9.60085923737967	12.9875473184564
34	WGN07	10.2222608530396	0.863037409435928	1125	8.52891681250132	11.915604893578
35	WGN07	10.5533755709105	0.863037409435914	1125	8.86003153037225	12.2467196114488
36	WGN07	6.24798379655261	0.863037409435944	1125	4.55463975601426	7.94132783709096
37	WGN07	8.02968032294225	0.863037409435902	1125	6.33633628240398	9.72302436348052
38	WGN07	10.5118711172771	0.863037409435936	1125	8.81852707673877	12.2052151578154
39	WGN07	12.125202887132	0.863037409435925	1125	10.4318588465937	13.8185469276703
40	WGN07	8.84926642227235	0.863037409435914	1125	7.15592238173406	10.5426104628106
41	WGN07	10.0964691172925	0.863037409435946	1125	8.40312507675412	11.7898131578308
42	WGN07	9.18331371700872	0.863037409435923	1125	7.48996967647042	10.876657757547
44	WGN07	9.9987118951296	0.863037409435909	1125	8.30536785459132	11.6920559356679
46	WGN07	7.86566092485489	0.863037409435915	1125	6.1723168843166	9.55900496539318
47	WGN07	8.01931840471	0.863037409435939	1125	6.32597436417166	9.71266244524834
48	WGN07	8.14498521886618	0.863037409435921	1125	6.45164117832787	9.83832925940448
49	WGN07	11.5885616522262	0.863037409435936	1125	9.89521761168789	13.2819056927646
50	WGN07	12.4628466527586	0.863037409435923	1125	10.7695026122203	14.1561906932969
51	WGN07	10.6667838764228	0.86303740943592	1125	8.97343983588447	12.3601279169611
52	WGN07	11.2193086969951	0.863037409435914	1125	9.52596465645683	12.9126527375334
53	WGN07	8.9158804331638	0.863037409435925	1125	7.22253639262549	10.6092244737021
54	WGN07	10.2682303885237	0.863037409435929	1125	8.57488634798542	11.9615744290621
55	WGN07	8.38110114566363	0.863037409435915	1125	6.68775710512534	10.0744451862019
56	WGN07	7.70815312177286	1.22079016479837	1125	5.3128713788178	10.1034348647279
57	WGN07	9.02493781056049	0.863037409435937	1125	7.33159377002215	10.7182818510988
58	WGN07	7.20274451783582	0.863037409435921	1125	5.50940047729752	8.89608855837412
59	WGN07	11.0901699437493	0.863037409435914	1125	9.396825903211	12.7835139842876
60	WGN07	7.58720724075535	0.863037409435939	1125	5.89386320021702	9.28055128129369
61	WGN07	9.16103871591072	0.863037409435922	1125	7.46769467537242	10.854382756449
63	WGN07	8.61505455917848	0.863037409435945	1125	6.92171051864013	10.3083985997168
64	WGN07	7.79734023979215	0.863037409435929	1125	6.10399619925383	9.49068428033047
66	WGN07	9.21267120744764	0.863037409435916	1125	7.51932716690935	10.9060152479859
67	WGN07	5.93295275277116	0.863037409435921	1125	4.23960871223286	7.62629679330947
68	WGN07	8.25365644768401	0.863037409435924	1125	6.5603124071457	9.94700048822232
69	WGN07	8.7143821856595	1.22079016479837	1125	6.31910044270444	11.1096639286146
71	WGN07	8.54763178657925	0.863037409435898	1125	6.85428774604099	10.2409758271175
73	WGN07	8.28002250793154	0.863037409435925	1125	6.58667846739322	9.97336654846985
74	WGN07	8.48773480205654	0.863037409435924	1125	6.79439076151823	10.1810788425948
75	WGN07	9.64351138072904	0.863037409435921	1125	7.95016734019074	11.3368554212673
76	WGN07	7.57071421427137	0.863037409435925	1125	5.87737017373306	9.26405825480968
77	WGN07	11.1351665887545	0.863037409435933	1125	9.44182254821619	12.8285106292928
78	WGN07	8.94269898326814	0.863037409435927	1125	7.24935494272982	10.6360430238065
79	WGN07	9.68862733710482	0.863037409435914	1125	7.99528329656653	11.3819713776431
80	WGN07	9.96787173970695	0.863037409435925	1125	8.27452769916864	11.6612157802453
81	WGN07	10.9520725911313	0.863037409435922	1125	9.25872855059298	12.6454166316696
82	WGN07	9.69743806955622	0.863037409435918	1125	8.00409402901792	11.3907821100945
83	WGN07	9.73095333953118	0.86303740943591	1125	8.0376092989929	11.4242973800695
84	WGN07	8.47738212168218	0.863037409435903	1125	6.78403808114391	10.1707261622204
85	WGN07	8.9300626485137	0.863037409435888	1125	7.23671860797546	10.6234066890519
86	WGN07	9.41242000425645	0.863037409435924	1125	7.71907596371814	11.1057640447948
87	WGN07	8.99570819128842	0.863037409435905	1125	7.30236415075015	10.6890522318267
88	WGN07	8.9356913992031	0.863037409435934	1125	7.24234735866477	10.6290354397414
89	WGN07	10.407566744932	0.86303740943592	1125	8.71422270439365	12.1009107854703
90	WGN07	11.0668421374789	0.863037409435942	1125	9.37349809694051	12.7601861780172
91	WGN07	10.024193250852	0.863037409435935	1125	8.33084921031364	11.7175372913903
92	WGN07	6.09545450891582	1.22079016479837	1125	3.70017276596075	8.49073625187089
93	WGN07	9.99996827385697	0.863037409435924	1125	8.30662423331866	11.6933123143953
94	WGN07	10.6059468882325	0.863037409435927	1125	8.91260284769419	12.2992909287708
95	WGN07	10.532979877628	0.863037409435909	1125	8.83963583708971	12.2263239181663
96	WGN07	7.86990575524989	0.863037409435933	1125	6.17656171471157	9.56324979578822
97	WGN07	10.4271398386064	1.22079016479836	1125	8.03185809565133	12.8224215815614
98	WGN07	7.75886320692295	0.863037409435907	1125	6.06551916638467	9.45220724746123
99	WGN07	9.74016822900449	0.863037409435932	1125	8.04682418846617	11.4335122695428
100	WGN07	9.53847673859351	0.863037409435945	1125	7.84513269805516	11.2318207791319
101	WGN07	7.61464073298135	0.863037409435918	1125	5.92129669244305	9.30798477351965
102	WGN07	8.72154463397261	0.863037409435903	1125	7.02820059343434	10.4148886745109
103	WGN07	11.5517673107682	0.86303740943592	1125	9.85842327022985	13.2451113513065
104	WGN07	10.3164404326896	0.863037409435925	1125	8.62309639215129	12.0097844732279
105	WGN07	9.78716490952432	0.863037409435954	1125	8.09382086898595	11.4805089500627
106	WGN07	11.13552872566	0.863037409435915	1125	9.44218468512173	12.8288727661983
107	WGN07	9.65952469782751	0.863037409435941	1125	7.96618065728916	11.3528687383659
108	WGN07	5.80359170903285	0.863037409435917	1125	4.11024766849455	7.49693574957115
109	WGN07	6.47910312107846	1.22079016479838	1125	4.08382137812337	8.87438486403355
110	WGN07	7.54983443527071	0.863037409435902	1125	5.85649039473244	9.24317847580897
112	WGN07	7.5886266630143	0.863037409435931	1125	5.89528262247598	9.28197070355262
113	WGN07	7.06220120979741	0.863037409435921	1125	5.3688571692591	8.75554525033571
114	WGN07	7.27491721763532	0.863037409435925	1125	5.58157317709701	8.96826125817364
115	WGN07	10.8486921959892	0.863037409435929	1125	9.15534815545084	12.5420362365275
116	WGN07	11.5757563166465	0.863037409435911	1125	9.88241227610819	13.2691003571848
117	WGN07	9.6863274406555	0.863037409435918	1125	7.9929834001172	11.3796714811938
118	WGN07	7.11335369541135	0.863037409435925	1125	5.42000965487303	8.80669773594966
119	WGN07	8.39383901945751	0.863037409435933	1125	6.70049497891919	10.0871830599958
120	WGN07	8.59918056583427	0.86303740943591	1125	6.90583652529599	10.2925246063726
121	WGN07	9.1030593997646	0.863037409435916	1125	7.40971535922631	10.7964034403029
122	WGN07	8.4753120626561	1.22079016479837	1125	6.08003031970103	10.8705938056112
123	WGN07	10.1648997945337	0.863037409435938	1125	8.47155575399539	11.8582438350721
124	WGN07	8.67832241518981	0.863037409435924	1125	6.9849783746515	10.3716664557281
125	WGN07	9.95188215411512	0.86303740943592	1125	8.25853811357682	11.6452261946534
126	WGN07	6.16441400296883	0.863037409435943	1125	4.47106996243048	7.85775804350718
127	WGN07	9.94038159670659	0.863037409435923	1125	8.24703755616828	11.6337256372449
128	WGN07	6.96410161513784	0.863037409435928	1125	5.27075757459952	8.65744565567616
129	WGN07	9.10894520274739	0.863037409435919	1125	7.41560116220909	10.8022892432857
130	WGN07	8.29875398551901	0.863037409435936	1125	6.60540994498067	9.99209802605734
1	WGN15	9.48551490704083	0.863037409435968	1125	7.79217086650243	11.1788589475792
2	WGN15	9.27220735560022	0.863037409435923	1125	7.57886331506192	10.9655513961385
3	WGN15	10.0739566991256	0.863037409435905	1125	8.38061265858734	11.7673007396639
4	WGN15	9.59152138758096	0.863037409435941	1125	7.89817734704262	11.2848654281193
5	WGN15	10.0118615714875	0.863037409435915	1125	8.31851753094926	11.7052056120258
7	WGN15	9.03097999008651	0.863037409435916	1125	7.33763594954822	10.7243240306248
8	WGN15	10.5116558765842	0.863037409435924	1125	8.8183118360459	12.2049999171225
9	WGN15	10.4497474683056	0.863037409435919	1125	8.75640342776732	12.1430915088439
10	WGN15	12.3462830932562	0.863037409435909	1125	10.6529390527179	14.0396271337945
11	WGN15	11.8596636337865	0.863037409435934	1125	10.1663195932482	13.5530076743249
12	WGN15	9.89485103690529	0.863037409435923	1125	8.20150699636699	11.5881950774436
13	WGN15	10.7188329313	0.863037409435897	1125	9.02548889076171	12.4121769718382
14	WGN15	8.68902596246263	0.863037409435945	1125	6.99568192192428	10.382370003001
15	WGN15	9.05471164995529	0.863037409435931	1125	7.36136760941697	10.7480556904936
16	WGN15	9.70255510006315	0.863037409435928	1125	8.00921105952483	11.3958991406015
17	WGN15	7.81662479035522	0.863037409435927	1125	6.1232807498169	9.50996883089354
18	WGN15	11.4234709923381	0.86303740943593	1125	9.73012695179981	13.1168150328765
19	WGN15	11.8949300502086	0.863037409435941	1125	10.2015860096702	13.5882740907469
20	WGN15	11.0813542037024	0.863037409435908	1125	9.38801016316417	12.7746982442407
21	WGN15	9.21890631611633	0.863037409435913	1125	7.52556227557804	10.9122503566546
22	WGN15	10.2790701030163	0.863037409435948	1125	8.58572606247789	11.9724141435546
23	WGN15	11.0987787712714	0.863037409435919	1125	9.40543473073314	12.7921228118097
24	WGN15	6.66988425371328	0.863037409435945	1125	4.97654021317493	8.36322829425164
25	WGN15	9.56846493980472	0.863037409435936	1125	7.87512089926638	11.261808980343
26	WGN15	10.7424716109423	0.863037409435923	1125	9.04912757040399	12.4358156514806
27	WGN15	11.6618249746707	0.863037409435923	1125	9.96848093413239	13.355169015209
28	WGN15	10.4873616238687	0.863037409435947	1125	8.79401758333039	12.1807056644071
29	WGN15	10.7687281971806	0.863037409435923	1125	9.07538415664232	12.4620722377189
30	WGN15	10.4950157215102	0.863037409435904	1125	8.80167168097197	12.1883597620485
31	WGN15	11.2616762412523	0.863037409435926	1125	9.56833220071402	12.9550202817906
32	WGN15	11.0394162515111	0.863037409435917	1125	9.34607221097281	12.7327602920494
33	WGN15	10.2927646869867	0.863037409435904	1125	8.59942064644842	11.986108727525
34	WGN15	12.3089215973172	0.863037409435931	1125	10.6155775567789	14.0022656378555
35	WGN15	12.0206533583478	0.863037409435917	1125	10.3273093178095	13.7139973988861
36	WGN15	10.2817240856002	0.863037409435906	1125	8.58838004506194	11.9750681261385
37	WGN15	10.1478150704933	0.863037409435932	1125	8.45447102995496	11.8411591110316
38	WGN15	8.6882527313504	0.863037409435923	1125	6.99490869081209	10.3815967718887
39	WGN15	9.82384314211468	0.863037409435941	1125	8.13049910157634	11.517187182653
40	WGN15	9.696996744437	0.86303740943594	1125	8.00365270389866	11.3903407849753
41	WGN15	11.7466460628299	0.863037409435931	1125	10.0533020222916	13.4399901033682
43	WGN15	9.55521678957187	0.863037409435921	1125	7.86187274903356	11.2485608301102
44	WGN15	10.3323632990006	0.863037409435916	1125	8.63901925846235	12.0257073395389
45	WGN15	7.24848233892692	0.86303740943593	1125	5.5551382983886	8.94182637946525
46	WGN15	8.30788655293171	0.863037409435929	1125	6.61454251239339	10.00123059347
47	WGN15	11.2583302491975	0.863037409435914	1125	9.56498620865918	12.9516742897358
48	WGN15	8.54010124473186	0.863037409435929	1125	6.84675720419354	10.2334452852702
50	WGN15	11.9458751238939	0.86303740943593	1125	10.2525310833556	13.6392191644322
51	WGN15	10.0847689134517	0.863037409435932	1125	8.39142487291339	11.77811295399
52	WGN15	9.70948954671715	0.86303740943591	1125	8.01614550617887	11.4028335872554
53	WGN15	8.5775825600164	0.863037409435928	1125	6.88423851947808	10.2709266005547
54	WGN15	9.72725700596624	0.863037409435909	1125	8.03391296542796	11.4206010465045
55	WGN15	8.79969444172726	0.86303740943593	1125	7.10635040118894	10.4930384822656
56	WGN15	9.29177706607389	0.863037409435912	1125	7.59843302553561	10.9851211066122
57	WGN15	11.8811050525842	0.863037409435918	1125	10.1877610120459	13.5744490931225
58	WGN15	9.97493718553283	0.863037409435935	1125	8.2815931449945	11.6682812260712
59	WGN15	8.76445848990939	0.863037409435931	1125	7.07111444937106	10.4578025304477
60	WGN15	8.71659457230682	0.863037409435926	1125	7.02325053176851	10.4099386128451
61	WGN15	10.3053372660856	0.863037409435916	1125	8.61199322554728	11.9986813066239
62	WGN15	10.8268102289667	0.863037409435914	1125	9.13346618842845	12.520154269505
63	WGN15	8.94409720865758	0.863037409435919	1125	7.25075316811928	10.6374412491959
64	WGN15	10.1191327400214	0.863037409435927	1125	8.42578869948311	11.8124767805597
65	WGN15	11.0679487617982	0.863037409435931	1125	9.37460472125984	12.7612928023365
66	WGN15	11.0773018957374	0.863037409435931	1125	9.38395785519905	12.7706459362757
67	WGN15	11.4663292688033	0.863037409435926	1125	9.77298522826496	13.1596733093416
68	WGN15	4.35738832105924	0.863037409435926	1125	2.66404428052092	6.05073236159755
69	WGN15	10.4116551165626	0.863037409435922	1125	8.71831107602433	12.1049991571009
70	WGN15	11.4883833651113	0.863037409435921	1125	9.79503932457298	13.1817274056496
71	WGN15	10.1727528810538	0.86303740943593	1125	8.47940884051546	11.8660969215921
72	WGN15	11.1649983697769	0.863037409435923	1125	9.47165432923854	12.8583424103152
73	WGN15	9.53093915993483	0.863037409435934	1125	7.8375951193965	11.2242832004732
74	WGN15	9.41903439419066	0.863037409435912	1125	7.72569035365238	11.1123784347289
75	WGN15	10.9455497374542	0.863037409435925	1125	9.25220569691588	12.6388937779925
77	WGN15	9.90463612417397	0.863037409435925	1125	8.21129208363566	11.5979801647123
78	WGN15	8.14481786622862	0.863037409435928	1125	6.4514738256903	9.83816190676693
79	WGN15	8.30662386291783	0.863037409435923	1125	6.61327982237952	9.99996790345614
80	WGN15	9.66584270894142	0.863037409435924	1125	7.97249866840311	11.3591867494797
81	WGN15	7.88290169500768	0.863037409435921	1125	6.18955765446938	9.57624573554598
82	WGN15	11.4007169525066	0.863037409435934	1125	9.70737291196823	13.0940609930449
83	WGN15	10.1904157598232	0.863037409435923	1125	8.49707171928486	11.8837598003615
84	WGN15	9.35011392200178	0.863037409435917	1125	7.65676988146348	11.0434579625401
85	WGN15	9.95519214867341	0.863037409435934	1125	8.26184810813508	11.6485361892117
86	WGN15	11.661194358611	0.863037409435923	1125	9.96785031807268	13.3545383991493
87	WGN15	10.5744457825459	0.863037409435918	1125	8.88110174200757	12.2677898230842
88	WGN15	11.7204313325973	0.863037409435931	1125	10.027087292059	13.4137753731357
89	WGN15	8.40975095172481	0.863037409435932	1125	6.71640691118648	10.1030949922631
90	WGN15	11.9092292838834	0.86303740943592	1125	10.2158852433451	13.6025733244217
91	WGN15	8.46410161513753	0.863037409435922	1125	6.77075757459922	10.1574456556758
92	WGN15	10.4880884817013	0.863037409435909	1125	8.79474444116299	12.1814325222395
93	WGN15	10.6063660024418	0.863037409435928	1125	8.91302196190348	12.2997100429801
94	WGN15	10.7002377135016	0.863037409435928	1125	9.00689367296331	12.3935817540399
95	WGN15	9.56266901211053	0.863037409435927	1125	7.86932497157221	11.2560130526488
96	WGN15	9.82076385804609	1.2207901647984	1125	7.42548211509096	12.2160456010012
97	WGN15	9.73813530909032	0.863037409435935	1125	8.04479126855199	11.4314793496287
98	WGN15	9.03112887414909	0.863037409435938	1125	7.33778483361075	10.7244729146874
99	WGN15	11.7891395387515	0.863037409435918	1125	10.0957954982132	13.4824835792898
100	WGN15	9.98204862638637	0.863037409435942	1125	8.28870458584803	11.6753926669247
101	WGN15	11.1864156834047	0.863037409435928	1125	9.49307164286641	12.879759723943
102	WGN15	9.48624728313586	0.863037409435915	1125	7.79290324259757	11.1795913236742
103	WGN15	9.50457750871714	0.863037409435937	1125	7.8112334681788	11.1979215492555
104	WGN15	8.25198376158947	0.863037409435917	1125	6.55863972105117	9.94532780212777
106	WGN15	10.4823936922084	0.86303740943593	1125	8.78904965167012	12.1757377327468
107	WGN15	11.3796158206219	0.863037409435921	1125	9.68627178008362	13.0729598611602
108	WGN15	10.2863315482796	0.863037409435935	1125	8.59298750774131	11.979675588818
109	WGN15	11.1908890813753	0.863037409435934	1125	9.49754504083697	12.8842331219136
110	WGN15	10.065869621347	0.863037409435938	1125	8.37252558080869	11.7592136618854
111	WGN15	9.8088494641419	0.863037409435925	1125	8.11550542360358	11.5021935046802
112	WGN15	10.0890810849162	0.863037409435933	1125	8.39573704437784	11.7824251254545
113	WGN15	8.25681030913043	0.863037409435928	1125	6.56346626859211	9.95015434966874
114	WGN15	10.0729608222732	0.863037409435917	1125	8.37961678173492	11.7663048628115
115	WGN15	10.7731782901214	0.863037409435912	1125	9.07983424958312	12.4665223306597
116	WGN15	10.7173084695988	0.863037409435925	1125	9.02396442906048	12.4106525101371
117	WGN15	8.76829167616016	0.863037409435927	1125	7.07494763562184	10.4616357166985
118	WGN15	9.07956995970812	0.863037409435928	1125	7.3862259191698	10.7729140002464
119	WGN15	12.0827625302979	0.863037409435914	1125	10.3894184897596	13.7761065708362
120	WGN15	10.3073063987621	0.863037409435927	1125	8.61396235822379	12.0006504393004
121	WGN15	10.516039481904	0.863037409435924	1125	8.82269544136568	12.2093835224423
122	WGN15	10.3376863732433	0.86303740943592	1125	8.64434233270497	12.0310304137816
123	WGN15	9.65331193145878	0.863037409435926	1125	7.95996789092047	11.3466559719971
124	WGN15	10.1458998910123	0.863037409435926	1125	8.45255585047395	11.8392439315506
125	WGN15	7.74569771188739	0.863037409435925	1125	6.05235367134908	9.4390417524257
126	WGN15	8.52191447159084	0.863037409435927	1125	6.82857043105252	10.2152585121292
127	WGN15	11.0056274420175	0.863037409435907	1125	9.31228340147927	12.6989714825558
128	WGN15	8.65530374464482	0.863037409435922	1125	6.96195970410651	10.3486477851831
129	WGN15	8.02968032294191	0.863037409435929	1125	6.33633628240359	9.72302436348022
130	WGN15	12.360077674182	0.863037409435927	1125	10.6667336336437	14.0534217147204
1	WGN26	3.45196752347137	0.863037409435881	1125	1.75862348293314	5.14531156400959
3	WGN26	8.31270882893401	0.863037409435911	1125	6.61936478839573	10.0060528694723
4	WGN26	9.49032621571035	0.863037409435938	1125	7.79698217517201	11.1836702562487
5	WGN26	9.39735617230987	0.863037409435904	1125	7.7040121317716	11.0907002128481
6	WGN26	9.00000000000026	0.863037409435933	1125	7.30665595946194	10.6933440405386
7	WGN26	9.35318871889926	0.863037409435915	1125	7.65984467836097	11.0465327594376
8	WGN26	3.27871926215103	0.863037409435935	1125	1.5853752216127	4.97206330268937
9	WGN26	6.50000000000041	0.863037409435932	1125	4.80665595946208	8.19334404053873
10	WGN26	9.50216723531667	0.863037409435928	1125	7.80882319477836	11.195511275855
11	WGN26	8.01365925943301	0.863037409435933	1125	6.32031521889468	9.70700329997134
12	WGN26	7.54867211748242	0.863037409435922	1125	5.85532807694411	9.24201615802072
13	WGN26	8.59814620710078	0.863037409435926	1125	6.90480216656247	10.2914902476391
14	WGN26	7.62610383890871	0.863037409435922	1125	5.9327597983704	9.31944787944702
15	WGN26	10.232844664551	0.863037409435915	1125	8.53950062401273	11.9261887050893
17	WGN26	9.48650170728914	0.863037409435929	1125	7.79315766675082	11.1798457478275
18	WGN26	8.95555777504765	0.863037409435926	1125	7.26221373450934	10.648901815586
19	WGN26	9.92212563996263	0.863037409435922	1125	8.22878159942432	11.6154696805009
20	WGN26	3.83465208688505	1.22079016479836	1125	1.43937034393001	6.22993382984009
21	WGN26	6.32010052730041	0.863037409435941	1125	4.62675648676207	8.01344456783876
22	WGN26	9.13451296848123	0.863037409435912	1125	7.44116892794295	10.8278570090195
23	WGN26	8.9354163747231	0.863037409435944	1125	7.24207233418475	10.6287604152614
24	WGN26	8.5276925690688	0.86303740943591	1125	6.83434852853051	10.2210366096071
25	WGN26	11.0679487617985	0.863037409435917	1125	9.37460472126023	12.7612928023368
26	WGN26	8.76686663697816	0.86303740943592	1125	7.07352259643986	10.4602106775165
27	WGN26	6.546515937444	0.863037409435917	1125	4.85317189690571	8.2398599779823
28	WGN26	10.2440442408508	0.863037409435915	1125	8.55070020031251	11.9373882813891
29	WGN26	8.65717209524628	0.863037409435932	1125	6.96382805470795	10.3505161357846
30	WGN26	8.14481786622894	0.863037409435913	1125	6.45147382569065	9.83816190676722
31	WGN26	10.4116551165631	0.863037409435925	1125	8.71831107602475	12.1049991571014
32	WGN26	8.19032977212802	0.863037409435917	1125	6.49698573158972	9.88367381266632
33	WGN26	8.8262843267167	1.22079016479838	1125	6.43100258376161	11.2215660696718
34	WGN26	7.37139564808731	0.863037409435909	1125	5.67805160754903	9.06473968862559
35	WGN26	8.40219464513108	0.863037409435928	1125	6.70885060459276	10.0955386856694
36	WGN26	7.80604609178475	0.863037409435915	1125	6.11270205124645	9.49939013232304
38	WGN26	9.12310562561772	0.863037409435915	1125	7.42976158507943	10.816449666156
39	WGN26	7.3098481363003	0.863037409435911	1125	5.61650409576201	9.00319217683858
40	WGN26	5.84065473434592	0.863037409435922	1125	4.14731069380761	7.53399877488422
41	WGN26	5.04950975679661	0.863037409435933	1125	3.35616571625829	6.74285379733494
42	WGN26	8.91270271387829	0.863037409435923	1125	7.21935867333998	10.6060467544166
43	WGN26	8.5839893641871	0.863037409435915	1125	6.89064532364881	10.2773334047254
44	WGN26	10.0819556162685	0.863037409435919	1125	8.38861157573024	11.7752996568068
45	WGN26	10.5762450886447	0.863037409435927	1125	8.88290104810637	12.269589129183
46	WGN26	8.96693626667036	0.863037409435928	1125	7.27359222613205	10.6602803072087
47	WGN26	9.8726176679771	0.863037409435928	1125	8.17927362743878	11.5659617085154
48	WGN26	5.94948974278342	0.863037409435913	1125	4.25614570224513	7.64283378332171
49	WGN26	8.74264068711957	0.863037409435927	1125	7.04929664658125	10.4359847276579
50	WGN26	6.39914133901783	0.86303740943592	1125	4.70579729847953	8.09248537955613
51	WGN26	9.69316395855861	0.863037409435922	1125	7.9998199180203	11.3865079990969
52	WGN26	8.3874821936964	0.863037409435931	1125	6.69413815315807	10.0808262342347
53	WGN26	11.4663292688039	0.863037409435936	1125	9.77298522826559	13.1596733093423
54	WGN26	7.69410670376572	0.863037409435926	1125	6.0007626632274	9.38745074430403
55	WGN26	7.47069273699474	0.863037409435909	1125	5.77734869645646	9.16403677753302
56	WGN26	8.18170185318538	0.863037409435921	1125	6.48835781264708	9.87504589372369
57	WGN26	8.27227132792633	0.86303740943592	1125	6.57892728738803	9.96561536846464
58	WGN26	8.82273081451351	0.863037409435929	1125	7.1293867739752	10.5160748550518
59	WGN26	4.7708991885793	1.22079016479837	1125	2.37561744562424	7.16618093153435
60	WGN26	8.71307488658854	0.863037409435936	1125	7.01973084605021	10.4064189271269
61	WGN26	8.53572467433918	1.22079016479838	1125	6.14044293138409	10.9310064172943
62	WGN26	7.48984650251875	0.86303740943593	1125	5.79650246198043	9.18319054305708
64	WGN26	8.33402107497701	0.863037409435928	1125	6.64067703443869	10.0273651155153
65	WGN26	7.18709767567508	1.22079016479838	1125	4.79181593272	9.58237941863016
66	WGN26	10.97192715586	0.863037409435927	1125	9.27858311532165	12.6652711963983
67	WGN26	9.46815429536561	0.863037409435922	1125	7.7748102548273	11.1614983359039
68	WGN26	10.1174414132554	0.863037409435919	1125	8.42409737271714	11.8107854537937
69	WGN26	9.89833498296532	0.863037409435933	1125	8.20499094242699	11.5916790235036
70	WGN26	8.79307236131723	0.863037409435929	1125	7.09972832077891	10.4864164018555
71	WGN26	9.39735617231015	0.863037409435932	1125	7.70401213177182	11.0907002128485
72	WGN26	6.23210073777826	0.863037409435924	1125	4.53875669723995	7.92544477831657
73	WGN26	8.85961814869592	0.863037409435932	1125	7.1662741081576	10.5529621892343
74	WGN26	7.72898993372209	0.863037409435924	1125	6.03564589318378	9.4223339742604
75	WGN26	9.08647205899292	0.863037409435931	1125	7.3931280184546	10.7798160995312
76	WGN26	7.57757003977063	1.22079016479839	1125	5.18228829681554	9.97285178272572
77	WGN26	5.38195839276858	0.86303740943593	1125	3.68861435223026	7.0753024333069
78	WGN26	9.99887468344443	0.863037409435924	1125	8.30553064290612	11.6922187239827
79	WGN26	7.27978588963912	0.86303740943594	1125	5.58644184910078	8.97312993017746
80	WGN26	8.98899243868728	0.863037409435925	1125	7.29564839814896	10.6823364792256
81	WGN26	9.45952104985739	0.863037409435926	1125	7.76617700931908	11.1528650903957
82	WGN26	9.89897948556652	0.863037409435914	1125	8.20563544502822	11.5923235261048
83	WGN26	7.64675180927782	0.863037409435922	1125	5.95340776873951	9.34009584981612
85	WGN26	7.93324925987072	0.863037409435918	1125	6.23990521933242	9.62659330040902
86	WGN26	3.93649167310401	0.863037409435937	1125	2.24314763256567	5.62983571364234
87	WGN26	7.29528188807284	0.863037409435917	1125	5.60193784753455	8.98862592861114
88	WGN26	6.79673361337419	0.863037409435924	1125	5.10338957283588	8.4900776539125
89	WGN26	7.0620192023181	0.863037409435913	1125	5.36867516177981	8.75536324285639
90	WGN26	8.31708055486549	0.863037409435921	1125	6.62373651432718	10.0104245954038
91	WGN26	9.49032621571041	0.863037409435934	1125	7.79698217517208	11.1836702562487
92	WGN26	7.0106146601849	0.863037409435929	1125	5.31727061964658	8.70395870072322
93	WGN26	7.9737406865187	0.863037409435919	1125	6.2803966459804	9.667084727057
94	WGN26	7.4461241493985	0.863037409435925	1125	5.75278010886019	9.13946818993681
95	WGN26	9.11968173007536	0.863037409435919	1125	7.42633768953706	10.8130257706137
96	WGN26	8.18422359158894	0.863037409435927	1125	6.49087955105062	9.87756763212725
97	WGN26	8.9136976031685	0.863037409435928	1125	7.22035356263018	10.6070416437068
98	WGN26	4.93649167310392	0.863037409435928	1125	3.24314763256561	6.62983571364224
99	WGN26	9.05521678957234	0.863037409435928	1125	7.36187274903403	10.7485608301107
100	WGN26	5.82842712474641	0.863037409435919	1125	4.13508308420811	7.52177116528471
101	WGN26	5.86608918289975	0.863037409435928	1125	4.17274514236143	7.55943322343807
102	WGN26	8.29453921559372	0.86303740943593	1125	6.6011951750554	9.98788325613205
103	WGN26	8.39214622124039	0.863037409435929	1125	6.69880218070207	10.0854902617787
104	WGN26	10.1977725475707	0.863037409435924	1125	8.50442850703237	11.891116588109
105	WGN26	11.8039520107447	0.863037409435929	1125	10.1106079702063	13.497296051283
106	WGN26	9.20488032063596	1.22079016479838	1125	6.80959857768088	11.600162063591
108	WGN26	7.50921070070164	1.22079016479838	1125	5.11392895774656	9.90449244365671
109	WGN26	11.0198786419271	0.863037409435925	1125	9.32653460138875	12.7132226824654
111	WGN26	10.8698502468092	0.863037409435929	1125	9.17650620627086	12.5631942873475
112	WGN26	7.61549009156996	0.86303740943593	1125	5.92214605103163	9.30883413210828
113	WGN26	9.39491306127606	0.863037409435927	1125	7.70156902073775	11.0882571018144
114	WGN26	1.50000000000021	0.863037409435927	1125	-0.193344040538107	3.19334404053852
115	WGN26	10.4871131227619	0.863037409435931	1125	8.79376908222355	12.1804571633002
116	WGN26	7.5168658809942	1.22079016479837	1125	5.12158413803913	9.91214762394927
117	WGN26	6.2847766593678	0.863037409435928	1125	4.59143261882948	7.97812069990612
118	WGN26	9.91056901427888	0.863037409435921	1125	8.21722497374057	11.6039130548172
119	WGN26	9.59038773843306	0.863037409435931	1125	7.89704369789474	11.2837317789714
120	WGN26	4.1078021379611	0.863037409435912	1125	2.41445809742281	5.80114617849938
121	WGN26	10.9714042143745	0.863037409435921	1125	9.27806017383616	12.6647482549128
122	WGN26	7.76691100011123	0.863037409435923	1125	6.07356695957292	9.46025504064954
123	WGN26	9.8668918732326	0.863037409435925	1125	8.17354783269429	11.5602359137709
124	WGN26	4.10208415762854	1.22079016479838	1125	1.70680241467346	6.49736590058362
125	WGN26	12.1610777814983	0.863037409435928	1125	10.46773374096	13.8544218220366
126	WGN26	2.77089918857938	1.22079016479838	1125	0.375617445624292	5.16618093153447
127	WGN26	10.2608821329485	0.863037409435933	1125	8.56753809241013	11.9542261734868
128	WGN26	9.15173070822636	1.22079016479837	1125	6.75644896527131	11.5470124511814
129	WGN26	7.18330013267064	0.863037409435931	1125	5.48995609213231	8.87664417320896
130	WGN26	8.27641755707695	0.863037409435934	1125	6.58307351653862	9.96976159761528
1	WGN36	8.43115322642399	1.22079016479835	1125	6.03587148346897	10.826434969379
2	WGN36	9.14005494464026	0.863037409435916	1125	7.44671090410197	10.8333989851786
4	WGN36	11.7424001122931	0.863037409435937	1125	10.0490560717547	13.4357441528314
5	WGN36	8.62544788645872	0.863037409435948	1125	6.93210384592036	10.3187919269971
6	WGN36	6.92217606581953	0.863037409435913	1125	5.22883202528124	8.61552010635782
7	WGN36	10.2712904534734	0.863037409435927	1125	8.57794641293506	11.9646344940117
8	WGN36	10.0819556162684	0.863037409435946	1125	8.38861157573004	11.7752996568067
9	WGN36	9.60993233106769	1.22079016479836	1125	7.21465058811265	12.0052140740227
10	WGN36	9.97115524039615	0.863037409435917	1125	8.27781119985786	11.6644992809344
11	WGN36	9.55647986450966	1.22079016479838	1125	7.16119812155459	11.9517616074647
12	WGN36	8.68128372533646	0.863037409435923	1125	6.98793968479815	10.3746277658748
13	WGN36	9.61737586450108	0.863037409435924	1125	7.92403182396277	11.3107199050394
14	WGN36	9.64309317948927	0.863037409435931	1125	7.94974913895094	11.3364372200276
15	WGN36	11.5150647887007	0.863037409435916	1125	9.82172074816244	13.208408829239
16	WGN36	10.400270739745	0.863037409435932	1125	8.70692669920669	12.0936147802833
17	WGN36	11.2178019325072	0.863037409435932	1125	9.52445789196888	12.9111459730455
18	WGN36	9.92446052625345	1.22079016479836	1125	7.5291787832984	12.3197422692085
19	WGN36	9.17911199995	0.863037409435926	1125	7.48576795941168	10.8724560404883
20	WGN36	7.87298334620744	0.863037409435927	1125	6.17963930566913	9.56632738674576
21	WGN36	9.4865017072889	0.863037409435928	1125	7.79315766675058	11.1798457478272
22	WGN36	9.58811842744251	0.863037409435931	1125	7.89477438690418	11.2814624679808
23	WGN36	10.606366002442	0.863037409435913	1125	8.91302196190369	12.2997100429803
24	WGN36	8.32100527111731	0.863037409435923	1125	6.627661230579	10.0143493116556
26	WGN36	9.01144971955206	0.863037409435933	1125	7.31810567901374	10.7047937600904
27	WGN36	9.74016822900445	0.863037409435901	1125	8.04682418846618	11.4335122695427
28	WGN36	7.93700393700594	0.863037409435911	1125	6.24365989646766	9.63034797754423
30	WGN36	11.0485023780665	0.863037409435922	1125	9.35515833752821	12.7418464186048
31	WGN36	11.3895778895065	0.863037409435907	1125	9.69623384896823	13.0829219300448
32	WGN36	11.2744618286081	1.22079016479837	1125	8.87918008565308	13.6697435715632
33	WGN36	10.5427657151834	0.863037409435939	1125	8.84942167464501	12.2361097557217
34	WGN36	9.31925804832434	0.863037409435938	1125	7.62591400778601	11.0126020888627
35	WGN36	7.9865946474354	0.863037409435915	1125	6.29325060689711	9.6799386879737
36	WGN36	11.4226322861874	0.86303740943592	1125	9.72928824564909	13.1159763267257
37	WGN36	8.01711043981446	1.22079016479839	1125	5.62182869685937	10.4123921827696
38	WGN36	6.32833771288109	1.22079016479839	1125	3.93305596992599	8.7236194558362
39	WGN36	10.7160287656413	0.86303740943593	1125	9.02268472510298	12.4093728061796
40	WGN36	10.0000000000001	0.863037409435929	1125	8.30665595946173	11.6933440405384
41	WGN36	8.91623316365741	0.86303740943593	1125	7.22288912311909	10.6095772041957
42	WGN36	8.77196283177382	0.86303740943592	1125	7.07861879123552	10.4653068723121
43	WGN36	11.2461453787004	0.86303740943592	1125	9.5528013381621	12.9394894192387
44	WGN36	8.84372769128251	0.863037409435925	1125	7.15038365074419	10.5370717318208
45	WGN36	8.96099868788437	0.863037409435922	1125	7.26765464734607	10.6543427284227
46	WGN36	11.3358701957635	0.863037409435919	1125	9.64252615522516	13.0292142363018
47	WGN36	10.463567116154	0.863037409435927	1125	8.77022307561568	12.1569111566923
48	WGN36	9.6199510254931	0.86303740943592	1125	7.9266069849548	11.3132950660314
49	WGN36	11.4673242176679	0.863037409435929	1125	9.77398017712958	13.1606682582062
51	WGN36	10.4677611425932	0.863037409435925	1125	8.77441710205487	12.1611051831315
52	WGN36	9.45419627513854	0.863037409435924	1125	7.76085223460023	11.1475403156769
53	WGN36	8.74638051861194	0.863037409435925	1125	7.05303647807362	10.4397245591502
54	WGN36	7.83433377271021	0.863037409435921	1125	6.14098973217191	9.52767781324852
55	WGN36	10.0246896547142	0.863037409435921	1125	8.33134561417586	11.7180336952525
56	WGN36	11.3347325902875	0.863037409435924	1125	9.64138854974922	13.0280766308258
57	WGN36	10.3111808530827	0.86303740943593	1125	8.61783681254434	12.004524893621
58	WGN36	11.6523477702406	0.863037409435927	1125	9.95900372970229	13.3456918107789
59	WGN36	11.681733690057	0.863037409435919	1125	9.98838964951868	13.3750777305953
60	WGN36	11.2913944259612	0.863037409435926	1125	9.59805038542292	12.9847384664995
62	WGN36	10.1734652961389	0.863037409435927	1125	8.48012125560063	11.8668093366773
64	WGN36	9.99386559689082	0.863037409435928	1125	8.30052155635251	11.6872096374291
65	WGN36	8.79307236131686	0.863037409435923	1125	7.09972832077855	10.4864164018552
66	WGN36	10.1478150704935	0.863037409435924	1125	8.45447102995523	11.8411591110318
68	WGN36	8.1050442365576	0.863037409435922	1125	6.41170019601929	9.7983882770959
69	WGN36	7.91024655928948	1.22079016479838	1125	5.5149648163344	10.3055283022446
70	WGN36	8.48446276619169	0.863037409435924	1125	6.79111872565338	10.17780680673
71	WGN36	10.378784958216	0.863037409435931	1125	8.68544091767767	12.0721289987543
72	WGN36	9.50000000000002	0.863037409435924	1125	7.80665595946171	11.1933440405383
74	WGN36	9.89485103690552	0.863037409435929	1125	8.2015069963672	11.5881950774438
75	WGN36	7.57757003977045	1.22079016479837	1125	5.18228829681538	9.97285178272551
76	WGN36	10.0118615714879	0.863037409435932	1125	8.31851753094956	11.7052056120262
77	WGN36	10.7237039331502	0.863037409435924	1125	9.03035989261191	12.4170479736885
78	WGN36	8.88133276772345	1.22079016479837	1125	6.48605102476838	11.2766145106785
79	WGN36	6.84090828986591	0.863037409435933	1125	5.14756424932758	8.53425233040423
80	WGN36	6.09545450891595	1.22079016479837	1125	3.70017276596089	8.49073625187102
81	WGN36	8.46862696659695	0.863037409435924	1125	6.77528292605863	10.1619710071353
82	WGN36	8.22805506763041	0.863037409435917	1125	6.53471102709212	9.92139910816871
83	WGN36	10.2222583088074	0.863037409435923	1125	8.52891426826907	11.9156023493457
84	WGN36	9.1044727597244	0.863037409435922	1125	7.4111287191861	10.7978168002627
85	WGN36	9.42298302391475	0.863037409435922	1125	7.72963898337645	11.1163270644531
86	WGN36	7.82623792124929	0.863037409435927	1125	6.13289388071098	9.51958196178761
87	WGN36	9.52769256906873	0.863037409435921	1125	7.83434852853043	11.221036609607
88	WGN36	9.81601007962113	0.863037409435929	1125	8.12266603908281	11.5093541201594
89	WGN36	9.81786227279871	0.863037409435925	1125	8.1245182322604	11.511206313337
90	WGN36	12.5889108296733	0.863037409435924	1125	10.895566789135	14.2822548702116
92	WGN36	8.87880873156565	0.863037409435929	1125	7.18546469102733	10.572152772104
93	WGN36	8.41445358329339	1.22079016479838	1125	6.01917184033831	10.8097353262485
94	WGN36	10.4792938678783	0.863037409435929	1125	8.78594982734003	12.1726379084167
95	WGN36	9.5370866989489	0.863037409435926	1125	7.84374265841058	11.2304307394872
96	WGN36	10.5264655853395	0.863037409435928	1125	8.83312154480116	12.2198096258778
97	WGN36	8.83103489854028	0.863037409435921	1125	7.13769085800198	10.5243789390786
98	WGN36	12.0207972893962	0.863037409435924	1125	10.3274532488579	13.7141413299345
99	WGN36	9.42495393255103	0.863037409435925	1125	7.73160989201271	11.1182979730893
100	WGN36	8.80336262686002	0.86303740943593	1125	7.1100185863217	10.4967066673983
102	WGN36	6.25163988698702	1.22079016479837	1125	3.85635814403195	8.64692162994209
104	WGN36	11.2022973214597	0.863037409435926	1125	9.50895328092135	12.895641361998
105	WGN36	9.17337272142007	1.22079016479838	1125	6.77809097846499	11.5686544643752
106	WGN36	7.53553390593278	0.86303740943592	1125	5.84218986539447	9.22887794647108
107	WGN36	8.06130335253316	0.863037409435924	1125	6.36795931199485	9.75464739307147
108	WGN36	8.92671662292298	0.863037409435925	1125	7.23337258238467	10.6200606634613
109	WGN36	9.02258847008512	0.863037409435925	1125	7.32924442954681	10.7159325106234
110	WGN36	8.22263063959613	0.863037409435925	1125	6.52928659905782	9.91597468013445
112	WGN36	11.0430823492886	0.863037409435927	1125	9.34973830875033	12.736426389827
114	WGN36	10.4827726957421	0.863037409435924	1125	8.78942865520381	12.1761167362804
116	WGN36	8.25618056281772	1.22079016479838	1125	5.86089881986264	10.6514623057728
117	WGN36	10.2958315233127	0.863037409435924	1125	8.60248748277444	11.9891755638511
118	WGN36	6.9484695927518	0.863037409435931	1125	5.25512555221347	8.64181363329012
119	WGN36	9.4486452687138	1.22079016479837	1125	7.05336352575873	11.8439270116689
120	WGN36	9.85040257138225	0.863037409435922	1125	8.15705853084394	11.5437466119206
121	WGN36	6.12358826663363	0.863037409435925	1125	4.43024422609532	7.81693230717195
122	WGN36	10.9864345517907	0.863037409435923	1125	9.29309051125239	12.679778592329
123	WGN36	9.36611607009914	0.863037409435927	1125	7.67277202956082	11.0594601106375
124	WGN36	9.66368952654444	0.863037409435928	1125	7.97034548600612	11.3570335670828
125	WGN36	9.92468465383899	0.863037409435927	1125	8.23134061330067	11.6180286943773
126	WGN36	9.64309317948925	0.863037409435924	1125	7.94974913895094	11.3364372200276
127	WGN36	7.96119848439102	0.863037409435926	1125	6.2678544438527	9.65454252492933
128	WGN36	8.93006545261653	0.863037409435926	1125	7.23672141207821	10.6234094931548
129	WGN36	5.47417843581083	0.863037409435926	1125	3.78083439527251	7.16752247634914
130	WGN36	8.82010938041826	0.863037409435927	1125	7.12676533987995	10.5134534209566
1	WGN38	10.6769755537493	0.863037409436031	1125	8.98363151321073	12.3703195942878
2	WGN38	11.510352144807	0.863037409435916	1125	9.8170081042687	13.2036961853453
3	WGN38	6.862350392132	1.22079016479837	1125	4.46706864917695	9.25763213508705
4	WGN38	7.20784844000016	0.863037409435902	1125	5.51450439946189	8.90119248053843
5	WGN38	11.2099859676434	0.863037409435915	1125	9.51664192710509	12.9033300081817
6	WGN38	8.42614977317661	0.863037409435924	1125	6.7328057326383	10.1194938137149
7	WGN38	9.90832691319622	0.863037409435915	1125	8.21498287265793	11.6016709537345
8	WGN38	7.48301103632337	0.863037409435937	1125	5.78966699578503	9.1763550768617
10	WGN38	10.3327558140943	0.863037409435919	1125	8.63941177355603	12.0260998546326
11	WGN38	9.01896145848639	0.863037409435915	1125	7.3256174179481	10.7123054990247
12	WGN38	4.53456788445708	0.863037409435938	1125	2.84122384391874	6.22791192499541
13	WGN38	8.79969444172763	0.863037409435937	1125	7.1063504011893	10.493038482266
14	WGN38	6.3911649915628	0.863037409435934	1125	4.69782095102447	8.08450903210113
16	WGN38	10.72276157113	0.863037409435919	1125	9.0294175305917	12.4161056116683
18	WGN38	10.6175168320113	0.863037409435936	1125	8.924172791473	12.3108608725497
19	WGN38	8.60997968847913	0.863037409435919	1125	6.91663564794082	10.3033237290174
20	WGN38	9.70738305529328	0.863037409435938	1125	8.01403901475494	11.4007270958316
21	WGN38	7.18732606828708	0.863037409435927	1125	5.49398202774876	8.88067010882539
22	WGN38	7.2962898295161	0.863037409435938	1125	5.60294578897777	8.98963387005444
23	WGN38	13.1370223744438	0.863037409435933	1125	11.4436783339055	14.8303664149821
24	WGN38	7.87755314812309	0.863037409435906	1125	6.18420910758481	9.57089718866136
26	WGN38	11.4455231422599	0.863037409435929	1125	9.75217910172155	13.1388671827982
27	WGN38	10.8524585373832	0.863037409435926	1125	9.1591144968449	12.5458025779215
28	WGN38	11.6182327087736	0.863037409435917	1125	9.92488866823533	13.3115767493119
29	WGN38	9.22559153441957	0.863037409435931	1125	7.53224749388124	10.9189355749579
30	WGN38	8.67832241519011	0.863037409435914	1125	6.98497837465182	10.3716664557284
32	WGN38	9.9497474683061	0.863037409435914	1125	8.25640342776781	11.6430915088444
33	WGN38	10.0398992607064	0.863037409435933	1125	8.34655522016812	11.7332433012448
34	WGN38	9.88656818253026	0.863037409435927	1125	8.19322414199195	11.5799122230686
35	WGN38	10.1109044296803	0.863037409435929	1125	8.41756038914198	11.8042484702186
36	WGN38	10.2951719362997	0.863037409435921	1125	8.60182789576136	11.988515976838
37	WGN38	9.94364659380644	0.863037409435935	1125	8.25030255326811	11.6369906343448
38	WGN38	11.3295755304117	0.863037409435933	1125	9.63623148987339	13.02291957095
39	WGN38	9.21152247222333	0.863037409435925	1125	7.51817843168501	10.9048665127616
40	WGN38	8.80543569257081	0.863037409435921	1125	7.1120916520325	10.4987797331091
41	WGN38	11.1577543333659	0.863037409435924	1125	9.46441029282757	12.8510983739042
42	WGN38	8.04451772607326	0.863037409435938	1125	6.35117368553492	9.73786176661159
45	WGN38	11.8105375992665	0.863037409435921	1125	10.1171935587282	13.5038816398048
46	WGN38	8.41272417525496	0.86303740943592	1125	6.71938013471666	10.1060682157933
47	WGN38	12.4475665780919	0.86303740943593	1125	10.7542225375536	14.1409106186302
48	WGN38	13.0956756241858	0.863037409435918	1125	11.4023315836475	14.7890196647241
49	WGN38	9.99687255538451	0.863037409435937	1125	8.30352851484618	11.6902165959229
50	WGN38	9.10305939976511	0.863037409435925	1125	7.4097153592268	10.7964034403034
51	WGN38	10.1904157598237	0.863037409435933	1125	8.49707171928534	11.883759800362
52	WGN38	10.6007009580317	0.863037409435926	1125	8.90735691749339	12.29404499857
53	WGN38	7.5707142142717	0.863037409435923	1125	5.8773701737334	9.26405825481001
54	WGN38	9.22728129685615	0.863037409435929	1125	7.53393725631783	10.9206253373945
55	WGN38	8.59570107676183	1.22079016479839	1125	6.20041933380672	10.9909828197169
56	WGN38	9.6881414495088	0.863037409435931	1125	7.99479740897047	11.3814854900471
59	WGN38	10.1648997945339	0.863037409435931	1125	8.47155575399558	11.8582438350722
61	WGN38	9.64781507049372	0.863037409435935	1125	7.95447102995539	11.341159111032
63	WGN38	10.5792053160939	0.863037409435922	1125	8.88586127555556	12.2725493566322
64	WGN38	7.86759360357186	0.863037409435921	1125	6.17424956303355	9.56093764411017
65	WGN38	7.95592239780956	0.863037409435924	1125	6.26257835727125	9.64926643834787
66	WGN38	7.20809924354814	0.863037409435925	1125	5.51475520300983	8.90144328408645
67	WGN38	9.35410528636814	0.86303740943592	1125	7.66076124582984	11.0474493269064
68	WGN38	8.17769874771765	0.863037409435922	1125	6.48435470717934	9.87104278825595
69	WGN38	5.80277563773234	0.863037409435914	1125	4.10943159719405	7.49611967827063
70	WGN38	9.61484466072172	0.863037409435926	1125	7.92150062018341	11.30818870126
72	WGN38	10.9647159009936	0.863037409435923	1125	9.27137186045526	12.6580599415319
73	WGN38	12.3544107606435	0.863037409435919	1125	10.6610667201052	14.0477548011818
74	WGN38	10.8150729063676	0.863037409435919	1125	9.12172886582927	12.5084169469059
76	WGN38	10.6478150704937	0.863037409435925	1125	8.95447102995537	12.341159111032
77	WGN38	10.5145988446478	0.863037409435922	1125	8.8212548041095	12.2079428851861
78	WGN38	8.77422422758024	0.863037409435922	1125	7.08088018704194	10.4675682681186
80	WGN38	10.599019513593	0.863037409435933	1125	8.9056754730547	12.2923635541314
81	WGN38	10.914920159202	0.863037409435925	1125	9.2215761186637	12.6082641997403
82	WGN38	11.1438525774892	0.863037409435918	1125	9.45050853695093	12.8371966180275
83	WGN38	7.3472086622382	0.863037409435924	1125	5.65386462169989	9.04055270277651
84	WGN38	11.530524311728	0.863037409435927	1125	9.83718027118968	13.2238683522663
85	WGN38	5.9736634579592	1.22079016479837	1125	3.57838171500413	8.36894520091426
86	WGN38	10.3882915951969	0.863037409435925	1125	8.69494755465862	12.0816356357352
87	WGN38	10.504534106909	0.863037409435923	1125	8.81119006637065	12.1978781474473
88	WGN38	8.24062883925589	0.863037409435926	1125	6.54728479871758	9.93397287979421
89	WGN38	11.0485023780667	0.863037409435924	1125	9.35515833752838	12.741846418605
90	WGN38	11.5400227053619	0.863037409435927	1125	9.84667866482362	13.2333667459003
91	WGN38	10.8736700622356	0.863037409435925	1125	9.1803260216973	12.5670141027739
92	WGN38	11.3330256089267	0.863037409435924	1125	9.6396815683884	13.026369649465
93	WGN38	8.5467761656526	0.863037409435924	1125	6.85343212511429	10.2401202061909
94	WGN38	10.2396710746222	0.863037409435925	1125	8.54632703408386	11.9330151151605
95	WGN38	9.36611607009932	0.863037409435926	1125	7.672772029561	11.0594601106376
96	WGN38	10.7167384417725	0.863037409435926	1125	9.02339440123421	12.4100824823108
97	WGN38	10.4401966635576	0.863037409435926	1125	8.74685262301933	12.133540704096
98	WGN38	9.67869217255219	0.863037409435925	1125	7.98534813201388	11.3720362130905
99	WGN38	10.861902647382	0.863037409435925	1125	9.16855860684374	12.5552466879204
100	WGN38	10.4682026776589	0.863037409435925	1125	8.77485863712057	12.1615467181972
101	WGN38	12.6583056733808	0.863037409435925	1125	10.9649616328424	14.3516497139191
102	WGN38	7.98659464743558	0.863037409435926	1125	6.29325060689727	9.6799386879739
103	WGN38	12.2256341123918	0.863037409435921	1125	10.5322900718535	13.9189781529301
104	WGN38	12.0370083937866	0.863037409435923	1125	10.3436643532482	13.7303524343249
106	WGN38	12.9568274542845	0.863037409435925	1125	11.2634834137462	14.6501714948228
107	WGN38	10.4786796299891	0.863037409435925	1125	8.78533558945079	12.1720236705274
108	WGN38	11.3742651524276	0.863037409435926	1125	9.68092111188933	13.067609192966
109	WGN38	9.51761091811448	0.863037409435924	1125	7.82426687757617	11.2109549586528
110	WGN38	11.303239974472	0.863037409435922	1125	9.60989593393372	12.9965840150103
111	WGN38	8.91547594742288	0.863037409435926	1125	7.22213190688457	10.6088199879612
113	WGN38	9.47794208941594	0.863037409435927	1125	7.78459804887762	11.1712861299543
114	WGN38	8.77632979869739	0.863037409435924	1125	7.08298575815908	10.4696738392357
115	WGN38	10.005488666191	0.863037409435926	1125	8.31214462565268	11.6988327067293
1	WGN39	10.6471904720278	0.863037409435877	1125	8.95384643148957	12.340534512566
2	WGN39	9.8895952164504	0.863037409435916	1125	8.19625117591211	11.5829392569887
3	WGN39	11.6188703462402	0.863037409435907	1125	9.92552630570196	13.3122143867785
4	WGN39	11.1310884843257	0.863037409435919	1125	9.43774444378739	12.824432524864
5	WGN39	11.0679487617982	0.863037409435919	1125	9.37460472125993	12.7612928023365
6	WGN39	12.1949129255241	0.863037409435937	1125	10.5015688849858	13.8882569660625
7	WGN39	10.7398045792242	0.863037409435912	1125	9.0464605386859	12.4331486197625
8	WGN39	11.726020017595	0.86303740943592	1125	10.0326759770567	13.4193640581333
9	WGN39	11.9903806521624	0.863037409435925	1125	10.2970366116241	13.6837246927007
10	WGN39	8.40913989200542	0.863037409435927	1125	6.71579585146711	10.1024839325437
11	WGN39	8.58757699811744	0.86303740943592	1125	6.89423295757914	10.2809210386557
12	WGN39	11.9570908877667	0.863037409435922	1125	10.2637468472284	13.650434928305
13	WGN39	13.5079175215653	0.863037409435934	1125	11.814573481027	15.2012615621037
14	WGN39	10.9621088540793	0.863037409435927	1125	9.26876481354097	12.6554528946176
15	WGN39	10.7470672346397	0.863037409435931	1125	9.05372319410139	12.440411275178
16	WGN39	12.8344699772441	0.863037409435926	1125	11.1411259367058	14.5278140177825
17	WGN39	11.1026057545304	0.863037409435939	1125	9.40926171399209	12.7959497950688
18	WGN39	10.2923765156782	0.863037409435939	1125	8.59903247513988	11.9857205562166
19	WGN39	12.0418849299041	0.863037409435928	1125	10.3485408893658	13.7352289704424
20	WGN39	10.3670490162753	0.86303740943592	1125	8.67370497573696	12.0603930568136
21	WGN39	10.8857463029179	0.863037409435923	1125	9.19240226237959	12.5790903434562
22	WGN39	12.4755194588298	0.863037409435925	1125	10.7821754182915	14.1688634993682
24	WGN39	11.3123270093679	0.863037409435915	1125	9.61898296882963	13.0056710499062
25	WGN39	9.87339717240435	0.863037409435925	1125	8.18005313186604	11.5667412129427
26	WGN39	10.9061790634521	1.22079016479839	1125	8.51089732049698	13.3014608064072
27	WGN39	10.5651071292825	0.863037409435913	1125	8.87176308874419	12.2584511698208
28	WGN39	9.93601948226458	0.863037409435923	1125	8.24267544172627	11.6293635228029
29	WGN39	11.6846584384264	0.86303740943593	1125	9.99131439788808	13.3780024789647
30	WGN39	10.7227615711297	0.863037409435925	1125	9.02941753059137	12.416105611668
31	WGN39	12.1949129255241	0.863037409435931	1125	10.5015688849858	13.8882569660625
32	WGN39	11.4563559466023	0.863037409435945	1125	9.76301190606393	13.1496999871406
34	WGN39	11.4211218385947	0.86303740943592	1125	9.72777779805636	13.114465879133
35	WGN39	10.3325337997761	0.863037409435938	1125	8.63918975923776	12.0258778403144
36	WGN39	12.137252500348	0.863037409435932	1125	10.4439084598097	13.8305965408863
37	WGN39	12.4773900491091	0.863037409435928	1125	10.7840460085707	14.1707340896474
38	WGN39	12.7484013192197	0.863037409435916	1125	11.0550572786814	14.441745359758
39	WGN39	12.1846584384264	0.863037409435932	1125	10.4913143978881	13.8780024789647
40	WGN39	11.3352476512906	0.863037409435929	1125	9.64190361075229	13.0285916918289
41	WGN39	11.5415229867972	0.863037409435932	1125	9.84817894625887	13.2348670273355
42	WGN39	11.7466460628299	0.863037409435918	1125	10.0533020222916	13.4399901033682
43	WGN39	11.4824392967235	0.863037409435922	1125	9.78909525618524	13.1757833372619
44	WGN39	9.70598064126389	0.863037409435928	1125	8.01263660072557	11.3993246818022
45	WGN39	10.6916603467699	0.863037409435929	1125	8.99831630623161	12.3850043873083
46	WGN39	6.81909084849285	0.863037409435922	1125	5.12574680795454	8.51243488903115
47	WGN39	10.8141831307227	0.863037409435922	1125	9.12083909018439	12.507527171261
48	WGN39	10.5046852899221	0.863037409435933	1125	8.8113412493838	12.1980293304605
49	WGN39	11.1976715429354	0.863037409435918	1125	9.50432750239709	12.8910155834737
50	WGN39	10.7779278593929	0.863037409435914	1125	9.08458381885465	12.4712718999312
51	WGN39	11.8774681232316	0.86303740943592	1125	10.1841240826933	13.5708121637699
52	WGN39	9.88425520950392	0.86303740943593	1125	8.1909111689656	11.5775992500422
53	WGN39	11.2116408880951	0.863037409435927	1125	9.51829684755683	12.9049849286335
54	WGN39	12.6849996674433	0.863037409435937	1125	10.991655626905	14.3783437079816
55	WGN39	11.5677643628299	0.863037409435924	1125	9.87442032229158	13.2611084033682
56	WGN39	12.2670146494864	0.863037409435935	1125	10.5736706089481	13.9603586900248
57	WGN39	12.3825592875933	0.863037409435923	1125	10.6892152470549	14.0759033281316
58	WGN39	11.0651811626882	0.863037409435932	1125	9.37183712214992	12.7585252032266
59	WGN39	10.8118086036807	0.863037409435927	1125	9.11846456314234	12.505152644219
60	WGN39	10.2222583088073	0.863037409435915	1125	8.52891426826896	11.9156023493455
61	WGN39	11.1946398264455	0.863037409435931	1125	9.50129578590719	12.8879838669838
62	WGN39	10.6368092477477	0.863037409435929	1125	8.94346520720941	12.3301532882861
63	WGN39	8.6961524227065	0.863037409435928	1125	7.00280838216819	10.3894964632448
64	WGN39	10.700029812776	0.863037409435922	1125	9.00668577223772	12.3933738533143
65	WGN39	11.7410861722912	0.863037409435926	1125	10.0477421317529	13.4344302128295
66	WGN39	6.10327780786673	0.863037409435929	1125	4.4099337673284	7.79662184840505
67	WGN39	11.6644140029688	0.863037409435922	1125	9.97106996243048	13.3577580435071
68	WGN39	11.3034617832498	1.22079016479837	1125	8.90818004029472	13.6987435262049
69	WGN39	9.94364659380611	0.863037409435922	1125	8.2503025532678	11.6369906343444
70	WGN39	10.587553014971	1.22079016479838	1125	8.19227127201591	12.9828347579261
71	WGN39	11.9370414004976	0.863037409435934	1125	10.2436973599593	13.630385441036
72	WGN39	11.7526156834206	0.863037409435914	1125	10.0592716428823	13.4459597239589
73	WGN39	11.7046999107195	0.863037409435922	1125	10.0113558701812	13.3980439512578
74	WGN39	11.8531007051821	0.863037409435916	1125	10.1597566646438	13.5464447457204
75	WGN39	9.24037034920385	0.863037409435919	1125	7.54702630866555	10.9337143897422
76	WGN39	12.3682598509376	0.863037409435926	1125	10.6749158103993	14.0616038914759
77	WGN39	9.85889894354058	0.863037409435924	1125	8.16555490300227	11.5522429840789
78	WGN39	11.7376891956998	0.86303740943593	1125	10.0443451551615	13.4310332362381
79	WGN39	11.7836396557938	0.863037409435923	1125	10.0902956152555	13.4769836963321
80	WGN39	8.83103489854016	0.863037409435921	1125	7.13769085800186	10.5243789390785
81	WGN39	8.99725442234237	0.863037409435928	1125	7.30391038180406	10.6905984628807
82	WGN39	11.3091038490763	0.863037409435926	1125	9.61575980853794	13.0024478896146
83	WGN39	12.6956483156434	0.863037409435923	1125	11.0023042751051	14.3889923561817
84	WGN39	9.92649201231733	0.863037409435919	1125	8.23314797177903	11.6198360528556
85	WGN39	11.8294414381923	0.863037409435925	1125	10.136097397654	13.5227854787306
86	WGN39	11.6189500386221	0.86303740943593	1125	9.9256059980838	13.3122940791604
87	WGN39	12.366913543613	0.863037409435928	1125	10.6735695030747	14.0602575841513
88	WGN39	10.7253503386823	1.22079016479837	1125	8.33006859572725	13.1206320816374
89	WGN39	10.5105793424098	0.863037409435927	1125	8.81723530187152	12.2039233829482
90	WGN39	13.1646962850465	0.863037409435925	1125	11.4713522445082	14.8580403255848
91	WGN39	6.36396103067884	0.863037409435922	1125	4.67061699014053	8.05730507121715
92	WGN39	12.6990305557972	0.863037409435928	1125	11.0056865152589	14.3923745963355
93	WGN39	8.40067591527599	0.863037409435928	1125	6.70733187473767	10.0940199558143
94	WGN39	8.39383901945743	0.863037409435924	1125	6.70049497891912	10.0871830599957
95	WGN39	13.1864909185668	0.863037409435928	1125	11.4931468780285	14.8798349591051
96	WGN39	11.1746082105313	0.863037409435927	1125	9.48126416999295	12.8679522510696
97	WGN39	11.5551146025579	0.863037409435924	1125	9.86177056201962	13.2484586430962
98	WGN39	12.4405543632106	0.863037409435928	1125	10.7472103226723	14.133898403749
99	WGN39	10.7227615711297	0.863037409435927	1125	9.02941753059136	12.416105611668
100	WGN39	10.9905255656456	0.863037409435923	1125	9.29718152510731	12.6838696061839
101	WGN39	10.8308662574988	0.863037409435927	1125	9.13752221696052	12.5242102980372
102	WGN39	10.0523184072051	0.863037409435924	1125	8.35897436666681	11.7456624477434
104	WGN39	10.5355468629798	0.863037409435923	1125	8.84220282244152	12.2288909035181
105	WGN39	9.1328709991921	0.863037409435926	1125	7.43952695865379	10.8262150397304
106	WGN39	11.5632862258713	0.863037409435923	1125	9.86994218533302	13.2566302664096
107	WGN39	11.1064652939197	0.863037409435926	1125	9.4131212533814	12.799809334458
108	WGN39	10.5825833668663	0.863037409435924	1125	8.88923932632799	12.2759274074046
109	WGN39	10.582055901837	0.863037409435924	1125	8.88871186129865	12.2753999423753
110	WGN39	9.84872695387207	0.863037409435924	1125	8.15538291333376	11.5420709944104
111	WGN39	8.57316450617996	0.863037409435925	1125	6.87982046564164	10.2665085467183
112	WGN39	10.6044793359025	0.863037409435924	1125	8.91113529536418	12.2978233764408
113	WGN39	13.3460810525633	0.863037409435924	1125	11.652737012025	15.0394250931016
114	WGN39	12.0691179668747	0.863037409435925	1125	10.3757739263363	13.762462007413
115	WGN39	11.9350967557256	0.863037409435926	1125	10.2417527151873	13.6284407962639
116	WGN39	11.6404269141563	0.863037409435926	1125	9.94708287361799	13.3337709546946
117	WGN39	11.4441888541033	0.863037409435925	1125	9.75084481356501	13.1375328946416
118	WGN39	12.6971408079596	0.863037409435926	1125	11.0037967674213	14.3904848484979
120	WGN39	10.3371675883797	0.863037409435925	1125	8.6438235478414	12.030511628918
121	WGN39	10.4269730433574	0.863037409435926	1125	8.73362900281906	12.1203170838957
122	WGN39	12.2277052889953	0.863037409435925	1125	10.534361248457	13.9210493295336
123	WGN39	11.0664607973576	0.863037409435925	1125	9.3731167568193	12.7598048378959
124	WGN39	10.819008429084	0.863037409435923	1125	9.12566438854571	12.5123524696223
125	WGN39	11.6912426215968	0.863037409435927	1125	9.99789858105852	13.3845866621351
126	WGN39	8.20697856955172	0.863037409435925	1125	6.5136345290134	9.90032261009003
127	WGN39	10.1748067358526	0.863037409435926	1125	8.48146269531424	11.8681507763909
128	WGN39	11.3402552864288	0.863037409435927	1125	9.64691124589045	13.0335993269671
129	WGN39	11.6150418933987	0.863037409435925	1125	9.92169785286043	13.3083859339371
130	WGN39	12.4482796772946	0.863037409435926	1125	10.7549356367563	14.1416237178329
1	WGN45	9.18557644024854	0.863037409435914	1125	7.49223239971024	10.8789204807868
2	WGN45	10.2648203746731	0.863037409435938	1125	8.57147633413477	11.9581644152114
3	WGN45	2.30277563773177	0.86303740943593	1125	0.609431597193451	3.99611967827009
4	WGN45	9.94669937100903	0.863037409435925	1125	8.25335533047072	11.6400434115473
5	WGN45	9.53708669894881	0.863037409435924	1125	7.84374265841049	11.2304307394871
6	WGN45	10.7004417733974	0.863037409435927	1125	9.00709773285908	12.3937858139357
7	WGN45	8.91450176643258	0.863037409435927	1125	7.22115772589426	10.6078458069709
8	WGN45	8.74341649025252	0.863037409435923	1125	7.05007244971421	10.4367605307908
9	WGN45	9.5128220893409	0.863037409435936	1125	7.81947804880256	11.2061661298792
10	WGN45	8.89032534311525	0.863037409435921	1125	7.19698130257695	10.5836693836536
11	WGN45	9.83823083031684	0.863037409435928	1125	8.14488678977852	11.5315748708552
12	WGN45	11.0983469713987	0.863037409435922	1125	9.40500293086041	12.791691011937
13	WGN45	9.92468465383886	0.863037409435915	1125	8.23134061330056	11.6180286943772
14	WGN45	9.35410528636775	0.863037409435915	1125	7.66076124582945	11.047449326906
15	WGN45	5.70632638647244	1.22079016479839	1125	3.31104464351735	8.10160812942754
16	WGN45	9.51489994675661	0.863037409435932	1125	7.82155590621829	11.2082439872949
17	WGN45	6.68143620978933	0.863037409435917	1125	4.98809216925103	8.37478025032763
18	WGN45	5.97733705699674	0.863037409435933	1125	4.28399301645841	7.67068109753507
19	WGN45	7.70207414695807	0.863037409435944	1125	6.00873010641972	9.39541818749642
20	WGN45	10.9939812521675	0.863037409435929	1125	9.30063721162915	12.6873252927058
22	WGN45	7.38171233141407	0.863037409435931	1125	5.68836829087575	9.0750563719524
23	WGN45	7.71883403860305	0.863037409435917	1125	6.02548999806475	9.41217807914134
24	WGN45	6.8182035813874	0.863037409435917	1125	5.1248595408491	8.5115476219257
25	WGN45	4.44219457659267	0.863037409435919	1125	2.74885053605437	6.13553861713097
26	WGN45	6.03797494662175	0.863037409435925	1125	4.34463090608344	7.73131898716006
28	WGN45	6.10714638689704	0.863037409435933	1125	4.41380234635871	7.80049042743536
29	WGN45	2.12132034355951	0.863037409435927	1125	0.427976303021193	3.81466438409783
30	WGN45	1.64331437379376	1.22079016479839	1125	-0.751967369161343	4.03859611674887
31	WGN45	8.53667287275173	0.863037409435932	1125	6.8433288322134	10.2300169132901
32	WGN45	9.33095189484521	0.863037409435919	1125	7.63760785430691	11.0242959353835
33	WGN45	8.48275557485377	0.863037409435925	1125	6.78941153431546	10.1760996153921
34	WGN45	7.83433377271009	0.86303740943592	1125	6.14098973217179	9.5276778132484
35	WGN45	8.59554059777669	0.863037409435917	1125	6.90219655723839	10.288884638315
36	WGN45	7.64678222472719	0.863037409435922	1125	5.95343818418889	9.3401262652655
37	WGN45	11.4240804738728	0.863037409435929	1125	9.73073643333449	13.1174245144111
38	WGN45	4.99999999999988	0.863037409435927	1125	3.30665595946156	6.69334404053819
40	WGN45	7.765264248659	0.863037409435917	1125	6.07192020812071	9.4586082891973
41	WGN45	11.0438763257609	0.863037409435923	1125	9.35053228522263	12.7372203662992
42	WGN45	8.11257474659296	0.86303740943593	1125	6.41923070605464	9.80591878713128
43	WGN45	6.43912378955448	0.863037409435929	1125	4.74577974901616	8.1324678300928
44	WGN45	9.31708646966531	0.863037409435929	1125	7.62374242912699	11.0104305102036
45	WGN45	8.06130335253304	0.86303740943592	1125	6.36795931199473	9.75464739307134
46	WGN45	7.66757047778189	0.863037409435919	1125	5.97422643724359	9.36091451832019
47	WGN45	4.22910081142086	1.22079016479837	1125	1.83381906846579	6.62438255437592
48	WGN45	4.58224298416827	0.863037409435919	1125	2.88889894362997	6.27558702470658
49	WGN45	7.74589652802882	0.863037409435916	1125	6.05255248749053	9.43924056856712
50	WGN45	5.76825031026369	0.863037409435926	1125	4.07490626972537	7.461594350802
52	WGN45	7.24494882844611	0.863037409435924	1125	5.5516047879078	8.93829286898442
53	WGN45	10.4063274311331	0.863037409435913	1125	8.7129833905948	12.0996714716714
54	WGN45	10.4083269131959	0.863037409435922	1125	8.71498287265758	12.1016709537342
55	WGN45	9.4333855336291	0.863037409435918	1125	7.74004149309081	11.1267295741674
56	WGN45	10.8729173418899	0.863037409435918	1125	9.17957330135158	12.5662613824282
57	WGN45	8.88534380849426	0.863037409435925	1125	7.19199976795595	10.5786878490326
58	WGN45	8.24621125123523	0.86303740943593	1125	6.5528672106969	9.93955529177355
59	WGN45	8.01365925943263	0.863037409435923	1125	6.32031521889432	9.70700329997094
60	WGN45	5.2481247636306	1.22079016479839	1125	2.85284302067551	7.6434065065857
61	WGN45	11.1332644031181	0.86303740943593	1125	9.43992036257975	12.8266084436564
62	WGN45	8.20809924354774	0.863037409435926	1125	6.51475520300942	9.90144328408605
64	WGN45	8.41172646538315	0.863037409435919	1125	6.71838242484485	10.1050705059215
65	WGN45	9.52493781056038	0.863037409435925	1125	7.83159377002206	11.2182818510987
66	WGN45	10.0565832888186	0.863037409435926	1125	8.3632392482803	11.7499273293569
67	WGN45	10.0779586132168	1.22079016479837	1125	7.68267687026172	12.4732403561719
68	WGN45	9.93714382048356	0.863037409435922	1125	8.24379977994526	11.6304878610219
69	WGN45	10.4349784063614	0.86303740943593	1125	8.74163436582308	12.1283224468997
70	WGN45	8.77089918857899	1.22079016479838	1125	6.37561744562391	11.1661809315341
71	WGN45	6.78930508856945	0.863037409435922	1125	5.09596104803114	8.48264912910775
72	WGN45	10.6869318627069	0.863037409435925	1125	8.99358782216862	12.3802759032452
73	WGN45	6.09545450891576	1.22079016479838	1125	3.70017276596068	8.49073625187085
74	WGN45	9.16368952654432	0.863037409435925	1125	7.47034548600601	10.8570335670826
75	WGN45	10.3150729063672	0.863037409435919	1125	8.62172886582892	12.0084169469055
76	WGN45	10.4580793823769	0.863037409435922	1125	8.76473534183863	12.1514234229152
77	WGN45	4.2160365732985	0.863037409435932	1125	2.52269253276018	5.90938061383683
78	WGN45	4.96333165318521	0.863037409435928	1125	3.26998761264689	6.65667569372353
80	WGN45	10.2699057236362	0.863037409435923	1125	8.57656168309792	11.9632497641745
81	WGN45	7.05828217712927	0.863037409435921	1125	5.36493813659097	8.75162621766758
82	WGN45	7.56201920231794	0.863037409435913	1125	5.86867516177965	9.25536324285623
84	WGN45	7.3023895515218	0.863037409435929	1125	5.60904551098348	8.99573359206012
85	WGN45	7.83315693687759	1.22079016479838	1125	5.43787519392251	10.2284386798327
86	WGN45	10.3811377139059	0.863037409435923	1125	8.68779367336756	12.0744817544442
87	WGN45	4.88181928856435	0.863037409435919	1125	3.18847524802605	6.57516332910265
88	WGN45	7.68884583739168	0.863037409435923	1125	5.99550179685338	9.38218987792999
89	WGN45	8.38468944628173	0.86303740943592	1125	6.69134540574343	10.07803348682
90	WGN45	8.84372769128239	0.863037409435921	1125	7.15038365074408	10.5370717318207
92	WGN45	8.05593537780411	0.863037409435918	1125	6.36259133726581	9.74927941834241
93	WGN45	6.83059824274692	0.863037409435928	1125	5.1372542022086	8.52394228328524
94	WGN45	7.54954393970582	0.86303740943592	1125	5.85619989916752	9.24288798024412
95	WGN45	7.34775366450459	0.863037409435923	1125	5.65440962396628	9.0410977050429
96	WGN45	5.69258240356715	0.863037409435925	1125	3.99923836302884	7.38592644410547
98	WGN45	9.59109634766881	0.863037409435925	1125	7.8977523071305	11.2844403882071
99	WGN45	4.70123676642043	1.22079016479837	1125	2.30595502346537	7.09651850937549
100	WGN45	8.09314807646717	0.863037409435921	1125	6.39980403592887	9.78649211700548
101	WGN45	8.81630682401311	0.863037409435922	1125	7.12296278347481	10.5096508645514
102	WGN45	11.0394162515113	0.863037409435923	1125	9.34607221097294	12.7327602920496
103	WGN45	9.72077355964523	1.22079016479837	1125	7.32549181669016	12.1160553026003
104	WGN45	7.71028435337075	0.863037409435919	1125	6.01694031283245	9.40362839390905
105	WGN45	9.13451296848113	0.863037409435922	1125	7.44116892794283	10.8278570090194
106	WGN45	9.33853912601556	0.863037409435922	1125	7.64519508547726	11.0318831665539
107	WGN45	8.22846673045674	0.863037409435924	1125	6.53512268991843	9.92181077099505
108	WGN45	9.88959521645041	0.863037409435922	1125	8.1962511759121	11.5829392569887
109	WGN45	10.4223248360528	0.863037409435927	1125	8.72898079551444	12.1156688765911
110	WGN45	9.88959521645042	0.863037409435924	1125	8.19625117591211	11.5829392569887
111	WGN45	9.3495179495651	0.863037409435922	1125	7.65617390902679	11.0428619901034
112	WGN45	4.84079760427421	0.863037409435925	1125	3.1474535637359	6.53414164481253
113	WGN45	3.37645046404301	1.22079016479838	1125	0.981168721087938	5.77173220699809
114	WGN45	9.02208511118392	0.863037409435923	1125	7.32874107064561	10.7154291517222
115	WGN45	9.39425220133248	1.22079016479838	1125	6.9989704583774	11.7895339442876
116	WGN45	12.4096082374208	0.863037409435923	1125	10.7162641968825	14.1029522779591
117	WGN45	2.64575131106452	0.863037409435923	1125	0.952407270526213	4.33909535160283
118	WGN45	8.53572467433886	1.22079016479838	1125	6.14044293138379	10.9310064172939
119	WGN45	8.07387384378411	0.863037409435926	1125	6.38052980324579	9.76721788432242
120	WGN45	8.14005494464017	0.863037409435924	1125	6.44671090410186	9.83339898517848
121	WGN45	8.76829167616023	0.863037409435923	1125	7.07494763562193	10.4616357166985
122	WGN45	9.86245597621765	0.863037409435925	1125	8.16911193567933	11.555800016756
123	WGN45	9.05229141702531	0.863037409435924	1125	7.358947376487	10.7456354575636
124	WGN45	10.5265882032165	0.863037409435924	1125	8.8332441626782	12.2199322437548
126	WGN45	8.62544788645853	0.863037409435924	1125	6.93210384592022	10.3187919269968
127	WGN45	9.50262975460172	0.863037409435924	1125	7.80928571406341	11.19597379514
128	WGN45	8.13801357185406	0.863037409435924	1125	6.44466953131575	9.83135761239237
129	WGN45	6.81629848278439	0.863037409435924	1125	5.12295444224608	8.5096425233227
130	WGN45	9.28448594955821	1.22079016479838	1125	6.88920420660314	11.6797676925133
1	WGN46	8.48200456915784	0.863037409435939	1125	6.7886605286195	10.1753486096962
2	WGN46	8.84792053174039	0.863037409435925	1125	7.15457649120208	10.5412645722787
3	WGN46	9.93258064492861	0.863037409435917	1125	8.23923660439031	11.6259246854669
4	WGN46	9.66535294535639	0.86303740943592	1125	7.97200890481808	11.3586969858947
6	WGN46	7.44020336234879	1.22079016479838	1125	5.04492161939371	9.83548510530387
7	WGN46	9.87367006223526	0.863037409435934	1125	8.18032602169693	11.5670141027736
8	WGN46	9.46625890341178	1.22079016479838	1125	7.0709771604567	11.8615406463669
9	WGN46	9.80884946414201	0.863037409435934	1125	8.11550542360368	11.5021935046803
10	WGN46	9.34533085020188	0.863037409435926	1125	7.65198680966357	11.0386748907402
11	WGN46	10.3787849582159	0.863037409435933	1125	8.68544091767753	12.0721289987542
12	WGN46	9.29127300976854	0.86303740943593	1125	7.59792896923021	10.9846170503069
13	WGN46	9.45863462824423	0.863037409435928	1125	7.76529058770591	11.1519786687825
14	WGN46	6.59010496036878	0.863037409435918	1125	4.89676091983048	8.28344900090708
15	WGN46	10.4628879768608	0.863037409435926	1125	8.76954393632244	12.1562320173991
16	WGN46	11.4856270043397	0.863037409435933	1125	9.7922829638014	13.1789710448781
17	WGN46	11.2496902660355	0.863037409435915	1125	9.55634622549719	12.9430343065738
18	WGN46	9.66828837770605	0.86303740943592	1125	7.97494433716774	11.3616324182443
19	WGN46	9.38417900806531	0.863037409435928	1125	7.69083496752699	11.0775230486036
20	WGN46	9.33953439056508	1.22079016479837	1125	6.94425264761001	11.7348161335201
21	WGN46	11.0846076875638	1.22079016479838	1125	8.68932594460873	13.4798894305189
22	WGN46	9.52493781056034	0.863037409435927	1125	7.83159377002202	11.2182818510987
23	WGN46	11.2898308997426	0.863037409435917	1125	9.59648685920431	12.9831749402809
24	WGN46	10.2427640619594	0.863037409435924	1125	8.54942002142106	11.9361081024977
25	WGN46	13.8373971655884	0.863037409435916	1125	12.1440531250502	15.5307412061267
26	WGN46	10.2217926855752	0.863037409435918	1125	8.52844864503691	11.9151367261135
27	WGN46	12.6387744574116	1.22079016479837	1125	10.2434927144566	15.0340562003667
28	WGN46	9.8775991050727	0.863037409435919	1125	8.18425506453439	11.570943145611
29	WGN46	11.3115495505399	0.863037409435912	1125	9.61820551000162	13.0048935910782
30	WGN46	9.63680924774779	0.863037409435934	1125	7.94346520720946	11.3301532882861
31	WGN46	8.71609908131649	0.863037409435933	1125	7.02275504077817	10.4094431218548
32	WGN46	10.7934917203305	0.863037409435937	1125	9.10014767979212	12.4868357608688
33	WGN46	7.87755314812265	0.863037409435925	1125	6.18420910758434	9.57089718866096
34	WGN46	12.30200117084	0.863037409435933	1125	10.6086571303017	13.9953452113783
36	WGN46	8.89280163270231	0.863037409435917	1125	7.19945759216401	10.5861456732406
37	WGN46	11.2022318847572	0.863037409435932	1125	9.50888784421886	12.8955759252955
38	WGN46	8.79012117920681	0.863037409435934	1125	7.09677713866848	10.4834652197451
39	WGN46	8.65852112028312	0.863037409435923	1125	6.96517707974481	10.3518651608214
40	WGN46	8.13801357185405	0.863037409435924	1125	6.44466953131574	9.83135761239236
41	WGN46	9.74463319261771	0.863037409435921	1125	8.05128915207941	11.437977233156
42	WGN46	8.7956505815439	0.863037409435916	1125	7.1023065410056	10.4889946220822
43	WGN46	8.96485216006561	0.863037409435934	1125	7.27150811952728	10.6581962006039
44	WGN46	10.1484131935401	0.863037409435923	1125	8.45506915300184	11.8417572340785
45	WGN46	9.93446000067408	0.863037409435921	1125	8.24111596013577	11.6278040412124
46	WGN46	10.2532156260965	0.863037409435927	1125	8.55987158555817	11.9465596666348
47	WGN46	10.5523055182047	0.863037409435925	1125	8.85896147766635	12.245649558743
48	WGN46	9.20014211908755	0.863037409435927	1125	7.50679807854924	10.8934861596259
49	WGN46	8.70809924354773	0.863037409435927	1125	7.01475520300942	10.401443284086
50	WGN46	9.60977222864636	0.863037409435921	1125	7.91642818810806	11.3031162691847
52	WGN46	9.87157784967741	0.863037409435928	1125	8.17823380913909	11.5649218902157
53	WGN46	9.96584842979128	0.863037409435931	1125	8.27250438925296	11.6591924703296
54	WGN46	10.7825289052857	0.863037409435927	1125	9.08918486474738	12.475872945824
55	WGN46	11.1378129260565	1.22079016479837	1125	8.74253118310141	13.5330946690116
56	WGN46	11.9782576095906	0.863037409435922	1125	10.2849135690522	13.6716016501289
57	WGN46	8.59524158061713	0.86303740943592	1125	6.90189754007883	10.2885856211554
58	WGN46	8.8545775676145	0.863037409435926	1125	7.16123352707619	10.5479216081528
59	WGN46	11.1981701395039	0.86303740943592	1125	9.50482609896561	12.8915141800422
60	WGN46	7.80998728321321	0.863037409435929	1125	6.1166432426749	9.50333132375153
61	WGN46	11.6590647694021	0.863037409435925	1125	9.96572072886377	13.3524088099404
62	WGN46	8.77033325618788	0.863037409435925	1125	7.07698921564957	10.4636772967262
63	WGN46	9.77210875831426	0.863037409435925	1125	8.07876471777595	11.4654527988526
64	WGN46	8.4999999999999	0.863037409435921	1125	6.80665595946159	10.1933440405382
65	WGN46	7.73610348779643	0.863037409435921	1125	6.04275944725813	9.42944752833474
66	WGN46	10.5825833668663	0.863037409435924	1125	8.88923932632799	12.2759274074046
67	WGN46	11.6370959897066	0.86303740943592	1125	9.94375194916831	13.3304400302449
68	WGN46	11.2548027466924	0.863037409435927	1125	9.56145870615412	12.9481467872308
69	WGN46	9.50875171421267	0.86303740943592	1125	7.81540767367437	11.202095754751
70	WGN46	10.5803671295902	0.863037409435927	1125	8.88702308905187	12.2737111701285
71	WGN46	7.95810918348099	0.863037409435927	1125	6.26476514294268	9.65145322401931
72	WGN46	8.82521638207501	0.863037409435928	1125	7.1318723415367	10.5185604226133
73	WGN46	8.99650279802204	0.863037409435924	1125	7.30315875748373	10.6898468385603
74	WGN46	10.8592669849591	0.863037409435924	1125	9.1659229444208	12.5526110254974
75	WGN46	9.21171195647651	0.863037409435923	1125	7.5183679159382	10.9050559970148
76	WGN46	10.6766674292636	0.863037409435926	1125	8.98332338872526	12.3700114698019
78	WGN46	8.6585211202831	0.863037409435925	1125	6.96517707974479	10.3518651608214
79	WGN46	8.974937185533	0.863037409435927	1125	7.28159314499468	10.6682812260713
80	WGN46	11.1552331828134	0.863037409435925	1125	9.46188914227512	12.8485772233517
81	WGN46	12.2923758865053	0.863037409435928	1125	10.5990318459669	13.9857199270436
82	WGN46	8.4753120626561	1.22079016479837	1125	6.08003031970103	10.8705938056112
83	WGN46	9.1728580947986	0.863037409435931	1125	7.47951405426027	10.8662021353369
84	WGN46	9.75136921227868	0.863037409435924	1125	8.05802517174037	11.444713252817
85	WGN46	10.2699057236362	0.863037409435922	1125	8.57656168309789	11.9632497641745
86	WGN46	10.2201532544551	0.863037409435921	1125	8.52680921391684	11.9134972949934
87	WGN46	10.5097177178752	0.863037409435928	1125	8.8163736773369	12.2030617584135
88	WGN46	8.36465037399809	0.863037409435931	1125	6.67130633345976	10.0579944145364
89	WGN46	8.84202413900127	0.863037409435926	1125	7.14868009846296	10.5353681795396
90	WGN46	10.3861686844173	0.863037409435922	1125	8.69282464387901	12.0795127249556
91	WGN46	11.1362330375548	0.863037409435922	1125	9.44288899701646	12.8295770780931
92	WGN46	7.3964542667973	0.863037409435926	1125	5.70311022625899	9.08979830733561
93	WGN46	8.48507675924684	0.863037409435927	1125	6.79173271870853	10.1784207997852
94	WGN46	12.2686591498029	0.863037409435927	1125	10.5753151092646	13.9620031903412
95	WGN46	9.82314464071021	0.863037409435923	1125	8.1298006001719	11.5164886812485
96	WGN46	10.6534052695109	0.863037409435925	1125	8.96006122897257	12.3467493100492
98	WGN46	8.96485216006561	0.863037409435924	1125	7.2715081195273	10.6581962006039
100	WGN46	8.37322445562164	1.22079016479837	1125	5.97794271266657	10.7685061985767
101	WGN46	6.14807643836712	0.863037409435924	1125	4.45473239782881	7.84142047890543
102	WGN46	10.5874232656939	0.863037409435924	1125	8.89407922515559	12.2807673062322
103	WGN46	10.00222865256	0.863037409435925	1125	8.30888461202164	11.6955726930983
104	WGN46	8.041381265149	0.863037409435924	1125	6.34803722461069	9.73472530568731
106	WGN46	9.75441955917948	0.863037409435927	1125	8.06107551864117	11.4477635997178
107	WGN46	10.9719271558596	0.863037409435924	1125	9.27858311532129	12.6652711963979
108	WGN46	9.97241668599716	0.863037409435923	1125	8.27907264545885	11.6657607265355
109	WGN46	11.4729132323973	0.863037409435926	1125	9.77956919185898	13.1662572729356
110	WGN46	10.4620145089953	0.863037409435925	1125	8.76867046845704	12.1553585495337
111	WGN46	12.4498348213937	0.863037409435925	1125	10.7564907808554	14.143178861932
112	WGN46	11.0661040803923	0.863037409435924	1125	9.37276003985401	12.7594481209306
113	WGN46	12.7553451556918	0.863037409435924	1125	11.0620011151535	14.4486891962301
114	WGN46	7.83669653945396	0.863037409435924	1125	6.14335249891565	9.53004057999227
115	WGN46	10.9275589865281	0.863037409435925	1125	9.23421494598982	12.6209030270664
116	WGN46	11.4791303715506	0.863037409435924	1125	9.78578633101228	13.1724744120889
117	WGN46	9.17894394464267	0.863037409435924	1125	7.48559990410436	10.872287985181
118	WGN46	10.5762450886443	0.863037409435924	1125	8.88290104810602	12.2695891291826
119	WGN46	10.9939812521675	0.863037409435924	1125	9.30063721162918	12.6873252927058
120	WGN46	8.60371807624457	0.863037409435924	1125	6.91037403570626	10.2970621167829
121	WGN46	10.1727528810538	0.863037409435924	1125	8.47940884051553	11.8660969215922
122	WGN46	7.50998119289516	0.863037409435924	1125	5.81663715235685	9.20332523343347
123	WGN46	9.86892699635123	0.863037409435925	1125	8.17558295581292	11.5622710368895
124	WGN46	8.17964462412509	0.863037409435924	1125	6.48630058358678	9.8729886646634
125	WGN46	9.97167487602814	0.863037409435924	1125	8.27833083548983	11.6650189165665
126	WGN46	10.8367708753338	0.863037409435925	1125	9.14342683479547	12.5301149158721
127	WGN46	9.27609981905431	0.863037409435924	1125	7.582755778516	10.9694438595926
128	WGN46	9.34767985741622	0.863037409435925	1125	7.65433581687791	11.0410238979545
129	WGN46	11.2800778684102	0.863037409435925	1125	9.58673382787188	12.9734219089485
130	WGN46	8.43700393700581	0.863037409435925	1125	6.74365989646749	10.1303479775441
1	WGN55	11.6037259218572	0.863037409435912	1125	9.9103818813189	13.2970699623955
2	WGN55	11.2913944259611	0.863037409435932	1125	9.59805038542274	12.9847384664994
3	WGN55	11.9160797830995	0.863037409435924	1125	10.2227357425611	13.6094238236378
4	WGN55	10.1227522560265	0.863037409435924	1125	8.42940821548819	11.8160962965648
5	WGN55	8.24531933498832	0.863037409435914	1125	6.55197529445003	9.93866337552661
6	WGN55	8.91623316365724	0.863037409435929	1125	7.22288912311892	10.6095772041956
7	WGN55	10.1748326957566	0.863037409435927	1125	8.48148865521826	11.8681767362949
8	WGN55	9.26471660233042	0.86303740943593	1125	7.5713725617921	10.9580606428687
9	WGN55	11.4980228644477	0.863037409435932	1125	9.80467882390938	13.191366904986
10	WGN55	10.3400107169277	0.86303740943592	1125	8.6466666763894	12.033354757466
11	WGN55	9.69481100887895	0.863037409435931	1125	8.00146696834063	11.3881550494173
12	WGN55	10.6284801676512	0.863037409435933	1125	8.93513612711283	12.3218242081895
13	WGN55	11.8273251768362	0.86303740943594	1125	10.1339811362978	13.5206692173745
14	WGN55	11.1480141453267	0.863037409435929	1125	9.45467010478837	12.841358185865
15	WGN55	11.1493786998923	0.863037409435921	1125	9.45603465935397	12.8427227404306
16	WGN55	13.6389247395006	0.863037409435932	1125	11.9455806989623	15.3322687800389
17	WGN55	9.51046756354557	0.863037409435918	1125	7.81712352300727	11.2038116040839
18	WGN55	10.0159847777679	0.863037409435927	1125	8.32264073722961	11.7093288183062
19	WGN55	9.82420734635985	0.863037409435915	1125	8.13086330582156	11.5175513868981
20	WGN55	9.13451296848114	0.863037409435925	1125	7.44116892794283	10.8278570090194
21	WGN55	11.2690782895497	0.863037409435925	1125	9.57573424901135	12.962422330088
22	WGN55	9.92468465383885	0.863037409435918	1125	8.23134061330055	11.6180286943771
23	WGN55	9.93151640297065	0.863037409435932	1125	8.23817236243233	11.624860443509
24	WGN55	11.4890428684651	0.863037409435929	1125	9.79569882792679	13.1823869090034
25	WGN55	9.69699674443703	0.863037409435931	1125	8.0036527038987	11.3903407849754
26	WGN55	10.7844122048441	0.863037409435924	1125	9.09106816430583	12.4777562453824
27	WGN55	10.4641974953059	0.863037409435923	1125	8.77085345476761	12.1575415358442
28	WGN55	10.1478150704934	0.863037409435927	1125	8.45447102995507	11.8411591110317
29	WGN55	9.19234792360225	0.863037409435921	1125	7.49900388306395	10.8856919641406
30	WGN55	9.20014211908759	0.863037409435925	1125	7.50679807854927	10.8934861596259
31	WGN55	9.80272894941102	0.863037409435927	1125	8.1093849088727	11.4960729899493
32	WGN55	9.78720886136682	0.86303740943593	1125	8.0938648208285	11.4805529019051
33	WGN55	10.0523184072051	0.863037409435932	1125	8.3589743666668	11.7456624477435
34	WGN55	10.9999999999999	0.863037409435927	1125	9.30665595946157	12.6933440405382
35	WGN55	10.8923777170314	0.863037409435928	1125	9.19903367649311	12.5857217575697
36	WGN55	12.2637650517406	0.86303740943593	1125	10.5704210112023	13.9571090922789
37	WGN55	10.878758075643	0.863037409435922	1125	9.18541403510468	12.5721021161813
38	WGN55	8.79785747669135	0.863037409435924	1125	7.10451343615304	10.4912015172297
40	WGN55	9.3267627946747	0.863037409435919	1125	7.6334187541364	11.020106835213
41	WGN55	10.4580793823769	0.863037409435927	1125	8.7647353418386	12.1514234229152
42	WGN55	10.2945990370013	0.863037409435927	1125	8.60125499646299	11.9879430775396
43	WGN55	9.61484466072141	0.863037409435919	1125	7.92150062018311	11.3081887012597
44	WGN55	10.559117147218	0.863037409435929	1125	8.86577310667964	12.2524611877563
45	WGN55	8.4537802822975	0.863037409435924	1125	6.76043624175919	10.1471243228358
46	WGN55	4.22910081142093	1.22079016479836	1125	1.83381906846588	6.62438255437598
47	WGN55	10.4880884817014	0.863037409435927	1125	8.79474444116313	12.1814325222398
48	WGN55	8.3353170730555	0.863037409435917	1125	6.6419730325172	10.0286611135938
49	WGN55	7.53934118086816	0.863037409435934	1125	5.84599714032983	9.23268522140648
50	WGN55	9.15473046685326	0.863037409435934	1125	7.46138642631493	10.8480745073916
52	WGN55	10.611903627304	0.863037409435918	1125	8.91855958676574	12.3052476678423
53	WGN55	10.8603411595719	0.863037409435927	1125	9.16699711903363	12.5536852001103
54	WGN55	11.5901699437494	0.863037409435928	1125	9.89682590321108	13.2835139842877
55	WGN55	10.6646157262955	0.863037409435915	1125	8.97127168575722	12.3579597668338
56	WGN55	11.5868524463761	0.863037409435924	1125	9.89350840583778	13.2801964869144
57	WGN55	4.2522653805151	0.863037409435924	1125	2.55892133997679	5.94560942105341
58	WGN55	11.2440442408507	0.863037409435918	1125	9.55070020031238	12.937388281389
59	WGN55	8.44950139601398	0.863037409435921	1125	6.75615735547568	10.1428454365523
60	WGN55	9.49215512711394	0.863037409435928	1125	7.79881108657562	11.1854991676523
61	WGN55	9.51020642015221	0.863037409435928	1125	7.81686237961389	11.2035504606905
62	WGN55	10.2184340885413	0.863037409435926	1125	8.52509004800296	11.9117781290796
63	WGN55	9.10629619298727	0.863037409435923	1125	7.41295215244896	10.7996402335256
64	WGN55	8.94269898326808	0.863037409435932	1125	7.24935494272975	10.6360430238064
65	WGN55	11.5018108801443	0.863037409435926	1125	9.80846683960596	13.1951549206826
66	WGN55	11.8659055055422	0.86303740943592	1125	10.1725614650039	13.5592495460805
67	WGN55	9.50271930691651	1.22079016479837	1125	7.10743756396144	11.8980010498716
68	WGN55	9.05268968091161	0.863037409435929	1125	7.35934564037329	10.7460337214499
69	WGN55	7.17220085868549	0.863037409435925	1125	5.47885681814718	8.8655448992238
70	WGN55	12.1498539647371	0.86303740943592	1125	10.4565099241988	13.8431980052754
71	WGN55	7.38486225138672	0.863037409435921	1125	5.69151821084841	9.07820629192502
72	WGN55	10.5792053160935	0.863037409435921	1125	8.88586127555522	12.2725493566318
73	WGN55	9.65423630316488	0.86303740943592	1125	7.96089226262658	11.3475803437032
74	WGN55	10.3327558140939	0.863037409435931	1125	8.6394117735556	12.0260998546322
75	WGN55	9.81601007962105	0.863037409435922	1125	8.12266603908275	11.5093541201594
76	WGN55	11.4613480363042	0.863037409435923	1125	9.76800399576591	13.1546920768425
77	WGN55	7.71241558496866	1.22079016479837	1125	5.3171338420136	10.1076973279237
78	WGN55	10.4565392152887	0.863037409435925	1125	8.76319517475041	12.149883255827
80	WGN55	11.1771176284476	0.863037409435921	1125	9.48377358790928	12.8704616689859
81	WGN55	10.1053191376343	0.863037409435927	1125	8.41197509709596	11.7986631781726
82	WGN55	12.7229762708903	0.863037409435927	1125	11.029632230352	14.4163203114286
83	WGN55	12.1234934148282	0.863037409435922	1125	10.4301493742899	13.8168374553665
84	WGN55	12.1217414721876	0.863037409435927	1125	10.4283974316493	13.8150855127259
85	WGN55	10.9210303799509	0.863037409435927	1125	9.22768633941256	12.6143744204892
86	WGN55	12.3287613021487	0.863037409435925	1125	10.6354172616103	14.022105342687
87	WGN55	10.6492657914459	0.863037409435924	1125	8.95592175090756	12.3426098319842
88	WGN55	9.45360240190191	0.863037409435924	1125	7.7602583613636	11.1469464424402
89	WGN55	10.063658399739	0.863037409435925	1125	8.37031435920068	11.7570024402773
90	WGN55	11.2522439498862	0.863037409435926	1125	9.55889990934788	12.9455879904245
91	WGN55	11.2217882215896	0.863037409435925	1125	9.52844418105128	12.9151322621279
92	WGN55	11.228673665648	0.863037409435925	1125	9.53532962510973	12.9220177061864
93	WGN55	7.31428955881492	0.863037409435925	1125	5.62094551827661	9.00763359935323
94	WGN55	10.8162587046996	0.863037409435928	1125	9.12291466416126	12.5096027452379
95	WGN55	11.3355909602879	0.863037409435923	1125	9.64224691974961	13.0289350008262
96	WGN55	7.9356782943861	0.863037409435924	1125	6.24233425384779	9.62902233492441
97	WGN55	12.2535681841778	0.863037409435922	1125	10.5602241436395	13.9469122247161
98	WGN55	8.45530200532907	0.863037409435926	1125	6.76195796479076	10.1486460458674
99	WGN55	10.5812831503903	0.863037409435925	1125	8.88793910985203	12.2746271909287
100	WGN55	10.1315986544664	0.863037409435927	1125	8.43825461392812	11.8249426950048
101	WGN55	12.8404509775348	0.863037409435923	1125	11.1471069369965	14.5337950180731
102	WGN55	8.47894844786838	0.863037409435926	1125	6.78560440733006	10.1722924884067
103	WGN55	9.47964569047012	0.863037409435924	1125	7.78630164993181	11.1729897310084
104	WGN55	10.6571548767274	0.863037409435923	1125	8.96381083618906	12.3504989172657
105	WGN55	8.73832297368153	0.863037409435924	1125	7.04497893314322	10.4316670142198
106	WGN55	8.71704306668514	0.863037409435926	1125	7.02369902614682	10.4103871072235
107	WGN55	11.3564512410848	0.863037409435925	1125	9.66310720054647	13.0497952816231
108	WGN55	10.5957664456123	0.863037409435925	1125	8.90242240507398	12.2891104861506
109	WGN55	9.5414499994299	0.863037409435926	1125	7.84810595889159	11.2347940399682
110	WGN55	10.4278657320768	0.863037409435926	1125	8.73452169153849	12.1212097726151
111	WGN55	8.51957963196166	0.863037409435925	1125	6.82623559142335	10.2129236725
112	WGN55	10.4724279768994	0.863037409435926	1125	8.77908393636106	12.1657720174377
113	WGN55	10.3760535259818	0.863037409435925	1125	8.68270948544344	12.0693975665201
114	WGN55	9.24468313509694	0.863037409435923	1125	7.55133909455863	10.9380271756353
115	WGN55	11.3677685978086	0.863037409435924	1125	9.6744245572703	13.0611126383469
116	WGN55	10.4641974953059	0.863037409435925	1125	8.77085345476763	12.1575415358443
117	WGN55	9.75461591135005	0.863037409435926	1125	8.06127187081174	11.4479599518884
118	WGN55	8.81475845512209	0.863037409435925	1125	7.12141441458378	10.5081024956604
119	WGN55	11.5318290203409	0.863037409435925	1125	9.83848497980258	13.2251730608792
120	WGN55	10.6214056568341	1.22079016479837	1125	8.22612391387899	13.0166873997891
121	WGN55	11.0871156370514	0.863037409435925	1125	9.39377159651311	12.7804596775897
122	WGN55	10.7687281971808	0.863037409435925	1125	9.07538415664244	12.4620722377191
123	WGN55	10.6300417481447	0.863037409435925	1125	8.93669770760644	12.3233857886831
124	WGN55	11.0963941962105	0.863037409435925	1125	9.40305015567217	12.7897382367488
125	WGN55	9.12824911699205	0.863037409435925	1125	7.43490507645373	10.8215931575304
126	WGN55	10.7699293716157	0.863037409435925	1125	9.07658533107736	12.463273412154
128	WGN55	9.39897948556627	0.863037409435925	1125	7.70563544502796	11.0923235261046
129	WGN55	7.11135182300876	0.863037409435925	1125	5.41800778247045	8.80469586354708
130	WGN55	7.15831239517762	0.863037409435925	1125	5.46496835463931	8.85165643571593
1	WGN63	11.5207077430432	0.863037409435917	1125	9.82736370250494	13.2140517835815
2	WGN63	10.9315816323695	0.86303740943592	1125	9.23823759183117	12.6249256729078
3	WGN63	11.3150729063673	0.863037409435931	1125	9.62172886582893	13.0084169469056
4	WGN63	12.0621778264911	0.863037409435923	1125	10.3688337859528	13.7555218670294
5	WGN63	12.2200795306983	0.863037409435926	1125	10.52673549016	13.9134235712366
6	WGN63	10.4792938678782	0.863037409435929	1125	8.78594982733991	12.1726379084165
7	WGN63	11.6402684067549	0.86303740943593	1125	9.94692436621654	13.3336124472932
8	WGN63	11.8949300502087	0.86303740943593	1125	10.2015860096703	13.588274090747
9	WGN63	10.3918593113442	0.863037409435925	1125	8.69851527080589	12.0852033518825
10	WGN63	10.9966164821741	0.863037409435932	1125	9.30327244163577	12.6899605227124
12	WGN63	12.0529004944659	0.863037409435925	1125	10.3595564539276	13.7462445350042
13	WGN63	10.7278836509912	0.863037409435924	1125	9.03453961045285	12.4212276915295
14	WGN63	11.6182327087734	0.863037409435925	1125	9.92488866823504	13.3115767493117
16	WGN63	9.59109634766884	0.863037409435932	1125	7.89775230713051	11.2844403882072
17	WGN63	11.3523499553598	0.863037409435925	1125	9.65900591482145	13.0456939958981
18	WGN63	11.111939409844	0.863037409435918	1125	9.41859536930568	12.8052834503823
19	WGN63	12.5840185062747	0.86303740943593	1125	10.8906744657363	14.277362546813
20	WGN63	11.4521875349962	0.863037409435928	1125	9.75884349445789	13.1455315755345
21	WGN63	11.4201143181898	0.863037409435929	1125	9.72677027765147	13.1134583587281
22	WGN63	8.87676441313255	0.863037409435922	1125	7.18342037259425	10.5701084536709
23	WGN63	12.6651296197121	0.863037409435927	1125	10.9717855791738	14.3584736602504
24	WGN63	10.7068670506037	0.863037409435927	1125	9.01352301006535	12.400211091142
25	WGN63	8.84067690036668	0.863037409435926	1125	7.14733285982837	10.534020940905
26	WGN63	11.285567227648	0.863037409435929	1125	9.59222318710969	12.9789112681863
27	WGN63	11.4017542509913	0.863037409435927	1125	9.70841021045302	13.0950982915297
28	WGN63	12.6824512790332	0.863037409435927	1125	10.9891072384949	14.3757953195715
29	WGN63	10.2761814378143	0.863037409435929	1125	8.58283739727597	11.9695254783526
30	WGN63	9.91056901427866	0.863037409435927	1125	8.21722497374034	11.603913054817
31	WGN63	10.2263834334845	0.863037409435924	1125	8.53303939294618	11.9197274740228
32	WGN63	11.9010764571371	0.863037409435926	1125	10.2077324165988	13.5944204976755
33	WGN63	11.4826419897379	0.863037409435932	1125	9.78929794919954	13.1759860302762
34	WGN63	11.5231975644421	0.863037409435925	1125	9.8298535239038	13.2165416049804
35	WGN63	10.2664398076622	0.863037409435924	1125	8.57309576712392	11.9597838482005
36	WGN63	11.3385391260156	0.863037409435924	1125	9.6451950854773	13.0318831665539
37	WGN63	11.212209188251	0.863037409435923	1125	9.51886514771266	12.9055532287893
38	WGN63	10.3779923765131	1.22079016479837	1125	7.98271063355801	12.7732741194681
39	WGN63	10.178975182487	1.22079016479838	1125	7.78369343953191	12.5742569254421
40	WGN63	10.2206420653042	0.863037409435926	1125	8.52729802476586	11.9139861058425
41	WGN63	11.0326334264526	0.863037409435925	1125	9.33928938591425	12.7259774669909
42	WGN63	11.2161167019798	0.863037409435922	1125	9.52277266144145	12.9094607425181
43	WGN63	9.40560375195915	0.863037409435919	1125	7.71225971142085	11.0989477924975
44	WGN63	12.02918835449	0.863037409435925	1125	10.3358443139517	13.7225323950283
45	WGN63	11.5415229867972	0.863037409435922	1125	9.84817894625894	13.2348670273356
46	WGN63	11.7361503520593	0.863037409435931	1125	10.042806311521	13.4294943925976
47	WGN63	11.2910470692451	0.863037409435922	1125	9.59770302870682	12.9843911097834
48	WGN63	10.0873341454419	0.863037409435922	1125	8.39399010490356	11.7806781859802
49	WGN63	11.5940252930113	0.863037409435921	1125	9.90068125247299	13.2873693335496
50	WGN63	12.3920243760451	0.863037409435925	1125	10.6986803355067	14.0853684165834
51	WGN63	8.40913989200548	0.863037409435921	1125	6.71579585146717	10.1024839325438
52	WGN63	10.3095937080325	0.863037409435922	1125	8.61624966749421	12.0029377485708
53	WGN63	11.6815772461153	0.86303740943593	1125	9.98823320557695	13.3749212866536
54	WGN63	8.88819441731556	0.863037409435922	1125	7.19485037677725	10.5815384578539
55	WGN63	11.5164524211235	0.863037409435926	1125	9.82310838058519	13.2097964616618
56	WGN63	11.6817336900569	0.863037409435923	1125	9.98838964951861	13.3750777305952
57	WGN63	11.2015888543939	0.863037409435926	1125	9.50824481385554	12.8949328949322
58	WGN63	8.60055708028416	0.863037409435929	1125	6.90721303974584	10.2939011208225
59	WGN63	10.1097722286464	0.863037409435925	1125	8.4164281881081	11.8031162691847
60	WGN63	10.492193263728	0.863037409435922	1125	8.79884922318973	12.1855373042663
61	WGN63	7.89047613311639	0.863037409435922	1125	6.19713209257808	9.58382017365469
62	WGN63	11.6846584384264	0.863037409435928	1125	9.99131439788813	13.3780024789648
63	WGN63	9.91979075367131	1.22079016479837	1125	7.52450901071625	12.3150724966264
64	WGN63	7.91687530129397	0.86303740943593	1125	6.22353126075565	9.61021934183229
65	WGN63	11.2267531908466	0.863037409435927	1125	9.53340915030826	12.9200972313849
66	WGN63	10.1082351331003	0.86303740943593	1125	8.414891092562	11.8015791736386
67	WGN63	8.88438915318536	0.863037409435926	1125	7.19104511264704	10.5777331937237
68	WGN63	11.9493994695334	0.863037409435927	1125	10.2560554289951	13.6427435100717
69	WGN63	6.7130748865881	0.863037409435927	1125	5.01973084604979	8.40641892712642
70	WGN63	10.6646157262955	0.863037409435923	1125	8.97127168575723	12.3579597668338
72	WGN63	12.6824512790332	0.863037409435924	1125	10.9891072384949	14.3757953195715
73	WGN63	10.8012232507168	0.863037409435921	1125	9.10787921017849	12.4945672912551
74	WGN63	9.07285309392344	0.863037409435926	1125	7.37950905338513	10.7661971344618
75	WGN63	10.3376863732435	0.863037409435924	1125	8.64434233270519	12.0310304137818
76	WGN63	9.61681366265701	0.863037409435927	1125	7.92346962211869	11.3101577031953
77	WGN63	9.46040705628082	0.863037409435924	1125	7.76706301574251	11.1537510968191
78	WGN63	10.4119953242459	0.863037409435928	1125	8.71865128370759	12.1053393647842
79	WGN63	10.6124860801609	0.863037409435922	1125	8.91914203962257	12.3058301206992
80	WGN63	12.5080638944011	0.863037409435923	1125	10.8147198538628	14.2014079349394
81	WGN63	10.5778314402976	0.863037409435924	1125	8.8844873997593	12.2711754808359
82	WGN63	10.2217926855753	0.863037409435927	1125	8.52844864503698	11.9151367261136
83	WGN63	10.324905432468	0.863037409435925	1125	8.63156139192964	12.0182494730063
84	WGN63	10.4407241234917	0.863037409435926	1125	8.74738008295338	12.13406816403
85	WGN63	10.3412550913102	0.863037409435926	1125	8.64791105077186	12.0345991318485
86	WGN63	11.2392788080412	0.863037409435922	1125	9.54593476750294	12.9326228485796
87	WGN63	11.0846642185116	0.863037409435921	1125	9.39132017797326	12.7780082590499
88	WGN63	10.1517434034485	0.863037409435922	1125	8.45839936291022	11.8450874439868
89	WGN63	11.0926778558147	0.863037409435924	1125	9.39933381527638	12.786021896353
90	WGN63	11.9764409358916	1.22079016479838	1125	9.5811591929365	14.3717226788467
91	WGN63	7.32234466255437	0.863037409435925	1125	5.62900062201605	9.01568870309268
92	WGN63	9.59901951359275	0.863037409435924	1125	7.90567547305444	11.2923635541311
93	WGN63	10.6275426683067	0.863037409435923	1125	8.9341986277684	12.320886708845
94	WGN63	11.6580387173509	0.863037409435925	1125	9.96469467681261	13.3513827578892
95	WGN63	11.3780883951446	0.863037409435924	1125	9.68474435460625	13.0714324356829
96	WGN63	11.1961524227066	0.863037409435925	1125	9.50280838216828	12.8894964632449
97	WGN63	11.4401813144805	0.863037409435925	1125	9.74683727394216	13.1335253550188
98	WGN63	10.4010450013137	1.22079016479838	1125	8.00576325835865	12.7963267442688
99	WGN63	9.56885815971179	1.22079016479838	1125	7.17357641675672	11.9641399026669
100	WGN63	9.31191109459407	0.863037409435925	1125	7.61856705405576	11.0052551351324
101	WGN63	10.9064279142391	1.22079016479838	1125	8.51114617128404	13.3017096571942
102	WGN63	9.49999999999996	0.863037409435925	1125	7.80665595946165	11.1933440405383
103	WGN63	9.20352419132663	0.863037409435924	1125	7.51018015078832	10.8968682318649
105	WGN63	11.977675591574	0.863037409435926	1125	10.2843315510357	13.6710196321123
106	WGN63	11.2178019325071	0.863037409435925	1125	9.52445789196876	12.9111459730454
107	WGN63	9.59574491733718	0.863037409435925	1125	7.90240087679887	11.2890889578755
109	WGN63	10.383264098729	0.863037409435923	1125	8.68992005819074	12.0766081392674
110	WGN63	10.7171892931224	1.22079016479838	1125	8.32190755016729	13.1124710360774
111	WGN63	8.85295425464571	0.863037409435925	1125	7.1596102141074	10.546298295184
112	WGN63	12.1386521053062	0.863037409435924	1125	10.4453080647678	13.8319961458445
114	WGN63	12.3430914022296	0.863037409435925	1125	10.6497473616913	14.0364354427679
115	WGN63	9.87367006223533	0.863037409435925	1125	8.18032602169701	11.5670141027736
116	WGN63	10.2301522936924	0.863037409435925	1125	8.53680825315411	11.9234963342307
117	WGN63	11.4059620965306	0.863037409435925	1125	9.7126180559923	13.0993061370689
118	WGN63	9.29904861482446	0.863037409435925	1125	7.60570457428614	10.9923926553628
119	WGN63	12.9040130622345	0.863037409435925	1125	11.2106690216962	14.5973571027728
121	WGN63	10.8623903821861	0.863037409435925	1125	9.16904634164781	12.5557344227244
122	WGN63	12.4371710435189	0.863037409435925	1125	10.7438270029806	14.1305150840572
123	WGN63	8.5104710914658	0.863037409435925	1125	6.81712705092749	10.2038151320041
124	WGN63	12.2980372987086	0.863037409435925	1125	10.6046932581703	13.9913813392469
125	WGN63	11.2291008114208	1.22079016479838	1125	8.83381906846577	13.6243825543759
126	WGN63	9.59901951359275	0.863037409435925	1125	7.90567547305443	11.2923635541311
127	WGN63	11.8740434328265	0.863037409435925	1125	10.1806993922881	13.5673874733648
128	WGN63	10.5528915095637	0.863037409435925	1125	8.85954746902535	12.246235550102
129	WGN63	10.5640858220588	0.863037409435925	1125	8.87074178152045	12.2574298625971
130	WGN63	11.2422745087129	0.863037409435925	1125	9.54893046817462	12.9356185492512
