plantID3	famID	response	SE	df	lower.CL	upper.CL
1	WGN07	98.2947157946827	28.147728871147	1087	50.8228742223523	161.282937812375
2	WGN07	81.5055027637663	25.6313652129503	1087	38.9711410672189	139.556244905694
3	WGN07	27.5554417117581	14.9032834670777	1087	6.07117249820752	64.5560913706852
4	WGN07	32.902475842512	16.2851799897166	1087	8.7067200563814	72.6146120740209
5	WGN07	90.1989932772558	26.963677159402	1087	45.050437323677	150.863929676213
6	WGN07	62.1368904229654	22.3796366554376	1087	25.982903940428	113.807257350881
7	WGN07	122.413714733495	31.4118353237233	1087	68.5372106754953	191.806599236875
8	WGN07	74.3107609204157	24.4739533353976	1087	34.0474135245163	130.090488761694
9	WGN07	65.4990457876276	22.9771288669635	1087	28.1726906926561	118.341781327978
10	WGN07	69.6837590019163	23.6997660257484	1087	30.9394822892308	123.94441615998
11	WGN07	41.9761769634025	18.3941496084859	1087	13.6423090179379	85.826425354246
12	WGN07	23.9999999999982	13.9086152746631	1087	4.46741776425166	59.0489626811235
13	WGN07	11.4508771254954	9.60721811428081	1087	0.358276069701432	38.0598586266684
14	WGN07	90.2500000000021	26.9712999408548	1087	45.0864870151142	150.929893430268
15	WGN07	48.7446802489421	19.8217450730202	1087	17.6096576079217	95.3960833353412
16	WGN07	74.7860563750043	24.5520969150642	1087	34.3693796497896	130.719113545598
17	WGN07	54.3608834234578	20.9325205567885	1087	21.046354024841	103.191793267452
18	WGN07	61.5860791445015	22.2802239235979	1087	25.627155232215	113.061383502166
21	WGN07	128.441120881326	32.1758713574181	1087	73.0654644538151	199.333157754214
22	WGN07	63.9374388453422	22.7015698960894	1087	27.1517714482107	116.239486687852
23	WGN07	70.9859126978624	23.920175337546	1087	31.8091601234748	125.679045717628
24	WGN07	45.333179581274	19.1155308784057	1087	15.5838542588967	90.5988853490294
25	WGN07	36.7500000000008	17.2110333108515	1087	10.7375822516253	78.2787981937547
26	WGN07	46.6665117714599	19.3946051873849	1087	16.3696011348767	92.4798028534215
27	WGN07	61.0996231132002	22.1920559732415	1087	25.3136978369237	112.401928834855
28	WGN07	72.8747837363801	24.2363331103101	1087	33.077682574654	128.188265343484
29	WGN07	94.9763098818791	27.6685193768669	1087	48.4447486329438	157.024251576193
30	WGN07	67.0829103187659	23.2532800103682	1087	29.2147055953464	120.467495487563
31	WGN07	35.4135217326549	16.8951803594525	1087	10.0208544667493	76.3225694439393
32	WGN07	78.3474889911919	25.1299031285238	1087	36.7970705105833	135.41428791718
33	WGN07	37.4110023017285	17.3651262591961	1087	11.0962312631316	79.2421537857042
34	WGN07	45.8035085019844	19.2144362285615	1087	15.8601161677066	91.2632812816401
35	WGN07	76.195906403823	24.7824417049051	1087	35.327258930809	132.580934322215
36	WGN07	27.700378782443	14.9424264675113	1087	6.13930517844372	64.7778328318213
37	WGN07	59.1665444767668	21.8381767320726	1087	24.0749829209465	109.774486477966
38	WGN07	37.6943584449295	17.430765146856	1087	11.2507941431511	79.6543031920856
39	WGN07	63.5805405358408	22.6381212322828	1087	26.9193688568342	115.758092660226
40	WGN07	122.949165982951	31.4804597994385	1087	68.9380104938165	192.476701917464
41	WGN07	40.9450483002629	18.1668222661884	1087	13.0572304215878	84.3492466243158
42	WGN07	87.1711709361706	26.5072523929877	1087	42.9181882800499	146.94053403767
44	WGN07	91.4938520459314	27.1565271055568	1087	45.9668958062564	152.537188730984
46	WGN07	69.0209789763892	23.5867894835493	1087	30.4983790478699	123.059959350286
47	WGN07	120.487031799385	31.1636577599576	1087	67.0974890447402	189.392954999409
48	WGN07	31.3541525327838	15.8973892024964	1087	7.91929996573844	70.3053855452081
49	WGN07	50.9950975679647	20.2741421400674	1087	18.9724045748752	98.5341710064321
50	WGN07	37.498333259254	17.3853827214393	1087	11.143816028029	79.3692309358573
51	WGN07	71.8294571546946	24.0618804995728	1087	32.3746579698653	126.800636784902
52	WGN07	38.9187404563942	17.7115945440134	1087	11.9241470962869	81.4297142618797
53	WGN07	68.2940890611013	23.4622593820028	1087	30.0158357190979	122.088722848482
54	WGN07	33.0643824162749	16.3251988931835	1087	8.79010358762822	72.8550416902996
55	WGN07	56.3612634315118	21.3141802121312	1087	22.297861006729	105.941046301673
56	WGN07	79.9874980462671	25.391556840647	1087	37.9236760542769	137.567700483635
57	WGN07	33.4662336455035	16.4241042433395	1087	8.99788780495606	73.4509599314287
58	WGN07	29.1374945699413	15.3251373750638	1087	6.82548522653674	66.9658843587241
59	WGN07	46.453603311175	19.3503122250989	1087	16.243602056395	92.1799850113337
60	WGN07	59.5803989154995	21.9144197946153	1087	24.3392371277152	110.337941148662
61	WGN07	64.8618532560215	22.8650918399328	1087	27.7553314766769	117.484755480744
63	WGN07	94.9463981676599	27.6641620902035	1087	48.423386563424	156.985790217273
64	WGN07	44.0903296678426	18.8516751090151	1087	14.8587286208212	88.8383111602414
66	WGN07	101.250000000002	28.5677337359788	1087	52.954046395591	165.062334049793
67	WGN07	30.4486841535711	15.6661592909513	1087	7.46753907479432	68.9462096777265
68	WGN07	95.4993455452546	27.7446002081199	1087	48.8185023862821	157.696569149606
69	WGN07	105.66070672753	41.2809607138756	1087	40.1848312620976	202.183604462803
71	WGN07	52.8820112359522	20.6458256503091	1087	20.130019897611	101.150383019672
73	WGN07	56.726341266024	21.3830996623719	1087	22.527708626203	106.441354351224
74	WGN07	40.2484176581305	18.0116159807249	1087	12.6651376027444	83.348078158895
75	WGN07	45.6441956765591	19.1809914921975	1087	15.7664268908534	91.0383449076434
76	WGN07	67.2910196624977	23.2893210637732	1087	29.3520970301988	120.746322740175
77	WGN07	92.6112784468184	27.3218569502929	1087	46.7599204544043	153.979016884612
78	WGN07	24.2915945787943	13.9928534454073	1087	4.59372451929954	59.505845083667
79	WGN07	75.8218470958199	24.7215361484745	1087	35.0727053859019	132.087369251117
80	WGN07	73.4539154317683	24.3324449088311	1087	33.4682286220676	128.955982686848
81	WGN07	69.4919055320842	23.6671184164016	1087	30.811688286168	123.688503223379
82	WGN07	51.4015106767646	20.3547707277635	1087	19.2206123988924	99.0987894000145
83	WGN07	50.2141713571846	28.4581189571788	1087	9.89861916922752	121.576745814985
84	WGN07	43.596989949378	18.7459099374702	1087	14.57291590441	88.1374444397245
85	WGN07	45.6495033058131	19.182106668297	1087	15.7695463786872	91.0458406783178
86	WGN07	62.6555915910213	22.4728519611444	1087	26.3187028103439	114.508860817078
87	WGN07	87.714985988793	26.5898062384191	1087	43.3000204057781	147.646332017186
88	WGN07	38.3107111932722	17.5726953753448	1087	11.588658667169	80.5491441647535
89	WGN07	99.8353536864324	40.1268640632735	1087	36.623987553141	194.093742089566
90	WGN07	32.7082780724048	16.2370494783494	1087	8.60696151031585	72.3259750798723
91	WGN07	55.3495886623552	21.1220211082431	1087	21.6632309883592	104.55232678173
92	WGN07	75.1769826227462	34.8205386850574	1087	22.3774163435453	159.023571171792
93	WGN07	63.1426743046845	22.5600344934049	1087	26.6347204249088	115.167008629838
94	WGN07	69.5127091267472	23.6706607303658	1087	30.8255413338166	123.716257365056
95	WGN07	40.2028643696737	18.0014202926032	1087	12.6395897712716	83.2825194134539
96	WGN07	68.2490309931946	23.4545183130572	1087	29.98596678016	122.028475651607
97	WGN07	107.603535578965	41.6587573355997	1087	41.3863669340599	204.867726493714
98	WGN07	94.4813792901001	27.5963335681038	1087	48.0914573375847	156.387681687993
99	WGN07	46.9520787991189	19.4538555199919	1087	16.5389101948418	92.8816278487741
100	WGN07	59.9958330439427	21.9906880251065	1087	24.6050216409348	110.903024892329
101	WGN07	84.8521462562725	26.1522879484475	1087	41.295656651076	143.925016306847
102	WGN07	77.9165738677388	25.0606999776039	1087	36.5019422651091	134.847585915747
103	WGN07	116.262929593326	30.6125074974108	1087	63.9548256525777	184.087413979454
104	WGN07	30.0317454990956	15.5585299744607	1087	7.26178515209773	68.3180862914715
105	WGN07	150.583147735482	34.8390624351412	1087	89.9819141904655	226.700761725877
106	WGN07	60.7985148150861	22.1373055103516	1087	25.1200180926391	111.993391982912
107	WGN07	98.4371352126286	28.1681131415542	1087	50.925296669046	161.465354201589
108	WGN07	83.584005370884	25.9561253515048	1087	40.4124159654775	142.271975221669
109	WGN07	17.446069191227	16.7742007231801	1087	0.0561028829719487	65.8830577693242
110	WGN07	57.1841344162272	21.469209269918	1087	22.8165419152249	107.068107362608
112	WGN07	53.3069758011302	20.7286155058591	1087	20.3925384489283	101.73779359871
113	WGN07	26.7636508653888	20.7761809056434	1087	1.52120403437942	83.0531199662402
114	WGN07	20.1242088290677	12.7361358000991	1087	2.89220576102572	52.8725923424876
115	WGN07	56.250000000002	21.2931315322535	1087	22.2278982167095	105.788482228672
116	WGN07	70.4281181986758	23.826009776903	1087	31.4361324639905	124.93648437874
117	WGN07	47.2020787991175	19.5055785449317	1087	16.6874219246846	93.2331161189291
118	WGN07	41.3960780543721	18.2666064468471	1087	13.3124687676	84.9960677865223
119	WGN07	31.0317454990955	15.8154435310966	1087	7.75768253101158	69.8221889125578
120	WGN07	73.3284834335823	24.3116606440944	1087	33.3835784435267	128.789768869016
121	WGN07	50.0867927612296	20.0927733340021	1087	18.419972349245	97.2699936185928
122	WGN07	69.8292235792243	33.5592036722806	1087	19.5045842534083	151.200885174882
123	WGN07	63.4105236663274	22.6078333570971	1087	26.8087813045906	115.528646473443
124	WGN07	75.1642829120678	24.6141040822703	1087	34.6259388995205	131.219007369993
125	WGN07	49.5916652547176	19.9932142221867	1087	18.1201946322744	96.5795163225394
126	WGN07	33.7500000000013	16.4935887626048	1087	9.14531519492002	73.8710652504613
127	WGN07	36.3115131305583	17.1080474762913	1087	10.5011689115687	77.6382377949258
128	WGN07	73.7420203734149	24.3801172281666	1087	33.6627933806074	129.337627811601
129	WGN07	89.2492857084562	26.8213508963568	1087	44.3799950579232	149.634956804368
130	WGN07	67.0078817635651	23.2402726132972	1087	29.1651994884079	120.366944484101
1	WGN15	80.9362696659949	25.5417038726773	1087	38.5778368586536	138.81108291871
2	WGN15	89.6503114371833	26.8815418333112	1087	44.6629172132861	150.154086106459
3	WGN15	36.6659021245877	17.1913293606498	1087	10.6921464580132	78.1560382365404
4	WGN15	50.13975692931	20.1033940563607	1087	18.4520970799329	97.3437972240654
5	WGN15	128.671644828544	32.2047327675648	1087	73.2393580203962	199.62031208207
7	WGN15	102.019798099363	28.6761275407221	1087	53.5111597234818	166.044816920623
8	WGN15	136.666461411844	33.1901525331796	1087	79.3006344152333	209.548668853834
9	WGN15	56.9824507372541	21.4313157721874	1087	22.6892109165007	106.792071003386
10	WGN15	99.22221442386	28.2802165786978	1087	51.4904122581283	162.47039703497
11	WGN15	107.61665625651	29.4522189536103	1087	57.5852110635714	173.164481894827
12	WGN15	72.9646379244667	24.2512701368906	1087	33.138228094296	128.307428200016
13	WGN15	60.1066536146161	22.0109885704349	1087	24.676009521409	111.053678153202
14	WGN15	100.930504448347	28.5226252148471	1087	52.72306047353	164.654328868542
15	WGN15	54.2207784317779	20.9055283288623	1087	20.9592118001896	102.998725508744
16	WGN15	122.097029630174	31.3711776966813	1087	68.3003018853709	191.410137820354
17	WGN15	66.6558703816304	23.1791483645859	1087	28.9331229763597	119.894998232279
18	WGN15	89.4993016705321	26.8588922397406	1087	44.5563493189715	149.958634467472
19	WGN15	157.73214083207	35.656472189743	1087	95.5270277363132	235.453634373205
20	WGN15	107.719177208892	29.4662444347024	1087	57.6602119353742	173.294522927788
21	WGN15	98.3072841825705	28.1495283588747	1087	50.8319117476031	161.299037062915
22	WGN15	122.280593892233	31.3947510149864	1087	68.4376117897351	191.639956440108
23	WGN15	101.049105359841	28.5393784064958	1087	52.8087891305113	164.80580203455
24	WGN15	65.9393381840037	23.0542270183353	1087	28.4617050455674	118.933351767819
25	WGN15	47.2364413533301	19.5126771682974	1087	16.7078559237377	93.2814072283008
26	WGN15	43.3326666560011	18.6889964455733	1087	14.4202653495841	87.7614484077967
27	WGN15	96.3540538832255	27.8684791663068	1087	49.4301417778839	158.794346433946
28	WGN15	170.307672626445	37.0506115255281	1087	105.367050737259	250.764674961009
29	WGN15	127.804388563799	32.0960181486394	1087	72.5854160122756	198.539741560699
30	WGN15	97.3183185919369	28.0075791430029	1087	50.1214716373656	160.031545991887
31	WGN15	96.6030260724446	27.9044610458172	1087	49.608512166208	159.113920424059
32	WGN15	158.544291381481	35.7481505338519	1087	96.1592917349041	236.445671473436
33	WGN15	69.8633534503132	23.7302868210409	1087	31.059190396455	124.18389694955
34	WGN15	153.920413415432	35.223003345918	1087	92.5658306816873	230.791376594554
35	WGN15	72.1874456521371	24.1217665883986	1087	32.615141051327	127.276130698326
36	WGN15	105.141634036539	29.1115704552283	1087	55.778591878271	170.021056640185
37	WGN15	72.499137920786	24.1737871967309	1087	32.8247611469298	127.689895140021
38	WGN15	16.496211251236	11.5310904357779	1087	1.62868647167571	46.8801164761747
39	WGN15	104.689483729711	41.0907974150721	1087	39.5867369485593	200.839252780705
40	WGN15	197.497151857666	39.8986950771566	1087	126.968166309324	283.542517851386
41	WGN15	44.9089023002081	19.0258686146185	1087	15.3355076791122	89.9986773666825
43	WGN15	52.9575131106482	20.6605588507966	1087	20.1766130409809	101.254793625694
44	WGN15	115.778753745332	30.5486982488672	1087	63.5958530436085	183.478034892434
45	WGN15	99.6871194165666	28.34639253118	1087	51.8254701865695	163.065149091942
46	WGN15	112.151699437498	30.066384208157	1087	60.9151706411437	178.90460867923
47	WGN15	105.141634036539	29.1115704552284	1087	55.7785918782708	170.021056640186
48	WGN15	25.8195991120122	20.4064654268299	1087	1.30258905579388	81.383631438073
50	WGN15	76.1379928209474	24.7730218234405	1087	35.2878285568341	132.504537530439
51	WGN15	128.000000000005	32.1205710915285	1087	72.7328509216076	198.783529523781
52	WGN15	62.8973683071445	22.5161695698255	1087	26.475483933547	114.83563312612
53	WGN15	51.5444868744256	28.832622811848	1087	10.4941024058459	123.641893612848
54	WGN15	176.590862182183	37.7278786837512	1087	110.321341366423	258.376763443322
55	WGN15	127.370833193035	32.0415316685897	1087	72.2587712217344	197.999275609714
56	WGN15	57.8244641244613	21.5890773237701	1087	23.2216726681272	107.943636026174
57	WGN15	105.285243670607	29.1314449579432	1087	55.8832047811325	170.203663005459
58	WGN15	52.3248681121386	20.5367797095488	1087	19.7868411331554	100.3792755365
59	WGN15	91.4665178026523	27.1524702287732	1087	45.947521758799	152.501894291884
60	WGN15	110.485857918568	29.8422537996167	1087	59.6891063293405	176.798989953174
61	WGN15	164.451204994195	36.407998405178	1087	100.771485653534	243.647304780233
62	WGN15	124.70659600077	31.704651654791	1087	70.2555427367223	194.674029710197
63	WGN15	64.5312347560978	22.8067425947463	1087	27.5392028768662	117.039647080707
64	WGN15	37.0499287747857	17.2811230323529	1087	10.8999845650485	78.7162534299016
65	WGN15	61.1309150619288	22.1977380360131	1087	25.3338407331312	112.444369836105
66	WGN15	102.706198796496	28.7724339308692	1087	54.0085929549176	166.920185083452
67	WGN15	47.4374109684812	19.5541419035235	1087	16.8274655593541	93.5637368229869
68	WGN15	52.479991993596	20.5671991587577	1087	19.8822775295345	100.594086903036
69	WGN15	133.908519636893	32.8535555719971	1087	77.2031459561895	206.130273762975
70	WGN15	133.635239323215	32.8200147063139	1087	76.9956778111088	205.791181280699
71	WGN15	178.836116293698	37.9669655653239	1087	112.097471445535	261.091141587241
72	WGN15	95.162483709817	27.6956242007067	1087	48.5777387639191	157.263609101093
73	WGN15	75.9868398264484	24.7484192788334	1087	35.1849494151602	132.305110683115
74	WGN15	100.109803449276	28.40642482849	1087	52.1303619204991	163.605625423431
75	WGN15	123.544699203103	31.5566092067445	1087	69.3841272475124	193.221651604071
77	WGN15	54.1665376673915	20.8950690953489	1087	20.9254936080559	102.923962172106
78	WGN15	146.246133917898	34.3336891260587	1087	86.6365179934986	221.372130287676
79	WGN15	77.0239647355025	24.916739303213	1087	35.8918053941426	133.672504522241
80	WGN15	84.3330013267067	26.0721623500153	1087	40.9337300665235	143.248653032268
81	WGN15	66.4988531868801	23.1518314102633	1087	28.8297057101399	119.684381108999
82	WGN15	73.7831483155018	24.3869150096381	1087	33.6905830640901	129.392094012292
83	WGN15	88.9747119158778	26.7800614179587	1087	44.1864373649085	149.279366912225
84	WGN15	73.9719280539609	24.4180929583967	1087	33.8181870285064	129.642049524794
85	WGN15	133.683956091406	32.8259964345044	1087	77.032657538644	205.851635089547
86	WGN15	65.6917420765583	23.0109030671677	1087	28.2991169759436	118.600747622551
87	WGN15	157.485667481399	35.6286027713591	1087	95.3352383308556	235.152477077322
88	WGN15	103.913389409671	28.9410330233956	1087	54.8849670647984	168.458192199922
89	WGN15	42.1458228220645	18.4312819182244	1087	13.739095760439	86.0689303290683
90	WGN15	99.7493718553346	28.355242002747	1087	51.8703586455205	163.144765510527
91	WGN15	119.586800556473	31.0470182443081	1087	66.4261218848723	188.263859673452
92	WGN15	74.3730262611174	24.4842046095133	1087	34.089564340243	130.17286862737
93	WGN15	56.345798171728	30.1455913727363	1087	12.7191740464542	131.019444566844
94	WGN15	151.936854869263	34.9953095592584	1087	91.0290412206664	228.361048963239
95	WGN15	79.8465807817971	25.3691803059815	1087	37.8266648799464	137.382877129026
96	WGN15	165.098872007216	51.6018287714826	1087	79.3719178994133	281.872848384862
97	WGN15	84.5949519058183	26.1126229211596	1087	41.1162909854257	143.589993271589
98	WGN15	72.7777670693077	24.2201950771686	1087	33.0123311295822	128.059583454411
99	WGN15	110.022460788142	29.779606209937	1087	59.3486330904208	176.212668931242
100	WGN15	76.0499667110401	24.7586971524328	1087	35.227909582633	132.388404284825
101	WGN15	154.869244535543	35.3314013624041	1087	93.3019687662632	231.952900750202
102	WGN15	48.4987113059665	19.7716708926815	1087	17.4619416566838	95.0518614006277
103	WGN15	157.732140832068	35.6564721897424	1087	95.5270277363123	235.453634373202
104	WGN15	59.9952825989855	21.990587145675	1087	24.6046691364309	110.902276506919
106	WGN15	101.107384685297	28.5476071580915	1087	52.8509224210824	164.880227394889
107	WGN15	98.5263085038205	28.1808688700898	1087	50.9894413230854	161.579556129934
108	WGN15	47.8238075793828	19.6336185275479	1087	17.0579172095833	94.106078394561
109	WGN15	58.0000000000025	21.6218211283949	1087	23.3329603274517	108.183420117931
110	WGN15	90.8388012703846	27.0591388211202	1087	45.5029353339635	151.691047652184
111	WGN15	108.333269131964	29.5501165324504	1087	58.1097343243803	174.073184384926
112	WGN15	49.9949994999031	20.0743530388612	1087	18.3643224475109	97.1420569976734
113	WGN15	93.9821392113426	27.5233274171388	1087	47.7354661886961	155.745192679367
114	WGN15	130.569193939996	32.4413288232257	1087	74.6726704704626	201.982097854907
115	WGN15	45.5812418549099	19.1677594333603	1087	15.7294363372756	90.9494278179222
116	WGN15	98.0644714347787	28.1147430927034	1087	50.6573528673061	160.98797044763
117	WGN15	61.2457624075098	22.2185798231706	1087	25.4077933915193	112.600111868878
118	WGN15	121.040933831223	31.2352082821493	1087	67.510998306927	190.087249800897
119	WGN15	120.571159799859	31.1745356058536	1087	67.1602730931868	189.49842695191
120	WGN15	65.9051667675489	23.0482526053025	1087	28.4392563163412	118.887457664135
121	WGN15	104.978567053611	29.0889867373238	1087	55.6598375098217	169.813677042779
122	WGN15	81.4196164036777	25.6178571379095	1087	38.9117595600573	139.443853692676
123	WGN15	92.8277106783419	27.3537638613145	1087	46.9137465794714	154.258055222591
124	WGN15	76.6620576505868	24.8581331148544	1087	35.6448923700708	133.195603376481
125	WGN15	113.25663677835	30.2141307225839	1087	61.7302073393277	180.299446662751
126	WGN15	119.228444270267	31.0004652734233	1087	66.1591094535783	187.814159532333
127	WGN15	58.6030760925094	21.7339408049507	1087	23.7160409336666	109.006491696731
128	WGN15	120.697455790813	31.1908586982612	1087	67.2545407483275	189.656751278677
129	WGN15	50.5706628136595	20.1895944980563	1087	18.7138648729859	97.9438411997114
130	WGN15	107.616656256509	29.4522189536098	1087	57.5852110635717	173.164481894825
1	WGN26	33.9682534973038	16.5468329467403	1087	9.25909568141022	74.1937917585764
3	WGN26	41.3169638012019	18.2491429559703	1087	13.2676204817055	84.8826875660765
4	WGN26	67.8328157299971	23.3828905004642	1087	29.7102959418797	121.471715963492
5	WGN26	47.1166428910944	19.4879179712638	1087	16.6366386896941	93.1130275378726
6	WGN26	16.4282032302752	11.5072965915477	1087	1.60736551308423	46.7654213928446
7	WGN26	17.874119674649	12.0030220561481	1087	2.08059484309741	49.1840249515787
8	WGN26	29.895818515877	15.5232802342287	1087	7.19502340358395	68.1129940735482
9	WGN26	36.6524758424979	17.1881815208595	1087	10.68489670592	78.1364354244543
10	WGN26	88.4427595879667	26.6998865442223	1087	43.8118000674886	148.590099553823
11	WGN26	25.19631091765	14.2510463589663	1087	4.99182794844652	60.9171743322317
12	WGN26	23.2380884817011	13.6860610815406	1087	4.14219068392555	57.8503667248544
13	WGN26	106.749401910454	29.3333050494551	1087	56.9512834891859	172.063900777101
14	WGN26	59.368176042507	21.8753558571301	1087	24.2036635119046	110.049069018487
15	WGN26	87.3514877221317	26.5346538452694	1087	43.0447393399135	147.174616549728
17	WGN26	70.1172160665724	23.7733621227066	1087	31.2285328622087	124.522279716315
18	WGN26	34.0415897906357	16.5646853384384	1087	9.29740292619487	74.3021571004541
19	WGN26	54.9818121673212	21.0517303412439	1087	21.4333754358648	104.046629344156
20	WGN26	36.2487017221991	24.17905196113	1087	4.32931560954505	99.2151101046957
21	WGN26	88.9333300013326	26.7738330240951	1087	44.1572764857691	149.225763962274
22	WGN26	36.4571414560324	17.142319296916	1087	10.5795508261004	77.8511125313428
23	WGN26	35.8205080756881	16.9919861034339	1087	10.2378935375703	76.9195030591842
24	WGN26	73.5102725270561	24.3417775834571	1087	33.5062736212467	129.030651878244
25	WGN26	61.6247384925781	22.2872157942811	1087	25.6520954897779	113.113761940757
26	WGN26	13.9749371855325	10.6133675796074	1087	0.908121186326464	42.5581336301169
27	WGN26	102.978150704935	28.8105014748004	1087	54.2058506785685	167.26683117668
28	WGN26	76.3124304008045	24.8013839690383	1087	35.406615387378	132.73462585961
29	WGN26	64.1126983722072	22.7326623492058	1087	27.2660229562028	116.47575423359
30	WGN26	16.4047532151492	11.4990807617209	1087	1.60003617840927	46.7258506972677
31	WGN26	110.943665102514	29.9040167947877	1087	60.0257253278146	177.377985322592
32	WGN26	46.752262042717	27.4596093490738	1087	8.39593426166299	116.155612093612
33	WGN26	67.9160552481297	33.0962864508201	1087	18.4997283825051	148.379404383598
34	WGN26	61.4138126514895	22.2490413590596	1087	25.5160735700924	112.827932178265
35	WGN26	48.5106358910162	19.7741014158248	1087	17.4690971937188	95.0685550336916
36	WGN26	46.657072353818	19.3926435769053	1087	16.3640106888391	92.466514464175
38	WGN26	65.813869019059	23.0322828192592	1087	28.3792936640139	118.764824819482
39	WGN26	71.8747822293036	24.0694709407412	1087	32.4050894696148	126.860855434371
40	WGN26	76.3940738412416	24.8146473981605	1087	35.4622340065769	132.842294121284
41	WGN26	54.0828157299966	20.8789147291942	1087	20.8734689404631	102.808542964908
42	WGN26	68.6226850969745	23.5186358130422	1087	30.2338128097258	122.527937829602
43	WGN26	77.7132176085704	25.0279753626857	1087	36.3627965690979	134.580019093421
44	WGN26	97.7164832642103	28.0648152608424	1087	50.4073305309889	160.54201644281
45	WGN26	23.4782402832484	13.7565979550653	1087	4.24393864531502	58.2289223665598
46	WGN26	37.4582869338688	17.3760968863856	1087	11.1219898925428	79.310964420573
47	WGN26	38.1537829174907	24.8062914806742	1087	5.0036595483386	102.350928556484
48	WGN26	120.581133328207	44.0994040960694	1087	49.5750526258418	222.634236300415
49	WGN26	68.3329103187627	23.4689269064322	1087	30.0415743018513	122.140626781052
50	WGN26	78.7428337406956	25.1932266238287	1087	37.0681651411845	135.933882785585
51	WGN26	62.9321253055222	22.5223899126236	1087	26.4980356939076	114.882595362515
52	WGN26	36.163521732655	17.0731490568596	1087	10.4216534046915	77.4217705059965
53	WGN26	125.743999711971	31.836250164106	1087	71.0347305937447	195.969649275576
54	WGN26	65.4726445574955	22.9724976116428	1087	28.1553766744898	118.30629288588
55	WGN26	73.1230669589439	24.2775844041858	1087	33.2450246213679	128.517489741898
56	WGN26	83.8090899207312	25.9910506630709	1087	40.5689718579299	142.56558842891
57	WGN26	117.473930386171	30.7715252303634	1087	64.8538099951027	185.610431222619
58	WGN26	57.4736720498066	21.5234926432069	1087	22.9995674942647	107.464157050727
59	WGN26	21.741375501314	18.7256347791365	1087	0.522405245716653	74.0073680267533
60	WGN26	83.5473828257618	25.9504383572335	1087	40.3869521492125	142.224193947689
61	WGN26	48.667980923377	28.0165532440608	1087	9.21884635961725	119.164137756979
62	WGN26	70.2825932996632	23.8013813280082	1087	31.3389322458694	124.742634798835
64	WGN26	23.7249721603214	13.8286928052481	1087	4.34920970023494	58.6171150657858
65	WGN26	19.5980764283021	17.778690261843	1087	0.237152199709933	70.0060229267377
66	WGN26	48.3435676063132	19.7400215235059	1087	17.3688987280681	94.8346169299363
67	WGN26	138.503181744556	33.412436668515	1087	80.70120020353	211.82154373096
68	WGN26	112.01785420486	30.0484377856364	1087	60.8165389595162	178.735549895583
69	WGN26	75.3563140344596	24.6455263133616	1087	34.756314929589	131.472693584708
70	WGN26	47.9128784747781	19.651893635272	1087	17.1111296246982	94.2310077702361
71	WGN26	20.3936507609923	12.8211140167033	1087	2.99490778912307	53.3087741782399
72	WGN26	47.0535085019817	19.4748570849782	1087	16.5991317026405	93.0242657467009
73	WGN26	125.79473661428	31.8426723783384	1087	71.0728661562479	196.03298751769
74	WGN26	29.3090880212524	15.3701967218503	1087	6.90866553563428	67.2258909522493
75	WGN26	61.4175724503911	22.2497223999967	1087	25.518497065352	112.833028280809
76	WGN26	106.632057909896	41.4702769474909	1087	40.7847158281076	203.526422261527
77	WGN26	41.8412602819733	18.3645652689956	1087	13.5654412120736	85.6334597972511
78	WGN26	33.6358047596134	16.4656615735562	1087	9.0859172543836	73.7020727102213
79	WGN26	84.7994974842638	26.1441732480299	1087	41.258930128572	143.856445285334
80	WGN26	26.440905958273	14.598775808077	1087	5.55412607558291	62.8440662863416
81	WGN26	107.404119691273	29.423121380101	1087	57.4297682666252	172.894851561299
82	WGN26	42.6632298752435	18.5440734604005	1087	14.0351890270205	86.8076511688448
83	WGN26	66.7603367391239	23.197305003888	1087	29.0019633062424	120.035090617384
85	WGN26	56.9824507372516	21.4313157721865	1087	22.6892109164996	106.792071003382
86	WGN26	82.3913058040934	36.4530384157259	1087	26.3885321740272	169.441101704001
87	WGN26	131.615282384399	32.5710255624907	1087	75.4642746164663	203.28267059771
88	WGN26	119.486923255218	31.0340505082937	1087	66.3516892109851	188.138537744829
89	WGN26	21.4970926301018	13.1634017829383	1087	3.42673013614819	55.0838355694338
90	WGN26	79.9163120551314	25.3802555403126	1087	37.874664895777	137.474339659864
91	WGN26	89.0601973046323	26.7929232429366	1087	44.2466859395061	149.390089115137
92	WGN26	59.8090275590401	21.9564257804318	1087	24.4854437775364	110.648991785922
93	WGN26	158.772148793865	35.7738296562864	1087	96.3367628885947	236.723915144513
94	WGN26	60.0634909981881	22.0030841004704	1087	24.6483566510587	110.995005790696
95	WGN26	94.9341649025243	27.6623798533966	1087	48.4146503120611	156.970059938366
96	WGN26	11.8184106640041	13.8061497158055	1087	0	54.431641586309
97	WGN26	162.44442537939	36.1851751858699	1087	99.2019183461018	241.203312858056
98	WGN26	56.2908787078399	21.3008673332921	1087	22.2535981319966	105.844539729062
99	WGN26	55.4718325512574	21.145333060311	1087	21.7397333590093	104.720312188884
100	WGN26	30.7999003980105	15.7562524109239	1087	7.64197921401444	69.4742020273847
101	WGN26	74.1173884437511	24.4420893649176	1087	33.9165628985761	129.834594434304
102	WGN26	23.9544511501032	13.8954106434108	1087	4.44777836542595	58.9775043801586
103	WGN26	94.2741872578112	27.5660584039053	1087	47.943669681718	156.121085279283
104	WGN26	25.9131715701442	14.4523529329066	1087	5.31369515297322	62.0290284326935
105	WGN26	127.460281744786	32.0527805766829	1087	72.3261477422211	198.110796192729
106	WGN26	74.1405330619782	34.5796738211089	1087	21.8135794811251	157.514508912675
108	WGN26	135.824920370758	46.8039783548277	1087	59.5120625928081	243.184800418551
109	WGN26	43.30140840414	18.6822545255352	1087	14.4022357478839	87.7169615057744
111	WGN26	77.5556352030743	35.3671219465838	1087	23.683591245445	162.474701430546
112	WGN26	94.0150174934056	38.9396152318792	1087	33.1332102032681	185.943847053384
113	WGN26	61.5237510064403	22.2689467289443	1087	25.5869546278577	112.976927830401
114	WGN26	28.6664078649979	15.2007463205932	1087	6.59847227705954	66.2507238983143
115	WGN26	94.0266315929856	27.5298415989781	1087	47.7671767764066	155.802466854943
116	WGN26	31.3081483166144	22.4709654272913	1087	2.74028210826231	90.9230367948089
117	WGN26	78.2847963405103	35.5329899716007	1087	24.087294640362	163.529320310502
118	WGN26	95.6233406754762	27.7626059826308	1087	48.9071675080585	157.855894288272
119	WGN26	73.8340874734249	24.395331799977	1087	33.7250072271389	129.459548165089
120	WGN26	28.4899959967963	15.1539017627796	1087	6.51397640070621	65.9823960382646
121	WGN26	89.5512701892202	26.8666890283902	1087	44.5930193783418	150.025901445477
122	WGN26	35.4841478509672	16.9120192194854	1087	10.0584402364324	76.4262359108801
123	WGN26	105.990565197966	29.228860024905	1087	56.3973834539389	171.100127387371
125	WGN26	125.968245965724	31.8646251949989	1087	71.2033008153179	196.249571561508
126	WGN26	75.1769826227435	34.8205386850555	1087	22.3774163435452	159.023571171784
127	WGN26	69.9428104193113	23.7437774478237	1087	31.112176748603	124.289824535398
128	WGN26	131.886981375469	46.1204997346901	1087	56.9152103364952	237.905774684285
129	WGN26	41.7846096908252	18.3521287905306	1087	13.5331928419427	85.5524069850863
130	WGN26	25.0897416943391	14.2208766203672	1087	4.94445624084646	60.7514075932099
1	WGN36	62.7206811597139	31.8052214217684	1087	15.8376159625646	140.650768626704
2	WGN36	53.6167313572412	20.7887530699024	1087	20.5842951572681	102.165548002593
4	WGN36	122.008263898417	31.3597720471746	1087	68.2339157348513	191.298992507361
5	WGN36	83.9970237040703	26.0201755542123	1087	40.6997582717203	142.810669581799
6	WGN36	90.7769256906894	27.0499214762741	1087	45.4591455561902	151.611086270567
7	WGN36	77.6102318045387	25.0113862884709	1087	36.2923609967574	134.444483057699
8	WGN36	139.820108523708	33.5709082328456	1087	81.7071821964562	213.449415296338
9	WGN36	73.6906969858175	34.4746108369596	1087	21.5698926108768	156.8585236306
10	WGN36	76.3157326213495	24.8019205706986	1087	35.4088647156313	132.738980972446
11	WGN36	90.137804230551	38.1282197002377	1087	30.848075690925	180.47455504002
12	WGN36	120.474579699657	31.1620473667258	1087	67.088196776123	189.377343068569
13	WGN36	54.4896769437543	20.9573028808083	1087	21.1265209383578	103.369213394529
14	WGN36	101.99019513593	28.6719667799633	1087	53.4897207916848	166.007049925554
15	WGN36	100.805908908428	40.3214401377232	1087	37.2127555685165	195.446084518181
16	WGN36	105.874849397376	29.2129002808409	1087	56.3129830456541	170.953096194476
17	WGN36	154.34133873597	35.2711325419158	1087	92.8923193591347	231.306738558184
18	WGN36	135.824920370763	46.8039783548287	1087	59.5120625928108	243.184800418558
19	WGN36	53.2873015219873	20.7247899445929	1087	20.380370490148	101.710612999205
20	WGN36	79.3227178748204	25.2858214278961	1087	37.4663644937016	136.695451701317
21	WGN36	70.1068501158689	23.7716047610886	1087	31.2216151164555	124.508465560661
22	WGN36	129.259313045239	32.2781916006215	1087	73.6828890776095	200.352117458247
23	WGN36	95.4838681695076	27.7423518628569	1087	48.8074365984444	157.676680185949
24	WGN36	62.4749899919936	22.4404401538335	1087	26.2016979994089	114.264662429957
26	WGN36	113.281241285558	30.2174124879951	1087	61.7483725345463	180.330490481949
27	WGN36	44.9941852602064	19.0439253106171	1087	15.3853607151303	90.1193902506607
28	WGN36	62.8973683071438	22.5161695698256	1087	26.4754839335463	114.83563312612
30	WGN36	106.698087784171	29.3262539848867	1087	56.913804600626	171.998751413094
31	WGN36	82.1999687108786	25.7403293566321	1087	39.4518031530092	140.464514714126
32	WGN36	102.747429271984	40.707883468718	1087	38.3960166225738	198.145864191237
33	WGN36	14.7284161474015	10.8957290963192	1087	1.10756484335544	43.8656478968258
34	WGN36	26.9969507659605	14.7514812196119	1087	5.81054014670358	63.6997418305958
35	WGN36	102.475241455592	28.7400651697082	1087	53.8411479391562	166.625715417405
36	WGN36	72.6559123795839	24.1999101680647	1087	32.930278449459	127.897926755087
37	WGN36	28.1309929336758	21.3002926862941	1087	1.86016081296932	85.448847324225
38	WGN36	54.3896464875497	29.6176883048987	1087	11.7988467214923	128.027468523449
39	WGN36	145.555534138611	34.2525283614541	1087	86.1051677092647	220.522281013336
40	WGN36	91.8664685483517	27.2117695522128	1087	46.2311184095025	153.018199132579
41	WGN36	46.4278185845494	19.3449411480371	1087	16.2283561820599	92.143661432417
42	WGN36	65.568472765814	22.9893031674053	1087	28.2182298821133	118.435096094894
43	WGN36	160.495312362665	35.967433525191	1087	97.6800468626968	238.82695830801
44	WGN36	61.440065678609	22.2537963339703	1087	25.5329966290039	112.863515173593
45	WGN36	59.9133331428372	21.9755631938611	1087	24.5521989089681	110.790847822085
46	WGN36	113.603507083638	30.2603636532108	1087	61.9863617563042	180.737032856351
47	WGN36	122.946405123181	31.4801063459518	1087	68.9359431623733	192.473247529367
48	WGN36	80.3163998867754	25.4437072553772	1087	38.1502510222745	137.998929196655
49	WGN36	56.2630919733395	21.2956093357344	1087	22.2361283709762	105.806436021081
51	WGN36	93.130250378685	27.3983026502497	1087	47.1288945495521	154.647986653196
52	WGN36	38.918740456395	17.7115945440137	1087	11.9241470962871	81.4297142618815
53	WGN36	65.8666428910976	23.0415153654883	1087	28.4139519067554	118.835714320818
54	WGN36	58.7488937836532	21.7609634828595	1087	23.8088361103858	109.205331902299
55	WGN36	79.1730009120594	25.2619474072908	1087	37.3634919112866	136.49889035821
56	WGN36	123.427038972406	31.5415788477264	1087	69.2959588173894	193.074499572801
57	WGN36	25.1998995979898	14.2520612025509	1087	4.9934253546874	60.9227542866706
58	WGN36	135.20767852995	33.0125408431326	1087	78.1903520938413	207.741385411438
59	WGN36	68.9673758792297	23.5776287141887	1087	30.4627507431125	122.988381460725
60	WGN36	61.3277697028432	22.233450044689	1087	25.4606230998787	112.711296751186
62	WGN36	93.5383913531198	27.4582732025432	1087	47.419364378116	155.173798773502
64	WGN36	58.6547594742283	21.7435225204562	1087	23.7489235640198	109.076975829815
65	WGN36	88.9756024970982	26.7801954434569	1087	44.1870649681616	149.280520471413
66	WGN36	48.7485631709332	19.8225345412937	1087	17.6119914757047	95.4015153115397
68	WGN36	72.7249934434714	34.2479740426271	1087	21.0488841774761	155.44812497931
69	WGN36	42.9259358559742	26.311943409563	1087	6.82149939515495	110.077394586636
70	WGN36	17.9442719100001	12.026553683263	1087	2.10457452507163	49.3003497403069
71	WGN36	55.865129714403	21.2201612232058	1087	21.9862065338053	105.260433340379
72	WGN36	87.8160418215865	26.605118795869	1087	43.3710307226902	147.777433365861
74	WGN36	77.0739052790459	24.9248157108024	1087	35.9258988244075	133.738292179063
75	WGN36	85.294943565839	37.0898163883607	1087	28.0427168152046	173.594192586316
76	WGN36	92.1387513749285	27.2520661678745	1087	46.4243332809197	153.369549914315
77	WGN36	66.6639467944679	23.1805525822492	1087	28.9384441052259	119.905829929088
78	WGN36	40.4242410018336	18.0509145630298	1087	12.7638512812187	83.6010111678267
79	WGN36	62.6611630321488	22.4738511009269	1087	26.322313790568	114.516392719108
80	WGN36	62.7206811597012	31.805221421766	1087	15.8376159625574	140.650768626687
81	WGN36	48.1246727726281	19.695280399727	1087	17.2377926357116	94.527933354923
82	WGN36	69.2647027033918	23.6283970818107	1087	30.6604624768078	123.385323375354
83	WGN36	93.829477895875	27.5009643645148	1087	47.6266845095969	155.548651727531
84	WGN36	27.000000000001	14.7523142664443	1087	5.81195481892028	63.7044256264602
85	WGN36	55.416155414414	21.1347185996577	1087	21.704883373161	104.643807901045
86	WGN36	77.1379928209475	24.9351761450317	1087	35.9696576529514	133.822708434322
87	WGN36	47.5743504682542	19.5823454317012	1087	16.9090655407908	93.7560158410958
88	WGN36	72.7596140918793	24.2171742639979	1087	33.000105437024	128.035503192113
89	WGN36	91.7582410119336	27.1957357875002	1087	46.1543515049145	152.878510964331
90	WGN36	53.3069758011296	20.7286155058595	1087	20.3925384489274	101.73779359871
92	WGN36	86.8430768085808	26.457321478346	1087	42.6880660355857	146.514468026954
93	WGN36	6.37340964000215	10.1386225896302	1087	0	41.7904066950922
94	WGN36	35.6245437895452	16.9454430859711	1087	10.133253576245	76.6322144482237
95	WGN36	43.857492994396	18.8018323016225	1087	14.7236909509696	88.5076754832009
96	WGN36	137.777208558632	33.324754920317	1087	80.1472716526451	210.923525909997
97	WGN36	100.359879265473	28.4418825401069	1087	52.3108644311927	163.925274545131
98	WGN36	77.0907842155503	24.9275447884944	1087	35.9374229044547	133.760525972024
99	WGN36	36.8958185158784	17.2451449128202	1087	10.8164687294002	78.4915487477349
100	WGN36	44.985754355992	19.042141024146	1087	15.3804308464342	90.1074583109282
102	WGN36	46.0308859896828	27.2469382411462	1087	8.09185056306714	115.01694368614
104	WGN36	88.593650336531	26.7226529583267	1087	43.9180197244492	148.785661393991
105	WGN36	170.961438514783	52.5100125399766	1087	83.4524927358491	289.51740656356
106	WGN36	71.9852909359355	24.0879674453612	1087	32.479305282318	127.007657034931
107	WGN36	39.2307597387796	17.7824514969227	1087	12.0971344951411	81.8807654277964
108	WGN36	45.0624114729116	19.0583583170523	1087	15.4252672219027	90.215936169299
109	WGN36	135.169123752127	33.0078337068989	1087	78.1610334176248	207.693594532008
110	WGN36	34.3745078663892	16.6454874643558	1087	9.47177520935725	74.7936209687994
112	WGN36	97.6558186006901	28.0561022635861	1087	50.3637620643837	160.464255582375
114	WGN36	26.3839255365648	14.5830370689218	1087	5.52802740166789	62.7562041168401
116	WGN36	17.4460691912263	16.7742007231798	1087	0.0561028829719087	65.8830577693229
117	WGN36	80.3163998867748	25.4437072553769	1087	38.1502510222744	137.998929196654
118	WGN36	60.507352032735	22.0842343544946	1087	24.9329888138751	111.598095696973
119	WGN36	47.709918870154	27.7394201968593	1087	8.80456057617643	117.662299433974
120	WGN36	67.4961536185458	23.324792328553	1087	29.4876310874212	121.021056595049
121	WGN36	25.8688170009034	14.4399788700142	1087	5.29362033610988	61.9603941110752
122	WGN36	61.5237510064422	22.2689467289445	1087	25.5869546278591	112.976927830404
123	WGN36	139.836901797666	33.572924210869	1087	81.7200198216004	213.47016421911
124	WGN36	27.3592070943095	14.8501221800521	1087	5.97924823510949	64.2555463988879
125	WGN36	115.922361830301	30.5676381681987	1087	63.7022981890143	183.658805916965
126	WGN36	112.128430675233	30.0632650229753	1087	60.8980221842705	178.875219611575
127	WGN36	64.903703492041	22.872467170249	1087	27.7827102173327	117.541077212128
128	WGN36	110.943665102519	29.9040167947885	1087	60.0257253278178	177.377985322598
129	WGN36	43.7500000000016	18.7787768893771	1087	14.661436105528	88.3549443398534
130	WGN36	87.790678433317	26.6012764188081	1087	43.3532066498736	147.744530662139
1	WGN38	139.172618792441	33.4930866585674	1087	81.2123899720233	212.649228058233
2	WGN38	109.33307533477	29.6861621655238	1087	58.8425987545621	175.339932360357
3	WGN38	148.501768003191	48.9394238694559	1087	67.9988484192121	260.051709857011
4	WGN38	46.0096133534732	19.2576178938329	1087	15.9814921674717	91.5541149848538
5	WGN38	78.7467531098321	25.1938536035906	1087	37.0708542827479	135.939032382295
6	WGN38	52.3118189982724	20.5342187524298	1087	19.7788169981699	100.361201443753
7	WGN38	156.480428862427	35.514711190723	1087	94.5534719376	233.923766232632
8	WGN38	58.6181760424995	21.7367406603822	1087	23.7256471507447	109.027085379633
10	WGN38	93.4774534606885	27.4493275606349	1087	47.3759791660193	155.095308200736
11	WGN38	77.0710125127147	24.9243479627103	1087	35.9239238494232	133.734481621384
12	WGN38	94.7684389071717	27.6382242824432	1087	48.2963211407252	156.756937118996
13	WGN38	19.1229833462035	12.4152679438852	1087	2.52057074998325	51.2417763878022
14	WGN38	93.5483619475401	27.4597366017231	1087	47.4264635656247	155.186640774834
16	WGN38	60.0634909981811	22.0030841004692	1087	24.6483566510541	110.995005790687
18	WGN38	76.9473319220151	24.9043411163986	1087	35.8394996677566	133.571544621652
19	WGN38	62.2282980003766	22.3960915872805	1087	26.0420244934393	113.930951952692
20	WGN38	116.435049626164	30.6351590731969	1087	64.0824999236768	184.303979774029
21	WGN38	55.9089023002024	21.2284730221196	1087	22.0136701335269	105.320514912256
22	WGN38	93.74999999999	27.4893146043392	1087	47.5700651763992	155.446315268959
23	WGN38	92.3998886412797	27.2906573942418	1087	46.6097488196306	153.706408908307
24	WGN38	31.30814831661	22.4709654272898	1087	2.74028210826094	90.9230367948018
26	WGN38	111.485984785406	29.9770167554616	1087	60.4248082271101	178.063541789081
27	WGN38	51.4582982012068	20.366011428157	1087	19.255343996799	99.1776328509929
28	WGN38	124.499497989934	31.6783150424311	1087	70.1001210776327	194.415255347615
29	WGN38	111.839376255816	30.0244901680949	1087	60.6850497989566	178.510083158055
30	WGN38	88.1939798987423	26.6623081875238	1087	43.6367547049225	148.267585537941
32	WGN38	66.9402452144042	23.2285404956723	1087	29.1205830995025	120.276287774684
33	WGN38	142.464464822806	33.8868772058149	1087	83.7315603615023	216.713749729488
34	WGN38	91.8665158229148	27.2117765538116	1087	46.2311519458869	153.018260145321
35	WGN38	108.934539391662	29.632007447236	1087	58.5503224257402	174.835136802962
36	WGN38	49.0651251893352	19.886791894498	1087	17.8024710070694	95.8441598169798
37	WGN38	115.297469403099	30.4851377036769	1087	63.2392839474206	182.872035304156
38	WGN38	117.329490746497	30.7526019038796	1087	64.7465007373555	185.428861201017
39	WGN38	95.9583152331209	27.8111905458246	1087	49.1468119244251	158.286198987195
40	WGN38	111.678852642685	30.0029352808044	1087	60.5668200815719	178.307265649176
41	WGN38	116.229726026714	30.6081358674443	1087	63.9301998743593	184.045632624446
42	WGN38	37.3645104689822	17.3543328097078	1087	11.070917784104	79.1744835992387
45	WGN38	82.9110640300977	25.8514267976167	1087	39.9449087642128	141.393599741361
46	WGN38	76.3582883923643	24.808834726654	1087	35.4378538839903	132.795103346117
47	WGN38	98.079831205957	28.1169448029971	1087	50.6683925553231	161.007650301969
48	WGN38	63.0493288514967	22.5433527838026	1087	26.5741069678246	115.040931180547
49	WGN38	96.690046219452	27.9170264063671	1087	49.6708772063729	159.225595677909
50	WGN38	100.449601592037	28.4545933056025	1087	52.3756463447777	164.039937284674
51	WGN38	52.6742852856235	20.6052362936197	1087	20.0019363038912	100.863014712734
52	WGN38	95.2150406219486	27.7032710984646	1087	48.6152913249631	157.331170364312
53	WGN38	83.4992514902888	25.9429623049977	1087	40.3534899404949	142.161393485461
54	WGN38	21.8972473588457	13.2853510801237	1087	3.58760220049834	55.7232729625718
55	WGN38	58.2686136590365	30.655639690347	1087	13.6411988508775	133.943050737038
56	WGN38	126.589220731918	31.9430687830108	1087	71.6703575911886	197.024464318025
59	WGN38	100.699601592038	28.4899803433947	1087	52.5562117118346	164.35937191762
61	WGN38	89.4154228682468	26.8463032040154	1087	44.4971720777447	149.850054104127
63	WGN38	76.8405790253548	24.8870595990717	1087	35.7666556791933	133.430882816895
64	WGN38	50.8947785690036	20.2541903897642	1087	18.9112338783815	98.3947037050041
65	WGN38	71.0295700917425	33.8464117414996	1087	20.1413858040099	152.964776649318
66	WGN38	75.2364840178082	24.6259231197928	1087	34.6749492952345	131.31439918576
67	WGN38	42.4985293608716	18.508244342016	1087	13.940790573487	86.5726485936344
68	WGN38	117.922821646815	30.8302612334826	1087	65.1874524790288	186.17457125998
69	WGN38	35.2419333848256	16.854199738069	1087	9.92967619507004	76.0705710199595
70	WGN38	92.2229446550618	27.2645143338227	1087	46.4841014074549	153.478168348047
72	WGN38	101.321731233953	28.5778514445136	1087	53.0059251801083	165.153917733177
73	WGN38	98.4841345003561	28.1748368402167	1087	50.9591030596626	161.525546386428
74	WGN38	52.498786379162	20.5708816409228	1087	19.8938463372217	100.62010686648
76	WGN38	89.1899309798005	26.8124307197781	1087	44.3381430428365	149.558099362142
77	WGN38	147.594343351963	34.4915832506938	1087	87.6749156639297	223.030151485374
78	WGN38	87.9272640637563	26.6219616445728	1087	43.4492047898655	147.921703783025
80	WGN38	63.4232921921268	22.6101094317646	1087	26.8170838332634	115.545880996368
81	WGN38	60.4989669245028	22.0827040849899	1087	24.9276063220808	111.586707972303
82	WGN38	60.1992779689233	22.0279415087218	1087	24.7353696885806	111.179566694644
83	WGN38	31.8166538263883	16.01421020454	1087	8.15258107299186	70.9971070251629
84	WGN38	126.499501990047	31.9317471242684	1087	71.602853628179	196.912530797294
85	WGN38	41.9704975499851	26.0174721967057	1087	6.44385741949382	108.544159950319
86	WGN38	113.48166367803	30.2441316943526	1087	61.8963678689267	180.583339932512
87	WGN38	68.013886032262	23.4140783944529	1087	29.8301709560809	121.713981553822
88	WGN38	84.4615194775493	26.0920209488532	1087	41.0232826919327	143.416136708544
89	WGN38	94.3868952654369	27.5825315635258	1087	48.0240548993321	156.26611607692
90	WGN38	107.87836640437	29.4880092501449	1087	57.7766953248384	173.49641792928
91	WGN38	124.278219384397	31.6501508693143	1087	69.934104769947	194.138714444226
92	WGN38	90.1989932772465	26.9636771594006	1087	45.0504373236704	150.863929676201
93	WGN38	33.513455967286	16.4356877238827	1087	9.02238161455132	73.5209107653989
94	WGN38	95.9583152331197	27.8111905458247	1087	49.146811924424	158.286198987194
95	WGN38	35.6245437895392	16.9454430859698	1087	10.1332535762417	76.6322144482151
96	WGN38	82.4810562561701	25.7843020690954	1087	39.6466096942958	140.831883263423
97	WGN38	67.5933666561753	23.3415833450304	1087	29.5518976525959	121.151216105133
98	WGN38	118.199978241937	30.8664704898365	1087	65.3935611260601	186.522775803193
99	WGN38	82.4628620699831	25.7814580811102	1087	39.6339958356572	140.808108749687
100	WGN38	90.5142022533566	27.0107496399073	1087	45.2732830896985	151.271501862393
101	WGN38	116.486586438416	30.6419382336715	1087	64.120735014491	184.368818307719
102	WGN38	90.5551336344328	27.0168562082586	1087	45.3022324751492	151.324415239095
103	WGN38	121.216635199239	44.2154604992236	1087	49.9828345672997	223.497458101022
104	WGN38	128.322326064287	32.1609882306268	1087	72.9758725458159	199.185160028136
106	WGN38	152.985292703883	35.1158442664691	1087	91.840972026881	229.645993826263
107	WGN38	82.6976941102222	25.818141311069	1087	39.7968499210766	141.114918744746
108	WGN38	115.946095640682	30.5707671995031	1087	63.7198923744467	183.688679352295
109	WGN38	104.356230994776	29.0026356109883	1087	55.2069352079647	169.021907226965
110	WGN38	116.895205282618	30.6956350266288	1087	64.4239927620338	184.88279824858
111	WGN38	114.377051385478	30.363212679717	1087	62.558100966514	181.712382249821
113	WGN38	83.7831193145834	25.9870233216393	1087	40.5509034948492	142.531715579696
114	WGN38	93.4458242244351	27.4446832603875	1087	47.3534627378189	155.05456615643
115	WGN38	150.479648410707	34.8270875252784	1087	89.9019114204391	226.573765846354
1	WGN39	66.6993377410865	23.1867048795936	1087	28.9617633291312	119.95329259842
2	WGN39	52.5240273593483	20.5758262011353	1087	19.9093853546318	100.655049809443
3	WGN39	72.623026261115	24.1944327666934	1087	32.9081398073948	127.854293160213
4	WGN39	133.532189120157	32.8073580093963	1087	76.9174619304353	205.663296755256
5	WGN39	58.0000000000013	21.6218211283949	1087	23.3329603274508	108.18342011793
6	WGN39	80.5530897684575	25.4811705738006	1087	38.3134322995093	138.309127682784
7	WGN39	79.8465807817949	25.3691803059815	1087	37.8266648799445	137.382877129024
8	WGN39	100.224993746872	28.4227629077448	1087	52.213494475858	163.752873463264
9	WGN39	107.990739946775	29.5033636241508	1087	57.8589413010578	173.638919037871
10	WGN39	43.9870651192851	18.8295857877877	1087	14.7988066069072	88.6917040770415
11	WGN39	33.7500000000012	16.4935887626046	1087	9.14531519492019	73.8710652504604
12	WGN39	24.2081876439072	13.968810055268	1087	4.55749429298221	59.3752614402103
13	WGN39	96.796852134143	27.9324410260635	1087	49.7474373438706	159.362647369794
14	WGN39	39.6319430161364	17.8731440596165	1087	12.3203654714761	82.4599010061743
15	WGN39	64.6130814466641	22.8212012123721	1087	27.5926796085334	117.149863730173
16	WGN39	73.6848734044741	24.3706686137458	1087	33.6241859989016	129.261941255424
17	WGN39	73.8781778291729	24.4026146036771	1087	33.7548076385097	129.517928465214
18	WGN39	102.426166327697	28.7331825741844	1087	53.8055774876548	166.563135613117
19	WGN39	92.2178453265953	27.2637605483275	1087	46.4804811182763	153.471589980292
20	WGN39	67.9411254969552	23.4015509765247	1087	29.7819910785474	121.616640360741
21	WGN39	30.99193338483	15.8052950796419	1087	7.73778318836196	69.7624640266764
22	WGN39	103.939284598449	28.9446388476018	1087	54.903787090018	168.491162552258
24	WGN39	104.596065110524	29.0359437779979	1087	55.3814137445332	169.327096921893
25	WGN39	49.0000000000007	19.8735894301035	1087	17.7632510171069	95.753129428273
26	WGN39	24.8765205905575	20.0303186668207	1087	1.09756643966655	79.7024970112912
27	WGN39	49.488633753706	19.9724345014387	1087	18.0579360349262	96.4357119178645
28	WGN39	25.7573508221739	14.4088350631693	1087	5.24326293990917	61.787819149817
29	WGN39	94.0150174934107	38.9396152318812	1087	33.1332102032701	185.943847053394
30	WGN39	65.8119474411749	23.0319465782129	1087	28.3780318410875	118.762243486641
31	WGN39	86.3485705712582	26.381886630202	1087	42.3415741933326	145.871947394562
32	WGN39	33.0748277173154	16.3277773195652	1087	8.79548963249599	72.870546247513
34	WGN39	52.62713405748	20.5960118711879	1087	19.9728847649459	100.797763795392
35	WGN39	61.8315017762072	22.3245735110459	1087	25.7855573751255	113.393826622667
36	WGN39	56.9333281282535	21.4220761807274	1087	22.6582177605882	106.724818941297
37	WGN39	37.4110023017315	17.3651262591966	1087	11.0962312631335	79.2421537857079
38	WGN39	36.2487017222007	24.1790519611305	1087	4.32931560954564	99.2151101046982
39	WGN39	68.3980948113586	23.4801180398684	1087	30.0848001256562	122.227769942439
40	WGN39	91.302167895723	27.1280650559412	1087	45.8310584319076	152.289657804917
41	WGN39	83.9246303544172	26.0089603133272	1087	40.6493708932594	142.716270260953
42	WGN39	61.7408522978803	22.3082027845102	1087	25.727029697858	113.271055343281
43	WGN39	109.880577518456	29.760398354808	1087	59.2444384901947	176.033096992095
44	WGN39	53.4436114358215	20.7551641414677	1087	20.4770817107153	101.926521606306
45	WGN39	83.5840053708827	25.9561253515048	1087	40.4124159654764	142.271975221668
46	WGN39	45.9782505861532	19.2510532315189	1087	15.9630102442857	91.5098713733991
47	WGN39	54.3669858620232	20.9336954442075	1087	21.0501511594938	103.200201009931
48	WGN39	24.3743556529839	14.0166698910311	1087	4.62975418382291	59.6353375675226
49	WGN39	104.997524691812	29.091613147683	1087	55.6736417401471	169.837788088855
50	WGN39	52.5040607675871	29.099765364976	1087	10.9295028649582	125.125640940058
51	WGN39	157.289798828369	35.6064398096879	1087	95.1828567059745	234.913121396141
52	WGN39	28.7759180473526	15.2297532639374	1087	6.65106652099124	66.4171500190921
53	WGN39	60.9630924234566	22.1672473813994	1087	25.2258452953357	112.216719996956
54	WGN39	102.939284598448	28.8050641189874	1087	54.1776534731432	167.217296169131
55	WGN39	108.5319672381	29.5772036054977	1087	58.2552835632495	174.325031358329
56	WGN39	71.2100837829177	23.9579151137045	1087	31.9592801528765	125.977267858337
57	WGN39	41.462315177209	18.2812146404599	1087	13.3500424411976	85.0909683585986
58	WGN39	59.0618679703479	21.8188503033749	1087	24.0082277429706	109.631888643103
59	WGN39	163.490442866433	36.301490625913	1087	100.019707634656	242.477558543589
60	WGN39	88.0940136638953	26.647193288134	1087	43.5664461514355	148.137961621733
61	WGN39	60.1676190320714	22.0221484747733	1087	24.7150775462091	111.136540963312
62	WGN39	102.038644398048	28.6787761144201	1087	53.5248091265223	166.068860114952
63	WGN39	49.8746859276667	20.0501839023278	1087	18.2914323169777	96.9743199837337
64	WGN39	77.1928104193134	24.9440345795408	1087	36.0070936848742	133.894907599131
65	WGN39	11.2500000000004	9.52257791199278	1087	0.323475613656206	37.692904831723
66	WGN39	67.8673884437533	23.3888485827802	1087	29.7331780117032	121.517979321182
67	WGN39	76.6961536499422	24.8636604167405	1087	35.6681429807873	133.240544764475
68	WGN39	113.378759998752	42.7620868981948	1087	44.9966946013779	212.807847665968
69	WGN39	82.4082312545155	25.772916688089	1087	39.5961245040648	140.736718450344
70	WGN39	50.2141713571839	28.4581189571785	1087	9.89861916922738	121.576745814983
71	WGN39	102.297727214754	28.7151616803492	1087	53.7124980495207	166.399336825366
72	WGN39	80.3904750535778	25.4554378140814	1087	38.2013090876555	138.096021464878
73	WGN39	92.9031248947752	27.3648728494078	1087	46.9673633084976	154.355266926431
74	WGN39	93.7325384926916	27.4867544591624	1087	47.5576270548297	155.423830375932
75	WGN39	106.69808778417	29.3262539848864	1087	56.9138046006254	171.998751413092
76	WGN39	115.104162882917	30.459571453111	1087	63.0961422145328	182.62856399668
77	WGN39	109.990908339472	29.7753357779456	1087	59.3254598646614	176.17273725966
78	WGN39	78.8958277178805	25.2176894310032	1087	37.1731594511768	136.134876429963
79	WGN39	64.3094676761201	22.767520212068	1087	27.394395947113	116.740919850506
80	WGN39	78.6344441904486	25.1758814082898	1087	36.9938094844034	135.791459341872
81	WGN39	23.5666538263928	13.7824756753853	1087	4.28157625116816	58.3681118469956
82	WGN39	69.0734500748027	23.5957533496329	1087	30.5332617074056	123.130018887578
83	WGN39	85.4114580154044	26.2383391423529	1087	41.6861231652808	144.653173310906
84	WGN39	111.890517979351	30.0313541579021	1087	60.722723353282	178.574693050799
85	WGN39	100.370810803762	28.4434314910637	1087	52.3187566972553	163.939245355646
86	WGN39	135.337489480084	33.0283844743822	1087	78.2890754822867	207.902283923259
87	WGN39	49.6955878111684	20.0141517985828	1087	18.1830345487949	96.7245215189202
88	WGN39	79.3202401778236	35.7672088448244	1087	24.6631662019021	165.024336423587
89	WGN39	77.8285606387569	25.0465419092958	1087	36.4417092725503	134.731792450342
90	WGN39	88.8835136523809	26.766333240601	1087	44.122175827832	149.161231922308
91	WGN39	36.1635217326566	17.07314905686	1087	10.4216534046923	77.4217705059992
92	WGN39	106.648766349227	29.3194751374457	1087	56.8777842729015	171.936128870931
93	WGN39	103.466483264212	28.8787318031817	1087	54.5603051824211	167.889041791381
94	WGN39	71.0295700917502	33.8464117415011	1087	20.1413858040143	152.964776649328
95	WGN39	70.4565334845691	23.830815773583	1087	31.4551176693731	124.974329745143
96	WGN39	71.5487251894469	24.0148137925395	1087	32.1862778862859	126.427552937986
97	WGN39	108.181771159854	29.5294472173197	1087	57.9987926236866	173.8811301414
98	WGN39	39.8782891483168	17.9286063798233	1087	12.4578862798637	82.8150724621482
99	WGN39	26.9017542509923	14.7254499512635	1087	5.7664208531028	63.5534680942601
100	WGN39	77.2888872553837	24.9595528555734	1087	36.0727213545976	134.021433601548
101	WGN39	25.1873363863139	14.2485081331672	1087	4.98783379375931	60.9032194242469
102	WGN39	93.733285782193	27.4868640290216	1087	47.5581593519657	155.424792657799
104	WGN39	58.7488937836523	21.7609634828595	1087	23.8088361103851	109.205331902298
105	WGN39	124.947455790809	31.7352542543946	1087	70.4363556733589	194.974936353637
106	WGN39	100.34838707055	28.4402540556059	1087	52.3025675651432	163.910587021336
107	WGN39	76.1124094201752	24.7688594376809	1087	35.2704123761915	132.470786909537
108	WGN39	89.2936165396162	26.8280112587185	1087	44.4112572672172	149.692356257394
109	WGN39	44.498595461288	18.9387549658822	1087	15.096130779567	89.4174405883872
110	WGN39	48.2553185470873	19.7219960224424	1087	17.3160183837185	94.7109991558343
111	WGN39	67.0928015022435	23.2549942620331	1087	29.2212331620156	120.48075028785
112	WGN39	64.3433666561824	22.7735200598405	1087	27.4165223332031	116.78659142454
113	WGN39	70.5350542618533	23.8440912856519	1087	31.50758991688	125.078899052205
114	WGN39	127.077625302984	32.0046305876283	1087	72.0379687425812	197.633662308764
115	WGN39	86.4705780511651	26.4005183879484	1087	42.4270233925541	146.030513155154
116	WGN39	41.9202895126817	18.3819004637928	1087	13.6104562115023	85.7465032592394
118	WGN39	136.006969899039	33.1099752395983	1087	78.7984626810146	208.731857562442
120	WGN39	101.632473986154	28.6216404804267	1087	53.2307473290228	165.550581088664
121	WGN39	23.958260743102	13.896515526889	1087	4.44942001265869	58.9834819189236
122	WGN39	76.8531913539276	24.8891019502485	1087	35.7752606109013	133.447502542332
123	WGN39	83.0550865276345	25.8738699518417	1087	40.0448944541229	141.581659046524
124	WGN39	60.9576149339875	22.16625150351	1087	25.2223218664498	112.209288446904
125	WGN39	124.390084360749	31.6643920896517	1087	70.0180263532225	194.278522813653
126	WGN39	5.48442752207207	9.40499764329281	1087	0	39.4619432855343
127	WGN39	19.046738469716	12.3904928870157	1087	2.4929382210457	51.1169191637645
128	WGN39	119.270563084843	43.8590959078886	1087	48.7360028001496	220.852145639379
129	WGN39	135.615244931321	33.0622594627482	1087	78.5003631665121	208.246507141508
130	WGN39	95.190178493342	27.6996539847613	1087	48.5975265115876	157.299210920475
1	WGN45	126.587090957484	31.9428000720681	1087	71.6687550676023	197.021807292743
2	WGN45	136.257352543678	33.1404382049351	1087	78.9890724554578	209.042013077276
3	WGN45	31.9343871413578	16.0438120776662	1087	8.21223110879412	71.1729236192999
4	WGN45	154.058202686953	35.2387656030872	1087	92.6726920595723	230.960093759711
5	WGN45	118.271284253107	30.8757794299923	1087	65.4466016116829	186.612347339909
6	WGN45	85.4114580154029	26.2383391423529	1087	41.6861231652794	144.653173310905
7	WGN45	134.450076103455	32.9199221595126	1087	77.6144813041888	206.802051348101
8	WGN45	80.2624151769986	25.4351548175002	1087	38.1130474680231	137.928163331353
9	WGN45	108.887498563549	29.6256088123696	1087	58.5158366712081	174.775540901268
10	WGN45	52.2735039122	20.5266973691972	1087	19.7552599850126	100.308128284766
11	WGN45	117.541289523265	30.7803461080634	1087	64.9038612578005	185.695098234108
12	WGN45	104.377447718105	29.0055837321331	1087	55.2223672789938	169.048908602595
13	WGN45	103.80492254603	28.9259244666291	1087	54.8061454373471	168.320080100092
14	WGN45	88.0563922276195	26.6415027043027	1087	43.5399904872679	148.089174413349
15	WGN45	98.8649376855789	39.9313679919957	1087	36.0371639295587	192.739733711441
16	WGN45	133.848709785607	32.8462177799776	1087	77.1577339445441	206.056066072048
17	WGN45	74.9142829120664	24.5731361448444	1087	34.4563240878577	130.888622181653
18	WGN45	106.452443552906	29.2924765467306	1087	56.734436728347	171.686830822842
19	WGN45	40.4861063448475	18.0647218610788	1087	12.7986246512447	83.6899684838287
20	WGN45	120.457972893963	31.1598995281447	1087	67.0758043492748	189.356521884029
22	WGN45	117.662213100529	30.7961750681456	1087	64.9937260603899	185.847080586048
23	WGN45	83.2378030638389	25.9023148481421	1087	40.1717978718242	141.820188701232
24	WGN45	85.4264068711916	26.2406351808252	1087	41.6965668519865	144.672627335775
25	WGN45	40.902205763103	18.1573154211328	1087	13.0330417288324	84.2877502427519
26	WGN45	39.7387246296909	25.316286547505	1087	5.58791506360685	104.936556465618
28	WGN45	53.0549396327362	20.679554847241	1087	20.2367665918674	101.389493118983
29	WGN45	55.9713151776338	21.2403187253188	1087	22.0528399789068	105.406170821739
31	WGN45	86.1801758673322	26.3561494464889	1087	42.2236796729668	145.653052507076
32	WGN45	59.2627091267468	21.8559165545902	1087	24.1363393998596	109.905459299013
33	WGN45	81.3904165490435	36.2309461780382	1087	25.8234209316577	168.004434436272
34	WGN45	72.3540163970718	24.1495807423421	1087	32.7271362881028	127.497276951419
35	WGN45	96.9227489866774	27.9506000034662	1087	49.8377035810929	159.52417483764
36	WGN45	16.4529868602932	11.5159732891063	1087	1.61512417159448	46.8072299943704
37	WGN45	100.699601592045	28.4899803433959	1087	52.5562117118392	164.359371917629
38	WGN45	24.7500000000007	14.1242655808342	1087	4.79427977962449	60.2221006657552
40	WGN45	68.9463772249641	23.5740390737315	1087	30.4487954974821	122.960339397824
41	WGN45	44.333123951778	18.9035095484471	1087	14.9998160227911	89.182812326143
42	WGN45	71.6618624192531	24.0337931404471	1087	32.2621748117965	126.577930472088
43	WGN45	41.2432420089069	18.232854728697	1087	13.2258586146431	84.7770058485491
44	WGN45	51.040782383617	20.2832215726079	1087	19.0002741930675	98.5976710195448
45	WGN45	116.997747702048	30.7090954362911	1087	64.5001238550998	185.011751994374
46	WGN45	104.76922721456	29.0599688015993	1087	55.507435177879	169.547399696619
47	WGN45	86.2631768026298	37.2997365338227	1087	28.5990554951963	174.974320379906
48	WGN45	97.4993589701455	28.0336181602836	1087	50.2514195896482	160.263678796021
49	WGN45	102.396847410177	28.7290699234153	1087	53.7843282028144	166.525747062919
50	WGN45	79.7697317192016	25.3569689687266	1087	37.7737762778179	137.282067605964
52	WGN45	45.6246428542281	19.1768827256114	1087	15.7549360798564	91.0107300739781
53	WGN45	54.6854385646548	20.9949151185375	1087	21.2484817529773	103.63877582171
54	WGN45	36.4571414560327	17.142319296916	1087	10.5795508261006	77.8511125313433
55	WGN45	86.2431812546036	26.3657820330386	1087	42.2677844923149	145.734958462271
56	WGN45	147.566296630999	34.4883059510697	1087	87.6532994924171	222.995674214959
57	WGN45	63.319592735266	22.5916176823538	1087	26.7496679399036	115.405897976007
58	WGN45	28.8458008537091	15.2482349073987	1087	6.68468559322337	66.5232965595731
59	WGN45	97.3555552380595	28.0129368628346	1087	50.1481956400697	160.079295281428
60	WGN45	153.43558447618	49.7457618349293	1087	71.350509838965	266.567681383238
61	WGN45	84.7916460191569	26.1429628940667	1087	41.2534535580141	143.846218925678
62	WGN45	66.6963853453952	23.1861917029456	1087	28.9598178623725	119.949333273796
64	WGN45	59.3726264871977	21.8761757680943	1087	24.2065051692994	110.055128250474
65	WGN45	31.9295323220742	16.0425925025349	1087	8.20976927736346	71.1656758121633
66	WGN45	127.417102965346	32.0473509747877	1087	72.2936226495032	198.056963726568
67	WGN45	47.7099188701543	27.7394201968588	1087	8.80456057617704	117.662299433973
68	WGN45	140.699715099139	33.6763397601921	1087	82.3799164293901	214.535894214266
69	WGN45	132.998120274186	32.7416849215357	1087	76.5122534535275	205.000367540223
71	WGN45	71.2100837829173	23.9579151137042	1087	31.9592801528764	125.977267858336
72	WGN45	126.083630628496	45.0943772040009	1087	53.1252646587193	230.089018868115
73	WGN45	78.28479634051	35.5329899715999	1087	24.0872946403627	163.5293203105
74	WGN45	79.151776609692	25.2585611320324	1087	37.348911984778	136.471021679984
75	WGN45	116.06137047075	30.5859603135971	1087	63.8053560542679	183.83376533261
76	WGN45	55.2940795488895	21.1114270026396	1087	21.6285090862525	104.476030456905
77	WGN45	50.2485954612864	20.1252014795527	1087	18.5181462031518	97.4954251647994
78	WGN45	67.0269119345826	23.2435724860455	1087	29.1777548181458	120.392449496397
80	WGN45	101.879760219562	28.6564395822078	1087	53.409752547411	165.866148337091
81	WGN45	72.4301050302509	24.1622754471255	1087	32.7783160218101	127.59827448407
82	WGN45	64.428480087538	22.7885774927502	1087	27.472090840982	116.901249779472
84	WGN45	59.9952825989844	21.9905871456746	1087	24.6046691364305	110.902276506917
85	WGN45	60.6401820327494	31.2732695723182	1087	14.8008855067092	137.526500828632
86	WGN45	66.1496554346291	23.0909641287368	1087	28.5999386199281	119.215752694708
87	WGN45	46.3663657557982	19.3321342250226	1087	16.1920324416458	92.0570795153288
88	WGN45	126.767427858723	31.9655449483359	1087	71.8044631376778	197.246773025147
89	WGN45	124.756097258727	31.7109434808811	1087	70.2926984958078	194.735876467025
90	WGN45	89.9888875168079	26.9322548196401	1087	44.9019868687803	150.592168610214
92	WGN45	126.840350488453	31.9747376743658	1087	71.859348271265	197.337733151018
93	WGN45	97.1977722226296	27.9902275375277	1087	50.0349716995294	159.876953191108
94	WGN45	47.9530791340067	19.6601362358018	1087	17.1351570753738	94.2873816380182
95	WGN45	90.4088043316402	26.9950189256164	1087	45.1987511697977	151.135237938861
96	WGN45	39.5227116418587	17.8484965782222	1087	12.2594961226859	82.3023076064097
98	WGN45	75.4594152699299	24.662380346799	1087	34.8263460439537	131.608864941285
99	WGN45	100.805908908424	40.3214401377228	1087	37.2127555685137	195.446084518177
100	WGN45	52.9952825989842	20.6679251299629	1087	20.1999287936559	101.307016849691
101	WGN45	75.5889327529525	24.6835363547493	1087	34.9143522918388	131.779893659444
102	WGN45	114.324045405231	30.356176222924	1087	62.5189015613613	181.645569694479
103	WGN45	68.9541880217288	33.3482742699285	1087	19.0434235648853	149.911974748414
104	WGN45	143.496503411006	34.009397079178	1087	84.5231967299592	217.986190537432
105	WGN45	74.3474889911915	24.480000710223	1087	34.0722757461708	130.139082681591
106	WGN45	128.904968752419	32.2339184180373	1087	73.415415355875	199.910902594341
107	WGN45	100.916596402424	28.5206599633584	1087	52.7130085434135	164.636564706813
108	WGN45	109.082310828825	29.6520987809458	1087	58.6586716770255	175.022330426003
109	WGN45	65.9990457876264	23.0646623762104	1087	28.5009369244921	119.013535096139
110	WGN45	79.645431207185	25.3372051249422	1087	37.6882553677222	137.118987492026
111	WGN45	77.9610192272648	25.0678465509951	1087	36.532364984392	134.906053915516
112	WGN45	40.8745689603925	18.151180117069	1087	13.0174433054904	84.2480750606728
113	WGN45	37.3293166859391	17.3461578262237	1087	11.0517645349106	79.123249282346
114	WGN45	81.462405971645	25.6245879056483	1087	38.9413423603342	139.499850028334
115	WGN45	49.0659136044218	19.8869516717703	1087	17.8029459153762	95.8452617388457
116	WGN45	144.426866099881	34.119469284956	1087	85.2375813748252	219.132531270315
117	WGN45	56.4988937836516	21.3401882298245	1087	22.3844597587454	106.129708253936
118	WGN45	65.9714961610346	32.6190423824906	1087	17.4915931606698	145.498421431242
119	WGN45	67.6138078556493	23.3451124923235	1087	29.5654141400232	121.178582016654
120	WGN45	96.7968521341416	27.9324410260632	1087	49.7474373438698	159.362647369792
121	WGN45	13.6614076695156	14.8436520646112	1087	0	58.3103725572229
122	WGN45	64.9838667696599	22.8865878292598	1087	27.8351666611356	117.648947323563
123	WGN45	127.047601064593	32.0008495466273	1087	72.0153634691686	197.596219105396
124	WGN45	131.419627682819	32.5468070816193	1087	75.316140177522	203.039495633494
126	WGN45	98.2704039151052	28.1442476742892	1087	50.8053929689422	161.251795306647
127	WGN45	137.495878996465	33.2907143501628	1087	79.9327347535929	210.575403684715
128	WGN45	51.2386337537064	20.3224958696684	1087	19.1210635491909	98.8725844036002
129	WGN45	98.4485772152005	28.169750177502	1087	50.9335265635344	161.480008312245
130	WGN45	53.4639877474736	29.3645746612946	1087	11.3698346077925	126.605163156997
1	WGN46	43.9772609758339	18.8274872362306	1087	14.7931201338286	88.6777822632182
2	WGN46	86.2133072292276	26.3612151777167	1087	42.246871316526	145.696123587307
3	WGN46	71.8294571546935	24.0618804995727	1087	32.3746579698644	126.800636784901
4	WGN46	83.000000000002	25.865288068878	1087	40.006646857657	141.509733587726
6	WGN46	31.496945253227	22.538616711131	1087	2.79633716099	91.2445756153069
7	WGN46	101.368641037851	28.5844661473097	1087	53.0398559530004	165.213806568079
8	WGN46	44.9837160062133	26.9352310103415	1087	7.65629654147169	113.358157740798
9	WGN46	143.535202540712	34.0139827147629	1087	84.5528981604077	218.033887366395
10	WGN46	82.0123437979096	25.7109358776512	1087	39.3218526188904	140.219215422307
11	WGN46	100.512498437891	28.4635003797523	1087	52.4210661859776	164.120311135183
12	WGN46	44.1186367547094	18.8577257598555	1087	14.8751634305385	88.8784905242585
13	WGN46	108.499423960076	29.5727689151956	1087	58.23144180738	174.283786558149
14	WGN46	37.2664991614223	17.3315566817576	1087	11.0175966281584	79.0317821400642
15	WGN46	107.812173343955	29.4789610917812	1087	57.728256097295	173.412471035992
16	WGN46	55.8328157299981	21.2140231622248	1087	21.9659363382507	105.216075567123
17	WGN46	109.953683840864	29.7702968808443	1087	59.2981224318407	176.125625695265
18	WGN46	52.2980325552633	20.531512743574	1087	19.7703401471289	100.342105408776
19	WGN46	150.959437154887	34.8825646170737	1087	90.2728458567707	227.16240889838
20	WGN46	46.7522620427183	27.4596093490749	1087	8.39593426166292	116.155612093616
21	WGN46	86.5619197177444	37.3642681311396	1087	28.7711778155228	175.399683889808
22	WGN46	45.8637267303476	19.2270627641438	1087	15.8955592547128	91.3482746513608
23	WGN46	77.4864840178138	24.9914382843402	1087	36.2077541619516	134.281594319054
24	WGN46	67.4602924334799	23.3185951915124	1087	29.463929607224	120.973035705114
25	WGN46	78.9323706252385	25.223528909667	1087	37.1982444326133	136.182877263242
26	WGN46	55.444764848253	21.1401734558172	1087	21.7227895676552	104.683120574229
27	WGN46	27.7086275743362	21.1397841215624	1087	1.75273713770189	84.7115402808121
28	WGN46	79.7468353162649	25.3533295867607	1087	37.7580208837567	137.252030194152
29	WGN46	67.9149659421224	23.3970453616296	1087	29.7646722104731	121.58164011915
30	WGN46	58.2586194087202	21.6699728786749	1087	23.497098838221	108.536520424597
31	WGN46	90.1606229914323	26.9579414299089	1087	45.0233213924666	150.814305035776
32	WGN46	72.7777670693045	24.2201950771686	1087	33.0123311295792	128.059583454408
33	WGN46	81.4087635601559	25.6161497123979	1087	38.9042569394159	139.429650626274
34	WGN46	70.8202354216493	23.8922448339981	1087	31.6982866506544	125.458564638023
36	WGN46	89.1909720865776	26.8125872089784	1087	44.3388770945208	149.559447524013
37	WGN46	140.253623093286	33.6229115341445	1087	82.0386585519625	213.984968079987
38	WGN46	85.7499999999995	26.2902876451272	1087	41.9227344586622	145.093645986715
39	WGN46	40.5000000000002	18.0678212389844	1087	12.8064368658289	83.7099435795501
40	WGN46	60.5873727666622	22.098832685857	1087	24.9843654497655	111.706760528937
41	WGN46	98.5821838943785	28.1888585831711	1087	51.029639707888	161.651108526247
42	WGN46	83.7072948325459	25.975261414107	1087	40.4981576252976	142.432812485172
43	WGN46	88.771887242358	26.7495204018668	1087	44.0435387087784	149.016616221316
44	WGN46	93.4458242244415	27.4446832603884	1087	47.3534627378236	155.054566156438
45	WGN46	56.2500000000007	21.2931315322533	1087	22.2278982167086	105.788482228671
46	WGN46	89.079214001623	26.7957835875264	1087	44.2600902148565	149.414718233768
47	WGN46	73.4991496500271	24.3399359303656	1087	33.4987643415798	129.015915403853
48	WGN46	94.946398167658	27.6641620902047	1087	48.4233865634205	156.985790217274
49	WGN46	47.4354385646546	19.5537353776986	1087	16.8262908196777	93.5609667550099
50	WGN46	70.4501628660178	23.8297383683977	1087	31.4508610800889	124.965845097325
52	WGN46	86.5713679359263	26.4159000954113	1087	42.4976320788206	146.16148423841
53	WGN46	197.369743682775	56.420032090715	1087	102.188757822207	323.597751813185
54	WGN46	108.917368550859	29.6296719779844	1087	58.5377341230746	174.813383424022
55	WGN46	149.477478128477	49.0999354709124	1087	68.6596109019197	261.342367624877
56	WGN46	132.847569661595	32.7231482818513	1087	76.3980744858335	204.813445282736
57	WGN46	74.52054216465	24.5084742980753	1087	34.1894595040327	130.368005270645
58	WGN46	87.0587828773333	26.4901592448045	1087	42.8393395210245	146.79460667902
59	WGN46	81.407102700514	25.6158884073225	1087	38.9031087992084	139.427477047198
60	WGN46	50.3997991959773	20.1554582444182	1087	18.6099816636493	97.7059971736832
61	WGN46	109.546863770437	42.0332542338948	1087	42.5948764943491	207.545873316367
62	WGN46	70.8270434653112	23.8933932030769	1087	31.7028414233322	125.467625952668
63	WGN46	83.1247822293046	25.8847237083412	1087	40.0932934707458	141.672651433242
64	WGN46	54.4242587208749	29.6271107902768	1087	11.8149706366518	128.080569074941
65	WGN46	74.4790209379725	24.5016455520947	1087	34.1613372929331	130.31308502839
66	WGN46	97.0976990145344	27.9758146906252	1087	49.9631786413649	159.748599833082
67	WGN46	124.131427428342	31.6314534648198	1087	69.8239999032635	193.955235398799
68	WGN46	81.4237905622532	36.2383736381633	1087	25.8422211630626	168.052382231286
69	WGN46	65.4226185054087	22.9637195717671	1087	28.1225744426142	118.239043013582
70	WGN46	102.588159097779	28.7558951733848	1087	53.9230047589815	166.769693881956
71	WGN46	35.498239349299	16.9153769446912	1087	10.0659433783566	76.44691576562
72	WGN46	102.961150395226	28.8081232632061	1087	54.1935167738324	167.245164461999
73	WGN46	108.291650603956	29.544439834509	1087	58.079254322299	174.020427330992
74	WGN46	90.4827315115951	27.0060535689794	1087	45.2510267377675	151.230816730801
75	WGN46	81.7523005485584	25.6701416304366	1087	39.1418537518417	139.879127790653
76	WGN46	117.384501368086	30.7598103281586	1087	64.7873673580572	185.498015823493
78	WGN46	43.332666656	18.688996445573	1087	14.4202653495835	87.7614484077948
79	WGN46	84.7048575403356	26.1295801554928	1087	41.1929240033259	143.733171522724
80	WGN46	135.477394752789	33.0454516283933	1087	78.3954924596132	208.075677491343
81	WGN46	104.307335387955	28.9958402926629	1087	55.171373026689	168.959678194599
82	WGN46	48.7166295470957	19.8160409236391	1087	17.5927992958101	95.3568402437596
83	WGN46	80.4968353162632	25.4722716001973	1087	38.2746389574922	138.235412120412
84	WGN46	149.261362766919	34.6858206903538	1087	88.9608123241048	225.078293655111
85	WGN46	42.9767315949148	18.6120823523272	1087	14.2152471825361	87.2545964526719
86	WGN46	57.2717802865898	21.4856558515629	1087	22.8719171455182	107.18802387304
87	WGN46	154.733304373003	35.3158914692079	1087	93.1964613216977	231.786527869687
88	WGN46	107.825901807805	29.4808379112382	1087	57.7383019621427	173.429882098846
89	WGN46	49.283419243779	19.9309816381232	1087	17.9340582100789	96.1491607228573
90	WGN46	120.749481325569	31.1975802412529	1087	67.2933776157193	189.721965480797
91	WGN46	54.5361904719582	20.9662457688471	1087	21.1554871897286	103.433274199566
92	WGN46	87.7906784333152	26.6012764188078	1087	43.3532066498724	147.744530662136
93	WGN46	76.6620576505841	24.8581331148541	1087	35.6448923700687	133.195603376478
94	WGN46	86.815701541128	26.4531511209324	1087	42.6688736298339	146.478909897801
95	WGN46	94.446398167657	27.5912244127284	1087	48.066501138116	156.342675642576
96	WGN46	102.055172142485	28.6810986476763	1087	53.5367797151703	166.089945015178
98	WGN46	25.4385775404497	14.3193955179124	1087	5.09998335257423	61.2935521737034
100	WGN46	46.0308859896811	27.2469382411459	1087	8.09185056306622	115.016943686138
101	WGN46	67.1184064392402	23.2594312943977	1087	29.2381319813821	120.515061342477
102	WGN46	45.9782505861524	19.2510532315187	1087	15.9630102442853	91.5098713733977
103	WGN46	81.7523005485585	25.6701416304368	1087	39.1418537518415	139.879127790654
104	WGN46	115.94609564069	30.5707671995041	1087	63.7198923744534	183.688679352306
106	WGN46	114.157820200743	30.3340995149914	1087	62.3959941423553	181.436026704509
107	WGN46	102.997572758335	28.8132182293403	1087	54.2199420553696	167.291583906679
108	WGN46	51.3331891575849	20.3412387200686	1087	19.1788426920691	99.003916068479
109	WGN46	88.533119314591	26.7135223610674	1087	43.8754042927598	148.7072147818
110	WGN46	132.862498809298	32.7249869116093	1087	76.4093959684037	204.83198209557
111	WGN46	110.680504448342	29.8685292667364	1087	59.8321964834266	177.045192858636
112	WGN46	101.045030175465	28.5388029219271	1087	52.805843132478	164.800597663831
113	WGN46	171.438388945061	37.1734023090989	1087	106.256833269998	252.136325065501
114	WGN46	61.1993377410834	22.2101573163776	1087	25.3778949365006	112.537160991044
115	WGN46	67.2656211871647	23.2849254618369	1087	29.3353233798315	120.712299439876
116	WGN46	71.7305499510461	24.045308516186	1087	32.3082674631606	126.66921288431
117	WGN46	60.2666620396076	22.0402665504674	1087	24.7785701936706	111.271134330923
118	WGN46	110.9639522573	29.9067507935503	1087	60.0406479702707	177.403636989707
119	WGN46	82.852146256271	25.8422399706427	1087	39.9040169117026	141.316656046218
120	WGN46	48.9124696438012	19.8558310637029	1087	17.7105652178313	95.6307545151494
121	WGN46	77.4539154317683	24.9861856176112	1087	36.1854920895074	134.238719219407
122	WGN46	59.0618679703472	21.8188503033748	1087	24.0082277429701	109.631888643103
123	WGN46	75.3558907144941	24.6454570891825	1087	34.7560274377621	131.472134436604
124	WGN46	53.3331976109323	20.7337131031176	1087	20.4087580145017	101.774017652741
125	WGN46	84.8556371690952	26.1528259101986	1087	41.2980920029065	143.929562780662
126	WGN46	96.447510309144	27.8819910898777	1087	49.4970857994855	158.914315264181
127	WGN46	43.4870651192845	18.7222621865011	1087	14.509391479972	87.9811192039752
128	WGN46	108.979353887505	29.6381019647994	1087	58.5831785713969	174.891909648992
129	WGN46	76.9187454245975	24.8997146140944	1087	35.8199910561795	133.533880238394
130	WGN46	108.453320931471	29.5664852916339	1087	58.1976681830656	174.225354125255
1	WGN55	117.52110004146	30.7777025011747	1087	64.8888589260199	185.669721602277
2	WGN55	82.9124040869523	25.8516357096723	1087	39.9458389045326	141.39534971475
3	WGN55	79.332975677896	25.2874563226585	1087	37.4734143900183	136.708917411152
4	WGN55	69.3911325780347	23.6499518795692	1087	30.7445986313789	123.554046970069
5	WGN55	55.9807621135334	21.2421111386544	1087	22.0587699331714	105.419134739274
6	WGN55	58.4732783924063	21.7098586279492	1087	23.6334960477278	108.829441182464
7	WGN55	72.637497728099	24.1968432383612	1087	32.9178815703432	127.873494331234
8	WGN55	32.7221935853074	16.2405030818108	1087	8.61410053940842	72.3466670765847
9	WGN55	106.153619241623	29.2513339700147	1087	56.5163402736726	171.307278654952
10	WGN55	91.8665158229238	27.2117765538133	1087	46.2311519458929	153.018260145333
11	WGN55	54.7916336502694	21.0152905192658	1087	21.3146972709611	103.784950474956
12	WGN55	49.9799919935932	20.0713398515945	1087	18.3552272629131	97.1211371696517
13	WGN55	68.4742549587193	23.4931867644828	1087	30.135317490991	122.329572871826
14	WGN55	51.6999443206444	20.4137744099437	1087	19.4032720399122	99.5129970467548
15	WGN55	90.9890096616772	27.0815016815081	1087	45.6092644660837	151.885135302649
16	WGN55	80.922765862816	25.5395730323835	1087	38.5685140811543	138.793398089856
17	WGN55	67.6648840844937	23.3539284076413	1087	29.5991922314041	121.246956382962
18	WGN55	76.9707681233427	24.9081334422813	1087	35.8554947614896	133.602421930574
19	WGN55	90.9009911786088	27.0683998275135	1087	45.5469537698143	151.771409032782
20	WGN55	85.0475920832592	26.1823898128146	1087	41.4320381416931	144.179526470203
21	WGN55	78.492833740699	25.1532019420956	1087	36.8966995215218	135.605348405254
22	WGN55	32.5083310198056	16.1873445232911	1087	8.50454297452168	72.0284995104677
23	WGN55	39.6913686675149	17.8865388782695	1087	12.3535084958097	82.5456092845987
24	WGN55	99.9099188538742	28.3780517639941	1087	51.9861494989129	163.350068654213
25	WGN55	135.422003073652	33.038695408305	1087	78.3533574894626	208.007029103219
26	WGN55	77.1848734044749	24.9427521656677	1087	36.0016729568491	133.884454297479
27	WGN55	44.4985954612893	18.9387549658823	1087	15.096130779568	89.4174405883887
28	WGN55	97.9679211617623	28.1008993705385	1087	50.587966036812	160.864256732091
29	WGN55	51.5147016443477	20.3771699643309	1087	19.2898527318273	99.2559310022463
30	WGN55	47.4670824512631	19.5602563780952	1087	16.84513953333	93.6054058145748
31	WGN55	81.7071421427169	25.6630508036751	1087	39.1106086030621	139.82005612775
32	WGN55	35.7482393493001	16.9748365812686	1087	10.1992747251344	76.8135844188441
33	WGN55	27.4977270848679	14.8876678889728	1087	6.04409795880731	64.4677366563068
34	WGN55	74.8798073831325	24.5674812194902	1087	34.4329443637946	130.843050847849
35	WGN55	52.4229627936319	20.5560210917104	1087	19.8471813601624	100.51512467248
36	WGN55	40.8248598998865	18.1401396018544	1087	12.9893973784162	84.1767028667349
37	WGN55	111.495495312686	29.978295351853	1087	60.4318099580435	178.075561112707
38	WGN55	27.8514705087371	14.9831227838023	1087	6.21054467747666	65.0087767853757
40	WGN55	17.4102540378459	11.8462481955303	1087	1.92434284525555	48.4125456758144
41	WGN55	28.5185058345966	15.1614820946855	1087	6.52761249952412	66.0257796150474
42	WGN55	50.3826859021811	20.1520360525743	1087	18.5995832193964	97.682169030344
43	WGN55	118.924509261221	30.9609271451866	1087	65.9327541345183	187.432644833302
44	WGN55	79.4893250640444	35.8053105634207	1087	24.7574898475575	165.268182550374
45	WGN55	13.7082039325001	10.5115933569598	1087	0.841084099846914	42.0917042105316
46	WGN55	17.3744756848339	16.7397471615471	1087	0.0521123904185363	65.7438612490909
47	WGN55	22.4972218792028	13.4661274098202	1087	3.83286666653319	56.6779575372507
48	WGN55	55.8151251893429	21.2106620808758	1087	21.9548407392558	105.191790084808
49	WGN55	49.7812296813968	20.0313898637129	1087	18.2348527706011	96.8439870375707
50	WGN55	78.9272183376437	25.2227056669664	1087	37.194707469677	136.176109650989
52	WGN55	26.4201648339212	14.5930488025648	1087	5.54462218809571	62.8120879251251
53	WGN55	38.9705627484781	17.7233825679239	1087	11.9528395316651	81.5046664106693
54	WGN55	112.3714243681	30.0958224674055	1087	61.0771333273488	179.18209585423
55	WGN55	80.8019850627746	25.520506445253	1087	38.4851447617428	138.635205809185
56	WGN55	102.90282290978	28.7999622071928	1087	54.1512024944652	167.170823770472
57	WGN55	46.0308859896819	27.2469382411462	1087	8.09185056306648	115.01694368614
58	WGN55	52.872023622036	20.6438759109946	1087	20.1238579623073	101.136569727143
59	WGN55	65.4761363439082	22.9731101879797	1087	28.1576664949917	118.310986638203
60	WGN55	32.4980768092722	16.1847913080822	1087	8.49929855208929	72.0132355118335
61	WGN55	19.2368329805058	12.4521705582	1087	2.5620119647197	51.4280344416702
62	WGN55	105.933014340489	29.2209235903758	1087	56.3554050617718	171.027004064585
63	WGN55	33.9926454679672	16.5527728669902	1087	9.27183264481626	74.2298387364966
64	WGN55	47.2379000772461	19.5129784546379	1087	16.7087234790291	93.2834571208414
65	WGN55	57.4284800875395	21.5150289404717	1087	22.970982575973	107.402358044484
66	WGN55	123.48170459576	31.5485629300237	1087	69.336920632201	193.142869004697
67	WGN55	54.4242587208764	29.627110790277	1087	11.8149706366527	128.080569074942
68	WGN55	56.8271644662762	21.4020939724457	1087	22.5912621641633	106.579447213767
69	WGN55	43.9943174479227	18.8311379795012	1087	14.8030133044716	88.7020020367521
70	WGN55	37.2009529009599	24.4945842498705	1087	4.66244549367962	100.786482578083
71	WGN55	13.2692024052035	10.3419083044752	1087	0.735029890849635	41.3197553649356
72	WGN55	74.4333292702756	24.4941287185813	1087	34.1303947709255	130.252644215004
73	WGN55	58.6274169979708	21.7384539543649	1087	23.7315263685222	109.039688072798
74	WGN55	65.0156211871653	22.8921789208741	1087	27.8559505250648	117.691672294644
75	WGN55	105.468738894812	29.1568196153354	1087	56.0169111523549	170.436947082647
76	WGN55	102.989633097829	28.8121076615203	1087	54.2141814941539	167.281465146883
77	WGN55	61.1550988154241	31.4057649810302	1087	15.0558265851501	138.301393315541
78	WGN55	29.1374945699386	15.3251373750632	1087	6.82548522653529	66.9658843587202
80	WGN55	85.2678533483105	26.2162722372381	1087	41.5858170490818	144.466270092917
81	WGN55	51.7332416321065	20.4203470900974	1087	19.4236727750456	99.5591909345456
82	WGN55	109.456000593078	29.7028458360737	1087	58.9327881690951	175.495593462438
83	WGN55	90.6204968844043	27.0266049155311	1087	45.3484673110634	151.408906903123
84	WGN55	78.94933459515	25.2262392564753	1087	37.209890298848	136.20515933683
85	WGN55	90.7244402950454	27.0421004849065	1087	45.4220061091972	151.543254926272
86	WGN55	72.4165699921368	24.1600177353716	1087	32.7692109500539	127.580309479598
87	WGN55	55.4165214862035	21.1347884061196	1087	21.7051124742867	104.644310943499
88	WGN55	68.9521722427314	23.5750297646879	1087	30.4526466322004	122.968078298641
89	WGN55	64.7530486293649	22.845905894311	1087	27.6841725297682	117.33830517434
90	WGN55	77.2266594028884	24.9495029494121	1087	36.030212913191	133.939486337964
91	WGN55	18.7870878105039	12.30574768303	1087	2.39957026023648	50.6909858061497
92	WGN55	69.0857112474942	23.5978474883257	1087	30.5414138684211	123.146389071946
93	WGN55	36.0000000000008	17.0345052258029	1087	10.3339566179046	77.1824238274752
94	WGN55	60.9292607994016	22.1610956424861	1087	25.204084298269	112.170817745912
95	WGN55	62.2704849240645	22.4036818810744	1087	26.0693181314382	113.988032162069
96	WGN55	69.3967421579287	23.6509077914308	1087	30.7483325699821	123.561532191254
97	WGN55	83.6825205639494	25.9714172705	1087	40.4809261383803	142.400495434897
98	WGN55	91.4606182218307	27.1515945489091	1087	45.9433403921522	152.494276496887
99	WGN55	113.19808778417	30.2063199853983	1087	61.6869841735679	180.22557184015
100	WGN55	56.874719729534	21.4110471674664	1087	22.6212499267562	106.64456997769
101	WGN55	99.6018167522983	28.3342618751895	1087	51.7639696741238	162.956044275851
102	WGN55	51.4582982012132	20.3660114281582	1087	19.255343996803	99.1776328510016
103	WGN55	30.3874945699388	15.6504100413838	1087	7.43725186194789	68.854117723308
104	WGN55	128.03087487641	32.1244447589757	1087	72.756125086166	198.822005112031
105	WGN55	77.9923461417495	25.0728825255124	1087	36.5538105676336	134.947262161243
106	WGN55	61.498983723045	22.2644639330771	1087	25.5709832568931	112.943364634575
107	WGN55	55.1107520371279	21.0764004795284	1087	21.5139088239949	104.223975695639
108	WGN55	44.1817121994626	18.8712011831056	1087	14.9117980900347	88.9680067542685
109	WGN55	103.957481922132	28.9471724993976	1087	54.9170130119274	168.514331277715
110	WGN55	59.0331009286938	21.8135360435643	1087	23.9898880697075	109.592694233058
111	WGN55	167.108823052414	36.7010055737839	1087	102.854180054064	246.879846496144
112	WGN55	134.538450166038	32.9307395180329	1087	77.6816300999746	206.91165067748
113	WGN55	60.5084733593603	22.0844389868608	1087	24.9337086213531	111.599618542746
114	WGN55	112.462764338791	42.5889975058667	1087	44.4203260809781	211.552224866446
115	WGN55	114.407003111318	30.3671880011681	1087	62.5802525202278	181.750134147786
116	WGN55	97.7623041306583	28.0713945164248	1087	50.4402419191388	160.600746787556
117	WGN55	104.997311750252	29.0915836478607	1087	55.6734866816275	169.837517264255
118	WGN55	30.9272486205425	15.7887924660965	1087	7.70547900706858	69.6653986793946
119	WGN55	53.6507575648894	20.7953484946882	1087	20.6053801602355	102.212515414922
120	WGN55	40.0610984357926	25.4187662157839	1087	5.70920851387214	105.460010627556
121	WGN55	123.96773353932	31.6105901592836	1087	69.7012429236953	193.750604600324
122	WGN55	75.3132799419873	24.6384880887922	1087	34.7270908808517	131.415849448501
123	WGN55	47.9165214862038	19.6526407278547	1087	17.1133067293261	94.2361166884598
124	WGN55	18.3329510622932	12.1561055685266	1087	2.23905360406672	49.9432289658979
125	WGN55	35.1808273176132	16.8395816313943	1087	9.89725302799933	75.9807820526053
126	WGN55	81.8900966005232	25.6917664340651	1087	39.2372187218024	140.059354924622
128	WGN55	51.3584400165837	20.3462410451771	1087	19.1942782449714	99.0389822335743
129	WGN55	37.4181547025954	17.3667861506803	1087	11.1001267099517	79.2525631406174
130	WGN55	96.627435003334	27.9079861685248	1087	49.626004281886	159.14524617016
1	WGN63	67.1640688932078	23.267341956969	1087	29.2682725384557	120.576245693338
2	WGN63	94.8998886412894	27.6573856104971	1087	48.3901734984261	156.925984229531
3	WGN63	98.8649376855823	39.9313679919969	1087	36.0371639295603	192.739733711447
4	WGN63	61.0907593226447	22.1904462016857	1087	25.3079926576587	112.389906433009
5	WGN63	56.827164466278	21.402093972446	1087	22.5912621641644	106.57944721377
6	WGN63	98.2471263418658	28.1409141752877	1087	50.7886562166936	161.221976912416
7	WGN63	125.30239721397	31.7802978608704	1087	70.7029148391378	195.418260034181
8	WGN63	98.4783982551311	28.1740163013168	1087	50.954976833837	161.518200121804
9	WGN63	73.8532638356911	24.3984996006822	1087	33.7379678931241	129.484940223637
10	WGN63	137.810192531825	33.3287436680066	1087	80.1724291094349	210.964336399593
12	WGN63	89.6685948578681	26.884282824804	1087	44.6758224008643	150.17774776025
13	WGN63	106.863086899561	29.3489204488077	1087	57.0343287415431	172.208225502958
14	WGN63	75.6144015594917	24.6876944189212	1087	34.9316623578463	131.813521206515
16	WGN63	66.1496554346312	23.090964128737	1087	28.5999386199296	119.215752694711
17	WGN63	84.5832477754079	26.110816453344	1087	41.1081314136315	143.574744582563
18	WGN63	85.4992689996011	26.2518234134086	1087	41.7474760035094	144.767442441071
19	WGN63	92.7078452019468	27.336097632987	1087	46.8285448713926	154.103525977879
20	WGN63	40.6150452459344	18.0934649783527	1087	12.87116527991	83.8753056573372
21	WGN63	134.347898963656	32.9074108136864	1087	77.5368532863077	206.675325086383
22	WGN63	61.9959674796604	22.3542443768812	1087	25.8918044254514	113.616510979248
23	WGN63	118.699130612762	30.9315755794954	1087	65.7649676247994	187.149674046103
24	WGN63	119.576036681943	31.0456209591239	1087	66.4180996917582	188.250354117506
25	WGN63	100.431266766406	28.451996312647	1087	52.3624072056996	164.01650677249
26	WGN63	63.3315017762087	22.59374207892	1087	26.7574085987209	115.421975399075
27	WGN63	110.336295936469	29.822048597841	1087	59.5791899592059	176.609782359111
28	WGN63	113.887217759341	30.298125844763	1087	62.1959773940157	181.094838570045
29	WGN63	122.633219686322	31.4399856223417	1087	68.7014805543001	192.081339263722
30	WGN63	69.5708206631917	23.6805528142659	1087	30.864243129929	123.793778641833
31	WGN63	101.332218493664	28.579330375004	1087	53.013510558165	165.167306874541
32	WGN63	137.904344485462	33.3401268265708	1087	80.2442456124112	211.080823803891
33	WGN63	120.86655346076	31.2127003164541	1087	67.3807819138378	189.868705453061
34	WGN63	130.920493633629	32.4849416123493	1087	74.9383953832322	202.418972329405
35	WGN63	70.856850115869	23.8984202878922	1087	31.722784185565	125.507296491551
36	WGN63	82.9517792139277	25.8577734560501	1087	39.9731708599562	141.446768013277
37	WGN63	107.621288467694	29.4528528119484	1087	57.5885995503921	173.170357830374
38	WGN63	72.724993443472	34.2479740426269	1087	21.0488841774768	155.44812497931
39	WGN63	133.875920397939	46.4669615472362	1087	58.2243397370146	240.574523328706
40	WGN63	81.3904165490442	36.2309461780382	1087	25.8234209316582	168.004434436272
41	WGN63	96.3124593627945	27.8624633262571	1087	49.400351230652	158.740947940315
42	WGN63	80.0979797464494	25.4090866697457	1087	37.999761621723	137.712578316554
43	WGN63	116.220685556591	30.6069454778245	1087	63.9234951257741	184.034256432786
44	WGN63	79.1813908746851	25.2632858760707	1087	37.3692555990319	136.509906595716
45	WGN63	110.556788863866	29.851831494395	1087	59.7412444125376	176.888713760573
46	WGN63	118.404965394199	30.8932238324437	1087	65.5460542398299	186.780256993946
47	WGN63	129.992307237092	32.369582616165	1087	74.2365605000358	201.264434419526
48	WGN63	99.5075751779495	28.3208540003468	1087	51.6960363450069	162.83549445627
49	WGN63	124.927958480158	31.7327781085341	1087	70.4217169292808	194.950580476413
50	WGN63	114.440758688309	30.3716675624064	1087	62.6052185316117	181.792679290385
51	WGN63	90.8238347892172	27.0569096152729	1087	45.4923428863242	151.671707137488
52	WGN63	84.4637418384133	26.092364214669	1087	41.0248315141959	143.419032608009
53	WGN63	116.598941217625	30.6567122027054	1087	64.2041010684212	184.510161812208
54	WGN63	133.206752854774	32.7673556053873	1087	76.6705163331772	205.259369821748
55	WGN63	30.9272486205433	15.7887924660966	1087	7.7054790070691	69.6653986793957
56	WGN63	150.379887528204	34.8155412562258	1087	89.8248060356429	226.451349466144
57	WGN63	121.794736614286	31.3323185819023	1087	68.074256234043	191.031597439907
58	WGN63	79.9873397432671	25.3915317144605	1087	37.9235670525933	137.567492879319
59	WGN63	90.2690636901237	26.9741483915732	1087	45.0999616211408	150.954546204485
60	WGN63	136.778840060449	33.2037955953215	1087	79.3862433461336	209.687817220142
61	WGN63	71.6510869399542	24.031986144594	1087	32.2549449272019	126.563609398085
62	WGN63	107.151283971316	29.3884690811502	1087	57.2449255126933	172.574022875317
63	WGN63	90.695343843131	38.2459573238922	1087	31.1745965691811	181.263113386924
64	WGN63	62.6555915910241	22.4728519611443	1087	26.3187028103465	114.50886081708
65	WGN63	102.4847538298	28.7413990524427	1087	53.8480430369878	166.637845067991
66	WGN63	56.6452550636079	21.3678113997755	1087	22.4766202695507	106.330270303043
67	WGN63	114.374857630798	30.3629214947347	1087	62.5564785600904	181.709617146883
68	WGN63	117.346074953876	30.7547752257929	1087	64.7588205637995	185.449709789332
69	WGN63	40.3645104689873	18.0375736901465	1087	12.7302975257917	83.5151038575612
70	WGN63	53.9575131106481	20.8547138831092	1087	20.7956519816759	102.635754684999
72	WGN63	136.654344485464	33.188681171643	1087	79.2914045190932	209.533664897213
73	WGN63	80.8842074009276	25.5334876991807	1087	38.5418959483706	138.742899298863
74	WGN63	84.2530119388972	26.0597947653952	1087	40.8780077197576	143.144396603415
75	WGN63	60.8973683071435	22.1552949395606	1087	25.1835736481652	112.1275434115
76	WGN63	98.8850692952388	28.2321293111291	1087	51.2476215027823	162.038897533074
77	WGN63	92.0757569495612	27.2427485802641	1087	46.3796213486918	153.288272995809
78	WGN63	104.494616947589	29.021859320104	1087	55.3076013834365	169.198012957119
79	WGN63	89.4937146423973	26.8580538883463	1087	44.5524072609999	149.951402469173
80	WGN63	109.632901724718	29.7268387906822	1087	59.0626115541808	175.719572340633
81	WGN63	130.378733033255	32.4176591519455	1087	74.5286529802893	201.745193531599
82	WGN63	89.2492857084573	26.8213508963567	1087	44.3799950579243	149.634956804368
83	WGN63	65.7985148150885	23.02959597679	1087	28.3692114447098	118.744198630846
84	WGN63	148.570728796189	34.6054818130608	1087	88.4278151832439	224.230022854512
85	WGN63	78.3652144312183	25.1327456790962	1087	36.8092184434786	135.437590864336
86	WGN63	74.9142829120688	24.5731361448447	1087	34.4563240878595	130.888622181656
87	WGN63	143.401936470695	33.9981888106826	1087	84.4506220799744	217.869631306794
88	WGN63	57.2710574513222	21.4855202643791	1087	22.8714603524776	107.187034995545
89	WGN63	112.197222151367	30.0724856072006	1087	60.9487215023384	178.962103245774
90	WGN63	112.462764338792	42.588997505867	1087	44.420326080979	211.552224866448
91	WGN63	59.9604989415176	21.9842114447962	1087	24.5823955526482	110.854982775765
92	WGN63	159.993749755844	35.9111887800285	1087	97.2888448138394	238.215035143226
93	WGN63	76.479569707233	24.8285290804342	1087	35.5204919466649	132.955027913179
94	WGN63	94.7819040652219	27.6401876989778	1087	48.3059337834223	156.7742547924
95	WGN63	100.739998999803	28.4956943975224	1087	52.5853972952779	164.410981149706
96	WGN63	80.3249298190302	25.4450583327244	1087	38.1561299397639	138.010110143675
97	WGN63	47.9947911014055	19.6686850581212	1087	17.1600949815091	94.3458676666803
98	WGN63	151.385114805802	49.4122497147754	1087	69.9544405674415	263.862811314006
99	WGN63	62.7206811597014	31.8052214217661	1087	15.8376159625576	140.650768626688
100	WGN63	64.9037034920415	22.8724671702491	1087	27.782710217333	117.541077212128
101	WGN63	51.2587330512019	28.7525901700339	1087	10.3653845329207	123.199103839325
102	WGN63	90.9752680036107	27.0794566060132	1087	45.5995355503996	151.8673809022
103	WGN63	67.4916656376083	23.3240168550045	1087	29.484664700959	121.015047019636
105	WGN63	107.616656256508	29.4522189536093	1087	57.5852110635714	173.164481894823
106	WGN63	82.6663251351806	25.8132441645667	1087	39.775089876058	141.073940839681
107	WGN63	80.8842074009276	25.5334876991808	1087	38.5418959483705	138.742899298863
109	WGN63	85.8777984139593	26.3098713544335	1087	42.0121067213469	145.25987055195
110	WGN63	16.4432934058594	16.2849880186663	1087	0.0132352077226878	63.9203738738385
111	WGN63	37.591664064128	17.4070047942866	1087	11.194721109098	79.5049874645363
112	WGN63	118.92174773135	30.9605676733584	1087	65.9306979418556	187.429177966222
114	WGN63	118.085462247409	30.8515146448035	1087	65.3083907245807	186.378914215616
115	WGN63	92.3998820753104	27.2906564245998	1087	46.6097441562432	153.706400439756
116	WGN63	134.93330037897	32.9790275101167	1087	77.9817320882697	207.401249115049
117	WGN63	49.3745078663895	19.9493919634824	1087	17.9890230352919	96.2763731428654
118	WGN63	105.230259428805	29.1238371510948	1087	55.8431481882385	170.13375111475
119	WGN63	121.685804238093	31.3183037422003	1087	67.9928230584389	190.895165863125
121	WGN63	135.807406984082	33.0856752027654	1087	78.6465800536234	208.484614359919
122	WGN63	123.252136713118	31.5192229312628	1087	69.1649221922612	192.855731679354
123	WGN63	116.946556784813	30.702376508848	1087	64.4621164731337	184.94737754187
124	WGN63	129.166611479008	32.2666149663024	1087	73.6129025902557	200.236700813138
125	WGN63	166.075802803558	51.7542739720091	1087	80.0497285319004	283.148899345059
126	WGN63	58.2686136590449	30.6556396903491	1087	13.6411988508817	133.943050737051
127	WGN63	65.338341473603	22.9489239411749	1087	28.0673286392878	118.125734753296
128	WGN63	86.3094816896288	26.3759145847454	1087	42.3142033533954	145.821140471241
129	WGN63	85.9499705535849	26.3209245076518	1087	42.0625909298974	145.353730622651
130	WGN63	77.3318042491724	24.9664816674094	1087	36.1020429887125	134.077945955011
