plantID3	famID	response	SE	df	lower.CL	upper.CL
1	WGN07	46.4986558750968	11.1638923044745	1141	27.174173380658	70.9822975659593
2	WGN07	66.2878570734022	13.3294560966989	1141	42.714440383183	95.0204329600429
3	WGN07	32.2561463023941	9.29825985111536	1141	16.5921191389388	53.0793326622726
4	WGN07	18.9472218138475	7.12636739723136	1141	7.5445459668472	35.5090568572709
5	WGN07	108.25174415775	17.0338528035382	1141	77.4101334300546	144.252514081869
6	WGN07	42.1665006633532	10.6311248707282	1141	23.8873319923948	65.604828530734
7	WGN07	46.7934372436047	11.1992235213071	1141	27.3996333022896	71.3464003813424
8	WGN07	43.4935886896179	10.7971232856525	1141	24.8887236138019	67.2576129618564
9	WGN07	108.245370171897	17.0333513098394	1141	77.4047433975411	144.245156142676
10	WGN07	20.2082439194737	7.35969347021373	1141	8.34777175457133	37.2278752807986
11	WGN07	91.1372228716443	15.6294369950507	1141	63.0511395383395	124.382465401372
12	WGN07	52.3118189982809	11.8411899971562	1141	31.6584477694201	78.1243494235642
13	WGN07	29.0153426176881	8.81879587641745	1141	14.2920454780042	48.8977989537947
14	WGN07	158.939262291623	20.6400637929797	1141	121.022102348868	202.0155814308
15	WGN07	42.1665006633527	10.6311248707281	1141	23.8873319923945	65.6048285307333
16	WGN07	55.6817334486909	12.2166410128267	1141	34.2917103303543	82.2309157634502
17	WGN07	58.2749891398767	12.4978854387399	1141	36.3331517259161	85.3759857502597
18	WGN07	51.7636101933195	11.7789809071502	1141	31.2322960152663	77.4540835677952
20	WGN07	14.3914284285428	6.21079779118193	1141	4.78514159660039	29.1568744569078
21	WGN07	94.7863616701501	15.9392677298851	1141	66.0923764090109	128.639506127712
22	WGN07	77.9967947400843	14.4588521452665	1141	52.2074518746279	108.945296801963
23	WGN07	109.333075334778	17.1187173335605	1141	78.3249565573471	145.500353308632
24	WGN07	72.1674565472095	13.9080466425258	1141	47.4588190131875	102.035253277654
25	WGN07	19.4047532151503	7.21189675410784	1141	7.83426489802971	36.1344007286933
26	WGN07	73.3969644036173	14.0260211040251	1141	48.45685563541	103.496232368247
27	WGN07	104.990475326482	16.7753036368251	1141	74.6561497684413	140.483960080946
28	WGN07	47.4354385646545	11.2757879202991	1141	27.8914118064339	72.1386245192977
29	WGN07	81.3270871305487	14.7643063369724	1141	54.938429313003	112.874904144517
30	WGN07	70.1068501158679	13.7080495687241	1141	45.7906158945459	99.5822435336124
31	WGN07	52.7596136072777	11.8917629091298	1141	32.0070160356803	78.6713703752973
32	WGN07	45.266660498396	11.0150041929468	1141	26.2343032189636	69.4581769742508
33	WGN07	85.8349737215005	15.1679740868533	1141	58.6543015045819	118.174805134842
34	WGN07	105.599904942881	16.8239203044119	1141	75.1701912821498	141.188777800034
35	WGN07	111.890517979349	17.3177745276283	1141	80.4918399758048	148.448355179317
36	WGN07	30.7970585407779	9.08552563438933	1141	15.5504255410524	51.2028507369261
37	WGN07	34.5428556237469	9.62220394154021	1141	18.2432354898746	56.0016349540418
38	WGN07	96.9071275743569	16.1165952485658	1141	67.8652176939197	131.108196651217
39	WGN07	83.4939754663263	14.9597042862863	1141	56.7219380265287	115.425172102546
40	WGN07	55.553845882952	12.2026036032052	1141	34.1913647977688	82.0754861645578
41	WGN07	56.5579756931981	12.3123901062135	1141	34.9800885190591	83.2950220637597
42	WGN07	68.1749164809662	13.5178538302457	1141	44.2318549087316	97.2771372496233
44	WGN07	66.3380580740401	13.3345024613078	1141	42.7547401880088	95.0805351564939
46	WGN07	45.4325924444281	11.0351743265197	1141	26.3606604498203	69.6636836354583
47	WGN07	43.3014084041418	10.7732428527821	1141	24.7433978186888	67.0185781860173
48	WGN07	46.2717288664426	11.1366174604779	1141	27.0007608506613	70.7018560786465
49	WGN07	99.9774949352211	16.369920269123	1141	70.4385498963846	134.67559917048
50	WGN07	116.314919523629	17.656846888875	1141	84.2509661974554	153.538032046224
51	WGN07	97.9974489131827	16.2070071563211	1141	68.7781467767674	132.375910246021
52	WGN07	67.4916656376067	13.4499451090283	1141	43.68184405064	96.4606464209961
53	WGN07	86.8589667773573	15.2581812056081	1141	59.5013041097503	119.375788641387
54	WGN07	85.3630100733769	21.3963823184482	1141	48.5437573694659	132.505098822669
55	WGN07	45.6545449603641	11.0620966357797	1141	26.5297901762108	69.9384589409399
56	WGN07	66.0307546792273	13.303581338565	1141	42.5081054358218	94.7125631190555
57	WGN07	81.9511904588866	14.8208486443991	1141	55.45159407449	113.609946039706
58	WGN07	36.4159021245863	9.87963671369537	1141	19.611187237721	58.3797762078744
59	WGN07	87.8605745516413	15.3459033362174	1141	60.3307970925833	120.549511207122
60	WGN07	50.2199819783688	11.6020228119967	1141	30.0358675939295	75.5632555592308
61	WGN07	85.9970929249869	15.1822914435151	1141	58.7883294061486	118.365015640248
62	WGN07	0	0	1141	0	3.88757681804573
63	WGN07	58.0907593226415	12.4781144715831	1141	36.1877134412776	85.152964400428
64	WGN07	38.1312075884997	10.1096406425707	1141	20.8752145808645	60.5463597925575
66	WGN07	91.6647553114624	15.6746059058942	1141	63.4900485302783	124.998621289069
67	WGN07	52.3555549644149	11.8461389522256	1141	31.6924736616679	78.1777954635844
68	WGN07	40.5363589374098	10.4236016800076	1141	22.6643601612548	63.5675169099874
69	WGN07	105.504186435157	16.8162937557408	1141	75.0894364081744	141.078095658563
71	WGN07	28.861406616346	8.79537145023198	1141	14.1840692612654	48.6979031678488
73	WGN07	37.4582869338697	10.0200386058676	1141	20.3780971785452	59.6976358856168
74	WGN07	85.888011210657	15.1726595139804	1141	58.6981459736049	118.237035644132
75	WGN07	54.498853186878	12.0861817431381	1141	33.3647970615835	80.7920685085951
76	WGN07	23.6189500386226	7.95656715258835	1141	10.5873846883298	41.8096745853379
77	WGN07	145.99828765115	19.7819600227995	1141	109.76476615199	187.390968346733
78	WGN07	54.3054985169388	12.0647226114314	1141	33.2135461795113	80.5566100507891
79	WGN07	77.4604637016941	14.4090545333953	1141	51.7688260050751	108.311260594736
80	WGN07	77.3666521865014	14.4003265663167	1141	51.6921391564074	108.200324413018
81	WGN07	71.7770876399969	13.8703798660613	1141	47.1423540265795	101.570980449837
82	WGN07	68.9093010681712	13.5904664028615	1141	44.8237703412812	98.1539909914838
83	WGN07	17.4102540378445	6.83121560785596	1141	6.58667936316925	33.3929879089422
84	WGN07	49.919871588754	11.5673045094685	1141	29.8038760855783	75.1950262883522
85	WGN07	85.4114580154067	15.1305078970994	1141	58.304296158886	117.67777906835
86	WGN07	71.8730123116484	13.8796451305263	1141	47.2200998299107	101.685083989809
87	WGN07	54.3958251889494	12.074752106553	1141	33.2841945280561	80.6666150462648
88	WGN07	50.4392834356207	11.6273271708465	1141	30.2055207535854	75.8322053140783
89	WGN07	56.4357363998135	12.2990774659361	1141	34.8839692285642	83.1466627674853
90	WGN07	80.9876524387374	14.733463243794	1141	54.6595101662796	112.474953907618
91	WGN07	91.4938520459312	15.6599869221587	1141	63.3478283726401	124.799034915645
92	WGN07	17.410254037845	6.83121560785599	1141	6.58667936316968	33.3929879089427
93	WGN07	76.1247822293068	14.2842838080143	1141	50.6779503442769	106.730773310759
94	WGN07	59.4737278954033	12.6257742416029	1141	37.2809668606783	86.825648126551
95	WGN07	75.917673979294	14.264839365225	1141	50.5089929712699	106.48551418374
96	WGN07	44.3174242292715	10.8989006615074	1141	25.5128673345495	68.2811403204159
97	WGN07	125.950377282428	18.3736388278737	1141	92.4800457226488	164.57986803863
98	WGN07	24.3427192823279	8.07755612363099	1141	11.0737680936584	42.7708296674198
99	WGN07	61.2500000000026	12.8129309381353	1141	38.6900290540658	88.9691301423618
100	WGN07	51.0617617995823	11.6988544139667	1141	30.6876594284949	76.5950233670923
101	WGN07	42.1665006633529	10.6311248707282	1141	23.8873319923946	65.6048285307338
102	WGN07	42.6556443707462	10.6926091507293	1141	24.255840759022	66.2146071788929
103	WGN07	98.6325122104014	16.2594363494935	1141	69.3103416235035	133.113841993722
104	WGN07	57.7880183409679	12.4455570447217	1141	35.9488516049862	84.7863442733719
105	WGN07	73.945906403823	14.0783742870166	1141	48.9030783205491	104.147893683519
106	WGN07	98.8381191372363	16.2763745388744	1141	69.4827150559785	133.352682414917
107	WGN07	63.2249899919912	13.0178667978803	1141	40.2629256117542	91.3462135686507
108	WGN07	2.97474487139193	2.82371135984038	1141	0.0140749517109763	11.0945739874957
109	WGN07	26.4582650271395	8.4212414605938	1141	12.5149876486563	45.5607016020451
110	WGN07	33.7332005306814	9.50876715529459	1141	17.6561485067252	54.96941175106
111	WGN07	40.4984567313168	10.4187274152269	1141	22.6360214833203	63.5200511757358
112	WGN07	31.2580624192718	9.15327405934434	1141	15.8785039428019	51.7967800921641
113	WGN07	55.4161554144113	12.1874721162859	1141	34.0833629915686	81.9081070336766
114	WGN07	29.4469384566999	8.88414244246539	1141	14.5954283961798	49.4576077136424
115	WGN07	116.895205282626	17.7008363851508	1141	84.7449425733473	154.204627188326
116	WGN07	58.7488937836521	12.5486002768528	1141	36.7075515614449	85.9493952022818
117	WGN07	48.9182308941502	11.4506676606902	1141	29.0310821684472	73.9645388162758
118	WGN07	41.4984939212466	10.5465789118789	1141	23.3852082489602	64.7709387899557
119	WGN07	63.319592735264	13.0276023911638	1141	40.3384266802728	91.4599179866777
120	WGN07	32.9924225024711	9.40378175562721	1141	17.1213565853689	54.0226476159957
121	WGN07	52.9811253537308	11.9167006018797	1141	32.1795989000247	78.9418110038593
122	WGN07	21.7070310089082	10.7896088906236	1141	5.69874794079622	48.0381501224013
123	WGN07	95.4993455452526	15.9991030786394	1141	66.6879606211011	129.469889665827
124	WGN07	61.5941170815572	12.8488735734418	1141	38.9636250580201	89.3837683015168
125	WGN07	46.8663657557985	11.2079472310564	1141	27.4554455010314	71.4364452069879
126	WGN07	39.0373015219853	10.2290507512504	1141	21.547020475405	61.6867417649883
127	WGN07	72.4784418654739	13.9379808329144	1141	47.7110720947836	102.404970832587
128	WGN07	29.4978812037531	8.89182383608148	1141	14.6312999012204	49.5236217027084
129	WGN07	76.4795697072318	14.3175318104823	1141	50.9675037362172	107.150794874669
130	WGN07	72.8765034053587	13.9762030751769	1141	48.0341398650223	102.878026142118
1	WGN15	77.9967947400837	14.4588521452652	1141	52.2074518746294	108.94529680196
2	WGN15	45.9945645751329	11.1032135992709	1141	26.789136447238	70.3591518994504
3	WGN15	99.9599839871859	16.3684866195991	1141	70.4238518336168	134.655275337177
4	WGN15	60.6030760925071	12.7450860823548	1141	38.1762198249596	88.189091556477
5	WGN15	57.472813232691	12.4115684491389	1141	35.7003336599121	84.4044520018922
7	WGN15	65.0764597504881	13.2070979299758	1141	41.7431153225549	93.5689633748441
8	WGN15	92.4939185190871	15.7453394591242	1141	64.180429304346	125.966566930251
9	WGN15	78.8555015409656	14.5382267416584	1141	52.9104221240869	109.959740154267
10	WGN15	104.39882549013	16.7279701628873	1141	74.157370350749	139.799439825933
11	WGN15	112.47252686302	17.362756112927	1141	80.9855929527954	149.118619969667
12	WGN15	51.9165300542787	11.7963667866611	1141	31.3511039935634	77.6411153114164
13	WGN15	103.922042731056	16.6897286663669	1141	73.7556191390471	139.247625519487
14	WGN15	46.4619250064086	11.1594820643647	1141	27.1460956027168	70.9369136065229
15	WGN15	67.6116546352249	13.4618956866723	1141	43.7783854739157	96.6040829929563
16	WGN15	35.4544826719052	9.74834779358583	1141	18.907362589766	57.1607619504668
17	WGN15	58.5018586694097	17.7129265271973	1141	28.9097129785932	98.4168404056079
18	WGN15	55.6360272108705	12.211625980988	1141	34.2558438120327	82.1753698061308
19	WGN15	91.4993169347926	15.6604545973542	1141	63.3523756615961	124.805417404412
20	WGN15	56.1269795670827	12.2653875331198	1141	34.6413135691679	82.7718047614201
21	WGN15	91.4642716866769	15.6574552466651	1141	63.3232152753134	124.764487294463
22	WGN15	41.4984939212472	10.5465789118787	1141	23.3852082489611	64.7709387899556
23	WGN15	134.745786383859	19.0043506688937	1141	100.037969639568	174.612762324573
25	WGN15	55.2454541697355	12.1686867889734	1141	33.9495194094947	81.7005481263986
26	WGN15	91.9891291502671	15.7023152580139	1141	63.760055365817	125.377362131139
27	WGN15	90.4072066223489	15.5667146363112	1141	62.4441873963424	123.529385044778
28	WGN15	89.1033255612453	15.4540529324368	1141	61.3613536984545	122.004456620458
29	WGN15	74.4991610643784	14.1309425213774	1141	49.3531917255158	104.804289599663
30	WGN15	48.9182308941502	11.4506676606898	1141	29.0310821684479	73.9645388162749
31	WGN15	83.392372223807	21.147968415853	1141	47.060518842527	130.047061650468
32	WGN15	107.471504074253	16.972354811872	1141	76.7505551902303	143.351612154698
33	WGN15	96.447510309143	16.0783304188361	1141	67.4806777568907	130.573502057818
34	WGN15	72.221142198983	13.9132188058178	1141	47.5023566464374	102.099086947951
35	WGN15	109.205213899584	17.1087045168806	1141	78.2167407217604	145.35284627383
36	WGN15	55.8328157299976	12.233203604994	1141	34.4102960560376	82.4144946003802
37	WGN15	87.9886348958499	15.3570829017085	1141	60.4369226231977	120.699506364925
38	WGN15	40.1312075884991	10.3713801464185	1141	22.3616698253235	63.0599045480972
39	WGN15	81.4992331216195	14.7799239662943	1141	55.0799328083314	113.07769263133
40	WGN15	67.1247384925787	13.4133341004433	1141	43.3867493618421	96.0218868197379
41	WGN15	55.2454541697341	12.1686867889733	1141	33.9495194094936	81.7005481263971
43	WGN15	82.8067791046446	14.8980142380934	1141	56.1557803321204	114.616937073591
44	WGN15	81.8503365959207	14.8117261411671	1141	55.3686389758425	113.491193412422
45	WGN15	103.99456493198	16.6955511306474	1141	73.8167174014693	139.331571658914
46	WGN15	51.4696422992231	11.7454866016554	1141	31.0040454648436	77.0943983300253
47	WGN15	94.4940472440714	15.914670965187	1141	65.8483219487695	128.298931735796
48	WGN15	43.4870651192848	10.7963135291271	1141	24.8837888224296	67.2495006125624
50	WGN15	95.557859497669	16.0040037792313	1141	66.7368591771006	129.53801901466
51	WGN15	71.4781401698997	13.8414650575843	1141	46.9001387196925	101.215300816529
52	WGN15	77.8844441904466	14.4484347595169	1141	52.1155407074277	108.812506869888
53	WGN15	32.1969384566996	9.28972221005427	1141	16.5496625315062	53.0033735783154
54	WGN15	72.004292661404	19.6510012485282	1141	38.6095566303691	115.72186473782
55	WGN15	50.1576560118757	11.5948211787962	1141	29.9876715577949	75.4867996623791
56	WGN15	69.6837590019142	13.6666232975529	1141	45.4488050000043	99.0778722002465
57	WGN15	72.3270434653115	13.923415873477	1141	47.5882508043957	102.22499532265
58	WGN15	49.5416305603427	11.5233986629685	1141	29.5117803156251	74.7306400014829
59	WGN15	71.4291255498218	13.8367184980429	1141	46.8604370643124	101.156973231754
60	WGN15	53.221137826441	11.9436623249478	1141	32.3667112515137	79.2347235977908
61	WGN15	108.887498563548	17.0837988509863	1141	77.9478914296931	144.986264893826
62	WGN15	110.886195008361	17.2398776510015	1141	79.6403542031632	147.291195009982
63	WGN15	106.237557774322	16.8746385056196	1141	75.7083327068001	141.925942038266
64	WGN15	47.3908729308131	11.2704898695781	1141	27.8572411879509	72.0836638700979
65	WGN15	74.4991610643785	14.1309425213776	1141	49.3531917255157	104.804289599664
66	WGN15	54.6293199325007	12.1006398658191	1141	33.4668963159843	80.9509027454396
67	WGN15	90.9560227032683	15.6138919432614	1141	62.9004394653011	124.170765137658
68	WGN15	2.47474487139072	2.57549466875526	1141	0	10.1075616027743
69	WGN15	78.4992038135809	14.505345068779	1141	52.6186397274506	109.538927096134
70	WGN15	65.3108891324552	13.2308649609139	1141	41.9309127138838	93.8500247474492
71	WGN15	71.6618624192524	13.8592421927269	1141	47.0489814251215	101.433902609806
72	WGN15	64.7405014760749	18.6334605642926	1141	33.3422263317471	106.461612665784
73	WGN15	67.8673884437533	13.4873307439866	1141	43.9842145485443	96.9097215353847
74	WGN15	51.1468501984008	11.7085977366185	1141	30.7536309871888	76.6992286060353
75	WGN15	114.32926523259	24.761913104811	1141	70.906688767694	168.074677742868
77	WGN15	58.1895922569762	12.4887248042783	1141	36.2657284225328	85.2726152878422
78	WGN15	19.3674969975974	7.20497017579723	1141	7.81059894068959	36.0835542509277
79	WGN15	84.9882336653338	15.0929745737508	1141	57.9547138883627	117.180912638727
80	WGN15	59.3219461652426	12.6096529543814	1141	37.1608158258594	86.6422357010483
81	WGN15	77.4604637016915	14.409054533395	1141	51.7688260050732	108.311260594732
82	WGN15	67.7954232837164	13.4801780055363	1141	43.9262833851526	96.8237223787028
83	WGN15	96.4941706323158	16.0822192148031	1141	67.5197080863299	130.627792374724
84	WGN15	81.6939798987509	14.7975721392371	1141	55.2400530712134	113.307065922711
85	WGN15	60.4741625194158	12.7315233280426	1141	38.073916989817	88.0335672454369
86	WGN15	69.9962684488883	13.6972342404475	1141	45.7012543912567	99.4504417029424
87	WGN15	66.3460120260132	13.3353018426601	1141	42.7611257175806	95.0900575308683
88	WGN15	70.0868472110441	13.7060938370661	1141	45.7744502237713	99.5584033947393
89	WGN15	63.7490157327745	13.0717032678645	1141	40.6813217612424	91.9758689007291
90	WGN15	86.3485705712569	15.2132854840003	1141	59.0789953418812	118.777304997055
91	WGN15	47.4881549409378	11.2820517352854	1141	27.9318382941502	72.203630784148
92	WGN15	49.468414188616	11.5148804391784	1141	29.4552770845959	74.6407104890587
93	WGN15	103.708316545794	16.6725577764096	1141	73.5755830172107	139.0002092708
94	WGN15	130.495689512796	18.7022355276493	1141	96.3806363524295	169.769901869586
95	WGN15	75.5233260785873	14.2277423807894	1141	50.1874310334127	106.018380320185
96	WGN15	77.4991935399951	14.4126563102635	1141	51.8004889941078	108.357057282305
97	WGN15	81.6939798987541	14.7975721392373	1141	55.2400530712161	113.307065922715
98	WGN15	55.9284800875375	12.2436793501714	1141	34.4854065273004	82.530712844197
99	WGN15	85.6468052730792	15.1513392586509	1141	58.4987713421552	117.953998400426
100	WGN15	41.1246117974985	10.4989615319123	1141	23.1047535803532	64.3036292110662
101	WGN15	93.9334635414864	15.8673940388373	1141	65.380497715917	127.645588563478
102	WGN15	53.3018360947013	11.9527138768474	1141	32.4296499651816	79.3331814206435
103	WGN15	43.4985631709313	10.7977407163358	1141	24.8924866681636	67.2637988701216
104	WGN15	74.946628686706	14.1733166423123	1141	49.7175194042857	105.334897165549
106	WGN15	91.4642716866778	15.6574552466657	1141	63.3232152753133	124.764487294465
107	WGN15	81.890096600522	14.8153232112763	1141	55.4013413660495	113.538011031417
108	WGN15	72.4922405488407	13.9393075490132	1141	47.722267701104	102.421372593
109	WGN15	100.904760491901	16.4456584618876	1141	71.2172136901802	135.751466490045
110	WGN15	74.458869910277	14.1271208073097	1141	49.3203989474249	104.756500069552
111	WGN15	99.9993654781456	16.3717106693861	1141	70.4569075929412	134.700982559772
112	WGN15	60.4493377410833	12.7289099004772	1141	38.0542198746781	88.003614803911
113	WGN15	32.905973720586	9.39145348980903	1141	17.0590964191218	53.9120102184728
114	WGN15	67.7076647342341	13.4714503960871	1141	43.85564880051	96.7188398643806
115	WGN15	60.6662062579968	12.7517226263794	1141	38.2263287906358	88.2652429217804
116	WGN15	84.9374534276942	15.0884648944641	1141	57.9127818456376	117.121284206173
117	WGN15	91.1927595879686	15.634198361406	1141	63.0973342383267	124.447344134033
118	WGN15	50.9803846124833	11.6895284580823	1141	30.6245801890286	76.4953482323604
119	WGN15	93.3868952654456	15.8211630871849	1141	64.9246366599012	127.008313067413
120	WGN15	93.6154480832265	15.8405114212679	1141	65.1152271703088	127.274828192567
121	WGN15	60.19927796893	12.7025548814779	1141	37.8558698428976	87.7018452913849
122	WGN15	80.2020150622099	14.6618265939253	1141	54.0144271397976	111.548762181045
123	WGN15	80.2749921923795	14.6684955955713	1141	54.0743193868311	111.63482419435
124	WGN15	71.4291255498233	13.836718498043	1141	46.8604370643136	101.156973231756
125	WGN15	44.7991031209777	10.9579697833571	1141	25.8786499351176	68.8787155032603
126	WGN15	44.3717102731624	10.9055738508328	1141	25.5540602788876	68.3485194638598
127	WGN15	79.7460689880145	14.6200911688022	1141	53.6403678590634	111.010929313388
128	WGN15	90.9560227032671	15.613891943261	1141	62.9004394653005	124.170765137656
129	WGN15	34.7854103315942	9.65592767475933	1141	18.4196227064669	56.310357153144
130	WGN15	96.9587453407549	16.1208869447514	1141	67.9084149581157	131.168234919817
1	WGN26	3.74765627529728	4.48317162538553	1141	0	17.705259980924
3	WGN26	19.3674969975951	7.20497017579671	1141	7.81059894068824	36.0835542509243
4	WGN26	58.6030760925044	12.5330174749348	1141	36.5923080330964	85.7730033483349
5	WGN26	43.9514150471131	10.8538013774835	1141	25.2353449892983	67.8266443013506
6	WGN26	75.1483512420104	14.1923779159666	1141	49.8818428777733	105.57401880267
7	WGN26	49.4987373415251	11.5184090947277	1141	29.4786768555745	74.6779570238981
8	WGN26	1.69047205280569	3.01099120317321	1141	0	12.7595911241976
9	WGN26	10.2499999999995	5.24152149909525	1141	2.54547713243098	23.1136820639905
10	WGN26	56.3124304008022	12.2856340397365	1141	34.7870398403428	82.9969801576842
11	WGN26	13.7426406871171	6.06918721940023	1141	4.41420020774455	28.230240362912
12	WGN26	32.4980768092678	9.33306454235639	1141	16.765761265983	53.3895515489749
13	WGN26	70.477829907609	13.7442707052865	1141	46.0905281766145	100.024290835026
14	WGN26	34.9355957741605	9.67674987931988	1141	18.5289540410608	56.5013967036829
15	WGN26	105.485187493737	16.8147795686016	1141	75.0734083704686	141.056125813428
17	WGN26	69.8402096673793	13.6819565227261	1141	45.5751711835419	99.2644073476391
18	WGN26	19.4047532151472	7.21189675410726	1141	7.83426489802773	36.1344007286891
19	WGN26	65.0671109541926	18.6804034234357	1141	33.5767317951149	106.880326158651
20	WGN26	7.85555127546179	4.5886377391923	1141	1.43201590097979	19.4382458463661
21	WGN26	46.978713763748	11.2213730300799	1141	27.5414514835087	71.5751352404099
22	WGN26	52.4702212042506	11.8591042362102	1141	31.7817014273851	78.3179001775384
23	WGN26	55.349588662351	12.1801500257721	1141	34.0311625125686	81.8271740085558
25	WGN26	71.4781401698911	13.8414650575834	1141	46.9001387196855	101.215300816519
26	WGN26	70.3498575495635	13.7317867376446	1141	45.9870499282338	99.8718243673157
27	WGN26	30.333103128997	9.01682954092264	1141	15.2212549745367	50.6041104798799
28	WGN26	66.8654012414014	13.3873977343542	1141	43.1783004350753	95.71166124415
29	WGN26	35.099351572895	9.69940258186084	1141	18.6482642119182	56.7095981302943
30	WGN26	37.7702591774521	10.0616781528992	1141	20.6083707458224	60.0913068055044
31	WGN26	72.457733980461	13.9359895737496	1141	47.6942711503968	102.380356006948
32	WGN26	48.6712639305398	11.4217263553023	1141	28.8408993561856	73.6607877013165
33	WGN26	48.0724671901558	16.0566039360589	1141	21.7301014051532	84.7376690205394
34	WGN26	36.4159021245844	9.879636713695	1141	19.6111872377198	58.3797762078717
35	WGN26	52.7596136072757	11.8917629091299	1141	32.0070160356783	78.6713703752956
36	WGN26	48.8156328315723	11.4386533979164	1141	28.9520566333191	73.8383682262479
38	WGN26	44.9944437584025	10.981834195187	1141	26.0271675161863	69.1208791970413
39	WGN26	17.2057672626419	6.79098014638493	1141	6.46113638483892	33.1095573368674
40	WGN26	39.9422220952229	10.3469309270823	1141	22.2206548072052	62.8229485796631
41	WGN26	9.09892984584268	6.98555067222549	1141	0.554381212579462	27.9663145244868
42	WGN26	68.3894200302186	13.5391032173354	1141	44.4046661985507	97.533333058309
43	WGN26	45.863726730346	11.0874100457565	1141	26.6893058898759	70.1973067672385
44	WGN26	49.8746859276649	11.5620681715623	1141	29.7689643565111	75.1395666952414
45	WGN26	64.4413525073639	13.1424932377208	1141	41.2347654102999	92.8070988008502
46	WGN26	81.4378360201159	14.7743557208861	1141	55.0294608563943	113.00537038026
47	WGN26	51.058101469682	11.6984350939849	1141	30.6848218233816	76.5905403124049
48	WGN26	73.4245796132215	14.0286594630495	1141	48.4792942651696	103.529024157696
49	WGN26	49.0399156029801	11.4649006542361	1141	29.1248410996099	74.1141493027727
50	WGN26	44.3174242292668	10.8989006615069	1141	25.5128673345459	68.2811403204103
51	WGN26	24.933321445546	8.17495756203249	1141	11.4732642253534	43.5525378621611
52	WGN26	43.429483388676	10.7891633990585	1141	24.840235970703	67.1778900030716
53	WGN26	43.1245914989015	10.7512246307531	1141	24.609781661838	66.7985605323875
54	WGN26	70.4991134640266	13.7463458605496	1141	46.1077401844634	100.049645940012
55	WGN26	42.8541565040597	10.7174610647548	1141	24.405592311967	66.4618798925748
56	WGN26	48.9367732448916	11.4528376306157	1141	29.0453669399598	73.9873387462458
57	WGN26	111.734231994319	17.3056757758191	1141	80.3592922895361	148.268330895524
58	WGN26	66.4915402771846	13.3499191501951	1141	42.8779741496404	95.2642656011512
59	WGN26	47.7608291350389	16.0044744627206	1141	21.520743736636	84.3237505788231
60	WGN26	48.9948974278278	11.4596371112206	1141	29.0901502341356	74.0588038179424
61	WGN26	61.3767856622234	12.8261852739597	1141	38.7908091093732	89.1219214114961
62	WGN26	53.1602252924871	11.9368255017388	1141	32.3192128742	79.1603969071968
64	WGN26	39.3418830920341	10.2688783855906	1141	21.7734584238746	62.069466956616
65	WGN26	66.4583069953554	13.3465825071095	1141	42.8512875125955	95.2244856745379
66	WGN26	67.0891661563385	13.4097794730958	1141	43.3581513653764	95.9793401437232
67	WGN26	36.2428556845331	9.8561350052737	1141	19.4842522135172	58.1606183519714
68	WGN26	69.9414975173991	13.6918742612011	1141	45.6569999816961	99.3851542495245
69	WGN26	76.9707681233377	14.3634361803824	1141	51.3686357004804	107.732059742617
70	WGN26	42.4278185845429	10.6640160582443	1141	24.0841159146881	65.9306804508199
71	WGN26	96.4921868641094	16.0820539014015	1141	67.5180486705012	130.62548425414
72	WGN26	2.49999999999965	2.58860295806563	1141	0	10.1585357884245
73	WGN26	39.7678488679958	10.3243207528902	1141	22.0906437653093	62.6042131671048
74	WGN26	56.6424945589381	12.3215863402639	1141	35.0465639572773	83.3975843570215
75	WGN26	47.7434201411628	11.3123335543134	1141	28.1276891945791	72.5183102841689
76	WGN26	36.8303027798214	9.93569115757696	1141	19.9156065364662	58.904158219599
77	WGN26	6.24999999999925	4.0929406526684	1141	0.799044749567248	16.8601144468538
78	WGN26	52.7678510731253	11.8926912154696	1141	32.0134321224649	78.6814292202082
79	WGN26	37.5907972706151	14.1986239626297	1141	14.8938723045447	70.6105582820666
80	WGN26	34.740939649564	9.64975349118314	1141	18.3872660521194	56.253772443431
81	WGN26	78.4800904918614	14.5035790495598	1141	52.602991415387	109.516348764758
82	WGN26	94.0153718043553	15.8743105701466	1141	65.4488354312445	127.741067373889
83	WGN26	40.7792997906704	10.4547901726627	1141	22.8461077800177	63.8716509977455
85	WGN26	5.49999999999917	3.83951866825946	1141	0.546270155433055	15.6128890409877
86	WGN26	7.28553390593167	4.41902166351336	1141	1.19479295047994	18.5354340578059
87	WGN26	59.9484848098313	12.6760675309263	1141	37.6570460646681	87.399082751417
88	WGN26	21.1998743710637	7.53810326267748	1141	8.98935411670631	38.5695538218436
89	WGN26	31.4486841535679	9.18114144480045	1141	16.0144486052719	52.0420788982864
90	WGN26	51.4890753524643	11.7477037253379	1141	31.0191284210501	77.1181814803008
91	WGN26	37.4983332592502	10.0253933426834	1141	20.4076372678833	59.7481884470396
92	WGN26	37.0277563773176	9.96228903217872	1141	20.0608738999035	59.1537980511541
93	WGN26	78.7467531098365	14.5281985585809	1141	52.8213494421336	109.831315973962
94	WGN26	39.5113602842558	10.2909727835091	1141	21.8995854071633	62.2822943577709
95	WGN26	75.947331922016	14.2676254389817	1141	50.5331845111554	106.520638529299
96	WGN26	26.9164078649964	8.49383830260551	1141	12.8306921960151	46.1612827304002
97	WGN26	39.3745860881744	10.2731455088757	1141	21.7977891309561	62.1105422418151
98	WGN26	30.4486841535683	9.03399203672607	1141	15.3031624053925	50.7533650981665
99	WGN26	65.5698051533904	13.2570649905405	1141	42.1384230906118	94.1603464125915
100	WGN26	2.97474487139067	2.82371135983971	1141	0.0140749517108998	11.094573987493
101	WGN26	29.4809198626532	8.88926706018377	1141	14.6193550701773	49.5016438515514
102	WGN26	75.0371435183619	14.1818727860659	1141	49.7912466945589	105.442199538587
103	WGN26	42.7132034355935	10.6998209641941	1141	24.2992499193713	66.2863161482382
104	WGN26	49.3975150877294	11.5066258042625	1141	29.400573951103	74.5536154207784
105	WGN26	124.682105226935	18.2808970159299	1141	91.3937373006263	163.129632349666
106	WGN26	33.3481926726956	9.45434812661428	1141	17.3779132465687	54.477631295245
108	WGN26	48.3953929352963	11.3893109179836	1141	28.6286289164137	73.3213161506015
109	WGN26	75.0595162123513	14.1839868261169	1141	49.8094715462653	105.46872007486
111	WGN26	78.4928337406936	14.5047565151665	1141	52.6134244233947	109.531402254415
112	WGN26	53.995369973383	12.0302235995646	1141	32.9711062590141	80.1787928841745
113	WGN26	4.74999999999885	3.56814293737795	1141	0.328721624647015	14.3304375717732
115	WGN26	93.3868952654394	15.8211630871842	1141	64.9246366598962	127.008313067405
116	WGN26	85.6021462562669	15.1473885441932	1141	58.4618638059583	117.901587902998
117	WGN26	42.9742269657299	15.1813196844999	1141	18.3492085065507	77.9220814702904
118	WGN26	68.1228447563936	13.5126904031542	1141	44.1899140618617	97.2149346473479
119	WGN26	53.0569758011247	11.9252278253477	1141	32.2387185489457	79.0343922497261
120	WGN26	0.99999999999955	1.63717626106708	1141	0	6.79179353766755
121	WGN26	53.1173769148964	11.9320138525218	1141	32.2858051701971	79.1081078560182
122	WGN26	23.61895003862	7.95656715258795	1141	10.587384688328	41.8096745853345
123	WGN26	46.4536033111721	11.1584826442229	1141	27.1397348150425	70.9266310037242
124	WGN26	0.090108960615818	0.695167530535134	1141	0	6.61547714856676
125	WGN26	74.0239647354957	14.0858029913443	1141	48.9665611980322	104.240527469382
126	WGN26	0.99999999999956	1.63717626106708	1141	0	6.79179353766754
127	WGN26	57.0813007374284	12.3692215751052	1141	35.3919076485538	83.9298530227256
128	WGN26	27.7749773139534	8.62824155858627	1141	13.4255563722799	47.2835574520493
129	WGN26	11.6568542494909	5.58966939453137	1141	3.2692494503632	25.203618245041
130	WGN26	26.9017542509887	8.49152591431648	1141	12.8205755925127	46.1420921058872
1	WGN36	62.9749899919944	12.9921041190371	1141	40.0634731539282	91.0456660264827
2	WGN36	41.9761769634031	10.6071052897691	1141	23.7441357976568	65.3673773255717
4	WGN36	113.92099788303	17.4742010833294	1141	82.2154038957432	150.785751066739
5	WGN36	42.4632034355959	10.6684620324751	1141	24.1107775630304	65.9747885045838
6	WGN36	38.9935886896174	10.2233220506577	1141	21.5145476129391	61.6317889627181
7	WGN36	86.4414343359872	15.221463866798	1141	59.1558127493259	118.886215119071
8	WGN36	77.9991935399947	14.4590744853424	1141	52.209414433244	108.948131843168
9	WGN36	41.7909956129775	14.9708634065503	1141	17.5789018985261	76.3259253728101
10	WGN36	61.0416370317527	12.7911185732153	1141	38.5244629332384	88.7179703266895
11	WGN36	46.3367927612299	11.1444444553463	1141	27.0504678271873	70.782276891695
12	WGN36	45.9809064859929	15.7034202561349	1141	20.3315030696855	81.9531459476814
13	WGN36	92.3624982872012	15.7341495790452	1141	64.0709641237429	125.813191647082
14	WGN36	90.9560227032679	15.6138919432615	1141	62.9004394653005	124.170765137658
15	WGN36	59.3726264871957	12.6150381859799	1141	37.200930079626	86.703482091188
16	WGN36	48.4987113059629	11.401461843965	1141	28.7081066202304	73.4484751881181
17	WGN36	91.4969134626324	15.6602489143222	1141	63.350375748856	124.802610372831
18	WGN36	71.8730123116465	13.8796451305258	1141	47.2200998299097	101.685083989806
19	WGN36	87.9741302385666	15.3558170654713	1141	60.4249015939163	120.682518079639
20	WGN36	31.4503184681074	9.18138000292164	1141	16.015614857978	52.0441812746591
21	WGN36	87.5172379638223	15.315890059576	1141	60.0463479122409	120.147287211826
22	WGN36	57.4728132326895	12.4115684491388	1141	35.7003336599109	84.4044520018903
23	WGN36	74.0818042491693	14.0913049724445	1141	49.0136055757117	104.30916211905
24	WGN36	43.0178495569833	10.7379106772286	1141	24.5291622994598	66.6656960109292
26	WGN36	79.3329756778942	14.5821751716718	1141	53.3016674517765	110.523443100434
27	WGN36	68.1041601603149	13.5108371593728	1141	44.1748656139789	97.1926139030735
28	WGN36	59.7321374946361	12.6531736083858	1141	37.485617661909	87.1378165237857
30	WGN36	129.84102104782	18.6552640200656	1141	95.8181281117405	169.023073180322
31	WGN36	118.457263067971	17.8187110712904	1141	86.0757248882803	155.997960444084
32	WGN36	43.4242852856275	10.7885176987527	1141	24.8363047608854	67.171425006792
33	WGN36	95.8735235991595	16.0304156531289	1141	67.000701986334	129.905504408407
34	WGN36	60.4907010500737	12.7332641234998	1141	38.0870400009818	88.053521295588
35	WGN36	41.7072725454782	10.5730755089405	1141	23.5419993502517	65.0317049371272
36	WGN36	93.6827470649749	15.8462041717015	1141	65.1713567179948	127.353296608378
37	WGN36	44.9343084274764	15.5236742184227	1141	19.6375748742936	80.5538780260406
38	WGN36	54.3353170972318	17.0705137600798	1141	26.0036143376329	92.9898559022117
39	WGN36	63.0629366237014	13.0011729029375	1141	40.1336264210774	91.1514060227478
40	WGN36	96.447510309143	16.0783304188364	1141	67.4806777568901	130.573502057818
41	WGN36	57.184134416225	12.3803583237712	1141	35.4728905223054	84.0545375065672
42	WGN36	50.9999999999993	11.6917770933224	1141	30.6397836524075	76.5193755440134
43	WGN36	108.997706373754	17.0924421384516	1141	78.0411407186084	145.113431225321
44	WGN36	64.3433666561803	13.1324975731393	1141	41.1563915055307	92.6895010032524
45	WGN36	52.9952825989825	11.9182926441703	1141	32.1906324862303	78.9590919081572
46	WGN36	93.9893604978822	15.8721144392722	1141	65.4271330329661	127.710747159221
47	WGN36	35.6340987267245	9.77300966430013	1141	19.0385909377968	57.3887657120746
48	WGN36	77.8285606387543	14.4432503176963	1141	52.069829265288	108.746451208643
49	WGN36	110.348413040308	17.1980213866451	1141	79.184696120617	146.671289156421
51	WGN36	96.3124593627902	16.0670696076974	1141	67.3677210317709	130.416356890232
52	WGN36	69.4919055320793	13.6477968425563	1141	45.2938898871495	98.8490803734316
53	WGN36	80.3904750535754	14.6790427846999	1141	54.1691081854836	111.77100111809
54	WGN36	55.1107520371258	12.1538425952871	1141	33.8439422568967	81.5367210137772
55	WGN36	64.7968407179231	13.1786934081417	1141	41.5192272477056	93.2336133845631
56	WGN36	89.283179650968	15.4696419883686	1141	61.5106213547201	122.214897143638
57	WGN36	77.4545185901463	14.4085015733679	1141	51.7639658261337	108.304230550582
58	WGN36	72.2211421989825	13.9132188058176	1141	47.5023566464373	102.09908694795
59	WGN36	91.6177811029567	15.6705891136253	1141	63.450955450045	124.943765952291
60	WGN36	76.2631556174953	14.2972603138027	1141	50.7908632406601	106.894607190753
62	WGN36	40.3808953520703	10.4035943676825	1141	22.5481518284315	63.3727980721316
64	WGN36	47.435438564653	11.2757879202989	1141	27.8914118064329	72.1386245192957
65	WGN36	67.3431540644807	13.4351390397934	1141	43.5623826556259	96.283084669758
66	WGN36	101.564013952376	16.4992942180328	1141	71.7712313689983	136.515955732176
68	WGN36	40.6990098767231	10.4444929410623	1141	22.7860215006279	63.7711574492409
69	WGN36	81.7523005485572	14.8028531284599	1141	55.2880121810933	113.375748112444
70	WGN36	37.9406969248748	10.0843541888311	1141	20.7343170841987	60.3062359619734
71	WGN36	85.3642357598916	15.1263246439878	1141	58.2652816353523	117.622349080853
72	WGN36	79.921798556677	14.636190824454	1141	53.784509174503	111.218247135274
74	WGN36	42.4260731281348	10.6637967002004	1141	24.0828008486928	65.9285046039992
75	WGN36	40.7792997906727	10.454790172663	1141	22.8461077800194	63.8716509977484
76	WGN36	64.4483703870322	13.1432088490601	1141	41.2403792281248	92.815520742362
77	WGN36	52.3555549644125	11.8461389522253	1141	31.6924736616661	78.1777954635815
78	WGN36	41.9940467752163	10.6093628417934	1141	23.7575761901986	65.3896765566565
79	WGN36	37.4983332592517	10.0253933426836	1141	20.4076372678844	59.7481884470415
80	WGN36	35.8885438199977	9.80783966092521	1141	19.2246980009318	57.7115488354859
81	WGN36	56.9824507372512	12.3585067933234	1141	35.3140805352925	83.8099801356325
82	WGN36	61.7622926047837	12.8664027884928	1141	39.0974074677659	89.5863369382241
83	WGN36	92.3477222864629	15.732890967005	1141	64.058657576805	125.795946192543
84	WGN36	65.9848450049403	13.2989556964046	1141	42.4712714808571	94.6575777254459
85	WGN36	73.1917343165763	14.0063978361732	1141	48.2901272882432	103.252500541332
86	WGN36	22.6653645038499	7.79429416786131	1141	9.95218609571675	40.5377021084056
87	WGN36	54.9271763038042	12.133583284766	1141	33.70011620796	81.3133955960708
88	WGN36	73.308172820861	14.0175345848386	1141	48.3847149874839	103.390789850661
89	WGN36	70.0278665245574	13.7003255295955	1141	45.7267872176742	99.4881050278632
90	WGN36	43.6041565040618	10.8108386010011	1141	24.9723813586374	67.3950908459087
92	WGN36	40.3063491861032	10.3939870233383	1141	22.4924557069938	63.2794018616351
93	WGN36	50.3997991959766	11.6227753015266	1141	30.1749674876108	75.7837901007648
94	WGN36	27.4164078649981	8.572366194098	1141	13.1766169179378	46.8153580084809
95	WGN36	116.16372894228	17.6453676348959	1141	84.1222984320817	153.364318648901
96	WGN36	64.8806813078685	13.1872166033967	1141	41.5863449427143	93.3341768694452
97	WGN36	56.4102556806563	12.2963006374531	1141	34.8639367725982	83.1157337851369
98	WGN36	82.1645450909566	14.8401286651519	1141	55.6271204330332	113.861128945302
99	WGN36	33.970562748476	9.54216252799592	1141	17.8279874914657	55.2722972019088
100	WGN36	52.9999999999986	11.9188230886923	1141	32.1943091310809	78.9648500653387
102	WGN36	42.4985293608749	10.6728987554816	1141	24.1373984369195	66.0188194812529
104	WGN36	69.1738289561164	13.616526845811	1141	45.0371664603988	98.4696506482565
105	WGN36	108.194415837044	17.0293417838508	1141	77.3616559341891	144.186334936321
106	WGN36	17.6240078740112	6.87302269341808	1141	6.71840580484936	33.6887691395955
107	WGN36	51.4890753524666	11.7477037253382	1141	31.0191284210519	77.1181814803038
108	WGN36	32.99242250247	9.40378175562708	1141	17.121356585368	54.0226476159943
109	WGN36	100.169935897393	16.3856674567065	1141	70.6000941636401	134.898936827569
110	WGN36	55.6360272108699	12.2116259809879	1141	34.2558438120325	82.1753698061298
112	WGN36	85.97382924525	15.1802377702839	1141	58.7690951262615	118.337722560661
114	WGN36	28.9913767461889	8.81515308315594	1141	14.2752269317938	48.8666857570064
116	WGN36	42.1458228220618	10.6285178762399	1141	23.8717691923086	65.5790356482375
117	WGN36	73.9864840178128	14.0822364919473	1141	48.9360781136223	104.196049118426
118	WGN36	25.7999003980105	8.31580799833107	1141	12.0634882454773	44.6954717469662
119	WGN36	47.2020787991163	11.2480179713502	1141	27.7125379378837	71.8507788567715
120	WGN36	82.4810562561754	14.8686844834593	1141	55.8876037900062	114.233667918767
121	WGN36	43.2558131676059	10.7675693891495	1141	24.7089341746388	66.9618513569955
122	WGN36	86.04602785306	15.1866104190478	1141	58.8287903087059	118.422424593837
123	WGN36	97.9770354349864	16.2053190582036	1141	68.7610454234981	132.352184642897
124	WGN36	86.9885042281281	15.2695546400485	1141	59.6085263672719	119.527641285407
125	WGN36	83.8733107765338	14.9936487305846	1141	57.0346728003523	115.871107949138
126	WGN36	86.8213679359238	15.2548784260908	1141	59.4701854712473	119.331709597023
127	WGN36	44.3174242292709	10.8989006615074	1141	25.5128673345489	68.2811403204153
128	WGN36	80.368574251834	14.6770431404387	1141	54.1511307763068	111.745176923784
129	WGN36	40.461382931407	10.4139574772244	1141	22.6083065177072	63.4736185415292
130	WGN36	34.7854103315935	9.65592767475921	1141	18.4196227064664	56.3103571531431
1	WGN38	67.9668956485635	13.4972146884823	1141	44.064329006806	97.028621486743
2	WGN38	64.4214158842897	13.1404600929133	1141	41.2188179093789	92.783173055623
3	WGN38	48.7487113059641	11.4308100634573	1141	28.9005240849886	73.7560577233619
4	WGN38	35.4284250579335	9.74476481401524	1141	18.8883349439138	57.1276743683754
5	WGN38	105.659282182725	16.8286495585065	1141	75.2202895113668	141.257434050506
6	WGN38	59.5425208166228	17.8697755479318	1141	29.6426302465438	99.7652474320834
7	WGN38	78.7428337406962	14.5278370066477	1141	52.8181394542537	109.826687223561
8	WGN38	40.1497487421319	10.3737757277923	1141	22.3755107398525	63.0831459408338
10	WGN38	70.4281181986749	13.7394225728213	1141	46.0503287230531	99.9650668707192
11	WGN38	66.2604945017612	13.3267047191497	1141	42.6924761388493	94.9876720610957
12	WGN38	19.9949979983974	7.32075918880821	1141	8.2109166561741	36.9382385370432
13	WGN38	73.9864840178129	14.0822364919473	1141	48.9360781136224	104.196049118426
14	WGN38	39.2307597387772	10.2543656191127	1141	21.6908097754427	61.9298688985342
16	WGN38	81.4814772457713	14.7783138604066	1141	55.0653360331247	113.05677765484
18	WGN38	77.8844441904461	14.4484347595169	1141	52.1155407074273	108.812506869887
19	WGN38	67.9963233306181	13.5001363222789	1141	44.088024311089	97.0637815465697
20	WGN38	92.9238500128186	15.7818908844838	1141	64.5386452468328	126.468213975227
21	WGN38	56.841665441536	12.3432304054057	1141	35.2032682042364	83.6392218752581
22	WGN38	33.9336942218753	9.53698302917867	1141	17.8012813760213	55.2252662641519
23	WGN38	137.316144300966	19.1847541863381	1141	102.254367688551	177.537080109803
24	WGN38	45.9782505861516	11.1012443038664	1141	26.7766863049905	70.338974063735
26	WGN38	95.952201207071	16.036991900989	1141	67.0664766982363	129.997084912328
27	WGN38	77.4545185901467	14.4085015733681	1141	51.7639658261338	108.304230550582
28	WGN38	78.3204491911718	14.4888202179324	1141	52.4723076104852	109.327749968281
29	WGN38	43.8714168703476	10.843919104271	1141	25.1747362799477	67.7272566571701
30	WGN38	65.9051667675449	13.2909238716235	1141	42.4073520472843	94.562140684228
32	WGN38	53.4338797757718	11.9675098407588	1141	32.5326632952423	79.4942554527238
33	WGN38	116.437187151519	17.6661246915659	1141	84.3550303564589	153.678503143002
34	WGN38	88.5936503365269	15.409790590165	1141	60.9385231930372	121.407936676439
35	WGN38	101.134867444946	16.4643994279014	1141	71.4105500194991	136.018344066815
36	WGN38	104.48504570688	16.7348763303768	1141	74.2300403542421	139.899210255941
37	WGN38	104.499401910451	16.7360259735516	1141	74.242140905859	139.915822111465
38	WGN38	106.188643730265	16.8707533361037	1141	75.6670415412157	141.869405115737
39	WGN38	74.1959064038213	14.102152640387	1141	49.1064241147846	104.44454788928
40	WGN38	91.8257569495573	15.6883654476635	1141	63.624053324525	125.186619771012
41	WGN38	73.834087473425	14.0677257980895	1141	48.8121522074849	104.015181935788
42	WGN38	55.3090275590406	12.1756862991311	1141	33.9993594430016	81.7778548715022
45	WGN38	65.204967553259	13.220131660509	1141	41.8460503559802	93.7230439469603
46	WGN38	54.3505319094204	12.0697239723668	1141	33.248766675425	80.6114563398382
47	WGN38	49.9999999999989	11.5765843619843	1141	29.8657970060869	75.2933621903335
48	WGN38	121.255705124078	18.0279576636046	1141	88.4636156576389	159.20695378694
49	WGN38	82.9517792139243	14.9110522337381	1141	56.2751993037131	114.787518320558
50	WGN38	73.4571421427134	14.0317698519985	1141	48.5057540707356	103.567689411114
51	WGN38	58.3833862280714	12.5095036733487	1141	36.418753311849	85.5071783407164
52	WGN38	84.3332508250006	15.0347032154218	1141	57.4140620910252	116.411598755399
53	WGN38	52.8818119165451	11.905526399527	1141	32.1022097537131	78.8205732757995
54	WGN38	51.3527342289833	11.7321396777567	1141	30.9133246635107	76.9513029908785
55	WGN38	23.9895788082816	8.01875141369183	1141	10.8360051226118	42.3023116903738
56	WGN38	82.4385906532369	14.8648563987355	1141	55.8526490625938	114.183691440303
59	WGN38	78.8555015409648	14.5382267416584	1141	52.9104221240861	109.959740154266
61	WGN38	65.4761363439062	13.2475925108794	1141	42.0633397150436	94.0480921691914
63	WGN38	37.1865334794725	9.98362561140768	1141	20.1777876677008	59.3544384876668
64	WGN38	59.9332590941906	12.6744576949437	1141	37.6449789201027	87.380698464701
65	WGN38	53.6223590239482	11.9885979750881	1141	32.6797666692011	79.7241105751177
66	WGN38	30.3323969741911	9.01672458439132	1141	15.2207547491966	50.6031983956081
67	WGN38	108.074714184957	17.0199189109026	1141	77.2604423854022	144.048145180935
68	WGN38	125.423953735725	18.3352012934584	1141	92.0290383585418	163.978028309331
69	WGN38	65.4990457876248	13.2499099080958	1141	42.0817023205145	94.0755484511575
70	WGN38	108.997706373754	17.0924421384517	1141	78.0411407186086	145.113431225322
72	WGN38	58.2545450789493	12.4956929892141	1141	36.3170093502111	85.3512400041101
73	WGN38	134.462676171131	18.9843754437422	1141	99.794051722869	174.290459815816
74	WGN38	90.4827315115934	15.5732153844809	1141	62.5069575233882	123.617664696221
76	WGN38	79.3227178748177	14.5812323990378	1141	53.2932594112874	110.511335534771
77	WGN38	113.03498911788	17.4061165500438	1141	81.4629800670981	149.766157365085
78	WGN38	67.4532108515347	13.4461128695106	1141	43.6509082919876	96.4146726075042
80	WGN38	89.9305018890275	15.5256198230817	1141	62.0481125469464	122.972050427531
81	WGN38	80.8887360535076	14.7244629446334	1141	54.5782527754479	112.35837852799
82	WGN38	97.63126566315	16.176698770619	1141	68.4714299515479	131.950260571174
83	WGN38	50.4987623459043	11.6341807276534	1141	30.2515526751523	75.9051312130787
84	WGN38	104.999401910451	16.7760167632933	1141	74.6636771659964	140.494285851328
85	WGN38	49.4948974278308	11.5179623100519	1141	29.4757135536402	74.6732404984439
86	WGN38	95.7894572960176	16.0233860099388	1141	66.9304281613645	129.807645627093
87	WGN38	89.3238017420769	15.4731607796265	1141	61.5443394180847	122.262423262492
88	WGN38	53.5329983228423	11.9786044179074	1141	32.6100137796939	79.6151420624131
89	WGN38	85.3762829718931	15.1273919739371	1141	58.2752346976752	117.636490442534
90	WGN38	128.951532177287	18.5912543316609	1141	95.0542291475864	168.00799440341
91	WGN38	119.981247069395	17.9329659797743	1141	87.3755355869204	157.746117748293
92	WGN38	104.48504570688	16.7348763303767	1141	74.230040354242	139.899210255941
93	WGN38	46.4619250064094	11.1594820643647	1141	27.1460956027176	70.9369136065236
94	WGN38	96.0255167423639	16.0431175350116	1141	67.1277734622684	130.082419218882
95	WGN38	56.490042492885	12.3049935245167	1141	34.9266677468796	83.2125764353129
96	WGN38	63.0629366237014	13.0011729029376	1141	40.1336264210774	91.1514060227478
97	WGN38	55.9086333718777	12.2415067684784	1141	34.4698225152755	82.5066034249024
98	WGN38	85.7083130081241	15.1567787919823	1141	58.5496064665552	118.026178746116
99	WGN38	76.4795697072295	14.317531810482	1141	50.9675037362154	107.150794874666
100	WGN38	100.938080851673	16.4483735470028	1141	71.2452069300432	135.790113969725
101	WGN38	95.7885969662209	16.0233140530253	1141	66.9297090142895	129.806644114575
102	WGN38	60.3726264871963	12.7208307332318	1141	37.993360312672	87.9110518581431
103	WGN38	85.1515124283806	15.1074658722512	1141	58.0895600677283	117.372623985455
104	WGN38	119.586800556468	17.9034637893143	1141	87.0389737072444	157.293786602114
106	WGN38	97.8485894465309	22.9077678738746	1141	58.0639298621966	147.956085076246
107	WGN38	61.5860791444973	12.8480351670191	1141	38.9572321123162	89.3740853731008
108	WGN38	111.568496475137	24.4611166816522	1141	68.7360962095827	164.723732786072
109	WGN38	115.458881865982	24.8839409858957	1141	71.796881174175	169.44371860317
110	WGN38	113.03498911788	17.4061165500439	1141	81.4629800670979	149.766157365085
111	WGN38	118.315389142637	17.8080373151639	1141	85.9547933556692	155.835144126027
112	WGN38	66.8173726757847	18.9299813637075	1141	34.8373102994589	109.120271097492
113	WGN38	78.2115194775552	14.4787410355123	1141	52.383153709063	109.19904444247
114	WGN38	46.657072353818	11.1828932919144	1141	27.2953090618436	71.1779948422149
115	WGN38	120.306887351736	17.9572853598674	1141	87.6534601445763	158.119473755319
1	WGN39	71.2999643366573	13.8242027632292	1141	46.7558322894423	101.003255580296
2	WGN39	102.649291295189	16.5872128037555	1141	72.6840084665343	137.773733320267
3	WGN39	84.232139059368	15.0256875466029	1141	57.3306394757559	116.292797839402
4	WGN39	82.4385906532387	14.8648563987356	1141	55.8526490625954	114.183691440304
5	WGN39	115.131427428344	17.5667889388926	1141	83.2441718769743	152.177842176135
6	WGN39	99.1621002423875	16.303028848179	1141	69.754399199629	133.728960481569
7	WGN39	87.704857540338	15.3322983834473	1141	60.2017736145137	120.367100662585
8	WGN39	105.185674878848	16.7908908181938	1141	74.8207665653277	140.709742388791
9	WGN39	92.9344129550228	15.782787847234	1141	64.5474483075153	126.480536798953
10	WGN39	60.9343555870673	12.7798733542684	1141	38.4392451171999	88.5886252533574
11	WGN39	109.472024816337	17.1295918179238	1141	78.4425698082952	145.660639020801
12	WGN39	129.857051903888	18.6564156230782	1141	95.8318994705644	169.041363533634
13	WGN39	101.997474683059	16.5344650496002	1141	72.1356853359571	137.018423226584
14	WGN39	96.492186864115	16.0820539014017	1141	67.5180486705062	130.625484254146
15	WGN39	76.6961536499424	14.337790522687	1141	51.1443391684667	107.40712732784
16	WGN39	109.247706373756	17.1120327484425	1141	78.2527030549388	145.401868888996
17	WGN39	84.0351648315543	15.0081087130556	1141	57.168155715159	116.061333144372
18	WGN39	56.1784800875394	12.2710134282898	1141	34.6817758286158	82.8343435428854
19	WGN39	105.504186435158	16.8162937557413	1141	75.0894364081741	141.078095658564
20	WGN39	129.325537163852	18.6181954129631	1141	95.3753745130097	168.434859011117
21	WGN39	96.7907858706007	16.1069179662971	1141	67.7678632560669	130.972867681557
22	WGN39	125.487548565433	18.3398490349851	1141	92.0835141089707	164.050742218318
24	WGN39	117.947010102297	17.7802927335454	1141	85.6408504404669	155.41232896055
25	WGN39	97.6312656631521	16.176698770619	1141	68.4714299515499	131.950260571177
26	WGN39	95.4920205992483	15.9984894890238	1141	66.6818395657	129.461360829219
27	WGN39	42.4985293608779	10.6728987554818	1141	24.1373984369221	66.018819481256
28	WGN39	20.4999999999995	7.4126307914908	1141	8.5356624142702	37.6234967821514
29	WGN39	130.808881478712	18.7246649262176	1141	96.6498208229712	170.127101330875
30	WGN39	96.4921868641147	16.0820539014016	1141	67.5180486705061	130.625484254146
31	WGN39	115.304322166109	17.5799741570169	1141	83.3911966198831	152.376606908758
32	WGN39	115.634625009626	17.6051361057805	1141	83.6721305808403	152.756278634835
34	WGN39	97.6312656631543	16.1766987706197	1141	68.4714299515509	131.95026057118
35	WGN39	116.917860541713	17.702551586408	1141	84.7642325299204	154.230647749927
36	WGN39	88.3913256273158	15.3921845683285	1141	60.7707422956969	121.171068155357
37	WGN39	97.6312656631536	16.1766987706194	1141	68.4714299515508	131.950260571179
38	WGN39	152.31943791684	28.5813773124084	1141	101.402899768854	213.558812110207
39	WGN39	83.8090899207352	14.9879073968037	1141	56.9817167013432	115.79562233655
40	WGN39	114.495087125449	17.5181751723239	1141	82.7032139848404	151.446119462479
41	WGN39	91.4606182218313	15.6571425314789	1141	63.32017537182	124.760220268265
42	WGN39	86.9539986652574	15.2665258672109	1141	59.5799633938216	119.487193133116
43	WGN39	99.0399584093989	16.2929852156585	1141	69.6519634283225	133.587112586898
44	WGN39	82.3455662603711	14.8564672175282	1141	55.7760846230363	114.074207094128
45	WGN39	132.476882759197	18.8436699541892	1141	98.0843288511986	172.028595863618
46	WGN39	166.20429251254	21.1065162655637	1141	127.371931702194	210.195812519309
47	WGN39	103.674702235406	16.6698555729087	1141	73.547270552421	138.961293114814
48	WGN39	58.0188612123537	12.4703900879532	1141	36.1309709213559	85.0659106997739
49	WGN39	117.14636704043	17.7198422446238	1141	84.9588139744676	154.493079302815
50	WGN39	95.0505047794407	15.9614614218237	1141	66.3129744900057	128.947194265298
51	WGN39	123.170781036301	18.1697639993487	1141	90.100461119535	161.40026014949
52	WGN39	89.5982062419569	15.4969094836983	1141	61.7721478854679	122.583423794868
53	WGN39	117.963350489772	17.7815243324232	1141	85.6547743751887	155.431085800778
54	WGN39	98.9772675074134	16.2878277840357	1141	69.5993916406586	133.514302570591
55	WGN39	52.4987863791686	11.8623318888308	1141	31.8039338017452	78.3527981530145
56	WGN39	100.484450330426	16.4113712266473	1141	70.8641766364353	135.26388322084
57	WGN39	132.495754580955	18.845012081621	1141	98.1005673581769	172.050101000155
58	WGN39	85.9272640637646	15.176126250111	1141	58.7305969334846	118.283090390467
59	WGN39	89.0908153700986	15.452968012534	1141	61.3509721692716	121.989817767348
60	WGN39	60.3391343821335	12.717301762167	1141	37.9667922085954	87.870635752094
61	WGN39	94.1488272774509	15.8855734216808	1141	65.5601926797588	127.896621071565
62	WGN39	66.0609888428088	13.3066267120765	1141	42.5323644387091	94.748772443331
63	WGN39	79.9299697580546	14.6369390071031	1141	53.7912124076528	111.227886304879
64	WGN39	101.450098619236	16.4900387256424	1141	71.6754757309261	136.383880703969
65	WGN39	95.3286382647984	15.9847973001177	1141	66.5453219257315	129.271113800288
66	WGN39	97.3915460280641	16.1568267776813	1141	68.2707000662142	131.671551186337
67	WGN39	98.211324785856	16.2246831195049	1141	68.9573416094803	132.624467158654
68	WGN39	137.368510622138	19.1884119472001	1141	102.299557317325	177.596623123374
69	WGN39	78.119808611954	14.4702496561597	1141	52.3081033141579	109.090673106173
70	WGN39	53.8328157299985	12.0121013241495	1141	32.8441087403925	79.9806819160269
71	WGN39	119.997916630499	17.9342116923215	1141	87.3897610036125	157.765231453807
72	WGN39	131.3624988093	18.7642469248698	1141	97.12577648032	170.758380334702
73	WGN39	130.877748508191	18.729593270375	1141	96.7090182181065	170.205637994698
74	WGN39	91.8666545542628	15.6918587221244	1141	63.6580969665972	125.234371338351
75	WGN39	154.985482511245	20.3817255188301	1141	117.575193957389	197.554930261524
76	WGN39	95.2872193055691	15.9813243374761	1141	66.5107170764266	129.222880731134
77	WGN39	66.4764954516738	13.3484087432628	1141	42.8658928109071	95.246257288863
78	WGN39	73.9966214673735	14.083201215939	1141	48.944322731038	104.208079400132
79	WGN39	143.972216861788	19.6442197957867	1141	108.008947923551	185.094644996449
80	WGN39	77.4991935399966	14.4126563102636	1141	51.800488994109	108.357057282307
81	WGN39	63.0818573667471	13.0031231245456	1141	40.1487207410413	91.1741531888755
82	WGN39	132.42023500034	18.8396407009882	1141	98.035586669527	171.964042527576
83	WGN39	147.672740826079	19.8950761847524	1141	111.21728029638	189.287360552201
84	WGN39	120.457972893962	17.9685575114157	1141	87.7824292151718	158.292675769175
85	WGN39	103.978360882199	16.6942503603568	1141	73.8030655218848	139.312815438937
86	WGN39	109.99772722577	17.1706720968267	1141	78.8876708508098	146.266942797153
87	WGN39	98.535243670604	16.2514170782421	1141	69.2288072569353	133.000839280695
88	WGN39	65.198370387034	13.2194628647448	1141	41.8407653973211	93.7151345731694
89	WGN39	106.456321456316	16.8920036431251	1141	75.8930252028855	142.178776906169
90	WGN39	107.494767187143	16.9741916171056	1141	76.7702144080999	143.378479162609
91	WGN39	56.4457443597449	12.3001679382668	1141	34.891837632417	83.1588102834955
92	WGN39	157.161122835047	20.5242832811076	1141	119.471129497988	200.010275368528
93	WGN39	55.349588662356	12.1801500257727	1141	34.0311625125726	81.827174008562
94	WGN39	43.1660104885176	10.7563863954678	1141	24.6410730354099	66.8501071380479
95	WGN39	138.445375568026	19.2634764210395	1141	103.229142367359	178.820767965117
96	WGN39	92.9758001544905	15.7863017914232	1141	64.5819409894072	126.528818515996
97	WGN39	84.8939854224642	15.084603527198	1141	57.8768900177884	117.070240023562
98	WGN39	97.1235235991641	16.1345795932016	1141	68.0463276203971	131.359878774354
99	WGN39	112.374860801611	17.3552159591644	1141	80.902721014413	149.006159785232
100	WGN39	82.2256024970973	14.8456415751993	1141	55.6773612600906	113.933002930527
101	WGN39	85.7083130081271	15.1567787919826	1141	58.5496064665575	118.026178746119
102	WGN39	102.957903246173	16.6121285643752	1141	72.9437345672415	138.131231121527
104	WGN39	90.2190903887203	15.5505108582758	1141	62.2878637087671	123.309476265096
105	WGN39	91.9565011723057	15.6995302537453	1141	63.7328916923083	125.339269848725
106	WGN39	109.444095619359	17.1274065735077	1141	78.4189281597879	145.628422275352
107	WGN39	137.215319688148	19.1777096737717	1141	102.167364728295	177.422433844424
108	WGN39	67.8553432754463	19.0764480847625	1141	35.5879065618376	110.445616034436
109	WGN39	68.8220046034624	13.5818552601521	1141	44.7533693283962	98.0497990749512
110	WGN39	68.5587727318541	13.5558562910898	1141	44.5411486110657	97.735556049065
111	WGN39	76.9480168539303	14.3613132279563	1141	51.3500497598396	107.705143144443
112	WGN39	138.935221609788	19.2975252495335	1141	103.652183066219	179.377419349779
113	WGN39	105.575187832912	16.8219512542287	1141	75.1493375377801	141.160197324467
114	WGN39	141.062472123101	19.4446971792907	1141	105.49067559085	181.793427851774
115	WGN39	129.743525562405	18.6482587394451	1141	95.7343773040333	168.9118330172
116	WGN39	106.237557774324	16.8746385056202	1141	75.7083327068012	141.925942038269
117	WGN39	104.961890930467	16.7730198841181	1141	74.6320461986228	140.450894858733
118	WGN39	82.4878030638399	14.8692925873541	1141	55.8931574703002	114.241607853802
120	WGN39	106.810411741049	16.9200730375656	1141	76.1920420650203	142.5879406135
121	WGN39	123.584028698979	25.7446305204213	1141	78.2333161768735	179.257577266466
122	WGN39	114.473247024266	17.5165042841883	1141	82.6846522418217	151.421001003134
123	WGN39	139.445767446814	19.3329490845171	1141	104.093225735364	179.957468354686
124	WGN39	73.9719280539585	14.0808511672427	1141	48.9242402195523	104.178775084787
125	WGN39	113.663650830275	17.4544528510323	1141	81.9968037687611	150.489657088211
126	WGN39	115.688820407426	17.6092611919614	1141	83.7182323728093	152.818567638464
127	WGN39	94.6195288601249	15.9252342554704	1141	65.953077911085	128.445139005587
128	WGN39	156.401710026895	28.9618458452385	1141	104.738675393622	218.387580705549
129	WGN39	79.4803410506393	14.5957124848663	1141	53.4224720031977	110.697369294503
130	WGN39	135.396138101153	19.0501577957178	1141	100.598445700336	175.352989698392
1	WGN45	63.9583050655655	13.0931430211413	1141	40.8485453275231	92.2272240000302
2	WGN45	101.368641037852	16.4834172022006	1141	71.6070098782924	136.289431393835
3	WGN45	15.166198487094	6.37578709771437	1141	5.23619516664149	30.2553610039692
4	WGN45	78.4928337406975	14.5047565151671	1141	52.6134244233977	109.53140225442
5	WGN45	12.7500000000007	5.84588854666137	1141	3.85968162531009	26.7994775711138
6	WGN45	75.432887362834	14.2192210122132	1141	50.1137116285696	105.911222293521
7	WGN45	59.7880183409693	12.6590908983636	1141	37.5298885174289	87.205307360932
8	WGN45	67.9852909359326	13.4990410801634	1141	44.0791408310158	97.0506002372718
9	WGN45	64.6030061861201	13.1589671445953	1141	41.364096537992	93.0010750306707
10	WGN45	58.3188837074964	12.5025914543118	1141	36.3678128779417	85.4291137334737
11	WGN45	71.4921320013233	13.842819723281	1141	46.9114726356932	101.231950563376
12	WGN45	92.4831050222662	15.744419035611	1141	64.1714217201256	125.953947520829
13	WGN45	50.4987623459052	11.6341807276534	1141	30.2515526751531	75.9051312130798
14	WGN45	42.7132034355966	10.6998209641945	1141	24.2992499193737	66.2863161482419
15	WGN45	8.74264068711935	4.8407956944209	1141	1.82435998924609	20.8200805814151
16	WGN45	76.2631556174963	14.2972603138028	1141	50.7908632406608	106.894607190754
17	WGN45	7.70809924354799	4.54536839226674	1141	1.36946028654455	19.2058973969739
18	WGN45	3.74999999999994	3.17037819696016	1141	0.109154052224153	12.5500051441982
19	WGN45	38.2236659610097	10.1218898611374	1141	20.9436394320226	60.6628516864194
20	WGN45	133.392770690793	18.9086962532292	1141	98.8726322403265	173.072068337682
22	WGN45	49.8746859276649	11.5620681715623	1141	29.7689643565111	75.1395666952414
23	WGN45	36.4982875908938	9.89080599135973	1141	19.6716580756159	58.4840763025943
24	WGN45	1.74999999999956	2.16578061958126	1141	0	8.57893921908015
25	WGN45	1.24106733329284	2.57990171537328	1141	0	11.4643693141279
26	WGN45	6.37228132326904	4.13278591937609	1141	0.843147855754651	17.0605739872059
28	WGN45	20.9868329805054	7.50013174126818	1141	8.85081457013019	38.2820105873031
29	WGN45	2.97474487139219	2.82371135984038	1141	0.0140749517110102	11.0945739874957
30	WGN45	0.250000000000144	0.818588130533952	1141	0	4.43568656794053
31	WGN45	57.4546095523405	12.4096027012896	1141	35.6859868658318	84.3823914352716
32	WGN45	41.025624189766	10.4863183338707	1141	23.0305724995382	64.1798350764164
33	WGN45	29.9666295470959	8.96219498395674	1141	14.9619768667182	50.1304414238961
34	WGN45	42.4867605815951	10.671420872733	1141	24.1285293304967	66.0041510291161
35	WGN45	57.4898630133601	12.4134093093299	1141	35.7137715895506	84.4251136335922
36	WGN45	63.8885840391128	13.0860046496265	1141	40.7928301091378	92.1434971655103
37	WGN45	74.9165738677388	14.1704744919197	1141	49.6930410130533	105.299265918847
38	WGN45	0.0901089606159786	0.695167530535752	1141	0	6.6154771485681
40	WGN45	60.7985148150862	12.7656203400542	1141	38.3313694043433	88.4248194222516
41	WGN45	70.3925667816114	13.7359543728176	1141	46.0215820714028	99.9227106882426
42	WGN45	42.9476105895275	10.7291407376809	1141	24.4761303504132	66.5782500250641
43	WGN45	41.9940467752167	10.6093628417935	1141	23.7575761901989	65.389676556657
44	WGN45	43.1660104885165	10.7563863954677	1141	24.641073035409	66.8501071380466
45	WGN45	37.6748493969825	10.0489619373649	1141	20.5379107558963	59.9709472344912
46	WGN45	16.452986860293	6.64076044784204	1141	6.00309383150209	32.0620390855065
47	WGN45	2.93915058793923	3.97023677644455	1141	0	15.8903528992969
48	WGN45	0.250000000000103	0.818588130533886	1141	0	4.43568656794036
49	WGN45	83.8927201313063	14.9953834910856	1141	57.0506784764892	115.893920982546
50	WGN45	0.0901089606160383	0.695167530535978	1141	0	6.61547714856854
52	WGN45	2.75000000000016	2.7149496868189	1141	0.00272540644631243	10.6564337899765
53	WGN45	45.4985954612867	11.0431871914838	1141	26.4109418628757	69.7454082561203
54	WGN45	99.896356140913	16.3632762479207	1141	70.3704469724513	134.581424505797
55	WGN45	38.0539753152789	10.099397244333	1141	20.8180803187064	60.4490295082739
56	WGN45	124.318510534731	18.2542224180666	1141	91.082479376994	162.713700888891
57	WGN45	83.2310562561765	14.9361319574721	1141	56.5052687926356	115.11600291614
58	WGN45	48.954038521275	11.4548577778004	1141	29.0586685961144	74.0085676428579
59	WGN45	40.0489898732231	10.3607506585298	1141	22.3003076464838	62.9568312963849
60	WGN45	2.24999999999982	2.45576439160108	1141	0	9.64790050739714
61	WGN45	45.5965682975745	11.0550705315145	1141	26.4855990480623	69.8666967435091
62	WGN45	32.9024758424985	9.39095432463182	1141	17.0565779257092	53.9075329557103
64	WGN45	25.4975487839817	8.2669375038555	1141	11.857022753985	44.2972340104008
65	WGN45	56.9191320420065	12.3516385205423	1141	35.2642377021722	83.7331855782633
66	WGN45	49.9481780704575	11.5705835973337	1141	29.8257488484454	75.2297664888922
67	WGN45	3.93649167310315	3.24825493800491	1141	0.1428480339045	12.8892945087244
68	WGN45	74.9165738677391	14.1704744919198	1141	49.6930410130535	105.299265918847
69	WGN45	92.5757569495577	15.7523036411121	1141	64.2486036944866	126.062069401051
70	WGN45	65.6917420765544	13.2693860189936	1141	42.2361855981759	94.3064577513554
71	WGN45	37.9934199132225	10.0913584448532	1141	20.7732974051472	60.3727016177202
72	WGN45	101.464539727054	16.4912123368885	1141	71.6876141603497	136.400624490181
73	WGN45	3.99999999999957	3.27435252213475	1141	0.155151719296178	13.0040074771255
74	WGN45	59.5425208166239	17.8697755479316	1141	29.642630246545	99.7652474320841
75	WGN45	79.2546275579605	20.616636023682	1141	43.9652723836262	124.866818777676
76	WGN45	82.6663251351776	14.8853741299225	1141	56.0401268271046	114.451682639673
78	WGN45	7.9999999999999	4.6306337447937	1141	1.49406656136183	19.6650926350605
80	WGN45	75.4925489335312	14.2248430519668	1141	50.1623425027597	105.981914560725
81	WGN45	58.4989316044192	12.521876207403	1141	36.5100232162757	85.6469991889852
82	WGN45	25.8570547650519	11.7759246108815	1141	7.9135756031163	54.1233699723687
84	WGN45	48.3746727726266	11.3868725284467	1141	28.6126929844017	73.295811757274
85	WGN45	47.8117617995811	11.3204271007028	1141	28.1801509485854	72.6025318469994
86	WGN45	93.1450428386482	15.8006630626689	1141	64.7230062092437	126.726238664475
87	WGN45	3.48205080756863	3.05501249362459	1141	0.0675575923619269	12.0557032191979
88	WGN45	76.3157326213487	14.3021878413194	1141	50.8337722124557	106.956852226664
89	WGN45	38.7894327646596	10.1965241730804	1141	21.3629703369325	61.3750543888092
90	WGN45	54.1533936612437	12.0478146579591	1141	33.0946154939547	80.3713310249552
92	WGN45	35.4749791318718	9.75116517711846	1141	18.9223312156982	57.1867862444679
93	WGN45	3.99999999999991	3.27435252213486	1141	0.155151719296255	13.0040074771261
94	WGN45	43.5348554673577	10.8022442340821	1141	24.9199428588968	67.3089272722411
95	WGN45	55.9284800875376	12.2436793501715	1141	34.4854065273005	82.5307128441971
96	WGN45	0.500000000000027	1.15765843619846	1141	0	5.35095785742367
98	WGN45	42.7999376557632	10.7106790818989	1141	24.3646800210554	66.3943544868935
99	WGN45	5.30277563773204	3.77004960865929	1141	0.485347232977443	15.2793632389091
100	WGN45	45.9782505861521	11.1012443038666	1141	26.7766863049908	70.3389740637359
101	WGN45	42.7896688560434	10.7093941218935	1141	24.3569323710367	66.3815645374727
102	WGN45	100.044578018093	16.37541130774	1141	70.4948593129099	134.753455919699
103	WGN45	53.4988317501903	11.9747812322654	1141	32.5833484703476	79.5734742264555
104	WGN45	49.8746859276652	11.5620681715623	1141	29.7689643565114	75.1395666952415
105	WGN45	57.7880183409691	12.445557044722	1141	35.9488516049869	84.7863442733739
106	WGN45	51.9165300542775	11.7963667866611	1141	31.3511039935623	77.6411153114152
107	WGN45	81.85033659592	14.8117261411668	1141	55.3686389758424	113.49119341242
108	WGN45	67.9852909359326	13.4990410801634	1141	44.0791408310159	97.0506002372718
109	WGN45	86.7151021178813	15.2455398927954	1141	59.3822422782873	119.207121153898
110	WGN45	88.7718872423569	15.4252838751805	1141	61.0863615722831	121.616572108853
111	WGN45	7.74999999999977	4.55770582102127	1141	1.38715444926253	19.2720047471595
112	WGN45	0.0901089606159696	0.695167530535718	1141	0	6.61547714856804
114	WGN45	31.4802494707575	9.1857478848794	1141	16.0369758784923	52.0826822594451
115	WGN45	3.32287565553234	2.98436875011525	1141	0.0469886631450053	11.7579218443421
116	WGN45	83.4939754663248	14.9597042862863	1141	56.7219380265273	115.425172102545
117	WGN45	0.0901089606159445	0.695167530535623	1141	0	6.61547714856785
118	WGN45	45.5554871372797	11.050089263376	1141	26.454291361358	69.8158421096238
119	WGN45	61.4989837230433	12.8389470665972	1141	38.8879679553099	89.2691586871992
120	WGN45	47.4354385646538	11.2757879202989	1141	27.8914118064336	72.1386245192965
121	WGN45	91.8460524607117	15.6900990887187	1141	63.6409473534469	125.210316764399
122	WGN45	128.114520187428	26.2122720201	1141	81.846273872744	184.705602547493
123	WGN45	56.4193887861897	17.3948095237926	1141	27.451403057263	95.7102105604978
124	WGN45	53.4894839142416	11.9737350114698	1141	32.5760533669627	79.562073657943
126	WGN45	54.4713151776321	12.0831278124585	1141	33.3432510025829	80.7585385491039
127	WGN45	52.1166428910955	11.8190795339201	1141	31.5066533920483	77.8857915865653
128	WGN45	50.9999999999997	11.6917770933225	1141	30.6397836524077	76.5193755440142
129	WGN45	23.368950038622	7.91434610856743	1141	10.420224288052	41.4768349856146
1	WGN46	57.1841344162256	12.3803583237709	1141	35.4728905223063	84.0545375065671
2	WGN46	98.635018062479	16.2596428913459	1141	69.3124422311165	133.116753090264
3	WGN46	55.3495886623551	12.1801500257725	1141	34.0311625125718	81.8271740085608
4	WGN46	45.3331795812732	11.0230944627928	1141	26.284948826155	69.5405695328137
6	WGN46	76.4926463519468	14.3187557796745	1141	50.9781788979677	107.166273002348
7	WGN46	104.761362400919	16.7569898898624	1141	74.4629692434858	140.218914754775
8	WGN46	81.0922855078897	14.7429777180896	1141	54.745475406142	112.59825480606
9	WGN46	79.4992138287046	14.5974452736822	1141	53.4379449711623	110.719641882669
10	WGN46	56.9297379516597	12.3527892255484	1141	35.2725858765109	83.7460492232311
11	WGN46	104.806787322488	16.7606224431182	1141	74.5012669311204	140.271466910279
12	WGN46	53.7721870604561	12.0053351641294	1141	32.7967555831147	79.9067777342199
13	WGN46	58.4133331428361	12.5127115466639	1141	36.4424062339484	85.5434192481463
14	WGN46	47.4986841740764	11.2833024131563	1141	27.9399136406877	72.2166139038876
15	WGN46	78.8332444917274	14.536174881878	1141	52.892190916626	109.933457263251
16	WGN46	103.161688245433	16.6285606643911	1141	73.1152790423862	138.367256644902
17	WGN46	110.596189222257	24.3542954593501	1141	67.9733770306744	163.541837459221
18	WGN46	82.0972765310019	14.8340525742388	1141	55.5717734385158	113.781938819911
19	WGN46	107.942098587282	17.0094733614057	1141	77.1483214287118	143.895034942275
20	WGN46	72.8318042491709	13.9719162318268	1141	47.9978516895535	102.824916005211
21	WGN46	49.6783592518221	16.3225914661259	1141	22.8141138915283	86.8654406574973
22	WGN46	72.499137920785	13.9399706703434	1141	47.7278639989789	102.429571039014
23	WGN46	76.1488582936975	20.2086446444483	1141	41.6600006752577	120.960551957519
24	WGN46	95.3892695158109	15.9898798451906	1141	66.5959809932234	129.341717234821
25	WGN46	157.000000000001	20.5137597538589	1141	119.330654299806	199.828504896618
26	WGN46	74.9781401699009	14.1762959310479	1141	49.7431853881085	105.372254148116
27	WGN46	71.9444015112236	13.8865365268916	1141	47.2779677978424	101.769994421027
28	WGN46	79.4362696659704	14.5916653051128	1141	53.3863413684215	110.645357159942
29	WGN46	107.494767187143	16.9741916171057	1141	76.7702144080999	143.37847916261
30	WGN46	66.9850713005076	13.3993721970538	1141	43.2744760562789	95.8548257411589
31	WGN46	81.3980197534491	14.7707435693605	1141	54.9967317945431	112.958466908777
32	WGN46	116.306007441092	17.6561704395778	1141	84.2433813390625	153.527792739543
33	WGN46	49.3805466091162	11.5046493211954	1141	29.3874834217433	74.5327689929117
34	WGN46	116.785933122841	17.6925611917975	1141	84.6519067175412	154.079118724563
36	WGN46	75.8066239164293	14.2544024607027	1141	50.4184205875585	106.353986441723
37	WGN46	109.485728733617	17.1306639418931	1141	78.4541701698128	145.676446493845
38	WGN46	69.9414975174046	13.6918742612018	1141	45.6569999817003	99.3851542495316
39	WGN46	47.1166428910969	11.2378338873698	1141	27.647083663669	71.7453613149473
40	WGN46	46.952078799118	11.2181915546299	1141	27.5210587177375	71.5422580769211
41	WGN46	103.997596098282	16.6957944444363	1141	73.8192711751024	139.335080217884
42	WGN46	35.6012421881057	9.76850300726955	1141	19.0145766642891	57.3470669083446
43	WGN46	9.76969600708523	5.11724209770718	1141	2.30901495118936	22.3895362594036
44	WGN46	58.9618397253134	12.5713220360693	1141	36.8759163829056	86.2069222641436
45	WGN46	71.8660076370173	13.8789687656158	1141	47.2144222138532	101.676752256604
46	WGN46	102.989633097828	16.6146881530703	1141	72.9704423900038	138.167983002075
47	WGN46	122.991869381245	18.1565629631104	1141	89.9474504951917	161.195447463721
48	WGN46	82.3166632639185	14.8538597055241	1141	55.7522976831784	114.040188041081
49	WGN46	65.3383414736015	13.2336453552956	1141	41.9529097953843	93.8829323482412
50	WGN46	100.579936102197	16.4191668624124	1141	70.9443670179256	135.374664382892
51	WGN46	38.6419049128408	14.395765141451	1141	15.5581800293089	72.048465841754
52	WGN46	128.87584950896	18.5857978542454	1141	94.9892523349644	167.921605879378
53	WGN46	109.08326913196	17.0991495713213	1141	78.1135431898782	145.212154270465
54	WGN46	96.4475103091456	16.0783304188367	1141	67.4806777568923	130.573502057822
55	WGN46	80.368574251836	14.677043140439	1141	54.1511307763083	111.745176923786
56	WGN46	115.473478758648	17.5928647347764	1141	83.5350613152996	152.57105539842
57	WGN46	82.7553026894737	14.893382880638	1141	56.1133908499393	114.556373725431
58	WGN46	85.2882181103079	15.1195880771924	1141	58.2024814347867	117.533113982251
59	WGN46	83.3311676476628	14.9451119443695	1141	56.5877610433038	115.233733448444
60	WGN46	50.3995526799195	11.6227468767682	1141	30.1747767422166	75.783487814045
61	WGN46	98.3162817013905	16.2333503377646	1141	69.0452930504229	132.746429548781
62	WGN46	69.3476877840136	13.6336277335014	1141	45.1774725724874	98.6770621919624
63	WGN46	82.7553026894732	14.8933828806379	1141	56.1133908499389	114.55637372543
64	WGN46	67.4916656376065	13.449945109028	1141	43.6818440506403	96.4606464209952
65	WGN46	62.6623380518682	18.3319551745326	1141	31.8556301314493	103.791882017668
66	WGN46	116.685308750365	17.6849374717633	1141	84.5662404289	153.963536268253
67	WGN46	105.366537324306	16.8053202415363	1141	74.9733178289646	140.918916016069
68	WGN46	131.202272687815	18.7527998228549	1141	96.9880100912002	170.575694480851
69	WGN46	67.8673884437529	13.4873307439865	1141	43.9842145485441	96.9097215353841
70	WGN46	90.975268003608	15.6155437203362	1141	62.9164439042436	124.193251299395
71	WGN46	80.3163998867736	14.6722782821851	1141	54.108305278846	111.683653691124
72	WGN46	56.2500000000002	12.278821958006	1141	34.7379750522801	82.9211841441428
73	WGN46	35.4749791318726	9.75116517711853	1141	18.9223312156988	57.1867862444688
74	WGN46	95.6235235991637	16.0095015376699	1141	66.7917364276544	129.614469967096
75	WGN46	62.9841229828632	12.9930461792628	1141	40.0707577799872	91.0566473821617
76	WGN46	85.927264063764	15.176126250111	1141	58.7305969334839	118.283090390467
78	WGN46	89.4993016705302	15.4883538525782	1141	61.6900298496138	122.467732687869
79	WGN46	50.6221152139084	11.6483814147541	1141	30.3470431521973	76.0563464720421
80	WGN46	85.3762829718957	15.1273919739374	1141	58.2752346976772	117.636490442537
81	WGN46	70.7686515241896	13.7725988763505	1141	46.3257686391465	100.370693605655
82	WGN46	58.6547594742271	12.5385428331271	1141	36.6331504119118	85.8355277329649
83	WGN46	88.8835136523805	15.4349791073315	1141	61.1789654979216	121.747221003262
84	WGN46	70.9118624192523	13.7865272847919	1141	46.4416513663058	100.541232668621
85	WGN46	66.4237848307975	13.3431155758168	1141	42.8235676241824	95.183161233835
86	WGN46	106.765842713695	16.9165425302416	1141	76.1544000528631	142.53644457095
87	WGN46	106.59500931321	16.9030032401658	1141	76.0101313524327	142.33904647041
88	WGN46	64.0000000000008	13.0974100885397	1141	40.881868082552	92.277291113872
89	WGN46	55.9954541697358	12.2510080299742	1141	34.5380014079552	82.6120661279389
90	WGN46	108.888774341232	17.0838989316466	1141	77.9489708445903	144.987737034295
91	WGN46	60.2498269688156	17.9755998178807	1141	30.1423043904143	100.680185592598
93	WGN46	51.5147016443468	11.7506267981788	1141	31.0390195116909	77.1495429734253
94	WGN46	132.250000000001	18.8275270022757	1141	97.889119294451	171.770039901973
95	WGN46	94.9894725176022	15.9563361438262	1141	66.2619982556206	128.876105976006
96	WGN46	133.293219038459	18.9016391118027	1141	98.7869270189496	172.958670254391
98	WGN46	60.9630924234566	12.7828865135681	1141	38.4620699986369	88.6232740446988
100	WGN46	72.8765034053586	13.9762030751768	1141	48.0341398650223	102.878026142118
101	WGN46	75.6696164036756	14.241515437546	1141	50.3066979976359	106.191694006138
102	WGN46	71.5773804544413	13.8510704731055	1141	46.9805327441426	101.333387361163
103	WGN46	76.9967531098414	14.3658604916451	1141	51.3898640785378	107.762801337567
104	WGN46	74.35795063056	14.1175438269385	1141	49.2382701367477	104.636790320795
106	WGN46	101.173208941916	16.4675200623448	1141	71.4427686904194	136.062808389835
107	WGN46	93.7332857821929	15.8504778447003	1141	65.2135102953192	127.412220465489
108	WGN46	128.720323885825	18.5745799247231	1141	94.8557367973894	167.744070170682
109	WGN46	130.969458528387	18.7361543191109	1141	96.7878551636628	170.310221089533
110	WGN46	96.7968521341422	16.1074227006962	1141	67.7729392078678	130.979924256839
111	WGN46	145.749567472755	19.7651027364149	1141	109.549120732613	187.109173409319
112	WGN46	117.980929121201	17.7828491643193	1141	85.6697536264624	155.451263812363
113	WGN46	128.982555780616	18.593490571138	1141	95.0808651478263	168.043405609827
114	WGN46	51.4015106767622	11.7377101336013	1141	30.9511716247469	77.0110089251999
115	WGN46	78.2692260302544	14.4840814519758	1141	52.4303821228995	109.267229134032
116	WGN46	111.991070716679	17.325554269001	1141	80.5771285083706	148.564172121409
117	WGN46	67.491665637607	13.4499451090282	1141	43.6818440506404	96.460646420996
118	WGN46	64.1031185726165	18.541508650907	1141	32.8852572450299	105.643815945584
119	WGN46	100.449601592046	16.4085251884038	1141	70.8349119539293	135.223450426585
120	WGN46	57.8920404263882	12.4567534030909	1141	36.0309059284253	84.9123341207737
121	WGN46	93.3141447076388	15.8149993599966	1141	64.8639796138706	126.923468997829
122	WGN46	58.7706447616325	12.5509230360736	1141	36.7247451806823	85.9757035390051
123	WGN46	68.8693177121698	13.5865230215308	1141	44.7915240779681	98.106270542794
124	WGN46	50.2840674627883	11.6094230954404	1141	30.0854333872202	75.6418607347789
125	WGN46	64.7142654451055	13.1702934528633	1141	41.4531330674116	93.1345570192218
126	WGN46	112.37486080161	17.3552159591642	1141	80.9027210144124	149.006159785231
127	WGN46	77.3944622455223	14.4029144897852	1141	51.7148715924272	108.23321209504
128	WGN46	61.2704849240646	12.8150733869123	1141	38.7063103966385	88.9938186479133
129	WGN46	71.8693587462285	13.8792923497372	1141	47.2171384363693	101.68073825251
130	WGN46	42.9067746286084	10.7240387196231	1141	24.4453047798927	66.5274036737466
1	WGN55	63.6204395571237	13.0585143745712	1141	40.5786227912965	91.8214155193736
2	WGN55	94.9894725176016	15.9563361438262	1141	66.2619982556199	128.876105976006
3	WGN55	102.803021353525	16.5996288621431	1141	72.8133776562366	137.951824247236
4	WGN55	68.4260149812708	13.5427250974226	1141	44.4341548569087	97.5770343020554
5	WGN55	72.9646379244636	13.9846517087129	1141	48.1056977826584	102.982737262691
6	WGN55	49.2693221990232	11.4916855199214	1141	29.3016945766231	74.3961090178457
7	WGN55	66.4764954516703	13.3484087432626	1141	42.8658928109042	95.246257288859
8	WGN55	66.2272648956829	13.3233626320845	1141	42.6658038588898	94.9478851288985
9	WGN55	104.499401910453	16.7360259735519	1141	74.2421409058608	139.915822111468
10	WGN55	74.8798073831315	14.1669968737965	1141	49.6630977726361	105.255676190049
11	WGN55	54.4713151776328	12.0831278124585	1141	33.3432510025836	80.7585385491045
12	WGN55	73.0408298462606	19.791938755718	1141	39.3695680458551	117.034927692048
13	WGN55	110.345236803208	17.1977738734042	1141	79.1820055157009	146.667627287138
14	WGN55	93.7840784883074	15.8547718349265	1141	65.2558779982204	127.471438174817
15	WGN55	79.4683417437327	14.5946106712477	1141	53.4126345044901	110.683208179398
16	WGN55	113.980259739667	17.4787455438749	1141	82.2657493150616	150.853929360695
17	WGN55	84.4262528449811	21.278658569161	1141	47.8379794665456	131.337362268798
18	WGN55	64.4757660886444	13.1460020086813	1141	41.2622946241133	92.848396749598
19	WGN55	70.8730123116485	13.7827501914362	1141	46.4102120868557	100.494971732864
20	WGN55	87.2413784559661	15.2917327127532	1141	59.8178862124581	119.824029895897
21	WGN55	93.6770821710186	15.8457250630814	1141	65.1666318568404	127.346691681619
22	WGN55	98.4688988093001	16.2459450282241	1141	69.1731988054873	132.923758009536
23	WGN55	95.9765567751585	16.0390271084178	1141	67.0868390972144	130.025433649525
24	WGN55	100.359879265471	16.4011954433049	1141	70.7595709190573	135.119346808307
25	WGN55	53.2211378264414	11.9436623249479	1141	32.3667112515138	79.2347235977915
26	WGN55	94.9763098818766	15.9552305754354	1141	66.251004795127	128.860774165049
27	WGN55	68.4923067817603	13.5492836723537	1141	44.4875784364757	97.6561943234674
28	WGN55	42.8393752696547	15.1574817308017	1141	18.2611279547795	77.7404586299112
29	WGN55	62.6769145362398	12.9613203051098	1141	39.8257969346876	90.6871913342144
30	WGN55	104.062160734716	16.7009762499969	1141	73.8736688744449	139.409811791409
31	WGN55	65.4990457876259	13.249909908096	1141	42.0817023205154	94.075548451159
32	WGN55	70.9436171968951	13.7896137860724	1141	46.46735028871	100.579043301503
33	WGN55	50.8229145242014	11.6714609725511	1141	30.5025593252772	76.3024289195481
34	WGN55	93.3064173879398	15.814344528478	1141	64.8575371032555	126.914456869047
35	WGN55	53.6223590239487	11.9885979750882	1141	32.6797666692015	79.7241105751184
36	WGN55	98.3926495012236	16.2396537932247	1141	69.1092931852847	132.835165013585
37	WGN55	79.1987903029125	14.5698376617414	1141	53.1916888297995	110.365050972448
38	WGN55	68.2940890610988	13.5296635559589	1141	44.3278562723867	97.4194810462335
40	WGN55	59.6183503111772	12.6411159843356	1141	37.3954880826871	87.0003717360898
41	WGN55	51.2448974278324	11.71981490758	1141	30.8296696193908	76.8192844326965
42	WGN55	99.9974999374975	16.3715579572464	1141	70.4553416804244	134.698817390993
43	WGN55	83.6383236934443	14.9726302145665	1141	56.8409249972021	115.594881586109
44	WGN55	83.8927201313077	14.9953834910858	1141	57.0506784764902	115.893920982548
45	WGN55	90.2999722530439	15.5574798519473	1141	62.3550720920198	123.404031610491
46	WGN55	55.9597925600324	12.247106282451	1141	34.509995203525	82.5687491129623
47	WGN55	48.4677620766252	11.3978233682106	1141	28.684296245037	73.4103871046357
48	WGN55	49.9949994999001	11.5760054603975	1141	29.8619323371083	75.2872258591145
49	WGN55	68.1690212122936	13.5172693549931	1141	44.2271064069639	97.2700952140458
50	WGN55	64.9384031666175	13.1930813801951	1141	41.6325598438854	93.4034056857723
52	WGN55	77.4545185901476	14.408501573368	1141	51.7639658261347	108.304230550583
53	WGN55	90.25	15.5531744801407	1141	62.3135471733653	123.345612023057
54	WGN55	92.4939185190885	15.7453394591244	1141	64.180429304347	125.966566930253
55	WGN55	92.4993243193897	15.745799570008	1141	64.1849323462653	125.972875488937
56	WGN55	98.9772675074125	16.2878277840357	1141	69.5993916406578	133.51430257059
57	WGN55	33.5227116418586	9.47905426397043	1141	17.503957655788	54.7006248243517
58	WGN55	88.1248219369612	15.3689629987127	1141	60.5498003761727	120.859002694172
59	WGN55	37.4582869338701	10.0200386058675	1141	20.3780971785458	59.6976358856169
60	WGN55	82.9246303544163	14.9086119534078	1141	56.2528383846849	114.75558152057
61	WGN55	65.8119474411744	13.2815208956843	1141	42.3325817853808	94.4504722933905
62	WGN55	65.0000000000003	13.1993369961215	1141	41.6818828756278	93.4772763207954
63	WGN55	63.6069612585586	13.0571310465107	1141	40.5678586450096	91.8052230685301
64	WGN55	63.9021942818989	13.0873984370978	1141	40.8037056778082	92.1598420824121
65	WGN55	87.9020331714355	15.3495235318499	1141	60.3651527246598	120.598072814634
66	WGN55	79.4614593033297	14.5939786666601	1141	53.4069920856988	110.675085717383
67	WGN55	61.9959674796588	12.8907195399467	1141	39.2833717754651	89.867722380275
68	WGN55	36.2082849960684	9.8514331866913	1141	19.4589067059633	58.1168224825959
69	WGN55	48.3953929352998	11.3893109179839	1141	28.6286289164165	73.3213161506056
70	WGN55	85.1764068711929	15.1096740800119	1141	58.1101219069482	117.40185103186
71	WGN55	43.9870651192843	10.8582023776552	1141	25.2623600998984	67.8709293350928
72	WGN55	84.963741838411	15.0907996776471	1141	57.9344893060534	117.152153567191
73	WGN55	68.4917873365288	13.5492322934144	1141	44.4871597990489	97.6555740704312
74	WGN55	79.4803410506377	14.595712484866	1141	53.4224720031965	110.697369294501
75	WGN55	65.4990457876256	13.2499099080958	1141	42.0817023205153	94.0755484511584
76	WGN55	93.7840784883069	15.8547718349263	1141	65.2558779982201	127.471438174816
77	WGN55	73.4923461417474	14.0351317799767	1141	48.5343618148814	103.609489665036
78	WGN55	105.97876933263	16.8540731605864	1141	75.4898944030599	141.626803458623
80	WGN55	64.2812347560942	13.1261554733981	1141	41.1067030922449	92.6149256163661
81	WGN55	107.621288467692	16.9841779864773	1141	76.8771419798567	143.52459415195
82	WGN55	108.430254705936	17.047891699151	1141	77.5610990295043	144.45856957879
83	WGN55	69.8454542424651	13.6824702289535	1141	45.5794078437539	99.2706598375988
84	WGN55	121.003630596008	18.0092090481516	1141	88.2483267618398	158.918093626598
85	WGN55	83.8067791046461	14.9877007692387	1141	56.9798112978905	115.792906107824
86	WGN55	29.3958185158772	8.87642764875037	1141	14.559445229876	49.3913509983009
87	WGN55	84.3330013267042	15.0346809754655	1141	57.4138562285298	116.411305621301
88	WGN55	55.5538458829525	12.2026036032052	1141	34.1913647977692	82.0754861645582
89	WGN55	75.4792989598275	14.2235946700409	1141	50.1515419109089	105.966215205169
90	WGN55	69.3911325780359	13.6378976481109	1141	45.2125396007462	98.728884751748
91	WGN55	103.484753829798	16.6545776695657	1141	73.3872980848051	138.741368771214
92	WGN55	98.8111862881448	16.2741567760799	1141	69.4601335578881	133.321398214824
93	WGN55	49.6779253585065	11.5392388820817	1141	29.6169958867994	74.8980140266361
94	WGN55	71.5773804544408	13.8510704731055	1141	46.9805327441422	101.333387361162
95	WGN55	89.3426002830071	15.4747888873556	1141	61.5599435379456	122.284416224491
96	WGN55	93.0101340248819	15.7892162853584	1141	64.6105564907579	126.568870755428
97	WGN55	94.9973683481518	15.9569993010425	1141	66.2685929416905	128.885302951035
98	WGN55	71.4781401698999	13.8414650575844	1141	46.9001387196925	101.21530081653
99	WGN55	73.4991496500264	14.0357814117441	1141	48.5398907162238	103.617567780252
100	WGN55	67.343154064482	13.4351390397936	1141	43.5623826556269	96.2830846697595
101	WGN55	81.7523005485583	14.80285312846	1141	55.2880121810943	113.375748112445
102	WGN55	41.9940467752173	10.6093628417936	1141	23.7575761901993	65.3896765566577
103	WGN55	48.2812296813962	11.3758694680022	1141	28.5408383958737	73.1807801633412
104	WGN55	83.9255292155034	14.9983154302713	1141	57.0777349632744	115.932482664155
105	WGN55	87.4935709561993	15.3138190058915	1141	60.0267444057039	120.119556703117
106	WGN55	43.4514150471146	10.7918872903195	1141	24.8568232311764	67.2051660594752
107	WGN55	67.3633534503103	13.4371538044264	1141	43.578628982037	96.3072371150061
108	WGN55	67.6303434416009	13.4637560861864	1141	43.7934240922246	96.6264219873996
109	WGN55	102.756706878223	16.5958892361087	1141	72.7744004965073	137.898172456361
110	WGN55	113.499449336536	17.44184071404	1141	81.8573478587544	150.30071001074
111	WGN55	72.5620091589403	13.9460137304048	1141	47.7788784797233	102.50429903458
112	WGN55	71.1830354330535	13.8128625601987	1141	46.6611533775566	100.864076684973
113	WGN55	87.8178046004137	15.3421677390172	1141	60.2953565521737	120.499411845076
114	WGN55	44.4985954612873	10.9211554899813	1141	25.6503735856196	68.5059765333775
115	WGN55	89.4993016705293	15.488353852578	1141	61.6900298496132	122.467732687868
116	WGN55	67.9606044523949	19.0912386019755	1141	35.664148074445	110.579896875726
117	WGN55	45.9945645751342	11.1032135992709	1141	26.7891364472393	70.3591518994515
118	WGN55	80.8019850627736	14.7165650315333	1141	54.5069978477563	112.256131474213
119	WGN55	103.426880710817	16.6499200407172	1141	73.3385634444765	138.674357173581
120	WGN55	52.1323706804735	11.820862783579	1141	31.5188823648675	77.9050181925021
121	WGN55	109.103571307908	17.1007407126341	1141	78.1307234745386	145.235578337699
122	WGN55	85.927264063763	15.1761262501109	1141	58.7305969334832	118.283090390465
123	WGN55	103.233006905192	16.634307573854	1141	73.1753220056158	138.449851001191
124	WGN55	95.9765567751589	16.0390271084179	1141	67.0868390972146	130.025433649526
125	WGN55	67.0065782966322	13.4015231025647	1141	43.2917628784194	95.8805529112676
126	WGN55	103.382181647179	16.6463217679144	1141	73.3009243549713	138.622598135808
128	WGN55	66.3860830515623	13.3393282983927	1141	42.793296654704	95.138028644843
129	WGN55	81.9969511061498	14.8249859667069	1141	55.4892371080878	113.663824300634
130	WGN55	104.806787322489	16.7606224431183	1141	74.5012669311205	140.271466910279
1	WGN63	99.9374608886001	16.3666424325923	1141	70.4049471134251	134.629133860198
2	WGN63	123.991934959316	18.2302304021405	1141	90.8029772229488	162.340051892107
3	WGN63	91.0710767744994	15.6237641542645	1141	62.9961238116275	124.305188933794
4	WGN63	149.040243257495	19.9869816685585	1141	112.404460007991	190.835185703421
5	WGN63	98.4485772152021	16.2442685570755	1141	69.1561665236769	132.90014710315
6	WGN63	72.0042926614036	19.6510012485283	1141	38.6095566303686	115.72186473782
7	WGN63	118.459732021101	17.8188967641387	1141	86.077829503635	156.000793734989
8	WGN63	116.208680806298	17.6487814175504	1141	84.160552299989	153.41596850903
9	WGN63	86.4453234787797	15.2218062823369	1141	59.1590300573298	118.890776096652
10	WGN63	50.2899680510986	11.6101042298451	1141	30.0899975589934	75.6490977396263
12	WGN63	101.842895275545	16.5219311269252	1141	72.0056980521441	136.839251695369
13	WGN63	117.473930386173	17.7445989617635	1141	85.2378035204412	154.869216448327
14	WGN63	86.9539986652558	15.2665258672109	1141	59.57996339382	119.487193133114
16	WGN63	46.9147389479363	11.2137298893595	1141	27.4924728557966	71.4961642364984
17	WGN63	81.9237095092815	14.8183634752228	1141	55.4289891393128	113.577589075673
18	WGN63	43.7441852602052	10.8281834482375	1141	25.0783787392989	67.5691509775341
19	WGN63	123.475197448045	18.1922034162165	1141	90.3608503795479	161.748703712964
20	WGN63	68.2940890610992	13.5296635559588	1141	44.3278562723873	97.4194810462337
21	WGN63	141.400548476286	19.4679842313576	1141	105.783061693671	182.177194455323
22	WGN63	65.7566787083184	13.2759428278897	1141	42.2882574740579	94.3842591390016
23	WGN63	122.061690409075	18.0877742423969	1141	89.1522381071384	160.130301907434
24	WGN63	79.4362696659692	14.5916653051127	1141	53.3863413684206	110.64535715994
25	WGN63	80.4362696659696	14.6832231640818	1141	54.2067007042839	111.824997824078
26	WGN63	83.9573135073466	15.0011552438106	1141	57.1039474123946	115.969838798721
27	WGN63	92.6738500128212	15.7606469842551	1141	64.330326740799	126.176532481266
28	WGN63	102.148412673417	16.5466945500218	1141	72.2626284928561	137.193356050401
29	WGN63	60.3726264871974	12.7208307332319	1141	37.9933603126729	87.9110518581444
30	WGN63	95.9895822028074	16.0401154372059	1141	67.0977291745123	130.040594427525
31	WGN63	81.2271947159629	14.7552362016718	1141	54.8563329144835	112.757215713865
32	WGN63	84.4992603485566	15.0494938039944	1141	57.5510518102294	116.606628083306
33	WGN63	68.8220046034615	13.581855260152	1141	44.7533693283954	98.0497990749501
34	WGN63	119.241524815011	17.8775993121243	1141	86.7444452409232	156.897763585521
35	WGN63	74.9699879903913	14.1755252340789	1141	49.7365453509416	105.362589826264
36	WGN63	108.078431149348	17.0202115875434	1141	77.263585104974	144.052436390145
37	WGN63	78.0765373166348	14.4662414974836	1141	52.2726962076111	109.039537622081
38	WGN63	115.495129664761	17.5945139602693	1141	83.553476366334	152.59594215961
39	WGN63	94.4199056602834	15.9084262837179	1141	65.7864327127216	128.212537804268
40	WGN63	58.9321253055231	12.5681539139633	1141	36.8524179621087	86.1709918453599
41	WGN63	91.6576472363625	22.1712327734153	1141	53.3181028621966	140.32002765591
42	WGN63	107.789704892725	16.9974620513182	1141	77.0194944682999	143.719074513572
43	WGN63	63.2142654451051	13.0167626724093	1141	40.2543674090261	91.3333226776065
44	WGN63	98.0925278610877	16.2148674201546	1141	68.8578035311956	132.486411387402
45	WGN63	96.7907858705992	16.1069179662969	1141	67.7678632560658	130.972867681555
46	WGN63	80.4805853797838	14.6872674087916	1141	54.2430814268939	111.877248529096
47	WGN63	40.2332005306819	10.3845511471285	1141	22.4378206678597	63.1877395899266
48	WGN63	69.4270817687996	13.6414298566523	1141	45.241558438448	98.7717642955738
49	WGN63	84.6426150114113	15.0622542758172	1141	57.669369849699	116.775019369546
50	WGN63	72.2500000000002	13.9159982190734	1141	47.5257611128226	102.1333980836
51	WGN63	90.2077760155572	21.9951777983461	1141	52.2136594725153	138.52472860398
52	WGN63	101.910635605962	16.5274249565372	1141	72.0626592401552	136.917771168191
53	WGN63	88.732951242499	15.4219006829299	1141	61.0540635487786	121.570998132642
54	WGN63	66.1589653438091	13.3164907309643	1141	42.6109872881059	94.8661025959349
55	WGN63	68.8381210981192	13.5834454425774	1141	44.7663658131466	98.0690355795142
56	WGN63	97.4685796180478	16.1632152806067	1141	68.3351991242497	131.761119308268
57	WGN63	86.8951040096099	15.2613549199626	1141	59.5312143707649	119.418152844877
58	WGN63	48.3435676063132	11.3832110306175	1141	28.5887718425858	73.2575225664631
59	WGN63	93.4993315460232	15.8306844317781	1141	65.0183916313539	127.139430657115
60	WGN63	97.4226186817694	16.1594039800508	1141	68.2967161322001	131.707680427761
61	WGN63	56.92973795166	12.3527892255483	1141	35.2725858765111	83.7460492232313
62	WGN63	77.7132176085715	14.4325437985614	1141	51.9754929103338	108.610101503232
63	WGN63	101.990195135929	16.5338750077111	1141	72.1295634777238	137.009985990556
64	WGN63	69.4270817687998	13.6414298566523	1141	45.2415584384483	98.771764295574
65	WGN63	104.451532544555	16.7321922926656	1141	74.2017933954131	139.86043089012
66	WGN63	50.6221152139078	11.648381414754	1141	30.3470431521969	76.0563464720413
67	WGN63	102.470113236892	16.5727296902338	1141	72.53324693262	137.566138737587
68	WGN63	92.7663014593743	15.7685064364837	1141	64.407357586281	126.28440452889
69	WGN63	97.2571238264367	16.1456729032518	1141	68.1581622711552	131.515244578141
70	WGN63	82.6874510954331	14.8872760393953	1141	56.0575211548746	114.476540232414
72	WGN63	110.454166509422	17.2062603582254	1141	79.274284354511	146.793207860756
73	WGN63	112.429500270802	17.3594347165429	1141	80.9490830906431	149.069076647383
74	WGN63	52.6343582110897	11.8776385394177	1141	31.9094732922802	78.5184023263216
75	WGN63	112.356960175077	17.3538336143497	1141	80.8875326109837	148.985546935592
76	WGN63	74.5944739819836	14.1399790717807	1141	49.4307745221437	104.917332638246
77	WGN63	104.117511676529	16.7054173065066	1141	73.9203062623388	139.473876287142
78	WGN63	34.4666295470959	9.61158136960682	1141	18.1878513802425	55.9045669103719
79	WGN63	94.7849331148125	15.9391476165511	1141	66.0911835214722	128.637841904575
80	WGN63	82.8914242325637	14.905626671756	1141	56.2254895205773	114.716518140973
81	WGN63	61.1984848098355	12.8075415551099	1141	38.6490880773729	88.9070407387207
82	WGN63	50.8498007960227	11.6745477748762	1141	30.5233891511966	76.3353716372713
83	WGN63	60.1067765543687	12.6927918406586	1141	37.7825239563984	87.5901883487615
84	WGN63	101.658332644515	16.5069535781974	1141	71.8505220497536	136.625302435699
85	WGN63	65.984845004942	13.2989556964048	1141	42.4712714808585	94.657577725448
86	WGN63	97.4223740945526	16.1593836953049	1141	68.296511344573	131.707396040955
87	WGN63	89.9972221364836	15.531378053688	1141	62.1035348852769	123.050068584113
88	WGN63	94.404157598235	15.9070995648999	1141	65.7732877330549	128.194186659837
89	WGN63	103.057894129462	16.6201933085741	1141	73.02790205732	138.247045398026
90	WGN63	124.218639295198	25.8106459080314	1141	78.7384015940741	180.021713041703
91	WGN63	61.9658898594769	12.8875921655411	1141	39.2594302054437	89.8315087099325
92	WGN63	60.1999582637445	12.7026266552441	1141	37.8564093143337	87.7026664095779
93	WGN63	59.5601182554701	12.6349408888781	1141	37.3493718438154	86.9300238635474
94	WGN63	96.249345545254	16.0618043476842	1141	67.3149378927397	130.342912394191
95	WGN63	83.3923722238075	21.1479684158528	1141	47.0605188425278	130.047061650468
96	WGN63	83.5406043910435	14.9638809802173	1141	56.7603720886738	115.479995889836
97	WGN63	106.997663500382	16.9348980251207	1141	76.3502065276404	142.804279669546
98	WGN63	67.5189339621987	13.4526618921168	1141	43.7037819238231	96.4932451969969
99	WGN63	62.9960314960477	12.994274429665	1141	40.0802564102795	91.0709657782385
100	WGN63	48.8156328315761	11.4386533979169	1141	28.9520566333219	73.8383682262527
101	WGN63	71.4571421427148	13.8394318149211	1141	46.8831300066579	101.190313475194
102	WGN63	78.4992038135815	14.5053450687789	1141	52.6186397274512	109.538927096134
103	WGN63	78.4928337406977	14.5047565151669	1141	52.6134244233982	109.53140225442
105	WGN63	92.8531452289327	15.7758856042164	1141	64.4797230946915	126.385726559596
106	WGN63	75.1131069670339	20.0707384845085	1141	40.8948274774309	119.654222502018
107	WGN63	62.5161248385421	12.9446843148426	1141	39.6976478030083	90.4937610704985
109	WGN63	64.8612422505693	13.1852409285265	1141	41.5707822489495	93.3108614486115
110	WGN63	101.286678156347	16.4767519181182	1141	71.5381245858956	136.194390923222
111	WGN63	96.1561582680146	16.0540270570114	1141	67.2370100118796	130.234465720572
112	WGN63	97.5368278285381	16.1688730909958	1141	68.3923464546266	131.840468398872
114	WGN63	93.1450428386488	15.8006630626688	1141	64.7230062092444	126.726238664476
115	WGN63	91.4993169347921	15.6604545973539	1141	63.3523756615963	124.805417404411
116	WGN63	84.035164831553	15.0081087130554	1141	57.1681557151581	116.06133314437
117	WGN63	68.7500000000006	13.5747484340942	1141	44.6953086393871	97.9638505570367
118	WGN63	90.101008957198	15.5403310404808	1141	62.1897555406006	123.171421570218
119	WGN63	99.4943464124323	16.3303179501789	1141	70.0331029161678	134.114749105119
121	WGN63	90.1331817054012	15.5431053187006	1141	62.2164850293445	123.20903757788
122	WGN63	91.1109742745605	15.6271861016998	1141	63.0293072959082	124.351800449635
123	WGN63	115.513041999186	17.5958782887926	1141	83.5687118264327	152.616531368361
124	WGN63	106.783008588992	16.9179024014368	1141	76.1688977993128	142.556278575093
125	WGN63	105.763623833092	16.8369569014022	1141	75.3083317788976	141.378075083709
126	WGN63	90.5333209967915	15.5775683192621	1141	62.5490063534874	123.676794836518
127	WGN63	84.3748145396517	15.0384076921956	1141	57.4483574545439	116.460430821182
128	WGN63	58.9390390386534	12.5688911206506	1141	36.857885262345	86.1793520113843
129	WGN63	89.2045219516725	15.462826177319	1141	61.4453365852566	122.122866514511
130	WGN63	109.339212360873	17.1191977761917	1141	78.3301509332498	145.507432984919
