plantID3	famID	emmean	SE	df	lower.CL	upper.CL
1	WGN07	0.084523809500072	0.0936597155141598	717	-0.0993562577709509	0.268403876771095
2	WGN07	0.0651315789999635	0.0936597155141153	717	-0.118748488270972	0.249011646270899
3	WGN07	0.0162637360000165	0.0936597155141238	717	-0.167616331270936	0.200143803270969
4	WGN07	0.0836342780633659	0.132500951274968	717	-0.176501936318283	0.343770492445015
5	WGN07	0.459068256000001	0.0936597155141218	717	0.275188188729053	0.642948323270949
7	WGN07	0.132866184000001	0.0936597155141198	717	-0.0510138832709432	0.316746251270946
8	WGN07	0.253125000000005	0.0936597155141182	717	0.0692449327290636	0.437005067270946
9	WGN07	0.286390416500002	0.0936597155141178	717	0.102510349229062	0.470270483770943
10	WGN07	-0.0240385910633726	0.132500951274963	717	-0.284174805445011	0.236097623318266
11	WGN07	0.0815458249366291	0.132500951274962	717	-0.178590389445007	0.341682039318265
13	WGN07	0.193169014000001	0.0936597155141188	717	0.00928894672905831	0.377049081270943
14	WGN07	0.129517095999997	0.0936597155141155	717	-0.0543629712709384	0.313397163270933
15	WGN07	0.0489095370000015	0.0936597155141183	717	-0.13497053027094	0.232789604270943
16	WGN07	0.0850446429999979	0.0936597155141182	717	-0.0988354242709433	0.268924710270939
17	WGN07	0.267633512000005	0.0936597155141192	717	0.083753444729062	0.451513579270948
18	WGN07	0.136928288999997	0.0936597155141197	717	-0.0469517782709467	0.320808356270942
21	WGN07	0.229102873999998	0.0936597155141189	717	0.0452228067290556	0.412982941270941
22	WGN07	0.0413839889999996	0.0936597155141191	717	-0.142496078270943	0.225264056270942
23	WGN07	0.0244435519366338	0.132500951274961	717	-0.235692662445001	0.284579766318268
24	WGN07	0.0338185519366299	0.132500951274963	717	-0.226317662445008	0.293954766318267
25	WGN07	0.158818551936617	0.132500951274957	717	-0.10131766244501	0.418954766318243
26	WGN07	0.0521962075000016	0.093659715514118	717	-0.131683859770939	0.236076274770942
27	WGN07	0.0315287974999975	0.0936597155141193	717	-0.152351269770946	0.215408864770941
28	WGN07	0.149967907500004	0.0936597155141196	717	-0.0339121597709404	0.333847974770947
29	WGN07	0.134528605999999	0.0936597155141189	717	-0.0493514612709438	0.318408673270941
30	WGN07	0.0290422885000038	0.0936597155141165	717	-0.154837778770934	0.212922355770942
31	WGN07	0.266041839500002	0.0936597155141183	717	0.0821617722290611	0.449921906770944
33	WGN07	6.85519366320497e-05	0.132500951274957	717	-0.260067662444994	0.260204766318258
34	WGN07	0.133894230999998	0.093659715514117	717	-0.0499858362709406	0.317774298270937
35	WGN07	0.381379183999999	0.0936597155141182	717	0.197499116729058	0.56525925127094
36	WGN07	-0.0291814480633612	0.132500951274957	717	-0.289317662444988	0.230954766318265
37	WGN07	-0.0221941060633717	0.132500951274961	717	-0.282330320445006	0.237942108318263
38	WGN07	0.417151884936629	0.132500951274961	717	0.157015670554995	0.677288099318264
39	WGN07	0.0319432119999905	0.0936597155141172	717	-0.151936855270949	0.21582327927093
40	WGN07	0.100681817999999	0.0936597155141183	717	-0.0831982492709422	0.28456188527094
42	WGN07	0.116492998999999	0.0936597155141177	717	-0.0673870682709407	0.300373066270939
44	WGN07	0.125788656000002	0.0936597155141161	717	-0.0580914112709346	0.30966872327094
46	WGN07	0.0109018849366345	0.132500951274956	717	-0.24923432944499	0.271038099318259
47	WGN07	0.36461565293663	0.132500951274962	717	0.104479438554994	0.624751867318265
48	WGN07	-0.0279461540633644	0.132500951274961	717	-0.288082368444999	0.232190060318271
49	WGN07	-0.0200844020633692	0.132500951274964	717	-0.280220616445009	0.240051812318271
50	WGN07	0.301428571500003	0.0936597155141174	717	0.117548504229063	0.485308638770942
51	WGN07	0.0372886215000004	0.0936597155141173	717	-0.146591445770939	0.22116868877094
52	WGN07	0.0149882445000025	0.0936597155141179	717	-0.168891822770938	0.198868311770943
53	WGN07	0.0620460050000013	0.0936597155141175	717	-0.121834062270939	0.245926072270941
54	WGN07	0.0714844780633703	0.132500951274962	717	-0.188651736318265	0.331620692445006
56	WGN07	0.0749367220633641	0.13250095127496	717	-0.185199492318268	0.335072936444996
57	WGN07	0.0880877744999978	0.0936597155141166	717	-0.0957922927709402	0.271967841770936
58	WGN07	0.0476809954999996	0.0936597155141179	717	-0.136199071770941	0.23156106277094
59	WGN07	-0.0170365790633675	0.132500951274961	717	-0.277172793445001	0.243099635318266
60	WGN07	0.0192370129999945	0.0936597155141189	717	-0.164643054270948	0.203117080270937
61	WGN07	0.121445862500003	0.093659715514118	717	-0.0624342047709379	0.305325929770944
63	WGN07	0.0287186380000023	0.0936597155141184	717	-0.155161429270939	0.212598705270944
64	WGN07	0.00219204593662832	0.132500951274961	717	-0.257944168445006	0.262328260318262
66	WGN07	0.0669157554999978	0.0936597155141173	717	-0.116964311770942	0.250795822770937
68	WGN07	0.147875817000002	0.0936597155141176	717	-0.0360042502709384	0.331755884270941
69	WGN07	0.108320212936625	0.132500951274961	717	-0.15181600144501	0.368456427318259
71	WGN07	0.000485218936629978	0.132500951274959	717	-0.259650995445	0.26062143331826
73	WGN07	0.0435494650000003	0.0936597155141178	717	-0.14033060227094	0.227429532270941
74	WGN07	0.291819404999999	0.0936597155141187	717	0.107939337729057	0.475699472270942
75	WGN07	0.0373899809366359	0.132500951274962	717	-0.222746233444999	0.297526195318271
76	WGN07	0.0212834224999978	0.0936597155141171	717	-0.162596644770941	0.205163489770937
77	WGN07	0.0428236085000004	0.0936597155141171	717	-0.141056458770939	0.226703675770939
78	WGN07	0.0139387829999989	0.0936597155141175	717	-0.169941284270941	0.197818850270939
79	WGN07	0.1700428195	0.0936597155141181	717	-0.0138372477709405	0.353922886770941
80	WGN07	0.0092881944999969	0.0936597155141177	717	-0.174591872770943	0.193168261770937
81	WGN07	0.0590889084999988	0.0936597155141187	717	-0.124791158770943	0.242968975770941
82	WGN07	0.0837937065000013	0.0936597155141187	717	-0.100086360770941	0.267673773770943
84	WGN07	-0.0334891400633724	0.132500951274962	717	-0.293625354445009	0.226647074318264
85	WGN07	0.0909029420000051	0.0936597155141173	717	-0.0929771252709343	0.274783009270944
86	WGN07	0.0474892195000022	0.0936597155141163	717	-0.136390847770935	0.23136928677094
87	WGN07	0.301588760000004	0.0936597155141183	717	0.117708692729063	0.485468827270946
88	WGN07	0.0512520669999968	0.0936597155141183	717	-0.132628000270945	0.235132134270938
89	WGN07	0.0827583874999982	0.0936597155141174	717	-0.101121679770941	0.266638454770938
90	WGN07	0.0714946079366268	0.132500951274961	717	-0.188641606445007	0.331630822318261
91	WGN07	0.370092460999999	0.0936597155141179	717	0.186212393729058	0.553972528270939
92	WGN07	0.0723502790633633	0.132500951274961	717	-0.187785935318271	0.332486493444997
93	WGN07	0.112664705936638	0.132500951274959	717	-0.147471508444994	0.372800920318269
94	WGN07	0.188923395500002	0.0936597155141183	717	0.00504332822906062	0.372803462770943
95	WGN07	0.0613703179999988	0.0936597155141181	717	-0.122509749270942	0.24525038527094
96	WGN07	0.0501366720633718	0.13250095127496	717	-0.20999954231826	0.310272886445003
97	WGN07	0.0575990399366285	0.132500951274962	717	-0.202537174445007	0.317735254318264
98	WGN07	0.230771103999999	0.0936597155141186	717	0.0468910367290568	0.414651171270941
99	WGN07	0.0373721224999985	0.0936597155141192	717	-0.146507944770945	0.221252189770942
100	WGN07	0.110818551936633	0.132500951274966	717	-0.149317662445011	0.370954766318278
101	WGN07	-0.0225247320633689	0.13250095127496	717	-0.282660946445001	0.237611482318264
102	WGN07	0.0447846814999983	0.0936597155141186	717	-0.139095385770944	0.22866474877094
103	WGN07	0.070950703999996	0.0936597155141171	717	-0.112929363270943	0.254830771270935
104	WGN07	0.0557231589999962	0.0936597155141183	717	-0.128156908270945	0.239603226270938
105	WGN07	0.312335607499998	0.0936597155141188	717	0.128455540229055	0.49621567477094
106	WGN07	0.0130354189366291	0.132500951274968	717	-0.247100795445018	0.273171633318277
107	WGN07	0.088695498999997	0.0936597155141165	717	-0.0951845682709409	0.272575566270935
108	WGN07	0.0909600389999976	0.0936597155141191	717	-0.0929200282709453	0.27484010627094
110	WGN07	0.0506951900633731	0.132500951274962	717	-0.209441024318264	0.31083140444501
112	WGN07	0.1785714285	0.0936597155141186	717	-0.00530863877094206	0.362451495770942
113	WGN07	0.0042730969366253	0.132500951274958	717	-0.255863117445003	0.264409311318254
114	WGN07	-0.0229166080633803	0.132500951274962	717	-0.283052822445017	0.237219606318257
115	WGN07	0.156495097999998	0.0936597155141186	717	-0.0273849692709439	0.34037516527094
116	WGN07	0.329538461499999	0.0936597155141171	717	0.14565839422906	0.513418528770938
117	WGN07	0.1021153845	0.0936597155141191	717	-0.0817646827709429	0.285995451770943
118	WGN07	0.04817445506337	0.132500951274963	717	-0.211961759318268	0.308310669445008
119	WGN07	0.162175325000003	0.0936597155141179	717	-0.0217047422709378	0.346055392270943
120	WGN07	0.458818551936628	0.13250095127496	717	0.198682337554996	0.718954766318259
121	WGN07	0.100252525499998	0.0936597155141184	717	-0.0836275417709433	0.28413259277094
122	WGN07	0.661199503936623	0.132500951274959	717	0.401063289554992	0.921335718318254
123	WGN07	0.13197872493663	0.132500951274961	717	-0.128157489445005	0.392114939318265
124	WGN07	0.370818551936625	0.13250095127496	717	0.110682337554993	0.630954766318257
125	WGN07	0.0556404229999968	0.0936597155141183	717	-0.128239644270945	0.239520490270938
126	WGN07	0.049076185063373	0.13250095127496	717	-0.21106002931826	0.309212399445006
127	WGN07	0.141377420500001	0.0936597155141188	717	-0.0425026467709409	0.325257487770944
128	WGN07	0.30088294106337	0.132500951274961	717	0.0407467266817359	0.561019155445005
129	WGN07	0.180595874499998	0.0936597155141164	717	-0.00328419277093958	0.364475941770936
130	WGN07	0.0175324675000057	0.0936597155141154	717	-0.16634759977093	0.201412534770941
1	WGN15	0.100306296999992	0.093659715514115	717	-0.0835737702709429	0.284186364270927
3	WGN15	0.019239630999994	0.0936597155141199	717	-0.16464043627095	0.203119698270939
5	WGN15	0.0687259924999981	0.0936597155141188	717	-0.115154074770944	0.25260605977094
7	WGN15	0.0629996300633688	0.132500951274963	717	-0.19713658431827	0.323135844445008
8	WGN15	0.0431082979999953	0.0936597155141198	717	-0.140771769270949	0.22698836527094
9	WGN15	0.0789565829999979	0.0936597155141191	717	-0.104923484270945	0.262836650270941
10	WGN15	-0.0373935690633733	0.132500951274961	717	-0.297529783445008	0.222742645318261
11	WGN15	0.0693064480633688	0.132500951274961	717	-0.190829766318266	0.329442662445004
12	WGN15	0.0906411204999981	0.0936597155141176	717	-0.0932389467709418	0.274521187770938
13	WGN15	0.0188185519366291	0.132500951274961	717	-0.241317662445004	0.278954766318262
14	WGN15	0.37010887493664	0.132500951274964	717	0.109972660554999	0.63024508931828
15	WGN15	0.0650216685000001	0.0936597155141154	717	-0.118858398770936	0.248901735770936
16	WGN15	0.0613186814999963	0.0936597155141191	717	-0.122561385770947	0.245198748770939
17	WGN15	0.26316637793662	0.132500951274958	717	0.00303016355499064	0.523302592318249
18	WGN15	0.0196881169366301	0.132500951274961	717	-0.240448097445004	0.279824331318264
19	WGN15	0.173100470999998	0.0936597155141181	717	-0.0107795962709431	0.356980538270939
21	WGN15	0.0376707869999975	0.0936597155141188	717	-0.146209280270945	0.22155085427094
22	WGN15	0.0607615019999961	0.0936597155141185	717	-0.123118565270946	0.244641569270938
23	WGN15	0.0249512779999998	0.0936597155141168	717	-0.158928789270939	0.208831345270938
24	WGN15	-0.0197528770633704	0.13250095127496	717	-0.279889091445003	0.240383337318263
25	WGN15	0.0145328379366276	0.132500951274961	717	-0.245603376445006	0.274669052318261
27	WGN15	0.049407114999999	0.0936597155141192	717	-0.134472952270944	0.233287182270942
28	WGN15	0.0468478259999981	0.0936597155141194	717	-0.137032241270945	0.230727893270942
29	WGN15	0.0563158784999947	0.0936597155141159	717	-0.127564188770942	0.240195945770931
30	WGN15	0.0308185519366248	0.132500951274963	717	-0.229317662445013	0.290954766318263
31	WGN15	-0.0266886940633706	0.132500951274961	717	-0.286824908445005	0.233447520318264
32	WGN15	0.0482237020633705	0.132500951274958	717	-0.211912512318258	0.308359916444999
33	WGN15	0.111971704936628	0.132500951274956	717	-0.148164509444997	0.372107919318252
34	WGN15	0.0138218175000006	0.0936597155141164	717	-0.170058249770937	0.197701884770938
36	WGN15	0.000357013936628604	0.132500951274964	717	-0.259779200445012	0.260493228318269
37	WGN15	-0.0206686270633692	0.132500951274958	717	-0.280804841444998	0.23946758731826
39	WGN15	0.0827380949999997	0.0936597155141192	717	-0.101141972270943	0.266618162270943
40	WGN15	0.0761510884999965	0.0936597155141184	717	-0.107728978770945	0.260031155770938
41	WGN15	-0.0233243050633732	0.132500951274962	717	-0.283460519445009	0.236811909318262
44	WGN15	0.0531872669999974	0.0936597155141166	717	-0.130692800270941	0.237067334270935
45	WGN15	-0.0288526810633716	0.13250095127496	717	-0.288988895445003	0.23128353331826
46	WGN15	0.0106999619999993	0.0936597155141183	717	-0.173180105270942	0.194580029270941
47	WGN15	0.0826280759366291	0.132500951274962	717	-0.177508138445007	0.342764290318265
48	WGN15	-0.0134891400633742	0.132500951274963	717	-0.273625354445012	0.246647074318264
50	WGN15	0.0315047554999994	0.0936597155141169	717	-0.152375311770939	0.215384822770938
51	WGN15	-0.0113519030633648	0.132500951274962	717	-0.271488117445001	0.248784311318272
52	WGN15	0.0713601149999986	0.0936597155141179	717	-0.112519952270942	0.255240182270939
54	WGN15	0.0642583710633697	0.132500951274961	717	-0.195877843318265	0.324394585445004
55	WGN15	0.135714285499998	0.093659715514119	717	-0.0481657817709445	0.319594352770941
56	WGN15	0.00956813399999638	0.0936597155141176	717	-0.174311933270944	0.193448201270936
59	WGN15	0.219264068999995	0.0936597155141162	717	0.0353840017290577	0.403144136270932
60	WGN15	0.0460834090633677	0.132500951274961	717	-0.214052805318267	0.306219623445002
61	WGN15	0.0393180529999998	0.0936597155141175	717	-0.14456201427094	0.22319812027094
62	WGN15	0.0211350289999956	0.0936597155141178	717	-0.162745038270945	0.205015096270936
63	WGN15	-0.0168571240633722	0.132500951274962	717	-0.276993338445008	0.243279090318264
64	WGN15	0.0143741079366202	0.132500951274962	717	-0.245762106445016	0.274510322318257
67	WGN15	0.0401626234999983	0.0936597155141179	717	-0.143717443770942	0.224042690770939
68	WGN15	0.00359467093662928	0.132500951274963	717	-0.256541543445009	0.263730885318268
69	WGN15	0.0514111449366127	0.132500951274958	717	-0.208725069445016	0.311547359318241
70	WGN15	0.217668168	0.0936597155141172	717	0.033788100729061	0.401548235270939
71	WGN15	0.00807228293662545	0.132500951274962	717	-0.25206393144501	0.268208497318261
73	WGN15	0.0904172094999957	0.0936597155141182	717	-0.0934628577709454	0.274297276770937
74	WGN15	-0.0191226240633743	0.132500951274964	717	-0.279258838445014	0.241013590318265
75	WGN15	0.0481754654999989	0.0936597155141182	717	-0.135704601770942	0.23205553277094
77	WGN15	-0.0291814480633716	0.132500951274961	717	-0.289317662445006	0.230954766318263
78	WGN15	0.0431463069999981	0.0936597155141184	717	-0.140733760270943	0.22702637427094
79	WGN15	-0.00546716206337355	0.132500951274959	717	-0.265603376445005	0.254669052318258
80	WGN15	-0.0354671620633765	0.132500951274963	717	-0.295603376445014	0.224669052318261
81	WGN15	0.046590908999997	0.0936597155141198	717	-0.137289158270947	0.230470976270941
82	WGN15	0.0764755660633709	0.132500951274963	717	-0.183660648318267	0.336611780445009
84	WGN15	0.0670698924999986	0.0936597155141183	717	-0.116810174770943	0.25094995977094
85	WGN15	0.371676441999999	0.0936597155141182	717	0.187796374729058	0.55555650927094
86	WGN15	-0.0346879420633722	0.132500951274959	717	-0.294824156445003	0.225448272318259
87	WGN15	0.128289473499998	0.0936597155141177	717	-0.0555905937709422	0.312169540770938
88	WGN15	0.058422827063367	0.132500951274962	717	-0.20171338731827	0.318559041445004
89	WGN15	0.0516666664999978	0.0936597155141182	717	-0.132213400770943	0.235546733770939
90	WGN15	-0.0242800400633731	0.132500951274963	717	-0.284416254445011	0.235856174318264
91	WGN15	0.0230424429999965	0.0936597155141185	717	-0.160837624270945	0.206922510270938
93	WGN15	0.0625433124999959	0.0936597155141174	717	-0.121336754770944	0.246423379770936
94	WGN15	0.0273328879999972	0.0936597155141179	717	-0.156547179270943	0.211212955270938
96	WGN15	0.00293619893663035	0.132500951274961	717	-0.257200015445003	0.263072413318264
97	WGN15	0.0354622694999981	0.0936597155141173	717	-0.148417797770941	0.219342336770938
98	WGN15	0.0455932130633708	0.132500951274962	717	-0.214543001318266	0.305729427445008
99	WGN15	0.152083332999996	0.0936597155141188	717	-0.0317967342709458	0.335963400270939
101	WGN15	0.244639794500002	0.0936597155141169	717	0.0607597272290631	0.42851986177094
102	WGN15	-0.0200546870633697	0.132500951274961	717	-0.280190901445003	0.240081527318264
103	WGN15	-0.00469496206337189	0.132500951274961	717	-0.264831176445006	0.255441252318262
106	WGN15	-0.0248178120633733	0.13250095127496	717	-0.284954026445005	0.235318402318258
107	WGN15	0.00694689393662571	0.132500951274963	717	-0.253189320445012	0.267083108318264
108	WGN15	-0.0316576380633677	0.13250095127496	717	-0.291793852445	0.228478576318264
109	WGN15	0.05287735406337	0.132500951274963	717	-0.207258860318268	0.313013568445008
110	WGN15	0.035919540499999	0.0936597155141193	717	-0.147960526770944	0.219799607770942
111	WGN15	-0.0247430920633717	0.132500951274961	717	-0.284879306445006	0.235393122318263
115	WGN15	0.0966433564999965	0.0936597155141189	717	-0.087236710770946	0.280523423770939
118	WGN15	0.0201010599999992	0.0936597155141184	717	-0.163779007270942	0.203981127270941
119	WGN15	-0.0180689670633682	0.13250095127496	717	-0.278205181445	0.242067247318263
120	WGN15	0.0668957340633627	0.132500951274958	717	-0.193240480318266	0.327031948444992
121	WGN15	0.0831042659366289	0.13250095127496	717	-0.177031948445003	0.343240480318261
122	WGN15	0.280092738063369	0.132500951274962	717	0.019956523681733	0.540228952445005
123	WGN15	0.199523612000003	0.0936597155141174	717	0.0156435447290638	0.383403679270943
124	WGN15	0.138553114	0.093659715514118	717	-0.045326953270941	0.322433181270941
125	WGN15	0.0147877884999963	0.0936597155141183	717	-0.169092278770945	0.198667855770938
126	WGN15	0.0733766229999946	0.0936597155141173	717	-0.110503444270945	0.257256690270934
127	WGN15	0.105442177	0.0936597155141175	717	-0.0784378902709399	0.28932224427094
128	WGN15	0.0808241404999978	0.0936597155141173	717	-0.103055926770942	0.264704207770937
129	WGN15	0.0866359930633694	0.132500951274962	717	-0.173500221318266	0.346772207445005
130	WGN15	0.202188939999999	0.0936597155141187	717	0.0183088727290574	0.386069007270942
1	WGN26	0.187626517999935	0.0936597155141256	717	0.00374645072897919	0.371506585270891
3	WGN26	-0.00825461906336546	0.132500951274962	717	-0.268390833445002	0.251881595318271
4	WGN26	-0.027667934063359	0.13250095127496	717	-0.28780414844499	0.232468280318272
5	WGN26	0.288542890500004	0.0936597155141158	717	0.104662823229067	0.47242295777094
6	WGN26	0.100004977063381	0.13250095127496	717	-0.160131237318251	0.360141191445013
7	WGN26	0.212599345500007	0.093659715514118	717	0.0287192782290662	0.396479412770948
8	WGN26	0.278469584063383	0.132500951274964	717	0.0183333696817426	0.538605798445024
9	WGN26	-0.031313027063365	0.132500951274962	717	-0.291449241445001	0.228823187318271
10	WGN26	0.0479841690633771	0.132500951274961	717	-0.212152045318258	0.308120383445012
11	WGN26	0.0573121065000098	0.0936597155141168	717	-0.126567960770929	0.241192173770948
12	WGN26	0.0227809665000084	0.0936597155141174	717	-0.161099100770931	0.206661033770948
13	WGN26	0.0623132740000047	0.0936597155141193	717	-0.121566793270939	0.246193341270948
14	WGN26	0.0559701495000087	0.0936597155141178	717	-0.127909917770932	0.239850216770949
15	WGN26	0.107531194500007	0.0936597155141184	717	-0.0763488727709342	0.291411261770949
17	WGN26	0.149376606000007	0.0936597155141178	717	-0.0345034612709334	0.333256673270947
18	WGN26	0.229918033000005	0.0936597155141166	717	0.0460379657290673	0.413798100270943
19	WGN26	0.256250000000007	0.0936597155141167	717	0.0723699327290683	0.440130067270945
20	WGN26	0.263990965936636	0.13250095127496	717	0.00385475155500448	0.524127180318268
21	WGN26	0.150225345000009	0.0936597155141174	717	-0.0336547222709304	0.334105412270949
22	WGN26	0.419969327063377	0.132500951274961	717	0.159833112681743	0.680105541445011
23	WGN26	0.167151884936638	0.13250095127496	717	-0.0929843294449949	0.42728809931827
24	WGN26	0.0558773759366356	0.132500951274962	717	-0.204258838445001	0.316013590318272
25	WGN26	0.0354131055000043	0.0936597155141193	717	-0.148466961770939	0.219293172770948
27	WGN26	0.0391082520000089	0.0936597155141183	717	-0.144771815270932	0.22298831927095
28	WGN26	0.0834349690633802	0.13250095127496	717	-0.176701245318253	0.343571183445013
30	WGN26	0.133489140063379	0.13250095127496	717	-0.126647074318252	0.393625354445011
31	WGN26	0.350000000000004	0.0936597155141167	717	0.166119932729066	0.533880067270942
32	WGN26	-0.0319506790633578	0.13250095127496	717	-0.292086893444991	0.228185535318275
34	WGN26	0.0407118255000076	0.0936597155141183	717	-0.143168241770934	0.224591892770949
35	WGN26	0.459509062000004	0.093659715514117	717	0.275628994729065	0.643389129270942
36	WGN26	0.0554684540000091	0.0936597155141179	717	-0.128411613270931	0.23934852127095
38	WGN26	0.150604064500009	0.0936597155141178	717	-0.0332760027709315	0.334484131770949
39	WGN26	0.434179198000014	0.0936597155141191	717	0.250299130729072	0.618059265270957
40	WGN26	0.0210134125000083	0.0936597155141179	717	-0.162866654770932	0.204893479770949
41	WGN26	0.085714285500005	0.0936597155141194	717	-0.0981657817709385	0.269594352770948
42	WGN26	0.494441650000007	0.0936597155141175	717	0.310561582729067	0.678321717270947
43	WGN26	0.16213768100001	0.0936597155141165	717	-0.0217423862709283	0.346017748270947
44	WGN26	0.263932284000008	0.0936597155141179	717	0.0800522167290678	0.447812351270949
45	WGN26	0.0448604345000038	0.0936597155141192	717	-0.139019632770939	0.228740501770947
46	WGN26	0.184216590000009	0.0936597155141185	717	0.000336522729066951	0.36809665727095
47	WGN26	0.0266151619366383	0.132500951274961	717	-0.233521052444995	0.286751376318272
49	WGN26	0.212786805936638	0.132500951274959	717	-0.0473494084449924	0.472923020318268
50	WGN26	0.233201657500009	0.0936597155141181	717	0.049321590229068	0.41708172477095
51	WGN26	0.454125000000007	0.0936597155141173	717	0.270244932729067	0.638005067270946
52	WGN26	0.144584760500006	0.0936597155141186	717	-0.0392953067709363	0.328464827770948
53	WGN26	0.130040322500012	0.0936597155141178	717	-0.0538397447709283	0.313920389770952
54	WGN26	0.0191287880000117	0.0936597155141167	717	-0.164751279270926	0.20300885527095
55	WGN26	0.741268000000017	0.0936597155141185	717	0.557387932729075	0.925148067270959
56	WGN26	0.0578694090000097	0.0936597155141179	717	-0.126010658270931	0.24174947627095
57	WGN26	0.145691808500008	0.0936597155141164	717	-0.0381882587709292	0.329571875770946
58	WGN26	0.0928476995000037	0.0936597155141163	717	-0.0910323677709338	0.276727766770941
60	WGN26	0.224153886500009	0.0936597155141172	717	0.04027381922907	0.408033953770948
62	WGN26	0.231313131500009	0.0936597155141186	717	0.0474330642290674	0.415193198770951
64	WGN26	0.0286273205000065	0.0936597155141183	717	-0.155252746770935	0.212507387770948
65	WGN26	0.054038591063379	0.132500951274964	717	-0.206097623318262	0.31417480544502
66	WGN26	0.308951268500004	0.0936597155141185	717	0.125071201229062	0.492831335770945
67	WGN26	0.0747054205000093	0.0936597155141179	717	-0.109174646770931	0.25858548777095
68	WGN26	0.0845016119366377	0.132500951274962	717	-0.175634602444998	0.344637826318273
69	WGN26	0.454897186000012	0.0936597155141184	717	0.27101711872907	0.638777253270953
70	WGN26	0.150336378063381	0.132500951274958	717	-0.109799836318248	0.41047259244501
71	WGN26	-0.0255564480633644	0.132500951274961	717	-0.285692662445	0.234579766318271
72	WGN26	0.0674704629366374	0.132500951274961	717	-0.192665751444997	0.327606677318272
73	WGN26	0.0665349140000083	0.0936597155141174	717	-0.117345153270931	0.250414981270948
74	WGN26	0.0856258920633771	0.132500951274961	717	-0.174510322318257	0.345762106445011
75	WGN26	0.385979729500006	0.0936597155141178	717	0.202099662229065	0.569859796770946
76	WGN26	-0.018104525063368	0.132500951274965	717	-0.278240739445009	0.242031689318273
77	WGN26	0.0705357145000065	0.0936597155141175	717	-0.113344352770933	0.254415781770946
78	WGN26	0.0198355009366406	0.132500951274962	717	-0.240300713444995	0.279971715318277
79	WGN26	0.0343430279366407	0.132500951274959	717	-0.225793186444989	0.294479242318271
80	WGN26	0.0138788425000084	0.0936597155141178	717	-0.170001224770932	0.197758909770949
81	WGN26	0.189042872936639	0.132500951274962	717	-0.0710933414449967	0.449179087318274
82	WGN26	0.214026884936631	0.132500951274963	717	-0.0461093294450072	0.474163099318269
83	WGN26	0.0976245219366362	0.132500951274962	717	-0.162511692445	0.357760736318272
85	WGN26	0.0670152729366414	0.132500951274959	717	-0.193120941444989	0.327151487318271
86	WGN26	0.0344488039366396	0.132500951274961	717	-0.225687410444994	0.294585018318273
87	WGN26	0.325096292500006	0.093659715514118	717	0.141216225229065	0.508976359770947
88	WGN26	0.278732849000009	0.0936597155141182	717	0.0948527817290677	0.46261291627095
89	WGN26	0.0615942025000049	0.0936597155141178	717	-0.122285864770936	0.245474269770945
90	WGN26	0.0496321520633765	0.132500951274964	717	-0.210504062318264	0.309768366445017
91	WGN26	0.0626666665000086	0.0936597155141182	717	-0.121213400770933	0.24654673377095
92	WGN26	0.0245719769366467	0.132500951274961	717	-0.235564237444988	0.284708191318281
93	WGN26	0.264923992500009	0.0936597155141188	717	0.081043925229067	0.448804059770952
94	WGN26	0.0934275185000062	0.0936597155141179	717	-0.0904525487709342	0.277307585770947
95	WGN26	0.0947368420000089	0.0936597155141177	717	-0.0891432252709313	0.278616909270949
96	WGN26	0.0282629959366361	0.132500951274963	717	-0.231873218445001	0.288399210318274
97	WGN26	0.318207762500011	0.0936597155141173	717	0.134327695229071	0.50208782977095
98	WGN26	0.081545013500009	0.0936597155141172	717	-0.10233505377093	0.265425080770948
99	WGN26	0.243341635500012	0.0936597155141189	717	0.0594615682290697	0.427221702770955
100	WGN26	0.103553702500009	0.093659715514118	717	-0.0803263647709322	0.28743376977095
101	WGN26	0.0121518849366346	0.132500951274962	717	-0.247984329445002	0.272288099318271
103	WGN26	0.0795609790633807	0.13250095127496	717	-0.180575235318251	0.339697193445012
104	WGN26	0.273739588063377	0.132500951274961	717	0.0136033736817424	0.533875802445012
105	WGN26	0.471554621500008	0.093659715514118	717	0.287674554229067	0.655434688770949
106	WGN26	0.0933553610633777	0.132500951274962	717	-0.166780853318259	0.353491575445014
108	WGN26	0.0633640069366421	0.13250095127496	717	-0.19677220744499	0.323500221318275
109	WGN26	0.118263585500007	0.093659715514119	717	-0.065616481770936	0.30214365277095
111	WGN26	0.306521739500007	0.0936597155141179	717	0.122641672229067	0.490401806770948
112	WGN26	0.101160670500009	0.0936597155141181	717	-0.0827193967709323	0.28504073777095
113	WGN26	0.0473431419366347	0.132500951274962	717	-0.212793072445002	0.307479356318272
114	WGN26	0.0266319265000076	0.0936597155141181	717	-0.157248140770933	0.210511993770949
115	WGN26	0.463076923000013	0.0936597155141181	717	0.279196855729072	0.646956990270954
118	WGN26	0.26964285700001	0.0936597155141181	717	0.085762789729069	0.453522924270951
119	WGN26	0.308841463500009	0.0936597155141187	717	0.124961396229067	0.492721530770951
120	WGN26	0.0457750739366374	0.132500951274962	717	-0.214361140445	0.305911288318274
121	WGN26	0.257976973500007	0.0936597155141174	717	0.0740969062290673	0.441857040770946
122	WGN26	0.113672537500009	0.093659715514118	717	-0.0702075297709315	0.29755260477095
123	WGN26	0.254593199936638	0.132500951274962	717	-0.00554301444499905	0.514729414318275
125	WGN26	0.750485218936641	0.132500951274962	717	0.490349004555004	1.01062143331828
126	WGN26	0.139752877063379	0.13250095127496	717	-0.120383337318254	0.399889091445012
127	WGN26	0.141078184500009	0.0936597155141183	717	-0.0428018827709321	0.324958251770951
128	WGN26	0.355243948063377	0.132500951274962	717	0.0951077336817416	0.615380162445012
129	WGN26	0.0500883610000013	0.0936597155141186	717	-0.133791706270941	0.233968428270943
130	WGN26	0.148931498500009	0.093659715514118	717	-0.0349485687709314	0.33281156577095
1	WGN36	0.16118144806326	0.132500951274954	717	-0.0989547663183609	0.421317662444881
2	WGN36	0.123602484499998	0.0936597155141188	717	-0.0602775827709441	0.307482551770941
4	WGN36	0.304362186999996	0.0936597155141177	717	0.120482119729056	0.488242254270937
5	WGN36	-0.0309074750633724	0.132500951274961	717	-0.291043689445006	0.229228739318262
6	WGN36	0.0223303829366326	0.132500951274959	717	-0.237805831444998	0.282466597318263
7	WGN36	0.0768957340633661	0.132500951274959	717	-0.183240480318264	0.337031948444997
8	WGN36	0.274576648499997	0.0936597155141176	717	0.0906965812290568	0.458456715770937
9	WGN36	-0.0288357690633758	0.132500951274962	717	-0.288971983445011	0.23130044531826
10	WGN36	0.026695593500002	0.0936597155141166	717	-0.157184473770936	0.21057566077094
11	WGN36	0.0602678269366304	0.132500951274959	717	-0.199868387445	0.320404041318261
12	WGN36	0.047860238500001	0.0936597155141168	717	-0.136019828770937	0.231740305770939
13	WGN36	0.273809523999998	0.0936597155141179	717	0.0899294567290569	0.457689591270938
14	WGN36	0.0402149319999921	0.0936597155141198	717	-0.143665135270952	0.224094999270936
15	WGN36	0.137206822999998	0.0936597155141189	717	-0.0466732442709446	0.321086890270941
16	WGN36	0.120101351499998	0.0936597155141182	717	-0.0637787157709435	0.303981418770939
17	WGN36	0.275484625499994	0.0936597155141163	717	0.0916045582290565	0.459364692770931
18	WGN36	-0.0226629290633775	0.132500951274962	717	-0.282799143445015	0.23747328531826
19	WGN36	0.163364006936627	0.132500951274963	717	-0.0967722074450101	0.423500221318265
20	WGN36	0.3841036415	0.0936597155141186	717	0.200223574229058	0.567983708770942
21	WGN36	0.0821120689999948	0.0936597155141194	717	-0.101767998270949	0.265992136270938
22	WGN36	0.310273213	0.0936597155141188	717	0.126393145729058	0.494153280270943
23	WGN36	0.0382867134999982	0.0936597155141178	717	-0.145593353770942	0.222166780770939
24	WGN36	0.201125372999998	0.0936597155141188	717	0.0172453057290556	0.38500544027094
26	WGN36	0.297766884499998	0.0936597155141179	717	0.113886817229057	0.481646951770938
27	WGN36	-0.0331600580633759	0.132500951274962	717	-0.293296272445012	0.22697615631826
28	WGN36	0.372466216	0.0936597155141184	717	0.188586148729059	0.556346283270942
30	WGN36	0.163142123499998	0.0936597155141179	717	-0.0207379437709425	0.347022190770939
31	WGN36	0.204761904999997	0.0936597155141165	717	0.0208818377290587	0.388641972270934
33	WGN36	0.131055900499997	0.0936597155141192	717	-0.0528241667709464	0.31493596777094
34	WGN36	0.0969155844999968	0.0936597155141188	717	-0.0869644827709457	0.280795651770939
35	WGN36	0.0624999999999973	0.093659715514118	717	-0.121380067270943	0.246380067270938
36	WGN36	0.122177419499998	0.0936597155141178	717	-0.0617026477709427	0.306057486770938
37	WGN36	0.355467162063368	0.132500951274961	717	0.0953309476817337	0.615603376445003
38	WGN36	0.0568064480633671	0.132500951274961	717	-0.203329766318267	0.316942662445002
39	WGN36	0.334344216499997	0.0936597155141178	717	0.150464149229056	0.518224283770937
40	WGN36	0.0157805769366278	0.132500951274961	717	-0.244355637445007	0.275916791318262
41	WGN36	0.0104457424999983	0.0936597155141173	717	-0.173434324770941	0.194325809770938
42	WGN36	0.0777173914999983	0.0936597155141176	717	-0.106162675770942	0.261597458770938
43	WGN36	0.525695637499994	0.0936597155141175	717	0.341815570229055	0.709575704770934
44	WGN36	0.00715460549999654	0.0936597155141181	717	-0.176725461770945	0.191034672770938
45	WGN36	0.0407249464999985	0.0936597155141177	717	-0.143155120770942	0.224605013770939
46	WGN36	0.224099378499998	0.0936597155141179	717	0.0402193112290573	0.407979445770938
47	WGN36	0.0922222219999988	0.0936597155141179	717	-0.0916578452709418	0.276102289270939
48	WGN36	0.0732718894999958	0.093659715514119	717	-0.110608177770947	0.257151956770939
49	WGN36	0.0904464689999945	0.0936597155141193	717	-0.0934335982709488	0.274326536270938
51	WGN36	0.427144866499993	0.093659715514117	717	0.243264799229054	0.611024933770932
52	WGN36	0.0912471229999961	0.0936597155141191	717	-0.0926329442709468	0.275127190270939
54	WGN36	0.0794526144999976	0.093659715514118	717	-0.104427452770943	0.263332681770938
55	WGN36	0.134589041	0.0936597155141172	717	-0.0492910262709393	0.318469108270939
56	WGN36	0.249790969999998	0.0936597155141182	717	0.0659109027290571	0.43367103727094
57	WGN36	0.192709437999998	0.0936597155141175	717	0.00882937072905832	0.376589505270938
58	WGN36	0.335673786999999	0.0936597155141179	717	0.151793719729058	0.519553854270939
59	WGN36	0.258043357999998	0.0936597155141182	717	0.0741632907290564	0.441923425270939
60	WGN36	0.321265822999995	0.0936597155141172	717	0.137385755729056	0.505145890270935
62	WGN36	0.363146997500003	0.0936597155141191	717	0.17926693022906	0.547027064770946
64	WGN36	0.0325825824999997	0.0936597155141173	717	-0.15129748477094	0.216462649770939
65	WGN36	0.0866827834999988	0.0936597155141176	717	-0.0971972837709412	0.270562850770939
66	WGN36	0.121236742999998	0.0936597155141179	717	-0.0626433242709426	0.305116810270939
68	WGN36	0.0686777069366256	0.132500951274962	717	-0.19145850744501	0.328813921318262
69	WGN36	0.328049320936625	0.132500951274961	717	0.0679131065549917	0.588185535318258
70	WGN36	-0.0253363780633747	0.132500951274962	717	-0.28547259244501	0.234799836318261
71	WGN36	0.0490457789999982	0.0936597155141179	717	-0.134834288270942	0.232925846270939
72	WGN36	0.0392894679999974	0.0936597155141182	717	-0.144590599270944	0.223169535270939
74	WGN36	0.166789131999998	0.093659715514118	717	-0.0170909352709432	0.350669199270939
75	WGN36	0.0625222559366281	0.132500951274961	717	-0.197613958445006	0.322658470318262
76	WGN36	0.103190215499998	0.0936597155141182	717	-0.0806898517709435	0.287070282770939
77	WGN36	0.0972912799999986	0.0936597155141167	717	-0.0865887872709396	0.281171347270937
78	WGN36	0.0953157174999973	0.0936597155141175	717	-0.0885643497709424	0.279195784770937
79	WGN36	-0.0319506790633732	0.132500951274962	717	-0.292086893445009	0.228185535318263
81	WGN36	0.200337837999997	0.0936597155141175	717	0.0164577707290575	0.384217905270937
82	WGN36	0.117472397936627	0.13250095127496	717	-0.142663816445006	0.377608612318261
83	WGN36	0.0179094609366296	0.132500951274959	717	-0.242226753445001	0.27804567531826
84	WGN36	0.215993961499998	0.0936597155141178	717	0.0321138942290578	0.399874028770938
85	WGN36	0.042151884936627	0.132500951274961	717	-0.217984329445008	0.302288099318262
86	WGN36	0.0223882734999981	0.0936597155141175	717	-0.161491793770942	0.206268340770938
88	WGN36	0.0195956039999987	0.0936597155141177	717	-0.164284463270942	0.203475671270939
89	WGN36	0.121832578999998	0.0936597155141177	717	-0.0620474882709425	0.305712646270938
90	WGN36	-0.0171814480633732	0.132500951274962	717	-0.277317662445009	0.242954766318263
92	WGN36	0.191167839999996	0.0936597155141177	717	0.00728777272905623	0.375047907270937
94	WGN36	0.0467784630633679	0.132500951274962	717	-0.213357751318267	0.306914677445003
95	WGN36	0.0928307549999978	0.0936597155141177	717	-0.0910493122709424	0.276710822270938
96	WGN36	0.272907407499997	0.0936597155141185	717	0.0890273402290555	0.456787474770939
97	WGN36	0.126614518499998	0.0936597155141183	717	-0.0572655487709429	0.31049458577094
98	WGN36	0.139184782499997	0.0936597155141176	717	-0.0446952847709432	0.323064849770937
99	WGN36	-0.0374454580633713	0.132500951274961	717	-0.297581672445006	0.222690756318263
100	WGN36	0.0194246129366247	0.132500951274961	717	-0.24071160144501	0.279560827318259
102	WGN36	0.0510390600633709	0.13250095127496	717	-0.209097154318262	0.311175274445003
104	WGN36	0.1171257685	0.0936597155141175	717	-0.0667542987709401	0.301005835770939
105	WGN36	0.120887517936628	0.132500951274962	717	-0.139248696445008	0.381023732318264
106	WGN36	0.028173912999998	0.0936597155141179	717	-0.155706154270943	0.212053980270939
109	WGN36	0.0682812499999977	0.0936597155141184	717	-0.115598817270944	0.252161317270939
110	WGN36	0.0029361989366266	0.132500951274962	717	-0.25720001544501	0.263072413318263
112	WGN36	0.00987143299999745	0.0936597155141178	717	-0.174008634270943	0.193751500270938
114	WGN36	0.0487572060633686	0.132500951274962	717	-0.211379008318267	0.308893420445004
116	WGN36	0.0623454690633692	0.132500951274961	717	-0.197790745318265	0.322481683445004
117	WGN36	0.0469341974999985	0.0936597155141175	717	-0.136945869770941	0.230814264770938
118	WGN36	0.150542237499998	0.0936597155141181	717	-0.0333378297709426	0.334422304770939
120	WGN36	0.474747475	0.0936597155141181	717	0.290867407729059	0.658627542270941
121	WGN36	0.120203621499997	0.0936597155141179	717	-0.0636764457709435	0.304083688770938
122	WGN36	0.190584415499998	0.0936597155141178	717	0.00670434822905799	0.374464482770939
123	WGN36	0.316007904999996	0.093659715514118	717	0.132127837729055	0.499887972270937
124	WGN36	0.174264705999998	0.0936597155141177	717	-0.00961536127094212	0.358144773270938
125	WGN36	0.170086157936624	0.132500951274962	717	-0.0900500564450126	0.43022237231826
126	WGN36	0.444230769	0.0936597155141178	717	0.26035070172906	0.62811083627094
127	WGN36	0.163157894499998	0.093659715514118	717	-0.0207221727709426	0.347037961770939
128	WGN36	0.0488185519366282	0.132500951274961	717	-0.211317662445006	0.308954766318262
129	WGN36	0.117300851063369	0.132500951274961	717	-0.142835363318266	0.377437065445004
130	WGN36	0.0809459459999973	0.0936597155141188	717	-0.102934121270945	0.26482601327094
1	WGN38	0.2674019605	0.093659715514112	717	0.0835218932290711	0.451282027770929
3	WGN38	0.175396091936618	0.132500951274963	717	-0.0847401224450211	0.435532306318257
4	WGN38	0.00949422793662669	0.132500951274959	717	-0.250641986445004	0.269630442318258
5	WGN38	0.245223025999992	0.0936597155141197	717	0.0613429587290481	0.429103093270936
6	WGN38	0.0457750739366194	0.132500951274961	717	-0.214361140445016	0.305911288318255
7	WGN38	0.0247545134999842	0.0936597155141197	717	-0.15912555377096	0.208634580770928
8	WGN38	0.134301677499994	0.093659715514117	717	-0.049578389770945	0.318181744770933
10	WGN38	0.227454337499992	0.0936597155141183	717	0.0435742702290505	0.411334404770933
11	WGN38	0.014054454936626	0.13250095127496	717	-0.246081759445006	0.274190669318258
12	WGN38	0.0239382239999903	0.0936597155141185	717	-0.159941843270951	0.207818291270932
14	WGN38	-0.00118144806338716	0.132500951274962	717	-0.261317662445024	0.25895476631825
18	WGN38	-0.0272925590633872	0.132500951274963	717	-0.287428773445025	0.232843655318251
19	WGN38	0.0515381800633623	0.132500951274961	717	-0.208598034318272	0.311674394444996
20	WGN38	0.579188921936623	0.132500951274961	717	0.319052707554989	0.839325136318257
21	WGN38	0.0734395130633674	0.132500951274959	717	-0.186696701318263	0.333575727444998
22	WGN38	0.049185214499989	0.0936597155141186	717	-0.134694852770953	0.233065281770931
23	WGN38	0.427276389999995	0.0936597155141181	717	0.243396322729054	0.611156457270935
26	WGN38	0.134600389999993	0.0936597155141174	717	-0.0492796772709468	0.318480457270933
27	WGN38	0.0332437274999925	0.0936597155141178	717	-0.150636339770948	0.217123794770933
28	WGN38	0.252125505999992	0.0936597155141189	717	0.0682454387290489	0.436005573270934
29	WGN38	0.0264665284999959	0.0936597155141172	717	-0.157413538770943	0.210346595770935
30	WGN38	0.036640442499993	0.0936597155141179	717	-0.147239624770948	0.220520509770934
32	WGN38	0.0643626109999912	0.0936597155141182	717	-0.11951745627095	0.248242678270932
33	WGN38	0.0978800609999884	0.0936597155141185	717	-0.0860000062709533	0.28176012827093
34	WGN38	0.00703947349998973	0.0936597155141183	717	-0.176840593770952	0.190919540770931
35	WGN38	0.11785714249999	0.0936597155141185	717	-0.0660229247709512	0.301737209770932
36	WGN38	0.0156781194999941	0.0936597155141177	717	-0.168201947770946	0.199558186770934
37	WGN38	-0.0328481150633773	0.13250095127496	717	-0.29298432944501	0.227288099318256
38	WGN38	0.496047374499994	0.0936597155141188	717	0.312167307229052	0.679927441770937
39	WGN38	0.0472222219999896	0.0936597155141183	717	-0.136657845270952	0.231102289270931
40	WGN38	0.200455252499992	0.093659715514118	717	0.0165751852290512	0.384335319770933
41	WGN38	0.0915545820633614	0.132500951274962	717	-0.168581632318275	0.351690796444998
42	WGN38	-0.0215736050633781	0.132500951274961	717	-0.281709819445012	0.238562609318256
45	WGN38	0.200959487999991	0.0936597155141191	717	0.0170794207290477	0.384839555270934
46	WGN38	0.0941126854999933	0.0936597155141176	717	-0.0897673817709468	0.277992752770933
47	WGN38	0.0747635380633629	0.132500951274961	717	-0.185372676318271	0.334899752444997
48	WGN38	0.223613880063362	0.132500951274961	717	-0.0365223343182726	0.483750094444996
49	WGN38	-0.0187455510633743	0.13250095127496	717	-0.278881765445007	0.241390663318258
50	WGN38	0.0487409094999857	0.0936597155141192	717	-0.135139157770957	0.232620976770929
51	WGN38	0.0345761279366184	0.132500951274962	717	-0.225560086445017	0.294712342318254
52	WGN38	0.223412698499991	0.0936597155141184	717	0.0395326312290491	0.407292765770932
53	WGN38	0.0737499999999894	0.0936597155141186	717	-0.110130067270953	0.257630067270931
54	WGN38	-0.0332867110633815	0.132500951274961	717	-0.293422925445016	0.226849503318253
55	WGN38	-0.0253919740633824	0.132500951274962	717	-0.285528188445018	0.234744240318253
56	WGN38	0.0102150534999892	0.0936597155141186	717	-0.173665013770953	0.194095120770931
59	WGN38	0.492123617499991	0.093659715514118	717	0.30824355022905	0.676003684770932
61	WGN38	0.0718955864999924	0.0936597155141179	717	-0.111984480770948	0.255775653770933
63	WGN38	0.0217532464999947	0.0936597155141176	717	-0.162126820770945	0.205633313770935
64	WGN38	0.00579746849999024	0.0936597155141184	717	-0.178082598770951	0.189677535770932
65	WGN38	0.299514781063361	0.13250095127496	717	0.0393785666817292	0.559650995444993
66	WGN38	0.115340290936622	0.132500951274961	717	-0.144795923445012	0.375476505318256
67	WGN38	0.418981481499993	0.0936597155141184	717	0.235101414229052	0.602861548770935
68	WGN38	0.0508187464999914	0.0936597155141179	717	-0.133061320770949	0.234698813770932
69	WGN38	-0.0278481150633825	0.132500951274962	717	-0.287984329445018	0.232288099318253
70	WGN38	0.0375222559366196	0.132500951274962	717	-0.222613958445016	0.297658470318255
72	WGN38	0.288729319999993	0.0936597155141186	717	0.104849252729051	0.472609387270935
73	WGN38	0.345016741999992	0.0936597155141178	717	0.161136674729051	0.528896809270932
74	WGN38	-0.0243982310633831	0.132500951274962	717	-0.284534445445019	0.235737983318253
76	WGN38	0.217006802999992	0.0936597155141181	717	0.033126735729051	0.400886870270933
77	WGN38	0.607602813999992	0.093659715514118	717	0.423722746729052	0.791482881270933
78	WGN38	0.411007851999994	0.0936597155141183	717	0.227127784729052	0.594887919270935
80	WGN38	0.0486441350633624	0.132500951274961	717	-0.211492079318272	0.308780349444997
81	WGN38	0.120462373999993	0.0936597155141178	717	-0.0634176932709478	0.304342441270933
82	WGN38	0.102451152499993	0.0936597155141178	717	-0.0814289147709472	0.286331219770934
83	WGN38	0.104767183999992	0.093659715514118	717	-0.0791128832709484	0.288647251270933
84	WGN38	0.185651828499992	0.093659715514118	717	0.00177176122905126	0.369531895770933
85	WGN38	-0.00919850606338013	0.132500951274961	717	-0.269334720445015	0.250937708318255
86	WGN38	0.252796960499992	0.0936597155141171	717	0.0689168932290528	0.436677027770931
87	WGN38	0.0204099959999932	0.0936597155141178	717	-0.163470071270947	0.204290063270934
88	WGN38	0.0447163864999932	0.0936597155141177	717	-0.139163680770947	0.228596453770933
89	WGN38	0.250275973999992	0.0936597155141176	717	0.0663959067290518	0.434156041270932
90	WGN38	0.512980769499995	0.0936597155141184	717	0.329100702229053	0.696860836770936
91	WGN38	0.0364802699999922	0.0936597155141177	717	-0.147399797270948	0.220360337270932
92	WGN38	0.0522841669999919	0.093659715514118	717	-0.131595900270949	0.236164234270933
93	WGN38	0.267514203936621	0.132500951274962	717	0.00737798955498536	0.527650418318257
94	WGN38	0.296002804999992	0.093659715514118	717	0.112122737729051	0.479882872270933
95	WGN38	-0.00903859106338079	0.132500951274961	717	-0.269174805445016	0.251097623318254
96	WGN38	0.161478711499992	0.0936597155141179	717	-0.0224013557709489	0.345358778770932
97	WGN38	0.0806935519366211	0.132500951274961	717	-0.179442662445013	0.340829766318256
98	WGN38	0.638272093499992	0.093659715514118	717	0.454392026229051	0.822152160770932
99	WGN38	0.113819875999991	0.0936597155141181	717	-0.0700601912709496	0.297699943270932
100	WGN38	0.0869897959999898	0.0936597155141182	717	-0.0968902712709514	0.270869863270931
101	WGN38	0.12213438749999	0.0936597155141179	717	-0.0617456797709502	0.306014454770931
102	WGN38	0.0288687649999921	0.0936597155141177	717	-0.155011302270948	0.212748832270932
103	WGN38	0.0610035209999903	0.0936597155141184	717	-0.122876546270951	0.244883588270932
104	WGN38	0.247130239936622	0.132500951274961	717	-0.0130059744450122	0.507266454318255
106	WGN38	0.536471861499992	0.0936597155141186	717	0.35259179422905	0.720351928770934
107	WGN38	0.479591836499993	0.0936597155141185	717	0.295711769229052	0.663471903770935
108	WGN38	0.0748608534999909	0.0936597155141179	717	-0.10901921377095	0.258740920770932
109	WGN38	0.0649829359366234	0.13250095127496	717	-0.19515327844501	0.325119150318257
110	WGN38	0.759740259999991	0.093659715514118	717	0.575860192729051	0.943620327270932
111	WGN38	0.104453441499992	0.093659715514118	717	-0.0794266257709489	0.288333508770933
113	WGN38	0.295054200499992	0.0936597155141181	717	0.111174133229051	0.478934267770933
114	WGN38	-0.0207732850633786	0.132500951274961	717	-0.280909499445013	0.239362929318256
115	WGN38	-0.0168571240633786	0.132500951274961	717	-0.276993338445013	0.243279090318256
1	WGN39	0.0175492609999789	0.0936597155141134	717	-0.166330806270953	0.201429328270911
2	WGN39	0.248710021000014	0.0936597155141193	717	0.0648299537290711	0.432590088270958
3	WGN39	0.00692307700000636	0.0936597155141176	717	-0.176956990270934	0.190803144270946
4	WGN39	0.418271555500005	0.0936597155141175	717	0.234391488229065	0.602151622770945
5	WGN39	0.0219668545000068	0.0936597155141182	717	-0.161913212770934	0.205846921770948
6	WGN39	0.0646250000000072	0.0936597155141185	717	-0.119255067270935	0.248505067270949
7	WGN39	0.22704043950001	0.0936597155141189	717	0.0431603722290674	0.410920506770952
8	WGN39	0.143342361936633	0.13250095127496	717	-0.116793852444998	0.403478576318265
9	WGN39	0.0751503760000062	0.0936597155141188	717	-0.108729691270936	0.259030443270948
12	WGN39	0.0280271180000062	0.093659715514118	717	-0.155852949270935	0.211907185270947
13	WGN39	-0.0143957340633628	0.13250095127496	717	-0.274531948444995	0.24574048031827
15	WGN39	0.115369593000007	0.0936597155141177	717	-0.0685104742709333	0.299249660270947
16	WGN39	0.028177518500006	0.0936597155141188	717	-0.155702548770936	0.212057585770948
17	WGN39	0.0253246755000058	0.0936597155141181	717	-0.158555391770935	0.209204742770947
18	WGN39	0.126187929500005	0.0936597155141172	717	-0.0576921377709344	0.310067996770944
19	WGN39	0.332057988936637	0.132500951274961	717	0.0719217745550028	0.592194203318272
21	WGN39	0.0505879775000063	0.0936597155141161	717	-0.133292089770931	0.234468044770943
22	WGN39	0.0545147810633771	0.132500951274961	717	-0.205621433318257	0.314650995445011
24	WGN39	0.142142097500005	0.0936597155141171	717	-0.0417379697709344	0.326022164770943
25	WGN39	0.0409563410000068	0.0936597155141177	717	-0.142923726270933	0.224836408270947
26	WGN39	0.0358455789366361	0.13250095127496	717	-0.224290635444996	0.295981793318268
27	WGN39	-0.0302058380633639	0.132500951274962	717	-0.290342052445001	0.229930376318273
29	WGN39	0.0140997025000085	0.0936597155141185	717	-0.169780364770933	0.19797976977095
30	WGN39	0.0150525210000084	0.0936597155141188	717	-0.168827546270934	0.198932588270951
31	WGN39	0.0706043955000067	0.0936597155141182	717	-0.113275671770934	0.254484462770948
32	WGN39	0.135216627500011	0.0936597155141194	717	-0.0486634397709329	0.319096694770954
34	WGN39	0.033944241000006	0.093659715514119	717	-0.149935826270937	0.217824308270949
35	WGN39	0.013364006936636	0.132500951274961	717	-0.246772207444999	0.273500221318271
36	WGN39	-0.0300703370633625	0.132500951274963	717	-0.290206551445001	0.230065877318276
37	WGN39	0.0840385910633764	0.132500951274961	717	-0.176097623318258	0.344174805445011
38	WGN39	-0.0299874180633655	0.132500951274962	717	-0.290123632445001	0.23014879631827
39	WGN39	0.0610872235000074	0.0936597155141186	717	-0.122792843770935	0.244967290770949
40	WGN39	0.0464285715000087	0.0936597155141188	717	-0.137451495770934	0.230308638770951
41	WGN39	0.343651363000005	0.0936597155141179	717	0.159771295729065	0.527531430270946
42	WGN39	0.102702702500008	0.0936597155141188	717	-0.0811773647709347	0.28658276977095
43	WGN39	0.194142857000008	0.0936597155141183	717	0.0102627897290663	0.378022924270949
44	WGN39	0.008060975936637	0.132500951274961	717	-0.252075238444997	0.268197190318271
45	WGN39	0.0664160215000072	0.0936597155141177	717	-0.117464045770933	0.250296088770947
47	WGN39	0.0857340015000088	0.0936597155141196	717	-0.0981460657709351	0.269614068770953
49	WGN39	0.132051282000008	0.0936597155141181	717	-0.0518287852709332	0.315931349270949
50	WGN39	-0.0264755660633657	0.132500951274962	717	-0.286611780445001	0.23366064831827
51	WGN39	0.147945205500008	0.0936597155141186	717	-0.0359348617709337	0.33182527277095
52	WGN39	0.0513157895000066	0.0936597155141181	717	-0.132564277770934	0.235195856770948
53	WGN39	0.0247023810000062	0.093659715514118	717	-0.159177686270935	0.208582448270947
54	WGN39	0.0182735045000075	0.0936597155141177	717	-0.165606562770933	0.202153571770948
56	WGN39	0.108626490936638	0.132500951274961	717	-0.151509723444996	0.368762705318271
57	WGN39	-0.032226224063363	0.132500951274961	717	-0.292362438444997	0.227909990318271
58	WGN39	0.100383407000004	0.0936597155141175	717	-0.0834966602709353	0.284263474270944
60	WGN39	0.0211956520000058	0.0936597155141179	717	-0.162684415270935	0.205075719270946
61	WGN39	0.0236912670000063	0.0936597155141177	717	-0.160188800270934	0.207571334270946
63	WGN39	0.0604967640000061	0.0936597155141182	717	-0.123383303270935	0.244376831270947
64	WGN39	0.0133640069366361	0.132500951274961	717	-0.246772207444999	0.273500221318271
65	WGN39	-0.0317917770633629	0.132500951274961	717	-0.291927991444997	0.228344437318272
66	WGN39	0.045384157000005	0.0936597155141178	717	-0.138495910270935	0.229264224270945
67	WGN39	0.200378103000007	0.0936597155141175	717	0.0164980357290668	0.384258170270946
68	WGN39	0.341181448063378	0.132500951274961	717	0.0810452336817434	0.601317662445012
69	WGN39	0.377922078000014	0.093659715514119	717	0.194042010729071	0.561802145270956
70	WGN39	0.106046313063375	0.13250095127496	717	-0.154089901318257	0.366182527445007
71	WGN39	0.0181593405000073	0.0936597155141175	717	-0.165720726770932	0.202039407770947
72	WGN39	-0.0372853440633645	0.132500951274962	717	-0.297421558445	0.222850870318271
73	WGN39	0.0551644735000078	0.0936597155141185	717	-0.128715593770934	0.23904454077095
74	WGN39	0.294857512936639	0.132500951274962	717	0.0347212985550024	0.554993727318275
75	WGN39	0.192401960500005	0.0936597155141179	717	0.00852189322906399	0.376282027770945
76	WGN39	0.100969840000007	0.0936597155141177	717	-0.0829102272709335	0.284849907270947
78	WGN39	0.0709415580000076	0.0936597155141185	717	-0.112938509270934	0.254821625270949
79	WGN39	0.0692816900000063	0.0936597155141181	717	-0.114598377270935	0.253161757270947
80	WGN39	0.0833689480633785	0.132500951274961	717	-0.176767266318255	0.343505162445012
81	WGN39	0.211330702063376	0.132500951274961	717	-0.0488055123182574	0.47146691644501
82	WGN39	0.0218630620000063	0.0936597155141179	717	-0.162017005270934	0.205743129270947
83	WGN39	0.0529461540633779	0.132500951274961	717	-0.207190060318257	0.313082368445013
84	WGN39	0.0841932460000074	0.0936597155141186	717	-0.0996868212709345	0.268073313270949
85	WGN39	0.0841091165000051	0.0936597155141179	717	-0.0997709507709354	0.267989183770946
86	WGN39	0.0406367339366356	0.132500951274962	717	-0.219499480445	0.300772948318272
87	WGN39	0.0490761850633777	0.132500951274961	717	-0.211060029318256	0.309212399445012
89	WGN39	0.0458110780633774	0.132500951274962	717	-0.214325136318258	0.305947292445013
90	WGN39	0.166585497500006	0.0936597155141179	717	-0.0172945697709349	0.350465564770946
94	WGN39	0.0281837845000067	0.0936597155141182	717	-0.155696282770934	0.212063851770948
95	WGN39	0.0542478355000049	0.0936597155141181	717	-0.129632231770936	0.238127902770946
96	WGN39	-0.00831759806336465	0.132500951274962	717	-0.268453812445001	0.251818616318272
98	WGN39	0.191250000000007	0.0936597155141182	717	0.0073699327290655	0.375130067270948
99	WGN39	-0.0346879420633638	0.132500951274961	717	-0.294824156444998	0.225448272318271
101	WGN39	0.398629148500005	0.093659715514118	717	0.214749081229065	0.582509215770946
102	WGN39	0.101992528000007	0.0936597155141182	717	-0.0818875392709346	0.285872595270948
104	WGN39	0.186874022000007	0.0936597155141179	717	0.00299395472906611	0.370754089270947
106	WGN39	-0.0310804380633644	0.132500951274961	717	-0.291216652445	0.229055776318271
107	WGN39	0.0796976729366366	0.132500951274962	717	-0.180438541444999	0.339833887318272
108	WGN39	0.177928459500006	0.093659715514118	717	-0.0059516077709349	0.361808526770946
109	WGN39	0.0393178895000066	0.0936597155141182	717	-0.144562177770934	0.223197956770948
110	WGN39	0.079861111000006	0.0936597155141176	717	-0.104018956270934	0.263741178270946
111	WGN39	-0.004817812063364	0.132500951274961	717	-0.264954026444998	0.25531840231827
112	WGN39	0.316370682500008	0.0936597155141183	717	0.132490615229067	0.50025074977095
113	WGN39	0.0817693719366357	0.132500951274961	717	-0.178366842444999	0.341905586318271
115	WGN39	0.184943525500007	0.0936597155141181	717	0.00106345822906587	0.368823592770948
116	WGN39	0.0230357145000062	0.0936597155141182	717	-0.160844352770935	0.206915781770947
117	WGN39	0.0788185519366359	0.132500951274961	717	-0.181317662444999	0.338954766318271
118	WGN39	0.155185005000007	0.0936597155141182	717	-0.0286950622709345	0.339065072270948
121	WGN39	0.0305107530000058	0.0936597155141181	717	-0.153369314270935	0.214390820270947
122	WGN39	0.175821596000006	0.093659715514118	717	-0.00805847127093479	0.359701663270947
123	WGN39	0.0195150540000069	0.0936597155141181	717	-0.164365013270934	0.203395121270948
124	WGN39	0.0291487070000066	0.0936597155141181	717	-0.154731360270934	0.213028774270948
125	WGN39	0.482819264000007	0.093659715514118	717	0.298939196729066	0.666699331270947
128	WGN39	0.0496860730000054	0.0936597155141181	717	-0.134193994270936	0.233566140270946
130	WGN39	0.134203166936636	0.132500951274961	717	-0.125933047444998	0.39433938131827
1	WGN45	0.0635680750000016	0.0936597155141182	717	-0.12031199227094	0.247448142270943
2	WGN45	0.0464491709999983	0.0936597155141181	717	-0.137430896270943	0.230329238270939
4	WGN45	0.1164313535	0.0936597155141164	717	-0.067448713770938	0.300311420770937
5	WGN45	0.251864125999996	0.0936597155141174	717	0.0679840587290568	0.435744193270936
6	WGN45	0.0840195475000017	0.0936597155141193	717	-0.0998605197709416	0.267899614770945
7	WGN45	0.0594341060000022	0.0936597155141173	717	-0.124445961270937	0.243314173270942
8	WGN45	0.0282629959366288	0.132500951274962	717	-0.231873218445007	0.288399210318265
9	WGN45	0.197462406000004	0.0936597155141188	717	0.013582338729062	0.381342473270947
10	WGN45	-0.0218266090633708	0.132500951274962	717	-0.281962823445007	0.238309605318265
11	WGN45	0.066826858000001	0.0936597155141172	717	-0.117053209270938	0.25070692527094
12	WGN45	0.20388897493663	0.132500951274961	717	-0.0562472394450046	0.464025189318265
13	WGN45	0.269216418000002	0.0936597155141183	717	0.085336350729061	0.453096485270944
14	WGN45	0.115795295936628	0.132500951274959	717	-0.144340918445002	0.375931510318258
15	WGN45	0.896318551936623	0.13250095127496	717	0.63618233755499	1.15645476631826
16	WGN45	0.1418208375	0.0936597155141185	717	-0.0420592297709416	0.325700904770942
17	WGN45	0.151475566063371	0.132500951274962	717	-0.108660648318264	0.411611780445007
18	WGN45	0.0965405405000008	0.0936597155141175	717	-0.0873395267709391	0.280420607770941
19	WGN45	-0.0217009290633698	0.132500951274962	717	-0.281837143445006	0.238435285318267
20	WGN45	0.1385416665	0.0936597155141185	717	-0.045338400770942	0.322421733770942
22	WGN45	0.100591531999999	0.093659715514118	717	-0.0832885352709418	0.28447159927094
23	WGN45	0.0345695970000006	0.0936597155141179	717	-0.14931047027094	0.218449664270941
24	WGN45	0.0218105425000017	0.0936597155141179	717	-0.162069524770939	0.205690609770942
25	WGN45	0.00568890600000086	0.0936597155141173	717	-0.178191161270939	0.18956897327094
26	WGN45	0.065181448063371	0.132500951274961	717	-0.194954766318263	0.325317662445005
28	WGN45	0.149390798500002	0.0936597155141188	717	-0.0344892687709407	0.333270865770944
29	WGN45	0.155000000000001	0.0936597155141189	717	-0.0288800672709413	0.338880067270944
31	WGN45	0.358949542000002	0.0936597155141186	717	0.17506947472906	0.542829609270944
32	WGN45	0.131666666499999	0.093659715514118	717	-0.0522134007709418	0.31554673377094
33	WGN45	0.0531814480633703	0.132500951274961	717	-0.206954766318264	0.313317662445005
34	WGN45	0.167342574000001	0.0936597155141185	717	-0.0165374932709403	0.351222641270943
35	WGN45	0.0426775665000006	0.093659715514118	717	-0.14120250077094	0.226557633770941
37	WGN45	0.148482789999998	0.0936597155141174	717	-0.0353972772709414	0.332362857270938
38	WGN45	-0.00315327906336994	0.132500951274962	717	-0.263289493445005	0.256982935318265
40	WGN45	0.0852454335000001	0.0936597155141184	717	-0.0986346337709415	0.269125500770942
41	WGN45	0.258153871500002	0.0936597155141185	717	0.0742738042290604	0.442033938770944
42	WGN45	-0.0247520940633707	0.132500951274962	717	-0.284888308445006	0.235384120318265
43	WGN45	0.0641377009366296	0.13250095127496	717	-0.195998513445002	0.324273915318262
44	WGN45	0.0407926830000003	0.0936597155141171	717	-0.143087384270939	0.224672750270939
45	WGN45	0.0760544345000006	0.093659715514118	717	-0.10782563277094	0.259934501770941
46	WGN45	0.198599365500001	0.093659715514118	717	0.01471929822906	0.382479432770942
47	WGN45	0.212065304936628	0.13250095127496	717	-0.0480709094450048	0.472201519318261
48	WGN45	0.0917037035000001	0.0936597155141179	717	-0.0921763637709404	0.275583770770941
49	WGN45	0.259163775936629	0.132500951274961	717	-0.000972438445004942	0.519299990318263
50	WGN45	0.239285714500002	0.0936597155141183	717	0.0554056472290608	0.423165781770944
52	WGN45	-0.0158293350633718	0.132500951274962	717	-0.275965549445007	0.244306879318263
53	WGN45	0.338817387500003	0.0936597155141187	717	0.15493732022906	0.522697454770945
54	WGN45	-0.0365660630633696	0.132500951274961	717	-0.296702277445004	0.223570151318265
55	WGN45	0.0307250990000019	0.093659715514118	717	-0.153154968270939	0.214605166270943
56	WGN45	0.132242101500001	0.0936597155141189	717	-0.0516379657709413	0.316122168770944
57	WGN45	-0.0122657850633685	0.132500951274961	717	-0.272401999445002	0.247870429318265
58	WGN45	0.203856295500001	0.0936597155141181	717	0.0199762282290598	0.387736362770942
59	WGN45	0.073857143000001	0.0936597155141185	717	-0.110022924270941	0.257737210270943
60	WGN45	0.13986565906337	0.132500951274961	717	-0.120270555318264	0.400001873445005
61	WGN45	0.233104265936628	0.132500951274961	717	-0.0270319484450063	0.493240480318262
62	WGN45	0.0972870879999997	0.0936597155141174	717	-0.0865929792709398	0.281167155270939
64	WGN45	0.105109126999999	0.0936597155141175	717	-0.0787709402709406	0.288989194270939
65	WGN45	0.0176224610000003	0.093659715514118	717	-0.16625760627094	0.201502528270941
66	WGN45	0.0894787644999996	0.0936597155141178	717	-0.0944013027709408	0.27335883177094
67	WGN45	-0.0297890430633697	0.132500951274961	717	-0.289925257445005	0.230347171318265
68	WGN45	0.0890903095000007	0.0936597155141181	717	-0.0947897577709403	0.272970376770942
69	WGN45	0.0388461540000004	0.0936597155141182	717	-0.145033913270941	0.222726221270941
71	WGN45	0.0861309525000002	0.0936597155141186	717	-0.0977491147709417	0.270011019770942
73	WGN45	0.10834562706337	0.132500951274961	717	-0.151790587318265	0.368481841445005
74	WGN45	0.0818954749366299	0.132500951274962	717	-0.178240739445005	0.342031689318265
75	WGN45	0.0837398370000004	0.0936597155141174	717	-0.100140230270939	0.26761990427094
76	WGN45	0.156849315	0.093659715514118	717	-0.0270307522709407	0.340729382270941
77	WGN45	0.0233097215000001	0.0936597155141177	717	-0.16057034577094	0.20718978877094
78	WGN45	0.281040773936628	0.132500951274961	717	0.0209045595549943	0.541176988318263
80	WGN45	0.104607721	0.0936597155141183	717	-0.0792723462709415	0.288487788270941
81	WGN45	0.267177589999999	0.0936597155141179	717	0.0832975227290583	0.45105765727094
82	WGN45	0.05497239793663	0.132500951274961	717	-0.205163816445005	0.315108612318265
84	WGN45	0.110951285	0.0936597155141182	717	-0.0729287822709409	0.294831352270941
85	WGN45	0.068959226063372	0.132500951274961	717	-0.191176988318263	0.329095440445007
86	WGN45	0.0720123840000002	0.093659715514118	717	-0.111867683270941	0.255892451270941
87	WGN45	0.0219814160000004	0.0936597155141177	717	-0.16189865127094	0.205861483270941
88	WGN45	0.238566433499999	0.0936597155141178	717	0.054686366229059	0.42244650077094
89	WGN45	0.0215830115000002	0.0936597155141178	717	-0.16229705577094	0.205463078770941
90	WGN45	0.40595417506337	0.132500951274961	717	0.145817960681736	0.666090389445004
92	WGN45	0.212509839000003	0.0936597155141186	717	0.0286297717290608	0.396389906270945
93	WGN45	0.247904426000001	0.0936597155141182	717	0.0640243587290598	0.431784493270942
94	WGN45	0.0704545454999997	0.0936597155141178	717	-0.113425521770941	0.25433461277094
95	WGN45	0.11146043093663	0.132500951274961	717	-0.148675783445005	0.371596645318265
96	WGN45	0.0821062229366296	0.132500951274961	717	-0.178029991445005	0.342242437318264
98	WGN45	0.054344512	0.0936597155141182	717	-0.129535555270941	0.238224579270941
99	WGN45	0.012243209936629	0.132500951274962	717	-0.247893004445007	0.272379424318265
100	WGN45	0.0923740049999999	0.0936597155141182	717	-0.0915060622709413	0.276254072270941
101	WGN45	0.131632653	0.0936597155141182	717	-0.052247414270941	0.315512720270941
102	WGN45	0.0413006029999995	0.0936597155141184	717	-0.142579464270942	0.225180670270941
103	WGN45	0.124514781063371	0.132500951274962	717	-0.135621433318265	0.384650995445006
104	WGN45	0.1555944055	0.0936597155141177	717	-0.0282856617709403	0.33947447277094
106	WGN45	0.1341391885	0.093659715514118	717	-0.0497408787709408	0.318019255770941
107	WGN45	0.224002849	0.093659715514118	717	0.040122781729059	0.407882916270941
108	WGN45	0.139908009	0.0936597155141177	717	-0.0439720582709404	0.32378807627094
109	WGN45	0.306587837500001	0.0936597155141181	717	0.12270777022906	0.490467904770942
110	WGN45	0.0330357145000001	0.0936597155141179	717	-0.150844352770941	0.216915781770941
111	WGN45	0.14096140893663	0.132500951274961	717	-0.119174805445004	0.401097623318264
112	WGN45	-0.0302058380633707	0.132500951274961	717	-0.290342052445005	0.229930376318264
113	WGN45	0.1815513975	0.0936597155141179	717	-0.00232866977094096	0.36543146477094
114	WGN45	-0.00728314306337065	0.132500951274961	717	-0.267419357445005	0.252853071318264
116	WGN45	0.0176242160000003	0.0936597155141178	717	-0.16625585127094	0.201504283270941
117	WGN45	0.12626041193663	0.132500951274961	717	-0.133875802445004	0.386396626318264
118	WGN45	-0.00271991006337068	0.132500951274961	717	-0.262856124445005	0.257416304318264
119	WGN45	0.191390374	0.0936597155141179	717	0.00751030672905936	0.375270441270941
120	WGN45	0.0547532469999997	0.093659715514118	717	-0.129126820270941	0.23863331427094
121	WGN45	0.1320175435	0.0936597155141179	717	-0.0518625237709405	0.315897610770941
122	WGN45	0.236782772	0.0936597155141179	717	0.0529027047290594	0.420662839270941
123	WGN45	0.1124338625	0.093659715514118	717	-0.0714462047709407	0.296313929770941
124	WGN45	0.0437214610000001	0.093659715514118	717	-0.140158606270941	0.227601528270941
126	WGN45	0.2296744355	0.093659715514118	717	0.0457943682290591	0.413554502770941
127	WGN45	0.0682860079366297	0.132500951274961	717	-0.191850206445005	0.328422222318264
128	WGN45	-0.0087490160633707	0.132500951274961	717	-0.268885230445005	0.251387198318264
129	WGN45	0.0665894350000004	0.0936597155141179	717	-0.11729063227094	0.250469502270941
130	WGN45	-0.000640907063370812	0.132500951274961	717	-0.260777121445005	0.259495307318264
1	WGN46	0.1497301995	0.0936597155141179	717	-0.0341498677709408	0.33361026677094
2	WGN46	0.123484122500001	0.093659715514118	717	-0.0603959447709393	0.307364189770942
3	WGN46	0.298873139500002	0.0936597155141183	717	0.11499307222906	0.482753206770943
4	WGN46	0.123202113936632	0.13250095127496	717	-0.136934100445	0.383338328318265
6	WGN46	0.0884481819366327	0.132500951274961	717	-0.171688032445001	0.348584396318266
7	WGN46	0.192208904000003	0.0936597155141187	717	0.00832883672906085	0.376088971270945
8	WGN46	0.0576288160633712	0.132500951274963	717	-0.202507398318266	0.317765030445009
9	WGN46	0.0774500115000018	0.0936597155141177	717	-0.106430055770938	0.261330078770942
10	WGN46	0.0705968765000017	0.0936597155141179	717	-0.113283190770939	0.254476943770942
11	WGN46	0.0893382355000005	0.0936597155141184	717	-0.094541831770941	0.273218302770942
12	WGN46	0.052719910063369	0.132500951274961	717	-0.207416304318265	0.312856124445003
13	WGN46	0.300968310000003	0.0936597155141183	717	0.117088242729062	0.484848377270945
14	WGN46	0.0818954749366315	0.13250095127496	717	-0.178240739445001	0.342031689318264
15	WGN46	0.559757518936623	0.13250095127496	717	0.299621304554991	0.819893733318255
16	WGN46	0.204461279500005	0.0936597155141187	717	0.020581212229063	0.388341346770947
17	WGN46	0.449895783000007	0.0936597155141188	717	0.266015715729065	0.633775850270949
18	WGN46	0.708213004499999	0.0936597155141177	717	0.524332937229059	0.892093071770939
19	WGN46	0.344292237500005	0.0936597155141189	717	0.160412170229062	0.528172304770947
20	WGN46	-0.00469496206336881	0.132500951274961	717	-0.264831176445003	0.255441252318265
21	WGN46	0.118104525063371	0.132500951274961	717	-0.142031689318263	0.378240739445006
22	WGN46	0.0513187429999993	0.0936597155141187	717	-0.132561324270943	0.235198810270941
23	WGN46	0.198185654000001	0.0936597155141178	717	0.0143055867290607	0.382065721270942
24	WGN46	0.1666666665	0.0936597155141185	717	-0.0172134007709416	0.350546733770942
25	WGN46	0.289396246000001	0.0936597155141181	717	0.10551617872906	0.473276313270942
26	WGN46	0.369711538500005	0.0936597155141191	717	0.185831471229062	0.553591605770948
27	WGN46	0.0161102189366302	0.132500951274962	717	-0.244025995445005	0.276246433318266
28	WGN46	0.101869181000001	0.0936597155141189	717	-0.0820108862709419	0.285749248270943
29	WGN46	0.0665335610633711	0.132500951274961	717	-0.193602653318264	0.326669775445006
30	WGN46	0.273714596999999	0.0936597155141176	717	0.0898345297290593	0.457594664270939
31	WGN46	1.01962936293665	0.132500951274962	717	0.759493148555011	1.27976557731828
32	WGN46	0.383014354000003	0.093659715514118	717	0.199134286729062	0.566894421270943
33	WGN46	0.0937182205000029	0.0936597155141174	717	-0.0901618467709366	0.277598287770942
34	WGN46	0.2150186775	0.0936597155141178	717	0.0311386102290597	0.39889874477094
36	WGN46	0.288802336999997	0.0936597155141177	717	0.104922269729057	0.472682404270938
37	WGN46	0.261212776500002	0.0936597155141182	717	0.077332709229061	0.445092843770943
38	WGN46	0.544631555000008	0.0936597155141188	717	0.360751487729066	0.728511622270951
39	WGN46	0.0957269030633731	0.13250095127496	717	-0.164409311318259	0.355863117445005
40	WGN46	0.149443551936633	0.13250095127496	717	-0.110692662445	0.409579766318266
41	WGN46	0.17469697	0.0936597155141182	717	-0.0091830972709406	0.358577037270941
42	WGN46	-0.0170365790633692	0.132500951274961	717	-0.277172793445004	0.243099635318265
43	WGN46	0.150536113	0.0936597155141188	717	-0.0333439542709427	0.334416180270942
44	WGN46	0.0821062229366302	0.132500951274962	717	-0.178029991445006	0.342242437318266
45	WGN46	0.0451288160633719	0.13250095127496	717	-0.215007398318261	0.305265030445005
46	WGN46	0.248332060000003	0.0936597155141186	717	0.0644519927290609	0.432212127270945
47	WGN46	0.0479184244999999	0.0936597155141183	717	-0.135961642770941	0.231798491770941
48	WGN46	0.2515121865	0.0936597155141176	717	0.0676321192290598	0.43539225377094
49	WGN46	0.143323799500002	0.0936597155141181	717	-0.0405562677709392	0.327203866770943
50	WGN46	0.303957355999999	0.0936597155141177	717	0.120077288729059	0.487837423270939
52	WGN46	0.0950067475000006	0.0936597155141186	717	-0.0888733197709414	0.278886814770943
53	WGN46	0.129273096936629	0.132500951274961	717	-0.130863117445005	0.389409311318263
54	WGN46	0.0487967915000021	0.0936597155141179	717	-0.135083275770938	0.232676858770943
55	WGN46	1.14737074093662	0.132500951274961	717	0.88723452655499	1.40750695531826
56	WGN46	0.881672932499999	0.0936597155141178	717	0.697792865229059	1.06555299977094
57	WGN46	0.0327651515000001	0.0936597155141184	717	-0.151114915770941	0.216645218770942
58	WGN46	0.0375146889999996	0.0936597155141183	717	-0.146365378270942	0.221394756270941
59	WGN46	0.331890410999999	0.0936597155141178	717	0.148010343729058	0.515770478270939
60	WGN46	0.142451298500001	0.0936597155141182	717	-0.0414287687709403	0.326331365770942
61	WGN46	0.739583333499992	0.0936597155141173	717	0.555703266229053	0.923463400770931
62	WGN46	0.373243006999998	0.0936597155141174	717	0.189362939729058	0.557123074270937
63	WGN46	0.273717948500002	0.0936597155141183	717	0.0898378812290606	0.457598015770943
64	WGN46	0.106790799500001	0.0936597155141182	717	-0.0770892677709398	0.290670866770943
65	WGN46	0.243227553999999	0.0936597155141175	717	0.0593474867290596	0.427107621270939
66	WGN46	0.208933048500001	0.0936597155141184	717	0.0250529812290597	0.392813115770943
67	WGN46	0.0540385910633729	0.13250095127496	717	-0.20609762331826	0.314174805445006
68	WGN46	0.155867640000003	0.0936597155141179	717	-0.0280124272709379	0.339747707270943
69	WGN46	0.0974606474999999	0.0936597155141182	717	-0.0864194197709413	0.281340714770941
70	WGN46	0.3013937285	0.0936597155141178	717	0.11751366122906	0.485273795770941
71	WGN46	0.493749999999999	0.0936597155141177	717	0.309869932729058	0.677630067270939
72	WGN46	0.176325581500001	0.0936597155141179	717	-0.00755448577093923	0.360205648770942
73	WGN46	0.185012285000001	0.0936597155141177	717	0.00113221772906061	0.368892352270941
74	WGN46	0.0621212125	0.0936597155141181	717	-0.121758854770941	0.246001279770941
75	WGN46	0.0137228260000026	0.0936597155141175	717	-0.170157241270937	0.197602893270942
76	WGN46	0.13153481	0.0936597155141184	717	-0.0523452572709416	0.315414877270942
78	WGN46	0.0999634500000007	0.0936597155141173	717	-0.0839166172709388	0.28384351727094
79	WGN46	0.8052944865	0.0936597155141179	717	0.621414419229059	0.98917455377094
80	WGN46	0.0750000000000015	0.0936597155141177	717	-0.108880067270939	0.258880067270942
81	WGN46	0.287084148500002	0.0936597155141184	717	0.10320408122906	0.470964215770943
82	WGN46	-0.0168307990633698	0.132500951274962	717	-0.276967013445006	0.243305415318266
83	WGN46	0.0796353465000008	0.093659715514118	717	-0.10424472077094	0.263515413770942
84	WGN46	0.0646929824999992	0.0936597155141184	717	-0.119187084770942	0.248573049770941
85	WGN46	0.112030075000001	0.093659715514118	717	-0.0718499922709402	0.295910142270941
86	WGN46	0.232642430000002	0.0936597155141182	717	0.0487623627290606	0.416522497270943
87	WGN46	0.57953761206337	0.132500951274961	717	0.319401397681736	0.839673826445004
88	WGN46	0.386630533000002	0.0936597155141182	717	0.202750465729061	0.570510600270943
89	WGN46	0.081952879936631	0.13250095127496	717	-0.178183334445002	0.342089094318264
90	WGN46	0.0397082370000016	0.0936597155141179	717	-0.144171830270939	0.223588304270942
91	WGN46	0.323008130000002	0.0936597155141182	717	0.13912806272906	0.506888197270943
92	WGN46	0.156335034000001	0.0936597155141179	717	-0.0275450332709392	0.340215101270942
93	WGN46	0.0596008405000005	0.0936597155141178	717	-0.12427922677094	0.243480907770941
94	WGN46	0.483002998000003	0.0936597155141183	717	0.299122930729061	0.666883065270944
95	WGN46	0.624712644000002	0.093659715514118	717	0.440832576729061	0.808592711270942
96	WGN46	0.553279569500001	0.093659715514118	717	0.36939950222906	0.737159636770942
98	WGN46	0.184714795000001	0.0936597155141179	717	0.000834727729060597	0.368594862270942
101	WGN46	-0.0239400690633682	0.132500951274961	717	-0.284076283445002	0.236196145318266
102	WGN46	0.0496527780000011	0.0936597155141178	717	-0.134227289270939	0.233532845270942
103	WGN46	0.0854539330000012	0.0936597155141178	717	-0.0984261342709392	0.269334000270942
104	WGN46	0.284754402500002	0.0936597155141181	717	0.100874335229061	0.468634469770942
106	WGN46	0.0523250459366303	0.132500951274961	717	-0.207811168445005	0.312461260318265
107	WGN46	0.217378173936631	0.132500951274961	717	-0.0427580404450038	0.477514388318265
108	WGN46	0.0736908785000007	0.093659715514118	717	-0.11018918877094	0.257570945770942
109	WGN46	0.501033294999999	0.0936597155141178	717	0.317153227729059	0.68491336227094
110	WGN46	0.0301627485000007	0.093659715514118	717	-0.15371731877094	0.214042815770941
111	WGN46	-0.0184541750633677	0.132500951274961	717	-0.278590389445002	0.241682039318267
112	WGN46	0.3115384615	0.0936597155141177	717	0.12765839422906	0.495418528770941
113	WGN46	0.419480519500001	0.093659715514118	717	0.235600452229061	0.603360586770942
114	WGN46	0.159529203500001	0.0936597155141179	717	-0.0243508637709396	0.343409270770942
115	WGN46	0.0888079085000004	0.0936597155141181	717	-0.0950721587709405	0.272687975770941
116	WGN46	0.170892743500002	0.0936597155141181	717	-0.0129873237709392	0.354772810770943
117	WGN46	-0.00562589206336997	0.132500951274961	717	-0.265762106445005	0.254510322318265
118	WGN46	0.203696760000001	0.0936597155141179	717	0.0198166927290608	0.387576827270942
119	WGN46	0.152083333500002	0.0936597155141179	717	-0.031796733770939	0.335963400770942
120	WGN46	0.37086674493663	0.132500951274961	717	0.110730530554996	0.631002959318265
121	WGN46	0.173919830500001	0.0936597155141181	717	-0.00996023677093955	0.357799897770942
122	WGN46	0.197199846500001	0.0936597155141179	717	0.0133197792290604	0.381079913770942
123	WGN46	0.389556962	0.0936597155141178	717	0.20567689472906	0.573437029270941
124	WGN46	0.0198355009366301	0.132500951274961	717	-0.240300713445005	0.279971715318265
125	WGN46	0.139914772500001	0.093659715514118	717	-0.0439652947709395	0.323794839770942
126	WGN46	0.109911492500002	0.0936597155141179	717	-0.0739685747709391	0.293791559770942
127	WGN46	0.263166377936631	0.132500951274961	717	0.00303016355499613	0.523302592318266
128	WGN46	0.658164013500001	0.093659715514118	717	0.47428394622906	0.842044080770941
129	WGN46	0.674547101500002	0.093659715514118	717	0.490667034229061	0.858427168770943
130	WGN46	0.0338571430000011	0.093659715514118	717	-0.15002292427094	0.217737210270942
1	WGN55	0.279930595499995	0.0936597155141176	717	0.0960505282290552	0.463810662770935
2	WGN55	0.3087686565	0.0936597155141171	717	0.124888589229061	0.492648723770939
3	WGN55	0.511177584936626	0.132500951274962	717	0.251041370554991	0.771313799318261
4	WGN55	0.029979980000002	0.0936597155141171	717	-0.153900087270937	0.213860047270941
5	WGN55	0.0297862939366283	0.132500951274962	717	-0.230349920445007	0.289922508318264
6	WGN55	0.0093803499366292	0.132500951274962	717	-0.250755864445006	0.269516564318264
7	WGN55	0.0633640069366256	0.132500951274962	717	-0.196772207445012	0.323500221318263
8	WGN55	0.0856331169999992	0.0936597155141177	717	-0.098246950270941	0.269513184270939
9	WGN55	0.0511262439366212	0.132500951274963	717	-0.209009970445018	0.31126245831826
10	WGN55	0.073232847999997	0.0936597155141182	717	-0.110647219270944	0.257112915270938
11	WGN55	0.0192343244999978	0.0936597155141177	717	-0.164645742770942	0.203114391770938
12	WGN55	0.310123626000001	0.093659715514119	717	0.126243558729058	0.494003693270944
13	WGN55	0.170092627999999	0.0936597155141183	717	-0.0137874392709421	0.353972695270941
14	WGN55	0.0874530660000014	0.0936597155141172	717	-0.0964270012709379	0.271333133270941
15	WGN55	0.00764314493662568	0.132500951274962	717	-0.252493069445011	0.267779359318262
16	WGN55	0.0502411730000042	0.0936597155141171	717	-0.133638894270935	0.234121240270943
17	WGN55	0.128270270499997	0.0936597155141184	717	-0.0556097967709441	0.312150337770939
18	WGN55	0.342490842500002	0.0936597155141178	717	0.158610775229062	0.526370909770943
19	WGN55	0.0400787930000029	0.0936597155141173	717	-0.143801274270937	0.223958860270942
20	WGN55	0.0850957234999974	0.0936597155141186	717	-0.0987843437709444	0.268975790770939
21	WGN55	0.262283375999998	0.0936597155141177	717	0.0784033087290576	0.446163443270938
22	WGN55	0.0702493000000053	0.0936597155141166	717	-0.113630767270933	0.254129367270943
23	WGN55	0.2219571565	0.093659715514118	717	0.0380770892290588	0.40583722377094
24	WGN55	0.528282608499996	0.0936597155141175	717	0.344402541229056	0.712162675770936
25	WGN55	0.164457831500001	0.0936597155141174	717	-0.0194222357709387	0.348337898770941
26	WGN55	0.244701560499998	0.0936597155141172	717	0.0608214932290591	0.428581627770938
27	WGN55	0.158092105499999	0.093659715514118	717	-0.0257879617709417	0.34197217277094
28	WGN55	0.361171492936628	0.132500951274961	717	0.101035278554994	0.621307707318262
29	WGN55	0.0886538460000001	0.0936597155141179	717	-0.0952262212709406	0.272533913270941
31	WGN55	0.0613232779999995	0.0936597155141176	717	-0.12255678927094	0.245203345270939
32	WGN55	0.0642530984999994	0.0936597155141179	717	-0.119626968770941	0.24813316577094
33	WGN55	0.0878130304999983	0.0936597155141181	717	-0.0960670367709428	0.271693097770939
35	WGN55	0.0690310080000013	0.0936597155141171	717	-0.114849059270938	0.25291107527094
36	WGN55	0.0445328379366272	0.132500951274962	717	-0.215603376445009	0.304669052318263
37	WGN55	0.0530794434999974	0.0936597155141183	717	-0.130800623770944	0.236959510770939
38	WGN55	0.0450276020633713	0.132500951274961	717	-0.215108612318264	0.305163816445006
40	WGN55	0.263166377936629	0.132500951274962	717	0.00303016355499353	0.523302592318264
41	WGN55	0.3717221175	0.093659715514118	717	0.187842050229059	0.55560218477094
42	WGN55	0.457532280999999	0.0936597155141176	717	0.273652213729059	0.641412348270939
43	WGN55	0.301627486499999	0.0936597155141177	717	0.117747419229059	0.485507553770939
44	WGN55	0.0601687900633684	0.132500951274962	717	-0.199967424318267	0.320305004445004
45	WGN55	0.0852990950633721	0.132500951274961	717	-0.174837119318261	0.345435309445006
47	WGN55	0.0932311624999995	0.093659715514118	717	-0.0906489047709413	0.27711122977094
48	WGN55	0.0129635164999957	0.0936597155141187	717	-0.170916550770946	0.196843583770938
49	WGN55	-0.000365121063367418	0.132500951274961	717	-0.260501335445001	0.259771093318266
50	WGN55	0.0569709220633726	0.132500951274961	717	-0.203165292318262	0.317107136445007
52	WGN55	0.021156213936628	0.132500951274961	717	-0.238980000445007	0.281292428318263
54	WGN55	0.090323760500001	0.0936597155141175	717	-0.0935563067709388	0.274203827770941
55	WGN55	0.227232143	0.0936597155141174	717	0.0433520757290607	0.41111221027094
56	WGN55	0.0484731169999991	0.0936597155141182	717	-0.135406950270942	0.23235318427094
57	WGN55	0.0667912040633712	0.132500951274961	717	-0.193345010318263	0.326927418445005
58	WGN55	0.068193551936629	0.132500951274961	717	-0.191942662445006	0.328329766318264
59	WGN55	0.0899122810000017	0.0936597155141173	717	-0.0939677862709378	0.273792348270941
60	WGN55	-0.0307284860633686	0.132500951274961	717	-0.290864700445002	0.229407728318265
62	WGN55	0.0278359299999996	0.093659715514118	717	-0.156044137270941	0.21171599727094
64	WGN55	-0.0286814480633663	0.13250095127496	717	-0.288817662444999	0.231454766318267
65	WGN55	0.0249357874999983	0.0936597155141182	717	-0.158944279770943	0.20881585477094
66	WGN55	0.0413043474999996	0.0936597155141181	717	-0.142575719770941	0.225184414770941
69	WGN55	-0.010412217063368	0.132500951274961	717	-0.270548431445001	0.249723997318265
70	WGN55	0.0310110649366308	0.132500951274961	717	-0.229125149445003	0.291147279318264
72	WGN55	0.155317983999999	0.0936597155141181	717	-0.028562083270942	0.33919805127094
73	WGN55	0.115384615500001	0.0936597155141176	717	-0.0684954517709392	0.299264682770941
74	WGN55	0.220723313936629	0.132500951274961	717	-0.0394129004450053	0.480859528318263
76	WGN55	0.0926146139999989	0.0936597155141182	717	-0.0912654532709423	0.27649468127094
77	WGN55	0.0601172529366285	0.132500951274961	717	-0.200018961445006	0.320253467318264
78	WGN55	0.00389873399999993	0.0936597155141179	717	-0.179981333270941	0.187778801270941
80	WGN55	0.0486084954999982	0.093659715514118	717	-0.135271571770943	0.232488562770939
81	WGN55	0.0210648149999996	0.0936597155141179	717	-0.162815252270941	0.20494488227094
82	WGN55	0.0837198065000012	0.0936597155141177	717	-0.100160260770939	0.267599873770941
83	WGN55	0.133534460936629	0.132500951274961	717	-0.126601753445005	0.393670675318264
84	WGN55	0.0142031669366283	0.132500951274961	717	-0.245933047445006	0.274339381318263
85	WGN55	0.147107639499997	0.0936597155141184	717	-0.0367724277709442	0.330987706770939
86	WGN55	0.0180000000000006	0.0936597155141176	717	-0.165880067270939	0.201880067270941
87	WGN55	-0.0149314480633742	0.132500951274962	717	-0.27506766244501	0.245204766318262
88	WGN55	-0.01906842606337	0.132500951274961	717	-0.279204640445004	0.241067788318264
89	WGN55	0.436737235499999	0.0936597155141179	717	0.252857168229059	0.62061730277094
91	WGN55	-0.0374777440633709	0.132500951274961	717	-0.297613958445005	0.222658470318264
92	WGN55	0.468993506499999	0.0936597155141178	717	0.285113439229059	0.65287357377094
93	WGN55	-0.0262560750633728	0.132500951274961	717	-0.286392289445008	0.233880139318262
94	WGN55	0.00716077249999911	0.093659715514118	717	-0.176719294770942	0.19104083977094
95	WGN55	0.223833079999999	0.0936597155141178	717	0.0399530127290589	0.40771314727094
96	WGN55	0.046863266063369	0.132500951274961	717	-0.213272948318266	0.306999480445004
97	WGN55	0.198059057936629	0.132500951274961	717	-0.0620771564450055	0.458195272318264
98	WGN55	0.0469223364999995	0.093659715514118	717	-0.136957730770941	0.23080240377094
99	WGN55	0.0122432099366282	0.132500951274961	717	-0.247893004445007	0.272379424318263
100	WGN55	0.1214210525	0.0936597155141177	717	-0.0624590147709398	0.305301119770941
101	WGN55	0.1807075655	0.0936597155141178	717	-0.00317250177094	0.364587632770941
102	WGN55	0.137053829499999	0.0936597155141179	717	-0.0468262377709413	0.32093389677094
103	WGN55	0.1182476625	0.0936597155141179	717	-0.065632404770941	0.30212772977094
104	WGN55	0.0472315594999996	0.0936597155141178	717	-0.136648507770941	0.23111162677094
105	WGN55	0.143529411999998	0.0936597155141183	717	-0.0403506552709429	0.32740947927094
106	WGN55	0.0569800569999992	0.093659715514118	717	-0.126900010270942	0.24086012427094
107	WGN55	-0.0219198110633711	0.132500951274961	717	-0.282056025445006	0.238216403318263
108	WGN55	0.129969879499999	0.0936597155141181	717	-0.0539101877709421	0.31384994677094
109	WGN55	0.0227477474999992	0.0936597155141181	717	-0.161132319770942	0.20662781477094
110	WGN55	0.0151890754999994	0.093659715514118	717	-0.168690991770941	0.19906914277094
111	WGN55	0.117316260999999	0.093659715514118	717	-0.0665638062709415	0.30119632827094
112	WGN55	0.459557343999998	0.0936597155141177	717	0.275677276729058	0.643437411270939
113	WGN55	0.025739484499999	0.093659715514118	717	-0.158140582770942	0.20961955177094
114	WGN55	0.0636133599999993	0.093659715514118	717	-0.120266707270942	0.24749342727094
115	WGN55	0.150650030999999	0.093659715514118	717	-0.0332300362709416	0.33453009827094
116	WGN55	0.116098484499999	0.093659715514118	717	-0.0677815827709417	0.29997855177094
117	WGN55	0.146318551936629	0.132500951274961	717	-0.113817662445006	0.406454766318263
118	WGN55	0.153376623499999	0.0936597155141181	717	-0.0305034437709421	0.33725669077094
119	WGN55	0.360213607499999	0.0936597155141181	717	0.176333540229058	0.54409367477094
120	WGN55	0.74195108193663	0.132500951274961	717	0.481814867554996	1.00208729631826
121	WGN55	0.0889390339366284	0.132500951274961	717	-0.171197180445006	0.349075248318263
122	WGN55	0.0420524689999996	0.0936597155141179	717	-0.141827598270941	0.22593253627094
123	WGN55	-0.00618144806337093	0.132500951274961	717	-0.266317662445005	0.253954766318263
124	WGN55	0.0527631579999988	0.093659715514118	717	-0.131116909270942	0.23664322527094
125	WGN55	0.0505910499999991	0.093659715514118	717	-0.133289017270942	0.23447111727094
126	WGN55	0.104682159999999	0.093659715514118	717	-0.0791979072709418	0.28856222727094
128	WGN55	0.192846270999999	0.093659715514118	717	0.00896620372905826	0.37672633827094
129	WGN55	0.0180827889999992	0.093659715514118	717	-0.165797278270942	0.20196285627094
130	WGN55	0.6449675325	0.093659715514118	717	0.461087465229059	0.82884759977094
1	WGN63	0.121038960999995	0.0936597155141187	717	-0.0628411062709469	0.304919028270937
2	WGN63	0.0163865550000008	0.0936597155141179	717	-0.16749351227094	0.200266622270941
3	WGN63	0.197277501500002	0.0936597155141179	717	0.0133974342290614	0.381157568770943
4	WGN63	0.0122432099366276	0.132500951274962	717	-0.247893004445009	0.272379424318264
5	WGN63	0.10118144806337	0.13250095127496	717	-0.158954766318262	0.361317662445003
6	WGN63	0.191093366000001	0.0936597155141179	717	0.0072132987290599	0.374973433270941
7	WGN63	0.0448669520633697	0.132500951274962	717	-0.215269262318267	0.305003166445006
8	WGN63	0.0336199294999991	0.0936597155141179	717	-0.150260137770942	0.21749999677094
9	WGN63	0.04855245506337	0.13250095127496	717	-0.211583759318263	0.308688669445003
10	WGN63	0.0963829140000002	0.0936597155141179	717	-0.0874971532709405	0.280262981270941
12	WGN63	0.0606018979999998	0.0936597155141178	717	-0.12327816927094	0.24448196527094
13	WGN63	0.168355855999998	0.0936597155141178	717	-0.015524211270942	0.352235923270939
16	WGN63	-0.0183966380633707	0.132500951274961	717	-0.278532852445005	0.241739576318264
17	WGN63	-0.0362794870633728	0.132500951274962	717	-0.296415701445008	0.223856727318263
18	WGN63	0.0138854865000013	0.0936597155141175	717	-0.169994580770939	0.197765553770941
19	WGN63	0.0446447339999996	0.0936597155141182	717	-0.139235333270942	0.228524801270941
20	WGN63	0.0272921105000003	0.0936597155141178	717	-0.15658795677094	0.211172177770941
21	WGN63	0.0187615170000004	0.0936597155141183	717	-0.165118550270941	0.202641584270942
22	WGN63	-0.0304671620633726	0.132500951274962	717	-0.290603376445008	0.229669052318263
23	WGN63	0.117101989999999	0.0936597155141179	717	-0.0667780772709412	0.30098205727094
24	WGN63	-0.0322262240633706	0.132500951274961	717	-0.292362438445005	0.227909990318263
26	WGN63	0.0158422460000005	0.093659715514118	717	-0.16803782127094	0.199722313270941
27	WGN63	0.169565217499999	0.0936597155141176	717	-0.0143148497709414	0.353445284770939
28	WGN63	0.182502708499998	0.0936597155141178	717	-0.00137735877094208	0.366382775770938
29	WGN63	0.122292772999999	0.0936597155141176	717	-0.0615872942709409	0.306172840270939
30	WGN63	0.3565714285	0.0936597155141179	717	0.172691361229059	0.540451495770941
32	WGN63	0.00686560849999974	0.0936597155141179	717	-0.177014458770941	0.19074567577094
33	WGN63	0.0318779129366293	0.132500951274961	717	-0.228258301445005	0.292014127318264
34	WGN63	0.0844362744999994	0.0936597155141183	717	-0.0994437927709419	0.268316341770941
35	WGN63	-0.0347711920633718	0.132500951274962	717	-0.294907406445007	0.225365022318264
36	WGN63	0.0027374709366294	0.132500951274961	717	-0.257398743445005	0.262873685318264
37	WGN63	-0.0368336220633715	0.132500951274961	717	-0.296969836445006	0.223302592318264
38	WGN63	-0.0227199100633708	0.132500951274961	717	-0.282856124445005	0.237416304318263
39	WGN63	0.16141595493663	0.132500951274962	717	-0.0987202594450057	0.421552169318265
41	WGN63	0.092065636999999	0.0936597155141179	717	-0.0918144302709416	0.27594570427094
42	WGN63	0.0370896464999973	0.0936597155141184	717	-0.146790420770944	0.220969713770939
44	WGN63	0.24406445393663	0.132500951274962	717	-0.0160717604450056	0.504200668318265
45	WGN63	0.113364006936629	0.132500951274961	717	-0.146772207445004	0.373500221318262
46	WGN63	0.0416360294999999	0.0936597155141182	717	-0.142244037770941	0.225516096770941
47	WGN63	0.0484985210633701	0.132500951274961	717	-0.211637693318263	0.308634735445003
48	WGN63	0.0231042659366283	0.132500951274961	717	-0.237031948445006	0.283240480318263
49	WGN63	0.0748754669999988	0.0936597155141179	717	-0.109004600270942	0.258755534270939
50	WGN63	0.07285363993663	0.132500951274961	717	-0.187282574445004	0.332989854318264
51	WGN63	0.0226470589999992	0.0936597155141183	717	-0.161233008270942	0.20652712627094
52	WGN63	0.00870428100000133	0.0936597155141181	717	-0.17517578627094	0.192584348270942
53	WGN63	0.381477069500002	0.0936597155141184	717	0.19759700222906	0.565357136770943
54	WGN63	0.170372233499999	0.0936597155141178	717	-0.0135078337709409	0.35425230077094
56	WGN63	0.0105217389999985	0.0936597155141185	717	-0.173358328270943	0.19440180627094
57	WGN63	0.0178746930000005	0.0936597155141177	717	-0.16600537427094	0.201754760270941
58	WGN63	0.1425369195	0.093659715514118	717	-0.0413431477709413	0.32641698677094
60	WGN63	0.0254852189366288	0.132500951274961	717	-0.234650995445006	0.285621433318263
61	WGN63	0.0850421885000003	0.093659715514118	717	-0.0988378787709406	0.268922255770941
62	WGN63	0.244651586499999	0.0936597155141182	717	0.0607715192290583	0.428531653770941
64	WGN63	0.0150949170000008	0.0936597155141178	717	-0.168785150270939	0.198974984270941
65	WGN63	0.1852650055	0.0936597155141179	717	0.00138493822905933	0.36914507277094
66	WGN63	0.0323600384999994	0.0936597155141184	717	-0.151520028770942	0.216240105770941
68	WGN63	0.1695307295	0.0936597155141182	717	-0.0143493377709416	0.353410796770941
69	WGN63	0.226260411936629	0.132500951274961	717	-0.0338758024450054	0.486396626318264
70	WGN63	0.0243042674999997	0.093659715514118	717	-0.159575799770941	0.208184334770941
72	WGN63	0.062470698499999	0.0936597155141181	717	-0.121409368770942	0.24635076577094
73	WGN63	0.0564935064999993	0.0936597155141181	717	-0.127386560770942	0.24037357377094
74	WGN63	0.00991032799999989	0.093659715514118	717	-0.173969739270941	0.193790395270941
75	WGN63	0.302437564	0.0936597155141181	717	0.118557496729059	0.486317631270941
76	WGN63	0.0109924649366291	0.132500951274961	717	-0.249143749445006	0.271128679318264
77	WGN63	-0.0197528770633702	0.132500951274961	717	-0.279889091445004	0.240383337318264
78	WGN63	0.0137069829999999	0.0936597155141179	717	-0.170173084270941	0.19758705027094
79	WGN63	0.0204247989999992	0.0936597155141183	717	-0.163455268270942	0.204304866270941
80	WGN63	0.025506756999999	0.0936597155141182	717	-0.158373310270942	0.20938682427094
81	WGN63	0.0144175249999997	0.0936597155141181	717	-0.169462542270941	0.198297592270941
82	WGN63	0.0776143349999996	0.0936597155141181	717	-0.106265732270941	0.261494402270941
83	WGN63	0.329435484	0.0936597155141181	717	0.145555416729059	0.513315551270941
84	WGN63	0.250410901	0.093659715514118	717	0.0665308337290589	0.434290968270941
85	WGN63	0.0223051949999996	0.093659715514118	717	-0.161574872270941	0.20618526227094
86	WGN63	-0.0362063240633709	0.132500951274961	717	-0.296342538445005	0.223929890318263
87	WGN63	0.0518518520000002	0.0936597155141179	717	-0.13202821527094	0.235731919270941
88	WGN63	0.0736129139999994	0.0936597155141182	717	-0.110267153270942	0.257492981270941
89	WGN63	0.0828481150633699	0.132500951274961	717	-0.177288099318264	0.342984329445004
90	WGN63	0.0383640069366293	0.132500951274961	717	-0.221772207445005	0.298500221318263
92	WGN63	0.0827501759366292	0.132500951274961	717	-0.177386038445005	0.342886390318263
93	WGN63	0.0938311689999993	0.0936597155141181	717	-0.0900488982709417	0.27771123627094
94	WGN63	0.0102737354999996	0.0936597155141181	717	-0.173606331770941	0.19415380277094
95	WGN63	-0.0304671620633715	0.132500951274961	717	-0.290603376445006	0.229669052318263
96	WGN63	0.0734853564999993	0.0936597155141182	717	-0.110394710770942	0.257365423770941
97	WGN63	0.0758317024999996	0.093659715514118	717	-0.108048364770941	0.25971176977094
98	WGN63	0.0782184850633708	0.132500951274961	717	-0.181917729318263	0.338354699445004
99	WGN63	0.0924634990633693	0.132500951274961	717	-0.167672715318265	0.352599713445003
100	WGN63	0.0812097704999987	0.0936597155141179	717	-0.102670296770942	0.265089837770939
101	WGN63	0.0583243050633711	0.132500951274961	717	-0.201811909318263	0.318460519445005
102	WGN63	0.0714962119999993	0.093659715514118	717	-0.112383855270941	0.25537627927094
103	WGN63	0.0306884894999996	0.093659715514118	717	-0.153191577770941	0.21456855677094
105	WGN63	0.375952381	0.093659715514118	717	0.192072313729059	0.559832448270941
106	WGN63	0.0126666664999996	0.093659715514118	717	-0.171213400770941	0.19654673377094
109	WGN63	-0.0221338290633699	0.132500951274961	717	-0.282270043445004	0.238002385318264
111	WGN63	0.152018078499999	0.093659715514118	717	-0.0318619887709413	0.33589814577094
112	WGN63	0.261313433	0.0936597155141181	717	0.0774333657290588	0.445193500270941
114	WGN63	0.217722661936629	0.132500951274961	717	-0.0424135524450052	0.477858876318264
115	WGN63	0.0517948719999993	0.093659715514118	717	-0.132085195270942	0.23567493927094
116	WGN63	0.0151408449999996	0.093659715514118	717	-0.168739222270941	0.19902091227094
117	WGN63	0.09689573406337	0.132500951274961	717	-0.163240480318264	0.357031948445004
119	WGN63	0.235299677	0.093659715514118	717	0.051419609729059	0.419179744270941
121	WGN63	0.0497041750633701	0.132500951274961	717	-0.210432039318264	0.309840389445004
122	WGN63	-0.00077740806337085	0.132500951274961	717	-0.260913622445005	0.259358806318263
123	WGN63	0.120357013936629	0.132500951274961	717	-0.139779200445005	0.380493228318263
124	WGN63	-0.0240385910633709	0.132500951274961	717	-0.284174805445005	0.236097623318263
125	WGN63	0.0164369899366293	0.132500951274961	717	-0.243699224445005	0.276573204318264
126	WGN63	0.0305221129999995	0.093659715514118	717	-0.153357954270941	0.21440218027094
127	WGN63	0.00277459593662917	0.132500951274961	717	-0.257361618445005	0.262910810318263
128	WGN63	-0.00887375606337084	0.132500951274961	717	-0.269009970445005	0.251262458318264
129	WGN63	0.0206135904999996	0.093659715514118	717	-0.163266476770941	0.20449365777094
130	WGN63	0.0742537314999994	0.093659715514118	717	-0.109626335770941	0.25813379877094
