plantID3	famID	emmean	SE	df	lower.CL	upper.CL
1	WGN07	3.71564123400038	0.30860567715604	1103	3.11012077282945	4.32116169517131
2	WGN07	3.79373073699976	0.308605677156367	1103	3.18821027582819	4.39925119817132
3	WGN07	3.22167019050044	0.308605677156396	1103	2.61614972932881	3.82719065167206
4	WGN07	1.49839934500012	0.308605677156391	1103	0.892878883828508	2.10391980617174
5	WGN07	4.27558398199997	0.308605677156405	1103	3.67006352082833	4.88110444317162
6	WGN07	2.229397185	0.30860567715641	1103	1.62387672382835	2.83491764617165
7	WGN07	3.61847163650003	0.308605677156412	1103	3.01295117532837	4.22399209767169
8	WGN07	3.49347731941949	0.436533153111123	1103	2.63694817639082	4.35000646244817
9	WGN07	3.67086484950001	0.30860567715641	1103	3.06534438832836	4.27638531067166
10	WGN07	2.59666193199998	0.308605677156408	1103	1.99114147082833	3.20218239317163
11	WGN07	3.61635479200002	0.308605677156408	1103	3.01083433082837	4.22187525317167
12	WGN07	1.89986824750004	0.308605677156403	1103	1.2943477863284	2.50538870867168
13	WGN07	3.02236280499999	0.308605677156404	1103	2.41684234382835	3.62788326617163
14	WGN07	3.3071768435	0.308605677156412	1103	2.70165638232835	3.91269730467166
15	WGN07	2.72657894750002	0.308605677156408	1103	2.12105848632837	3.33209940867167
16	WGN07	4.04509356550004	0.30860567715641	1103	3.43957310432838	4.65061402667169
17	WGN07	3.69701719400002	0.308605677156405	1103	3.09149673282838	4.30253765517166
18	WGN07	2.43894363250003	0.308605677156402	1103	1.8334231713284	3.04446409367167
20	WGN07	1.89170168050006	0.308605677156405	1103	1.28618121932842	2.49722214167171
21	WGN07	3.72251393800002	0.308605677156405	1103	3.11699347682838	4.32803439917166
22	WGN07	3.35644079600003	0.308605677156414	1103	2.75092033482836	3.96196125717169
23	WGN07	3.04580839458062	0.436533153111121	1103	2.18927925155195	3.90233753760928
24	WGN07	1.54963513599998	0.308605677156409	1103	0.944114674828327	2.15515559717163
25	WGN07	3.22579117699998	0.308605677156412	1103	2.62027071582833	3.83131163817164
26	WGN07	3.16504274299999	0.308605677156408	1103	2.55952228182834	3.77056320417164
27	WGN07	3.67725250249998	0.308605677156395	1103	3.07173204132835	4.2827729636716
28	WGN07	4.16212206049995	0.308605677156404	1103	3.55660159932831	4.76764252167159
29	WGN07	3.672242647	0.308605677156414	1103	3.06672218582834	4.27776310817167
30	WGN07	2.69194330950003	0.308605677156405	1103	2.08642284832839	3.29746377067167
31	WGN07	3.41940699400001	0.308605677156403	1103	2.81388653282837	4.02492745517165
32	WGN07	3.12007705500001	0.308605677156406	1103	2.51455659382836	3.72559751617166
33	WGN07	3.90736914600002	0.308605677156411	1103	3.30184868482836	4.51288960717168
34	WGN07	2.78292409699997	0.308605677156406	1103	2.17740363582832	3.38844455817161
35	WGN07	3.91149497641938	0.436533153111141	1103	3.05496583339067	4.76802411944809
36	WGN07	0.974660103000005	0.308605677156404	1103	0.369139641828362	1.58018056417165
37	WGN07	2.61153581299995	0.308605677156416	1103	2.00601535182828	3.21705627417162
38	WGN07	2.86285002400002	0.308605677156405	1103	2.25732956282837	3.46837048517166
39	WGN07	3.72000780900001	0.308605677156404	1103	3.11448734782836	4.32552827017165
40	WGN07	2.67474990950002	0.308605677156405	1103	2.06922944832837	3.28027037067166
41	WGN07	3.580180061	0.308605677156401	1103	2.97465959982836	4.18570052217163
42	WGN07	2.37268325250002	0.308605677156401	1103	1.76716279132839	2.97820371367166
44	WGN07	3.44290909100002	0.308605677156399	1103	2.83738862982838	4.04842955217165
46	WGN07	2.805403325	0.308605677156407	1103	2.19988286382835	3.41092378617165
47	WGN07	3.322155376	0.308605677156405	1103	2.71663491482836	3.92767583717165
48	WGN07	1.50372251850001	0.308605677156405	1103	0.89820205732837	2.10924297967166
49	WGN07	3.89433490100006	0.308605677156413	1103	3.2888144398284	4.49985536217172
50	WGN07	3.85322127149999	0.308605677156407	1103	3.24770081032834	4.45874173267163
51	WGN07	4.16934312041937	0.436533153111132	1103	3.31281397739068	5.02587226344806
52	WGN07	3.0261445785	0.308605677156412	1103	2.42062411732834	3.63166503967166
53	WGN07	3.567537073	0.308605677156409	1103	2.96201661182835	4.17305753417165
54	WGN07	3.28439560450001	0.308605677156402	1103	2.67887514332837	3.88991606567164
55	WGN07	4.20711610450001	0.308605677156405	1103	3.60159564332837	4.81263656567166
56	WGN07	2.20118910600006	0.308605677156403	1103	1.59566864482842	2.8067095671717
57	WGN07	2.51175213700004	0.308605677156409	1103	1.90623167582838	3.11727259817169
58	WGN07	2.44309593	0.308605677156412	1103	1.83757546882834	3.04861639117166
59	WGN07	3.24191011250003	0.308605677156407	1103	2.63638965132839	3.84743057367168
60	WGN07	2.82599660000002	0.308605677156402	1103	2.22047613882838	3.43151706117166
61	WGN07	3.63668478250001	0.308605677156409	1103	3.03116432132835	4.24220524367166
63	WGN07	3.90185429850003	0.308605677156407	1103	3.29633383732838	4.50737475967168
64	WGN07	2.85554035549999	0.308605677156409	1103	2.25001989432834	3.46106081667164
66	WGN07	3.39541666650002	0.308605677156404	1103	2.78989620532837	4.00093712767166
67	WGN07	2.08962868150004	0.308605677156405	1103	1.48410822032839	2.69514914267168
68	WGN07	3.80891115899999	0.308605677156408	1103	3.20339069782834	4.41443162017164
69	WGN07	3.78373942858062	0.436533153111134	1103	2.92721028555193	4.64026857160932
71	WGN07	3.31043478249999	0.308605677156406	1103	2.70491432132835	3.91595524367164
73	WGN07	4.56951267350003	0.308605677156413	1103	3.96399221232837	5.17503313467169
74	WGN07	3.7921506735	0.308605677156395	1103	3.18663021232838	4.39767113467163
75	WGN07	2.73336286300002	0.308605677156412	1103	2.12784240182836	3.33888332417168
76	WGN07	3.23243674899999	0.30860567715641	1103	2.62691628782834	3.83795721017165
77	WGN07	2.77215052	0.30860567715641	1103	2.16663005882834	3.37767098117165
78	WGN07	3.68181818200002	0.308605677156406	1103	3.07629772082838	4.28733864317167
79	WGN07	2.783276897	0.308605677156404	1103	2.17775643582836	3.38879735817164
80	WGN07	2.70736800650002	0.308605677156413	1103	2.10184754532836	3.31288846767167
81	WGN07	4.1714443085	0.308605677156405	1103	3.56592384732836	4.77696476967165
82	WGN07	3.16737251500001	0.308605677156406	1103	2.56185205382836	3.77289297617166
83	WGN07	2.55289279649999	0.308605677156412	1103	1.94737233532833	3.15841325767165
84	WGN07	2.64704861100003	0.308605677156404	1103	2.04152814982839	3.25256907217167
85	WGN07	3.1697378505	0.308605677156411	1103	2.56421738932834	3.77525831167166
86	WGN07	3.21264705899999	0.308605677156406	1103	2.60712659782834	3.81816752017163
87	WGN07	3.72696078399999	0.30860567715641	1103	3.12144032282833	4.33248124517164
88	WGN07	3.03159186549999	0.308605677156407	1103	2.42607140432835	3.63711232667164
89	WGN07	2.69875505800002	0.308605677156405	1103	2.09323459682838	3.30427551917167
90	WGN07	4.29880995500002	0.308605677156408	1103	3.69328949382837	4.90433041617166
91	WGN07	3.57835337649998	0.308605677156402	1103	2.97283291532834	4.18387383767162
92	WGN07	2.53390175041939	0.436533153111129	1103	1.6773726073907	3.39043089344807
93	WGN07	3.62753623149999	0.308605677156409	1103	3.02201577032834	4.23305669267164
94	WGN07	3.99298203000001	0.308605677156403	1103	3.38746156882837	4.59850249117165
95	WGN07	3.34967986950003	0.308605677156404	1103	2.74415940832839	3.95520033067167
96	WGN07	1.73853159249998	0.308605677156409	1103	1.13301113132833	2.34405205367163
97	WGN07	3.82645355558059	0.436533153111133	1103	2.9699244125519	4.68298269860928
98	WGN07	3.47252458099998	0.308605677156408	1103	2.86700411982833	4.07804504217163
99	WGN07	3.84126453499996	0.308605677156409	1103	3.23574407382831	4.44678499617161
100	WGN07	4.0457741795	0.308605677156408	1103	3.44025371832835	4.65129464067165
101	WGN07	2.41849315050001	0.308605677156406	1103	1.81297268932836	3.02401361167165
102	WGN07	2.31933465099998	0.308605677156411	1103	1.71381418982833	2.92485511217164
103	WGN07	2.7049603175	0.308605677156401	1103	2.09943985632837	3.31048077867164
104	WGN07	3.84365712250001	0.308605677156402	1103	3.23813666132837	4.44917758367164
105	WGN07	5.23695157050005	0.308605677156412	1103	4.63143110932839	5.84247203167171
106	WGN07	2.981920185	0.308605677156411	1103	2.37639972382834	3.58744064617165
107	WGN07	2.82318181800001	0.308605677156405	1103	2.21766135682836	3.42870227917165
108	WGN07	3.05215146299996	0.308605677156408	1103	2.44663100182832	3.65767192417161
109	WGN07	1.90219160541939	0.436533153111136	1103	1.04566246239069	2.75872074844809
110	WGN07	3.176982592	0.30860567715641	1103	2.57146213082835	3.78250305317165
112	WGN07	2.30939407799998	0.308605677156411	1103	1.70387361682833	2.91491453917164
113	WGN07	4.19426910299997	0.308605677156406	1103	3.58874864182833	4.79978956417162
114	WGN07	1.79319355350008	0.308605677156404	1103	1.18767309232844	2.39871401467172
115	WGN07	3.83701074200001	0.308605677156409	1103	3.23149028082836	4.44253120317166
116	WGN07	3.07159090900001	0.308605677156407	1103	2.46607044782836	3.67711137017166
117	WGN07	3.118986254	0.308605677156403	1103	2.51346579282836	3.72450671517164
118	WGN07	3.21216117199996	0.308605677156414	1103	2.6066407108283	3.81768163317162
119	WGN07	3.68929311649997	0.308605677156404	1103	3.08377265532833	4.29481357767161
120	WGN07	3.71477663250001	0.308605677156406	1103	3.10925617132837	4.32029709367166
121	WGN07	3.65805722899999	0.308605677156406	1103	3.05253676782834	4.26357769017163
122	WGN07	3.08932870358065	0.436533153111129	1103	2.23279956055196	3.94585784660933
123	WGN07	3.59978383750002	0.308605677156404	1103	2.99426337632838	4.20530429867166
124	WGN07	4.23925266749998	0.308605677156407	1103	3.63373220632833	4.84477312867162
125	WGN07	3.55029706050004	0.308605677156405	1103	2.94477659932839	4.15581752167168
126	WGN07	1.81752136749999	0.308605677156405	1103	1.21200090632835	2.42304182867164
127	WGN07	4.12407739750001	0.308605677156405	1103	3.51855693632837	4.72959785867166
128	WGN07	3.37198535300004	0.308605677156396	1103	2.76646489182841	3.97750581417166
129	WGN07	3.74554649750003	0.30860567715641	1103	3.14002603632838	4.35106695867168
130	WGN07	3.7371969695	0.30860567715641	1103	3.13167650832835	4.34271743067165
1	WGN15	3.54031746049971	0.308605677156357	1103	2.93479699932816	4.14583792167126
2	WGN15	2.92089577050007	0.308605677156399	1103	2.31537530932844	3.5264162316717
3	WGN15	2.8469114215	0.308605677156412	1103	2.24139096032834	3.45243188267165
4	WGN15	3.58082426850002	0.308605677156411	1103	2.97530380732837	4.18634472967168
5	WGN15	2.98768989650005	0.308605677156403	1103	2.38216943532841	3.59321035767169
7	WGN15	2.71881422950002	0.30860567715641	1103	2.11329376832836	3.32433469067167
8	WGN15	4.09714596950004	0.30860567715641	1103	3.49162550832839	4.7026664306717
9	WGN15	4.03327380950004	0.308605677156408	1103	3.42775334832839	4.63879427067169
10	WGN15	3.31090548600005	0.308605677156402	1103	2.70538502482841	3.91642594717169
11	WGN15	2.70274265200004	0.308605677156406	1103	2.09722219082839	3.30826311317168
12	WGN15	3.43110367900003	0.308605677156405	1103	2.82558321782839	4.03662414017167
13	WGN15	3.45227272750004	0.30860567715641	1103	2.84675226632838	4.05779318867169
14	WGN15	3.60037523450002	0.308605677156403	1103	2.99485477332838	4.20589569567166
15	WGN15	3.22892746900004	0.308605677156405	1103	2.6234070078284	3.83444793017169
16	WGN15	3.22400826450002	0.308605677156408	1103	2.61848780332837	3.82952872567167
17	WGN15	4.17492378050003	0.308605677156405	1103	3.56940331932838	4.78044424167167
18	WGN15	2.91755555550003	0.308605677156411	1103	2.31203509432838	3.52307601667169
19	WGN15	3.01909780350004	0.308605677156404	1103	2.4135773423284	3.62461826467168
20	WGN15	3.7038596495	0.308605677156405	1103	3.09833918832836	4.30938011067164
21	WGN15	3.87052266100005	0.308605677156409	1103	3.2650021998284	4.4760431221717
22	WGN15	3.07333333300002	0.30860567715641	1103	2.46781287182837	3.67885379417168
23	WGN15	3.50331081100002	0.308605677156409	1103	2.89779034982837	4.10883127217168
24	WGN15	0.719989888500048	0.308605677156406	1103	0.114469427328401	1.32551034967169
25	WGN15	4.49500000000008	0.308605677156412	1103	3.88947953882842	5.10052046117174
26	WGN15	2.95853639250004	0.308605677156404	1103	2.3530159313284	3.56405685367168
27	WGN15	3.54325685250003	0.308605677156399	1103	2.9377363913284	4.14877731367166
28	WGN15	3.70285581950003	0.308605677156408	1103	3.09733535832838	4.30837628067168
29	WGN15	3.48253012050003	0.308605677156407	1103	2.87700965932838	4.08805058167168
30	WGN15	3.66332752600003	0.308605677156401	1103	3.05780706482839	4.26884798717166
31	WGN15	3.08552996650003	0.308605677156405	1103	2.48000950532839	3.69105042767167
32	WGN15	4.11756928950003	0.308605677156407	1103	3.51204882832838	4.72308975067168
33	WGN15	3.78273727000005	0.308605677156404	1103	3.17721680882841	4.38825773117169
34	WGN15	2.99562022350004	0.308605677156402	1103	2.39009976232841	3.60114068467168
35	WGN15	2.7885570825	0.308605677156405	1103	2.18303662132836	3.39407754367164
36	WGN15	3.32605877250005	0.308605677156408	1103	2.7205383113284	3.9315792336717
37	WGN15	3.09583333350003	0.308605677156396	1103	2.4903128723284	3.70135379467166
38	WGN15	3.28627451000002	0.308605677156402	1103	2.68075404882838	3.89179497117166
39	WGN15	4.12363314100002	0.308605677156406	1103	3.51811267982837	4.72915360217166
40	WGN15	2.62055586150001	0.308605677156408	1103	2.01503540032836	3.22607632267166
41	WGN15	2.72962464400005	0.308605677156403	1103	2.12410418282841	3.33514510517169
43	WGN15	3.23984415600005	0.308605677156411	1103	2.63432369482839	3.8453646171717
44	WGN15	3.45251196150004	0.308605677156401	1103	2.84699150032841	4.05803242267168
45	WGN15	2.99600000000004	0.308605677156407	1103	2.39047953882839	3.60152046117169
46	WGN15	3.22453748800003	0.308605677156404	1103	2.61901702682839	3.83005794917167
47	WGN15	3.87878269000001	0.308605677156403	1103	3.27326222882837	4.48430315117165
48	WGN15	3.60359003550006	0.308605677156416	1103	2.9980695743284	4.20911049667173
50	WGN15	3.82552447600003	0.308605677156405	1103	3.22000401482839	4.43104493717167
51	WGN15	2.87007677950004	0.308605677156407	1103	2.26455631832839	3.47559724067168
52	WGN15	2.12259477850005	0.308605677156407	1103	1.5170743173284	2.7281152396717
53	WGN15	2.79497156300003	0.308605677156406	1103	2.18945110182839	3.40049202417168
54	WGN15	3.26445352400003	0.308605677156403	1103	2.65893306282839	3.86997398517167
55	WGN15	3.56658161500002	0.308605677156404	1103	2.96106115382838	4.17210207617167
56	WGN15	3.42824518450006	0.308605677156404	1103	2.82272472332841	4.0337656456717
57	WGN15	2.45293597800002	0.308605677156412	1103	1.84741551682836	3.05845643917168
58	WGN15	3.82093373500005	0.308605677156408	1103	3.2154132738284	4.4264541961717
59	WGN15	3.17995129900003	0.308605677156407	1103	2.57443083782839	3.78547176017168
60	WGN15	2.54494195700003	0.308605677156403	1103	1.93942149582839	3.15046241817167
61	WGN15	3.35333614850003	0.308605677156411	1103	2.74781568732838	3.95885660967169
62	WGN15	3.2985233600001	0.308605677156404	1103	2.69300289882845	3.90404382117174
63	WGN15	4.00851449250003	0.308605677156408	1103	3.40299403132838	4.61403495367168
64	WGN15	2.73842105250002	0.308605677156409	1103	2.13290059132837	3.34394151367167
65	WGN15	4.23853132150002	0.308605677156406	1103	3.63301086032837	4.84405178267167
66	WGN15	2.27608422400002	0.308605677156409	1103	1.67056376282836	2.88160468517167
67	WGN15	2.9963209675	0.308605677156403	1103	2.39080050632836	3.60184142867164
68	WGN15	2.50692270050006	0.308605677156404	1103	1.90140223932842	3.1124431616717
69	WGN15	3.49234962400002	0.308605677156406	1103	2.88682916282837	4.09787008517166
70	WGN15	3.10754561900004	0.308605677156409	1103	2.50202515782839	3.71306608017169
71	WGN15	3.02380952400004	0.308605677156401	1103	2.41828906282841	3.62932998517168
72	WGN15	3.47291666650006	0.308605677156405	1103	2.86739620532841	4.0784371276717
73	WGN15	4.68920454550003	0.308605677156407	1103	4.08368408432838	5.29472500667168
74	WGN15	2.93397435900003	0.308605677156408	1103	2.32845389782838	3.53949482017168
75	WGN15	3.41038401250002	0.308605677156409	1103	2.80486355132837	4.01590447367168
77	WGN15	2.23271144250001	0.308605677156399	1103	1.62719098132838	2.83823190367164
78	WGN15	3.14993053450003	0.308605677156406	1103	2.54441007332838	3.75545099567167
79	WGN15	2.72911764700002	0.308605677156408	1103	2.12359718582837	3.33463810817167
80	WGN15	3.18739240500003	0.308605677156404	1103	2.58187194382839	3.79291286617168
81	WGN15	3.12201659550003	0.308605677156407	1103	2.51649613432838	3.72753705667167
82	WGN15	2.58778292150005	0.308605677156404	1103	1.98226246032841	3.1933033826717
83	WGN15	3.63213326300003	0.308605677156409	1103	3.02661280182838	4.23765372417168
84	WGN15	2.765122093	0.308605677156408	1103	2.15960163182835	3.37064255417165
85	WGN15	3.43967004350004	0.308605677156405	1103	2.83414958232839	4.04519050467168
86	WGN15	3.77828571450002	0.308605677156404	1103	3.17276525332838	4.38380617567166
87	WGN15	3.33932659950001	0.308605677156408	1103	2.73380613832836	3.94484706067166
88	WGN15	2.95599982750003	0.308605677156407	1103	2.35047936632838	3.56152028867168
89	WGN15	3.28158500100002	0.308605677156413	1103	2.67606453982836	3.88710546217167
90	WGN15	1.79446278500005	0.308605677156407	1103	1.1889423238284	2.3999832461717
91	WGN15	3.40129870100005	0.308605677156406	1103	2.7957782398284	4.00681916217169
92	WGN15	1.99201612900004	0.308605677156407	1103	1.38649566782839	2.59753659017169
93	WGN15	2.70499041650003	0.308605677156407	1103	2.09946995532838	3.31051087767167
94	WGN15	4.26663533800003	0.308605677156407	1103	3.66111487682839	4.87215579917168
95	WGN15	1.70913242000009	0.308605677156402	1103	1.10361195882845	2.31465288117172
96	WGN15	2.57380839458064	0.436533153111132	1103	1.71727925155195	3.43033753760933
97	WGN15	3.35656477650003	0.308605677156407	1103	2.75104431532838	3.96208523767167
98	WGN15	3.59668440750003	0.308605677156408	1103	2.99116394632838	4.20220486867168
99	WGN15	3.83702462400002	0.308605677156407	1103	3.23150416282837	4.44254508517167
100	WGN15	4.07092105250003	0.308605677156408	1103	3.46540059132838	4.67644151367168
101	WGN15	3.64113300500002	0.308605677156404	1103	3.03561254382837	4.24665346617166
102	WGN15	3.34373614200004	0.308605677156411	1103	2.73821568082839	3.9492566031717
103	WGN15	2.95298611100004	0.308605677156405	1103	2.34746564982839	3.55850657217168
104	WGN15	2.08567914450005	0.308605677156404	1103	1.48015868332841	2.69119960567169
106	WGN15	2.43370879150002	0.308605677156405	1103	1.82818833032837	3.03922925267166
107	WGN15	3.25163261850004	0.30860567715641	1103	2.64611215732839	3.85715307967169
108	WGN15	1.96522058800004	0.308605677156408	1103	1.35970012682839	2.57074104917169
109	WGN15	3.49086758000002	0.308605677156407	1103	2.88534711882837	4.09638804117167
110	WGN15	2.90200000000004	0.308605677156403	1103	2.2964795388284	3.50752046117168
111	WGN15	3.43285714300004	0.308605677156401	1103	2.82733668182841	4.03837760417168
112	WGN15	3.48448142400002	0.30860567715641	1103	2.87896096282837	4.09000188517167
113	WGN15	1.86204648550003	0.308605677156408	1103	1.25652602432838	2.46756694667168
114	WGN15	2.64452380950004	0.308605677156407	1103	2.03900334832839	3.25004427067168
115	WGN15	3.23169800250003	0.308605677156407	1103	2.62617754132839	3.83721846367168
116	WGN15	2.824585436	0.308605677156411	1103	2.21906497482834	3.43010589717165
117	WGN15	3.16842820350002	0.308605677156408	1103	2.56290774232837	3.77394866467167
118	WGN15	2.50879010700002	0.308605677156406	1103	1.90326964582837	3.11431056817166
119	WGN15	3.11356890950003	0.308605677156407	1103	2.50804844832838	3.71908937067168
120	WGN15	3.32443622250002	0.308605677156408	1103	2.71891576132837	3.92995668367167
121	WGN15	3.84057881800002	0.308605677156405	1103	3.23505835682838	4.44609927917166
122	WGN15	3.13424784850002	0.308605677156407	1103	2.52872738732838	3.73976830967167
123	WGN15	3.37741071450002	0.308605677156406	1103	2.77189025332837	3.98293117567166
124	WGN15	3.45707091050004	0.308605677156409	1103	2.85155044932839	4.06259137167169
125	WGN15	2.26146446250004	0.308605677156407	1103	1.65594400132839	2.86698492367169
126	WGN15	3.20144618300005	0.308605677156409	1103	2.5959257218284	3.8069666441717
127	WGN15	4.02920197750003	0.308605677156405	1103	3.42368151632839	4.63472243867167
128	WGN15	3.37113262500001	0.308605677156406	1103	2.76561216382836	3.97665308617165
129	WGN15	3.50550550550001	0.308605677156406	1103	2.89998504432836	4.11102596667166
130	WGN15	4.00126373600002	0.308605677156406	1103	3.39574327482838	4.60678419717167
1	WGN26	3.34344110199992	0.308605677156377	1103	2.73792064082833	3.94896156317151
3	WGN26	2.81827865300002	0.308605677156404	1103	2.21275819182837	3.42379911417166
4	WGN26	2.59394514749998	0.308605677156408	1103	1.98842468632833	3.19946560867163
5	WGN26	4.24606481499998	0.308605677156406	1103	3.64054435382833	4.85158527617162
6	WGN26	3.35491400499997	0.308605677156407	1103	2.74939354382833	3.96043446617162
7	WGN26	3.53392585749998	0.308605677156408	1103	2.92840539632833	4.13944631867163
8	WGN26	3.80830270649997	0.308605677156406	1103	3.20278224532833	4.41382316767162
9	WGN26	1.74246105149992	0.308605677156412	1103	1.13694059032826	2.34798151267158
10	WGN26	1.89077025600002	0.308605677156403	1103	1.28524979482838	2.49629071717166
11	WGN26	2.93282402549997	0.308605677156408	1103	2.32730356432832	3.53834448667162
12	WGN26	4.118710919	0.30860567715641	1103	3.51319045782835	4.72423138017165
13	WGN26	3.48482142849999	0.308605677156406	1103	2.87930096732834	4.09034188967163
14	WGN26	1.47056451599994	0.30860567715641	1103	0.865044054828286	2.07608497717159
15	WGN26	3.8576792775	0.308605677156405	1103	3.25215881632835	4.46319973867164
17	WGN26	3.15713534149999	0.308605677156404	1103	2.55161488032835	3.76265580267164
18	WGN26	3.4309859155	0.308605677156399	1103	2.82546545432836	4.03650637667163
19	WGN26	4.19185542999998	0.308605677156405	1103	3.58633496882834	4.79737589117163
20	WGN26	4.00471250458062	0.436533153111129	1103	3.14818336155194	4.86124164760931
21	WGN26	3.80747863249999	0.308605677156404	1103	3.20195817132834	4.41299909367163
22	WGN26	3.61247401199999	0.308605677156406	1103	3.00695355082834	4.21799447317163
23	WGN26	3.42535014049998	0.308605677156397	1103	2.81982967932835	4.03087060167161
24	WGN26	3.28818391549999	0.308605677156408	1103	2.68266345432834	3.89370437667163
25	WGN26	3.18998257799999	0.30860567715641	1103	2.58446211682834	3.79550303917164
26	WGN26	2.39833129849997	0.30860567715641	1103	1.79281083732832	3.00385175967163
27	WGN26	2.23921232899998	0.308605677156405	1103	1.63369186782834	2.84473279017163
28	WGN26	2.91166918049998	0.308605677156408	1103	2.30614871932833	3.51718964167163
29	WGN26	1.44571139500001	0.308605677156405	1103	0.840190933828363	2.05123185617165
30	WGN26	3.59960443049999	0.308605677156407	1103	2.99408396932834	4.20512489167164
31	WGN26	3.03045976999998	0.308605677156411	1103	2.42493930882833	3.63598023117164
32	WGN26	2.17245865299995	0.308605677156411	1103	1.5669381918283	2.77797911417161
33	WGN26	3.33990589141938	0.436533153111124	1103	2.4833767483907	4.19643503444805
34	WGN26	3.42742297849999	0.308605677156412	1103	2.82190251732834	4.03294343967165
35	WGN26	3.8340961855	0.308605677156407	1103	3.22857572432835	4.43961664667165
36	WGN26	3.06875477449998	0.308605677156408	1103	2.46323431332833	3.67427523567163
38	WGN26	3.14078947349999	0.308605677156407	1103	2.53526901232834	3.74630993467163
39	WGN26	3.82241095899998	0.308605677156405	1103	3.21689049782834	4.42793142017162
40	WGN26	2.54638480399997	0.30860567715641	1103	1.94086434282832	3.15190526517163
41	WGN26	2.77999999999999	0.308605677156409	1103	2.17447953882833	3.38552046117164
42	WGN26	3.38718510999999	0.308605677156406	1103	2.78166464882835	3.99270557117164
43	WGN26	3.34272894049999	0.30860567715641	1103	2.73720847932834	3.94824940167164
44	WGN26	4.41416807450002	0.308605677156409	1103	3.80864761332836	5.01968853567167
45	WGN26	3.31699999999999	0.308605677156407	1103	2.71147953882834	3.92252046117164
46	WGN26	3.44126505999999	0.308605677156404	1103	2.83574459882835	4.04678552117163
47	WGN26	2.76792432849999	0.308605677156405	1103	2.16240386732835	3.37344478967163
48	WGN26	3.23977419549999	0.308605677156407	1103	2.63425373432834	3.84529465667164
49	WGN26	3.46481782399999	0.308605677156403	1103	2.85929736282835	4.07033828517163
50	WGN26	2.86235911399998	0.30860567715641	1103	2.25683865282832	3.46787957517163
51	WGN26	3.42072192499998	0.308605677156405	1103	2.81520146382834	4.02624238617163
52	WGN26	4.0114169415	0.30860567715641	1103	3.40589648032835	4.61693740267166
53	WGN26	3.10660714299999	0.308605677156408	1103	2.50108668182834	3.71212760417164
54	WGN26	2.7954708135	0.308605677156404	1103	2.18995035232836	3.40099127467164
55	WGN26	2.83711284399999	0.308605677156407	1103	2.23159238282834	3.44263330517164
56	WGN26	3.631720447	0.308605677156409	1103	3.02619998582834	4.23724090817165
57	WGN26	2.93099391349998	0.308605677156409	1103	2.32547345232833	3.53651437467163
58	WGN26	4.441588903	0.308605677156408	1103	3.83606844182835	5.04710936417165
59	WGN26	3.74107685141936	0.436533153111131	1103	2.88454770839067	4.59760599444805
60	WGN26	3.9242987805	0.308605677156409	1103	3.31877831932835	4.52981924167165
61	WGN26	3.7611930095806	0.436533153111128	1103	2.90466386655192	4.61772215260929
62	WGN26	4.01088911099999	0.308605677156406	1103	3.40536864982834	4.61640957217163
64	WGN26	4.2161430485	0.308605677156409	1103	3.61062258732835	4.82166350967165
65	WGN26	3.29212263941938	0.436533153111126	1103	2.4355934963907	4.14865178244805
66	WGN26	3.09015845049998	0.308605677156405	1103	2.48463798932833	3.69567891167162
67	WGN26	3.50029483999997	0.308605677156406	1103	2.89477437882833	4.10581530117162
68	WGN26	3.76334415599998	0.308605677156408	1103	3.15782369482833	4.36886461717163
69	WGN26	2.67872078649998	0.308605677156408	1103	2.07320032532833	3.28424124767163
70	WGN26	2.81703703699999	0.30860567715641	1103	2.21151657582833	3.42255749817164
71	WGN26	3.05948148149998	0.308605677156408	1103	2.45396102032833	3.66500194267162
72	WGN26	3.09885045099998	0.308605677156405	1103	2.49332998982833	3.70437091217162
73	WGN26	2.55451807249999	0.308605677156408	1103	1.94899761132834	3.16003853367164
74	WGN26	3.0744350315	0.308605677156403	1103	2.46891457032836	3.67995549267164
75	WGN26	3.91907412249999	0.308605677156407	1103	3.31355366132834	4.52459458367163
76	WGN26	2.4662629395806	0.436533153111126	1103	1.60973379655192	3.32279208260928
77	WGN26	3.51253132849998	0.308605677156408	1103	2.90701086732833	4.11805178967163
78	WGN26	2.13550553549998	0.308605677156407	1103	1.52998507432833	2.74102599667163
79	WGN26	3.50896164	0.30860567715641	1103	2.90344117882834	4.11448210117165
80	WGN26	3.2875	0.308605677156404	1103	2.68197953882836	3.89302046117164
81	WGN26	3.18368755899999	0.308605677156404	1103	2.57816709782835	3.78920802017163
82	WGN26	5.16094819999996	0.308605677156409	1103	4.55542773882831	5.76646866117161
83	WGN26	2.56724386699999	0.308605677156405	1103	1.96172340582835	3.17276432817164
85	WGN26	4.09339552249999	0.308605677156407	1103	3.48787506132834	4.69891598367163
86	WGN26	2.21292293249999	0.308605677156408	1103	1.60740247132834	2.81844339367164
87	WGN26	3.657417413	0.308605677156408	1103	3.05189695182835	4.26293787417165
88	WGN26	4.13780831849999	0.308605677156407	1103	3.53228785732835	4.74332877967164
89	WGN26	3.86845238099998	0.308605677156406	1103	3.26293191982834	4.47397284217163
90	WGN26	2.6011646805	0.308605677156406	1103	1.99564421932835	3.20668514167164
91	WGN26	3.09745080899999	0.308605677156405	1103	2.49193034782835	3.70297127017164
92	WGN26	1.3817911715	0.308605677156406	1103	0.77627071032835	1.98731163267164
93	WGN26	4.14608879449999	0.308605677156408	1103	3.54056833332834	4.75160925567164
94	WGN26	3.19	0.308605677156406	1103	2.58447953882835	3.79552046117164
95	WGN26	3.23359173099998	0.308605677156408	1103	2.62807126982833	3.83911219217163
96	WGN26	2.03897523100001	0.308605677156403	1103	1.43345476982837	2.64449569217165
97	WGN26	3.246738514	0.308605677156408	1103	2.64121805282835	3.85225897517164
98	WGN26	2.02682186249998	0.308605677156406	1103	1.42130140132834	2.63234232367163
99	WGN26	3.16111696499999	0.308605677156411	1103	2.55559650382834	3.76663742617165
100	WGN26	4.43055335949998	0.308605677156409	1103	3.82503289832833	5.03607382067163
101	WGN26	2.28634806999998	0.308605677156407	1103	1.68082760882834	2.89186853117163
102	WGN26	3.2519362605	0.308605677156406	1103	2.64641579932836	3.85745672167165
103	WGN26	1.92880053449999	0.308605677156405	1103	1.32328007332835	2.53432099567164
104	WGN26	3.80775949799999	0.308605677156407	1103	3.20223903682834	4.41327995917164
105	WGN26	4.0336132725806	0.436533153111131	1103	3.17708412955191	4.89014241560929
106	WGN26	3.24971399341937	0.43653315311113	1103	2.39318485039068	4.10624313644806
108	WGN26	2.41295815258059	0.43653315311113	1103	1.5564290095519	3.26948729560928
109	WGN26	3.66054766749999	0.308605677156407	1103	3.05502720632835	4.26606812867164
111	WGN26	2.87627437549999	0.308605677156408	1103	2.27075391432834	3.48179483667164
112	WGN26	3.48945958650001	0.308605677156404	1103	2.88393912532837	4.09498004767165
113	WGN26	3.0389097745	0.308605677156406	1103	2.43338931332835	3.64443023567164
114	WGN26	3.59570103941937	0.43653315311113	1103	2.73917189639069	4.45223018244806
115	WGN26	3.97399709299998	0.308605677156404	1103	3.36847663182834	4.57951755417163
116	WGN26	1.20957622041934	0.436533153111127	1103	0.353047077390664	2.06610536344803
117	WGN26	3.30380241149998	0.308605677156407	1103	2.69828195032834	3.90932287267163
118	WGN26	4.00239304849999	0.308605677156406	1103	3.39687258732835	4.60791350967164
119	WGN26	3.30886075949999	0.308605677156409	1103	2.70334029832833	3.91438122067164
120	WGN26	2.65146998349999	0.308605677156406	1103	2.04594952232835	3.25699044467164
121	WGN26	2.86080357149999	0.308605677156406	1103	2.25528311032834	3.46632403267163
122	WGN26	4.036228355	0.308605677156406	1103	3.43070789382835	4.64174881617164
123	WGN26	3.77599469499999	0.308605677156406	1103	3.17047423382834	4.38151515617163
124	WGN26	2.76830839458061	0.436533153111127	1103	1.91177925155193	3.62483753760929
125	WGN26	3.79325900949999	0.308605677156409	1103	3.18773854832834	4.39877947067165
126	WGN26	4.84308049441936	0.436533153111127	1103	3.98655135139068	5.69960963744804
127	WGN26	1.78452868441935	0.436533153111136	1103	0.927999541390649	2.64105782744804
128	WGN26	4.01052963341939	0.43653315311114	1103	3.15400049039068	4.8670587764481
129	WGN26	3.920605581	0.30860567715641	1103	3.31508511982835	4.52612604217166
130	WGN26	3.68009669599996	0.308605677156409	1103	3.07457623482831	4.28561715717161
1	WGN36	3.93527268641916	0.436533153111171	1103	3.0787435433904	4.79180182944793
2	WGN36	2.46229674800007	0.308605677156405	1103	1.85677628682843	3.06781720917171
4	WGN36	3.29999630450007	0.308605677156411	1103	2.69447584332841	3.90551676567172
5	WGN36	2.54093034558074	0.436533153111128	1103	1.68440120255206	3.39745948860942
6	WGN36	2.07509328350007	0.308605677156407	1103	1.46957282232842	2.68061374467172
7	WGN36	3.89030654550006	0.308605677156401	1103	3.28478608432842	4.4958270066717
8	WGN36	3.76624331550007	0.308605677156405	1103	3.16072285432843	4.37176377667171
9	WGN36	2.04464560358059	0.436533153111143	1103	1.18811646055188	2.9011747466093
10	WGN36	3.54341225750008	0.308605677156404	1103	2.93789179632844	4.14893271867172
11	WGN36	3.21958888258068	0.436533153111138	1103	2.36305973955198	4.07611802560938
12	WGN36	4.32731297950005	0.308605677156405	1103	3.7217925183284	4.93283344067169
13	WGN36	3.63111476750006	0.308605677156407	1103	3.02559430632841	4.23663522867171
14	WGN36	2.84346426800003	0.308605677156411	1103	2.23794380682838	3.44898472917169
15	WGN36	3.53873847900007	0.308605677156409	1103	2.93321801782841	4.14425894017172
16	WGN36	2.87879355250008	0.308605677156405	1103	2.27327309132843	3.48431401367172
17	WGN36	3.74526692350008	0.308605677156411	1103	3.13974646232843	4.35078738467174
18	WGN36	2.66095990958068	0.436533153111126	1103	1.804430766552	3.51748905260936
19	WGN36	3.04051948050006	0.308605677156409	1103	2.43499901932841	3.64603994167171
20	WGN36	2.45780690300007	0.308605677156405	1103	1.85228644182843	3.06332736417171
21	WGN36	3.39323851150006	0.308605677156406	1103	2.78771805032842	3.99875897267171
22	WGN36	2.28938176950002	0.308605677156413	1103	1.68386130832836	2.89490223067168
23	WGN36	3.95521446600008	0.308605677156413	1103	3.34969400482842	4.56073492717174
24	WGN36	3.8714026165001	0.308605677156403	1103	3.26588215532846	4.47692307767175
26	WGN36	3.51439873400008	0.308605677156404	1103	2.90887827282844	4.11991919517172
27	WGN36	2.55477208000006	0.308605677156408	1103	1.94925161882841	3.1602925411717
28	WGN36	3.88843193800006	0.308605677156408	1103	3.28291147682841	4.49395239917171
30	WGN36	3.68604126950006	0.308605677156402	1103	3.08052080832843	4.2915617306717
31	WGN36	3.05590008600012	0.308605677156403	1103	2.45037962482848	3.66142054717176
32	WGN36	2.83999444158069	0.436533153111128	1103	1.98346529855201	3.69652358460938
33	WGN36	3.09345922300005	0.308605677156407	1103	2.4879387618284	3.6989796841717
34	WGN36	3.79229830700007	0.308605677156404	1103	3.18677784582843	4.39781876817171
35	WGN36	2.95947079250007	0.308605677156407	1103	2.35395033132842	3.56499125367172
36	WGN36	2.79220588250004	0.308605677156412	1103	2.18668542132838	3.39772634367169
37	WGN36	3.55847731941946	0.436533153111122	1103	2.70194817639079	4.41500646244813
38	WGN36	0.736214077419318	0.436533153111137	1103	-0.120315065609383	1.59274322044802
39	WGN36	3.09322943950003	0.308605677156412	1103	2.48770897832837	3.69874990067169
40	WGN36	3.60174268500006	0.308605677156404	1103	2.99622222382842	4.20726314617171
41	WGN36	2.0803785605	0.308605677156413	1103	1.47485809932834	2.68589902167166
42	WGN36	2.37000000000007	0.308605677156406	1103	1.76447953882842	2.97552046117171
43	WGN36	4.01789730150008	0.308605677156408	1103	3.41237684032843	4.62341776267173
44	WGN36	2.67448174650008	0.308605677156407	1103	2.06896128532843	3.28000220767172
45	WGN36	1.9365384615	0.308605677156412	1103	1.33101800032835	2.54205892267166
46	WGN36	3.39448051950007	0.308605677156407	1103	2.78896005832842	4.00000098067172
47	WGN36	2.72623494900008	0.308605677156408	1103	2.12071448782843	3.33175541017173
48	WGN36	3.61988362750006	0.30860567715641	1103	3.01436316632841	4.22540408867172
49	WGN36	4.03587756650008	0.308605677156411	1103	3.43035710532842	4.64139802767174
51	WGN36	3.19027552000007	0.308605677156407	1103	2.58475505882842	3.79579598117172
52	WGN36	3.40220143100009	0.308605677156404	1103	2.79668096982845	4.00772189217173
53	WGN36	3.26485493250009	0.308605677156404	1103	2.65933447132845	3.87037539367174
54	WGN36	2.48710829500007	0.308605677156408	1103	1.88158783382842	3.09262875617172
55	WGN36	3.72643914450006	0.30860567715641	1103	3.1209186833284	4.33195960567171
56	WGN36	1.89917447550009	0.308605677156406	1103	1.29365401432845	2.50469493667174
57	WGN36	2.99995845450009	0.308605677156404	1103	2.39443799332844	3.60547891567173
58	WGN36	3.60266876850008	0.308605677156405	1103	2.99714830732843	4.20818922967172
59	WGN36	3.07611908150008	0.308605677156404	1103	2.47059862032843	3.68163954267172
60	WGN36	3.99103589200006	0.30860567715641	1103	3.3855154308284	4.59655635317171
62	WGN36	3.60165517250008	0.308605677156405	1103	2.99613471132843	4.20717563367172
64	WGN36	2.96799313350005	0.308605677156411	1103	2.36247267232839	3.5735135946717
65	WGN36	3.90189492350007	0.308605677156406	1103	3.29637446232843	4.50741538467172
66	WGN36	3.67353896100007	0.308605677156406	1103	3.06801849982843	4.27905942217172
68	WGN36	1.83732057400006	0.308605677156407	1103	1.23180011282842	2.44284103517171
69	WGN36	2.52950404658066	0.436533153111132	1103	1.67297490355197	3.38603318960935
70	WGN36	2.10423722600009	0.308605677156406	1103	1.49871676482844	2.70975768717173
71	WGN36	2.76752366200006	0.308605677156408	1103	2.16200320082841	3.37304412317171
72	WGN36	2.25527859200009	0.308605677156405	1103	1.64975813082844	2.86079905317173
74	WGN36	3.33261904800007	0.308605677156406	1103	2.72709858682843	3.93813950917172
75	WGN36	2.87017548358067	0.436533153111132	1103	2.01364634055198	3.72670462660936
76	WGN36	3.27350206600008	0.308605677156406	1103	2.66798160482843	3.87902252717172
77	WGN36	2.74582362050006	0.308605677156407	1103	2.14030315932842	3.35134408167171
78	WGN36	3.52038878841946	0.43653315311113	1103	2.66385964539077	4.37691793144814
79	WGN36	3.27127609150009	0.308605677156408	1103	2.66575563032844	3.87679655267174
80	WGN36	0.957316605419427	0.436533153111131	1103	0.100787462390737	1.81384574844812
81	WGN36	3.52361071550008	0.308605677156405	1103	2.91809025432843	4.12913117667172
82	WGN36	3.18951677450007	0.308605677156407	1103	2.58399631332842	3.79503723567172
83	WGN36	2.16222542050005	0.308605677156408	1103	1.5567049593284	2.7677458816717
84	WGN36	3.68373662800008	0.308605677156405	1103	3.07821616682843	4.28925708917172
85	WGN36	2.68536585350006	0.308605677156408	1103	2.07984539232841	3.29088631467171
86	WGN36	2.0972705695001	0.308605677156405	1103	1.49175010832846	2.70279103067175
87	WGN36	1.89427356500008	0.308605677156406	1103	1.28875310382844	2.49979402617173
88	WGN36	3.67989029550006	0.308605677156408	1103	3.07436983432841	4.28541075667171
89	WGN36	3.39448997600007	0.308605677156408	1103	2.78896951482842	4.00001043717172
90	WGN36	0.891596929500093	0.308605677156405	1103	0.286076468328448	1.49711739067174
92	WGN36	2.72614607600006	0.308605677156408	1103	2.12062561482841	3.33166653717171
93	WGN36	2.30180839458068	0.436533153111131	1103	1.44527925155199	3.15833753760937
94	WGN36	3.44446702800008	0.308605677156407	1103	2.83894656682843	4.04998748917173
95	WGN36	3.08707012750007	0.308605677156408	1103	2.48154966632842	3.69259058867172
96	WGN36	2.97057880350007	0.308605677156407	1103	2.36505834232842	3.57609926467171
97	WGN36	2.66448412700008	0.308605677156404	1103	2.05896366582843	3.27000458817172
98	WGN36	2.83235294100006	0.308605677156408	1103	2.22683247982841	3.43787340217171
99	WGN36	2.76173611100009	0.308605677156407	1103	2.15621564982844	3.36725657217173
100	WGN36	2.45181655750006	0.308605677156408	1103	1.84629609632841	3.05733701867171
102	WGN36	3.39863604941945	0.43653315311113	1103	2.54210690639076	4.25516519244813
104	WGN36	2.39125517650008	0.308605677156405	1103	1.78573471532844	2.99677563767172
105	WGN36	2.88029115358069	0.436533153111127	1103	2.023762010552	3.73682029660937
106	WGN36	3.17115384650007	0.308605677156408	1103	2.56563338532842	3.77667430767172
107	WGN36	0.951879529000054	0.308605677156406	1103	0.346359067828409	1.5573999901717
108	WGN36	1.22398282100009	0.308605677156406	1103	0.618462359828448	1.82950328217174
109	WGN36	3.59024664750007	0.308605677156406	1103	2.98472618632843	4.19576710867172
110	WGN36	3.61275836850007	0.308605677156406	1103	3.00723790732843	4.21827882967172
112	WGN36	1.87002989000007	0.308605677156407	1103	1.26450942882842	2.47555035117171
114	WGN36	2.50795206950007	0.308605677156406	1103	1.90243160832842	3.11347253067172
116	WGN36	1.88704874841945	0.436533153111132	1103	1.03051960539076	2.74357789144814
117	WGN36	4.02330328100007	0.308605677156406	1103	3.41778281982843	4.62882374217172
118	WGN36	3.99707462700007	0.308605677156406	1103	3.39155416582842	4.60259508817172
119	WGN36	3.32045628158069	0.436533153111129	1103	2.463927138552	4.17698542460937
120	WGN36	3.52611354500007	0.308605677156406	1103	2.92059308382843	4.13163400617172
121	WGN36	2.16985425641944	0.436533153111129	1103	1.31332511339075	3.02638339944812
122	WGN36	4.00913057550007	0.308605677156407	1103	3.40361011432842	4.61465103667172
123	WGN36	4.51193379750007	0.308605677156408	1103	3.90641333632842	5.11745425867172
124	WGN36	3.66299863250007	0.308605677156407	1103	3.05747817132843	4.26851909367172
125	WGN36	3.46815443600007	0.308605677156407	1103	2.86263397482842	4.07367489717171
126	WGN36	4.04275126800007	0.308605677156405	1103	3.43723080682842	4.64827172917171
127	WGN36	2.97328767100007	0.308605677156407	1103	2.36776720982842	3.57880813217171
128	WGN36	3.09758280800007	0.308605677156406	1103	2.49206234682843	3.70310326917172
129	WGN36	2.36169590650008	0.308605677156405	1103	1.75617544532843	2.96721636767172
130	WGN36	4.23131794500007	0.308605677156407	1103	3.62579748382842	4.83683840617172
1	WGN38	3.80265093049991	0.308605677156407	1103	3.19713046932826	4.40817139167155
2	WGN38	2.12427937899994	0.308605677156411	1103	1.51875891782828	2.7297998401716
3	WGN38	2.44580839458065	0.436533153111121	1103	1.58927925155198	3.30233753760932
4	WGN38	2.49905263150001	0.308605677156407	1103	1.89353217032837	3.10457309267166
5	WGN38	3.95292207799996	0.308605677156406	1103	3.34740161682831	4.5584425391716
6	WGN38	2.35721583650004	0.308605677156403	1103	1.7516953753284	2.96273629767168
7	WGN38	2.67878751499998	0.308605677156409	1103	2.07326705382833	3.28430797617163
8	WGN38	2.55737032799997	0.308605677156408	1103	1.95184986682832	3.16289078917162
10	WGN38	2.87169866500001	0.308605677156411	1103	2.26617820382836	3.47721912617167
11	WGN38	3.609769231	0.308605677156403	1103	3.00424876982836	4.21528969217164
12	WGN38	2.41839430900001	0.308605677156403	1103	1.81287384782837	3.02391477017165
13	WGN38	3.17251617399996	0.308605677156412	1103	2.5669957128283	3.77803663517162
14	WGN38	2.31945926949998	0.30860567715641	1103	1.71393880832833	2.92497973067163
16	WGN38	2.68738668750002	0.308605677156402	1103	2.08186622632838	3.29290714867166
18	WGN38	2.84649621200003	0.308605677156407	1103	2.24097575082838	3.45201667317167
19	WGN38	1.63483418050003	0.308605677156405	1103	1.02931371932838	2.24035464167167
20	WGN38	4.0351091865	0.308605677156408	1103	3.42958872532835	4.64062964767165
21	WGN38	1.79796806500002	0.308605677156403	1103	1.19244760382838	2.40348852617166
22	WGN38	2.87793103449994	0.308605677156408	1103	2.27241057332829	3.48345149567159
23	WGN38	2.62698431700002	0.308605677156402	1103	2.02146385582839	3.23250477817166
24	WGN38	2.3215444515	0.308605677156407	1103	1.71602399032835	2.92706491267165
26	WGN38	2.59127501550002	0.308605677156404	1103	1.98575455432838	3.19679547667166
27	WGN38	2.44492005349995	0.308605677156411	1103	1.83939959232829	3.0504405146716
28	WGN38	3.72240082049999	0.308605677156412	1103	3.11688035932833	4.32792128167164
29	WGN38	2.9780819705	0.308605677156406	1103	2.37256150932836	3.58360243167165
30	WGN38	1.95935637299997	0.30860567715641	1103	1.35383591182832	2.56487683417162
32	WGN38	3.45551345199998	0.308605677156405	1103	2.84999299082834	4.06103391317163
33	WGN38	4.30551140700001	0.308605677156415	1103	3.69999094582835	4.91103186817168
34	WGN38	3.28588208650002	0.308605677156403	1103	2.68036162532838	3.89140254767166
35	WGN38	1.87779411750003	0.308605677156404	1103	1.27227365632839	2.48331457867167
36	WGN38	2.32176116600003	0.308605677156406	1103	1.71624070482838	2.92728162717167
37	WGN38	2.2729166665	0.308605677156405	1103	1.66739620532836	2.87843712767165
38	WGN38	3.78522659049999	0.308605677156407	1103	3.17970612932834	4.39074705167164
39	WGN38	2.7775802625	0.308605677156406	1103	2.17205980132835	3.38310072367164
40	WGN38	2.80311004750001	0.308605677156403	1103	2.19758958632837	3.40863050867165
41	WGN38	2.957050158	0.308605677156408	1103	2.35152969682835	3.56257061917165
42	WGN38	2.29256164158063	0.436533153111129	1103	1.43603249855194	3.14909078460931
45	WGN38	3.11432773099997	0.308605677156411	1103	2.50880726982831	3.71984819217162
46	WGN38	2.83532243599998	0.308605677156408	1103	2.22980197482833	3.44084289717163
47	WGN38	3.85016393449999	0.308605677156404	1103	3.24464347332835	4.45568439567163
48	WGN38	3.32701048949998	0.308605677156407	1103	2.72149002832833	3.93253095067163
49	WGN38	2.35436363650002	0.308605677156403	1103	1.74884317532838	2.95988409767166
50	WGN38	2.71573275849998	0.308605677156408	1103	2.11021229732833	3.32125321967163
51	WGN38	3.13285870750001	0.308605677156402	1103	2.52733824632837	3.73837916867165
52	WGN38	3.173538961	0.308605677156406	1103	2.56801849982835	3.77905942217164
53	WGN38	2.6780844155	0.308605677156405	1103	2.07256395432835	3.28360487667164
54	WGN38	2.28853727150001	0.308605677156406	1103	1.68301681032836	2.89405773267165
55	WGN38	2.25526785358061	0.436533153111128	1103	1.39873871055193	3.1117969966093
56	WGN38	1.89391655000002	0.308605677156404	1103	1.28839608882838	2.49943701117166
59	WGN38	3.26946640299998	0.308605677156409	1103	2.66394594182833	3.87498686417164
61	WGN38	2.28586372649999	0.308605677156407	1103	1.68034326532834	2.89138418767164
63	WGN38	3.22556179799999	0.308605677156408	1103	2.62004133682834	3.83108225917164
64	WGN38	0.615686746999985	0.308605677156407	1103	0.0101662858283371	1.22120720817163
65	WGN38	2.78276538099997	0.30860567715641	1103	2.17724491982831	3.38828584217162
66	WGN38	3.07447965199997	0.308605677156409	1103	2.46895919082832	3.68000011317163
67	WGN38	3.73124999999999	0.308605677156407	1103	3.12572953882835	4.33677046117164
68	WGN38	2.13762253999998	0.308605677156408	1103	1.53210207882833	2.74314300117163
69	WGN38	1.88823942049999	0.308605677156407	1103	1.28271895932834	2.49375988167164
70	WGN38	2.70363760699999	0.308605677156407	1103	2.09811714582834	3.30915806817164
72	WGN38	4.37256322449998	0.308605677156406	1103	3.76704276332833	4.97808368567162
73	WGN38	4.82566176449998	0.308605677156406	1103	4.22014130332834	5.43118222567163
74	WGN38	2.58173407899995	0.30860567715641	1103	1.9762136178283	3.18725454017161
76	WGN38	3.17604017199998	0.308605677156409	1103	2.57051971082833	3.78156063317163
77	WGN38	4.37528089899998	0.308605677156405	1103	3.76976043782834	4.98080136017162
78	WGN38	4.01664862899998	0.308605677156407	1103	3.41112816782833	4.62216909017163
80	WGN38	2.61501623399999	0.308605677156407	1103	2.00949577282834	3.22053669517164
81	WGN38	2.974338401	0.308605677156405	1103	2.36881793982835	3.57985886217164
82	WGN38	3.65065461899999	0.30860567715641	1103	3.04513415782833	4.25617508017164
83	WGN38	3.40312499999999	0.308605677156407	1103	2.79760453882834	4.00864546117163
84	WGN38	3.41548796799998	0.308605677156408	1103	2.80996750682833	4.02100842917163
85	WGN38	3.04232002258059	0.43653315311113	1103	2.18579087955191	3.89884916560928
86	WGN38	3.52172701199999	0.308605677156406	1103	2.91620655082834	4.12724747317164
87	WGN38	1.88594032549999	0.308605677156407	1103	1.28041986432834	2.49146078667163
88	WGN38	3.56647301349999	0.308605677156407	1103	2.96095255232834	4.17199347467163
89	WGN38	4.09634146349999	0.308605677156408	1103	3.49082100232834	4.70186192467164
90	WGN38	3.53915615649999	0.308605677156407	1103	2.93363569532834	4.14467661767164
91	WGN38	2.42790697649998	0.308605677156408	1103	1.82238651532833	3.03342743767163
92	WGN38	3.15241177449999	0.308605677156407	1103	2.54689131332834	3.75793223567164
93	WGN38	2.83391177799999	0.308605677156407	1103	2.22839131682834	3.43943223917164
94	WGN38	4.35147071699999	0.308605677156407	1103	3.74595025582834	4.95699117817164
95	WGN38	2.42131526799999	0.308605677156407	1103	1.81579480682834	3.02683572917164
96	WGN38	3.03320659949998	0.308605677156408	1103	2.42768613832834	3.63872706067163
97	WGN38	2.61823089699999	0.308605677156407	1103	2.01271043582834	3.22375135817164
98	WGN38	4.32430555549999	0.308605677156407	1103	3.71878509432834	4.92982601667164
99	WGN38	3.11203115399999	0.308605677156407	1103	2.50651069282834	3.71755161517163
100	WGN38	3.14852889049999	0.308605677156406	1103	2.54300842932835	3.75404935167164
101	WGN38	3.70330572299999	0.308605677156408	1103	3.09778526182834	4.30882618417164
102	WGN38	2.80915492949999	0.308605677156406	1103	2.20363446832835	3.41467539067164
103	WGN38	3.68735384449999	0.308605677156406	1103	3.08183338332834	4.29287430567163
104	WGN38	3.61281474499999	0.308605677156407	1103	3.00729428382834	4.21833520617164
106	WGN38	5.02510283849998	0.308605677156407	1103	4.41958237732834	5.63062329967163
107	WGN38	3.79615573399999	0.308605677156407	1103	3.19063527282834	4.40167619517164
108	WGN38	3.33278521649999	0.308605677156407	1103	2.72726475532834	3.93830567767163
109	WGN38	3.60557142849999	0.308605677156406	1103	3.00005096732834	4.21109188967164
110	WGN38	3.16712860299999	0.308605677156408	1103	2.56160814182834	3.77264906417164
111	WGN38	2.52038804549998	0.308605677156408	1103	1.91486758432833	3.12590850667163
113	WGN38	3.65901298699999	0.308605677156407	1103	3.05349252582834	4.26453344817164
114	WGN38	2.97163848599999	0.308605677156407	1103	2.36611802482835	3.57715894717164
115	WGN38	2.40319148949999	0.308605677156407	1103	1.79767102832834	3.00871195067164
1	WGN39	3.40129076549988	0.308605677156401	1103	2.79577030432824	4.00681122667152
2	WGN39	2.04539473699997	0.308605677156406	1103	1.43987427582832	2.65091519817161
3	WGN39	1.75605413099997	0.308605677156406	1103	1.15053366982832	2.36157459217161
4	WGN39	3.19885895999997	0.308605677156414	1103	2.59333849882831	3.80437942117163
5	WGN39	3.05253318099998	0.308605677156407	1103	2.44701271982833	3.65805364217162
6	WGN39	3.12649021849997	0.308605677156405	1103	2.52096975732833	3.73201067967161
7	WGN39	3.9160597825	0.308605677156415	1103	3.31053932132833	4.52158024367166
8	WGN39	3.02587499999995	0.308605677156406	1103	2.42035453882831	3.6313954611716
9	WGN39	2.69999999999999	0.308605677156404	1103	2.09447953882835	3.30552046117163
10	WGN39	0.859581732999941	0.308605677156409	1103	0.254061271828288	1.46510219417159
11	WGN39	2.74724650349997	0.308605677156407	1103	2.14172604232832	3.35276696467162
12	WGN39	3.24074245399995	0.308605677156405	1103	2.63522199282831	3.8462629151716
13	WGN39	1.66544991499999	0.308605677156404	1103	1.05992945382835	2.27097037617164
14	WGN39	0.390986597000021	0.308605677156403	1103	-0.214533864171619	0.996507058171662
15	WGN39	4.31469270149993	0.308605677156402	1103	3.70917224032829	4.92021316267157
16	WGN39	3.92778901249996	0.308605677156409	1103	3.32226855132831	4.53330947367161
17	WGN39	3.37215189849996	0.308605677156409	1103	2.76663143732831	3.97767235967161
18	WGN39	2.80199999999997	0.308605677156408	1103	2.19647953882832	3.40752046117162
19	WGN39	2.96616438349998	0.308605677156403	1103	2.36064392232834	3.57168484467162
20	WGN39	2.78969489449995	0.308605677156412	1103	2.18417443332829	3.3952153556716
21	WGN39	3.06804924249996	0.308605677156405	1103	2.46252878132832	3.67356970367161
22	WGN39	3.80065568649997	0.308605677156406	1103	3.19513522532832	4.40617614767161
24	WGN39	3.14202586199996	0.30860567715641	1103	2.53650540082831	3.74754632317161
25	WGN39	4.03597321649993	0.308605677156399	1103	3.4304527553283	4.64149367767156
26	WGN39	2.92344552558061	0.436533153111125	1103	2.06691638255193	3.77997466860929
27	WGN39	2.520689655	0.308605677156401	1103	1.91516919382837	3.12621011617164
28	WGN39	2.80413105399999	0.308605677156403	1103	2.19861059282835	3.40965151517163
29	WGN39	2.91857284099995	0.308605677156407	1103	2.3130523798283	3.52409330217159
30	WGN39	2.97945886599996	0.308605677156407	1103	2.37393840482832	3.58497932717161
31	WGN39	2.64948148149996	0.308605677156408	1103	2.04396102032831	3.25500194267161
32	WGN39	4.19938232499995	0.308605677156404	1103	3.59386186382831	4.80490278617159
34	WGN39	3.59721038349997	0.308605677156409	1103	2.99168992232832	4.20273084467162
35	WGN39	2.61070030099998	0.308605677156405	1103	2.00517983982833	3.21622076217162
36	WGN39	3.05493348099996	0.308605677156412	1103	2.44941301982831	3.66045394217162
37	WGN39	2.49155844149997	0.308605677156407	1103	1.88603798032832	3.09707890267162
38	WGN39	2.67920223699995	0.308605677156406	1103	2.0736817758283	3.28472269817159
39	WGN39	4.545777027	0.308605677156411	1103	3.94025656582834	5.15129748817165
40	WGN39	3.50321507749998	0.308605677156409	1103	2.89769461632833	4.10873553867163
41	WGN39	2.82404192449995	0.30860567715641	1103	2.21852146332829	3.4295623856716
42	WGN39	2.79023767599997	0.308605677156407	1103	2.18471721482832	3.39575813717162
43	WGN39	3.10514905358057	0.436533153111131	1103	2.24861991055189	3.96167819660926
44	WGN39	2.38409090899999	0.308605677156403	1103	1.77857044782835	2.98961137017163
45	WGN39	2.67778745599998	0.308605677156404	1103	2.07226699482833	3.28330791717162
46	WGN39	2.86017451141936	0.436533153111129	1103	2.00364536839067	3.71670365444804
47	WGN39	3.22156084649997	0.308605677156404	1103	2.61604038532833	3.82708130767161
48	WGN39	1.85186615199996	0.308605677156407	1103	1.24634569082831	2.45738661317161
49	WGN39	3.12347560949997	0.30860567715641	1103	2.51795514832831	3.72899607067162
50	WGN39	3.69791666699996	0.308605677156406	1103	3.09239620582831	4.30343712817161
51	WGN39	2.57696615649996	0.308605677156408	1103	1.97144569532831	3.18248661767161
52	WGN39	3.71630365649997	0.308605677156409	1103	3.11078319532832	4.32182411767162
53	WGN39	3.04491666649996	0.308605677156407	1103	2.43939620532831	3.65043712767161
54	WGN39	2.22933356549996	0.308605677156407	1103	1.62381310432831	2.83485402667161
55	WGN39	3.57769532949996	0.308605677156407	1103	2.97217486832832	4.18321579067161
56	WGN39	4.39851401849996	0.308605677156406	1103	3.79299355732831	5.0040344796716
57	WGN39	3.62270531399997	0.308605677156409	1103	3.01718485282832	4.22822577517162
58	WGN39	4.34559882149995	0.308605677156404	1103	3.74007836032831	4.95111928267159
59	WGN39	2.91695560249997	0.308605677156406	1103	2.31143514132832	3.52247606367161
60	WGN39	2.86435659399998	0.308605677156404	1103	2.25883613282834	3.46987705517162
61	WGN39	2.62020850049997	0.308605677156406	1103	2.01468803932832	3.22572896167161
62	WGN39	2.66244665699996	0.30860567715641	1103	2.0569261958283	3.26796711817161
63	WGN39	3.00460526349996	0.308605677156409	1103	2.39908480232831	3.61012572467161
64	WGN39	3.59171229499996	0.308605677156404	1103	2.98619183382832	4.1972327561716
65	WGN39	3.09648944799996	0.308605677156406	1103	2.49096898682832	3.70200990917161
66	WGN39	2.13148414399995	0.308605677156408	1103	1.5259636828283	2.7370046051716
67	WGN39	3.27556179799996	0.308605677156408	1103	2.67004133682831	3.88108225917161
68	WGN39	2.62279625641935	0.436533153111129	1103	1.76626711339067	3.47932539944804
69	WGN39	4.70395663449995	0.308605677156406	1103	4.09843617332831	5.3094770956716
70	WGN39	2.73294160541935	0.436533153111125	1103	1.87641246239068	3.58947074844803
71	WGN39	2.62283116899997	0.308605677156406	1103	2.01731070782833	3.22835163017162
72	WGN39	2.55221664249998	0.308605677156405	1103	1.94669618132834	3.15773710367162
73	WGN39	3.23839994149996	0.308605677156409	1103	2.63287948032831	3.84392040267161
74	WGN39	3.80411064449996	0.308605677156406	1103	3.19859018332832	4.40963110567161
75	WGN39	2.19136466099995	0.308605677156408	1103	1.5858441998283	2.7968851221716
76	WGN39	3.27691887841935	0.436533153111131	1103	2.42038973539066	4.13344802144804
77	WGN39	1.19648692799999	0.308605677156404	1103	0.590966466828348	1.80200738917163
78	WGN39	3.39389097749996	0.308605677156407	1103	2.78837051632832	3.99941143867161
79	WGN39	4.31874999999997	0.308605677156408	1103	3.71322953882832	4.92427046117162
80	WGN39	1.92083916099996	0.308605677156408	1103	1.31531869982831	2.52635962217161
81	WGN39	1.25742933149991	0.308605677156411	1103	0.651908870328255	1.86294979267157
82	WGN39	3.14032976799996	0.308605677156409	1103	2.53480930682831	3.74585022917162
83	WGN39	3.85538461549996	0.308605677156406	1103	3.24986415432831	4.46090507667161
84	WGN39	2.43825367999996	0.308605677156407	1103	1.83273321882831	3.04377414117161
85	WGN39	2.68633446241935	0.43653315311113	1103	1.82980531939066	3.54286360544803
86	WGN39	2.77259358249996	0.308605677156408	1103	2.16707312132831	3.37811404367161
87	WGN39	2.98623953399996	0.308605677156407	1103	2.38071907282832	3.59175999517161
88	WGN39	1.18856660541938	0.436533153111128	1103	0.332037462390696	2.04509574844806
89	WGN39	3.54157407399996	0.308605677156407	1103	2.93605361282832	4.14709453517161
90	WGN39	2.99020146549996	0.308605677156407	1103	2.38468100432832	3.59572192667161
91	WGN39	0.371600331499982	0.308605677156406	1103	-0.233920129671664	0.977120792671628
92	WGN39	1.08186075949995	0.308605677156408	1103	0.476340298328298	1.6873812206716
93	WGN39	3.59164164149996	0.308605677156406	1103	2.98612118032832	4.19716210267161
94	WGN39	0.815814727999961	0.308605677156407	1103	0.210294266828314	1.42133518917161
95	WGN39	2.99244031849996	0.308605677156406	1103	2.38691985732832	3.59796077967161
96	WGN39	3.47408773249996	0.308605677156407	1103	2.86856727132832	4.07960819367161
97	WGN39	2.79347013249996	0.308605677156407	1103	2.18794967132832	3.39899059367161
98	WGN39	2.55520997099997	0.308605677156406	1103	1.94968950982832	3.16073043217161
99	WGN39	2.73554945049996	0.308605677156408	1103	2.13002898932831	3.34106991167161
100	WGN39	2.84176386999996	0.308605677156407	1103	2.23624340882832	3.44728433117161
101	WGN39	3.15940748449997	0.308605677156406	1103	2.55388702332832	3.76492794567161
102	WGN39	4.21960227249997	0.308605677156407	1103	3.61408181132832	4.82512273367162
104	WGN39	5.05643243249996	0.308605677156406	1103	4.45091197132831	5.66195289367161
105	WGN39	3.73752598799996	0.308605677156407	1103	3.13200552682832	4.34304644917161
106	WGN39	4.14992647049997	0.308605677156407	1103	3.54440600932832	4.75544693167162
107	WGN39	2.22505747149996	0.308605677156407	1103	1.61953701032831	2.83057793267161
108	WGN39	3.36620836249996	0.308605677156407	1103	2.76068790132832	3.97172882367161
109	WGN39	3.47369175599996	0.308605677156407	1103	2.86817129482832	4.07921221717161
110	WGN39	3.17823616599996	0.308605677156407	1103	2.57271570482832	3.78375662717161
111	WGN39	2.76016483549996	0.308605677156407	1103	2.15464437432832	3.36568529667161
112	WGN39	2.83742095749996	0.308605677156407	1103	2.23190049632832	3.44294141867161
113	WGN39	1.83553413899997	0.308605677156407	1103	1.23001367782832	2.44105460017162
114	WGN39	2.72613019899996	0.308605677156407	1103	2.12060973782831	3.33165066017161
115	WGN39	3.43011561599996	0.308605677156407	1103	2.82459515482832	4.03563607717161
116	WGN39	2.34642857149997	0.308605677156407	1103	1.74090811032832	2.95194903267162
117	WGN39	3.93919768649997	0.308605677156407	1103	3.33367722532832	4.54471814767162
118	WGN39	2.35182993899996	0.308605677156407	1103	1.74630947782831	2.95735040017161
120	WGN39	2.53266685099996	0.308605677156407	1103	1.92714638982832	3.13818731217161
121	WGN39	2.24949876649996	0.308605677156407	1103	1.64397830532832	2.85501922767161
122	WGN39	3.39431009999996	0.308605677156407	1103	2.78878963882832	3.99983056117161
123	WGN39	4.03999852799997	0.308605677156407	1103	3.43447806682832	4.64551898917161
124	WGN39	2.83596899199996	0.308605677156407	1103	2.23044853082832	3.44148945317161
125	WGN39	2.59376780599996	0.308605677156407	1103	1.98824734482832	3.19928826717161
126	WGN39	2.45384615399997	0.308605677156407	1103	1.84832569282832	3.05936661517161
127	WGN39	3.17626582299996	0.308605677156407	1103	2.57074536182832	3.78178628417161
128	WGN39	3.43176277549996	0.308605677156407	1103	2.82624231432832	4.03728323667161
129	WGN39	4.18030303049997	0.308605677156407	1103	3.57478256932832	4.78582349167161
130	WGN39	2.61841750849996	0.308605677156407	1103	2.01289704732832	3.22393796967161
1	WGN45	2.395639535	0.308605677156401	1103	1.79011907382837	3.00115999617164
2	WGN45	2.80610773050002	0.308605677156406	1103	2.20058726932838	3.41162819167167
3	WGN45	1.64466779541942	0.436533153111127	1103	0.788138652390737	2.5011969384481
4	WGN45	1.75548802000001	0.308605677156408	1103	1.14996755882836	2.36100848117166
5	WGN45	3.685845911	0.308605677156405	1103	3.08032544982836	4.29136637217165
6	WGN45	2.64874202700003	0.308605677156407	1103	2.04322156582838	3.25426248817167
7	WGN45	3.85572916650003	0.308605677156408	1103	3.25020870532838	4.46124962767167
8	WGN45	3.21155709350001	0.308605677156408	1103	2.60603663232837	3.81707755467166
9	WGN45	2.82960077900002	0.308605677156408	1103	2.22408031782837	3.43512124017167
10	WGN45	3.77135078800003	0.308605677156407	1103	3.16583032682838	4.37687124917168
11	WGN45	3.84612887099999	0.308605677156403	1103	3.24060840982835	4.45164933217163
12	WGN45	2.88264023200002	0.308605677156407	1103	2.27711977082837	3.48816069317167
13	WGN45	3.30395894400004	0.308605677156408	1103	2.69843848282839	3.90947940517169
14	WGN45	2.85401392950004	0.308605677156409	1103	2.24849346832839	3.45953439067169
15	WGN45	2.76693515558063	0.436533153111123	1103	1.91040601255196	3.6234642986093
16	WGN45	2.56591991350004	0.308605677156405	1103	1.9603994523284	3.17144037467168
17	WGN45	3.76129336350004	0.308605677156411	1103	3.15577290232838	4.3668138246717
18	WGN45	2.56771757200003	0.308605677156408	1103	1.96219711082838	3.17323803317167
19	WGN45	3.95443577749997	0.308605677156402	1103	3.34891531632833	4.55995623867161
20	WGN45	2.47069148950002	0.308605677156408	1103	1.86517102832837	3.07621195067167
22	WGN45	3.00296536800003	0.308605677156407	1103	2.39744490682838	3.60848582917167
23	WGN45	4.15273882041942	0.436533153111132	1103	3.29620967739073	5.00926796344811
24	WGN45	3.41334752700006	0.308605677156411	1103	2.8078270658284	4.01886798817171
25	WGN45	3.81326602350004	0.308605677156408	1103	3.20774556232839	4.41878648467168
26	WGN45	2.61683994200002	0.308605677156407	1103	2.01131948082838	3.22236040317167
28	WGN45	4.240268049	0.308605677156406	1103	3.63474758782836	4.84578851017165
29	WGN45	2.30272885450001	0.308605677156404	1103	1.69720839332837	2.90824931567165
31	WGN45	2.93410650500002	0.308605677156407	1103	2.32858604382838	3.53962696617167
32	WGN45	3.21323968400003	0.308605677156408	1103	2.60771922282838	3.81876014517168
33	WGN45	0.336207399500033	0.308605677156405	1103	-0.269313061671611	0.941727860671677
34	WGN45	3.71271295400004	0.308605677156409	1103	3.10719249282839	4.31823341517169
35	WGN45	4.48452141900001	0.308605677156407	1103	3.87900095782836	5.09004188017166
36	WGN45	2.60815191400001	0.308605677156406	1103	2.00263145282837	3.21367237517166
37	WGN45	2.45461476700003	0.308605677156404	1103	1.84909430582839	3.06013522817167
38	WGN45	2.39761363650003	0.308605677156404	1103	1.79209317532839	3.00313409767168
40	WGN45	3.28898758550003	0.308605677156406	1103	2.68346712432838	3.89450804667167
41	WGN45	3.00006809650003	0.308605677156407	1103	2.39454763532839	3.60558855767168
42	WGN45	3.83409090900003	0.308605677156407	1103	3.22857044782838	4.43961137017168
43	WGN45	3.35229569899999	0.308605677156403	1103	2.74677523782835	3.95781616017163
44	WGN45	4.07948717950002	0.308605677156405	1103	3.47396671832837	4.68500764067166
45	WGN45	2.86216253450003	0.308605677156411	1103	2.25664207332837	3.46768299567168
46	WGN45	3.69341032600001	0.308605677156404	1103	3.08788986482837	4.29893078717165
47	WGN45	4.61191008958062	0.436533153111128	1103	3.75538094655193	5.4684392326093
48	WGN45	4.1688586955	0.308605677156404	1103	3.56333823432836	4.77437915667164
49	WGN45	2.51705665000002	0.308605677156405	1103	1.91153618882838	3.12257711117167
50	WGN45	3.74778481000002	0.308605677156407	1103	3.14226434882837	4.35330527117167
52	WGN45	3.44705056200001	0.308605677156405	1103	2.84153010082836	4.05257102317165
53	WGN45	3.45824561400002	0.308605677156406	1103	2.85272515282838	4.06376607517167
54	WGN45	0.733223592000039	0.308605677156405	1103	0.127703130828395	1.33874405317168
55	WGN45	2.07726407550003	0.308605677156405	1103	1.47174361432839	2.68278453667168
56	WGN45	2.94956656350001	0.308605677156406	1103	2.34404610232836	3.55508702467165
57	WGN45	1.58986856500001	0.308605677156407	1103	0.984348103828367	2.19538902617166
58	WGN45	2.97676470600001	0.308605677156408	1103	2.37124424482836	3.58228516717166
59	WGN45	3.65529265250002	0.308605677156406	1103	3.04977219132837	4.26081311367166
60	WGN45	4.0262504294194	0.43653315311113	1103	3.16972128639072	4.88277957244809
61	WGN45	3.14829709750002	0.308605677156408	1103	2.54277663632837	3.75381755867167
62	WGN45	2.92179252200001	0.308605677156406	1103	2.31627206082836	3.52731298317165
64	WGN45	3.38157927000002	0.308605677156408	1103	2.77605880882837	3.98709973117167
65	WGN45	2.50911458350002	0.308605677156407	1103	1.90359412232837	3.11463504467167
66	WGN45	3.67338567750002	0.308605677156407	1103	3.06786521632837	4.27890613867166
68	WGN45	3.53041007900003	0.308605677156408	1103	2.92488961782838	4.13593054017167
69	WGN45	3.28430851050001	0.308605677156406	1103	2.67878804932837	3.88982897167166
70	WGN45	1.8535422544194	0.436533153111132	1103	0.997013111390713	2.71007139744809
71	WGN45	3.12888627650003	0.308605677156407	1103	2.52336581532838	3.73440673767168
72	WGN45	2.60140350850002	0.308605677156406	1103	1.99588304732837	3.20692396967166
73	WGN45	2.90657255741941	0.436533153111131	1103	2.05004341439072	3.76310170044809
74	WGN45	3.40901505900002	0.308605677156407	1103	2.80349459782838	4.01453552017167
75	WGN45	3.34836182650002	0.308605677156406	1103	2.74284136532838	3.95388228767167
76	WGN45	2.42797624050002	0.308605677156406	1103	1.82245577932837	3.03349670167167
77	WGN45	3.63196938341941	0.436533153111132	1103	2.77544024039072	4.4884985264481
78	WGN45	2.86168831200001	0.308605677156405	1103	2.25616785082837	3.46720877317166
80	WGN45	3.31171906900002	0.308605677156406	1103	2.70619860782837	3.91723953017166
81	WGN45	3.54250906300002	0.308605677156406	1103	2.93698860182837	4.14802952417166
82	WGN45	2.83182508350002	0.308605677156407	1103	2.22630462232837	3.43734554467167
84	WGN45	3.43416122000002	0.308605677156407	1103	2.82864075882837	4.03968168117167
85	WGN45	3.05741741141941	0.436533153111132	1103	2.20088826839072	3.9139465544481
86	WGN45	3.00270737300002	0.308605677156407	1103	2.39718691182838	3.60822783417167
87	WGN45	2.85500398700002	0.308605677156405	1103	2.24948352582838	3.46052444817167
88	WGN45	3.29921875000002	0.308605677156407	1103	2.69369828882837	3.90473921117166
89	WGN45	2.59034790850002	0.308605677156407	1103	1.98482744732838	3.19586836967167
90	WGN45	4.11318681300002	0.308605677156406	1103	3.50766635182838	4.71870727417167
92	WGN45	4.15069745050002	0.308605677156406	1103	3.54517698932837	4.75621791167167
93	WGN45	3.52459540500001	0.308605677156406	1103	2.91907494382837	4.13011586617166
94	WGN45	2.25069659450003	0.308605677156408	1103	1.64517613332838	2.85621705567168
95	WGN45	3.38132146500003	0.308605677156408	1103	2.77580100382838	3.98684192617168
96	WGN45	3.60145435050002	0.308605677156407	1103	2.99593388932838	4.20697481167167
98	WGN45	3.54030454600002	0.308605677156406	1103	2.93478408482837	4.14582500717167
99	WGN45	2.89304566458064	0.436533153111131	1103	2.03651652155195	3.74957480760933
100	WGN45	3.44300813000001	0.308605677156406	1103	2.83748766882837	4.04852859117166
101	WGN45	3.38192155600002	0.308605677156407	1103	2.77640109482837	3.98744201717166
102	WGN45	2.26500000000002	0.308605677156406	1103	1.65947953882837	2.87052046117167
103	WGN45	3.2509657994194	0.43653315311113	1103	2.39443665639071	4.10749494244809
104	WGN45	2.30986939200002	0.308605677156407	1103	1.70434893082837	2.91538985317166
105	WGN45	3.13288327550002	0.308605677156407	1103	2.52736281432837	3.73840373667167
106	WGN45	3.83019201350001	0.308605677156406	1103	3.22467155232837	4.43571247467166
107	WGN45	3.54664228200002	0.308605677156406	1103	2.94112182082837	4.15216274317166
108	WGN45	3.20090583550002	0.308605677156406	1103	2.59538537432837	3.80642629667166
109	WGN45	3.17598784200002	0.308605677156407	1103	2.57046738082837	3.78150830317166
110	WGN45	3.48943667150002	0.308605677156407	1103	2.88391621032837	4.09495713267167
111	WGN45	4.12355769250002	0.308605677156407	1103	3.51803723132838	4.72907815367167
112	WGN45	3.44549976900002	0.308605677156407	1103	2.83997930782838	4.05102023017167
113	WGN45	2.3464992974194	0.436533153111129	1103	1.48997015439072	3.20302844044809
114	WGN45	3.11280758700002	0.308605677156407	1103	2.50728712582837	3.71832804817166
115	WGN45	3.24528301900002	0.308605677156406	1103	2.63976255782837	3.85080348017166
116	WGN45	3.60468750000001	0.308605677156406	1103	2.99916703882837	4.21020796117166
117	WGN45	2.57340659300002	0.308605677156406	1103	1.96788613182837	3.17892705417166
118	WGN45	3.99974097858064	0.43653315311113	1103	3.14321183555195	4.85627012160932
119	WGN45	2.80423167500002	0.308605677156406	1103	2.19871121382837	3.40975213617166
120	WGN45	4.65144578300001	0.308605677156406	1103	4.04592532182837	5.25696624417166
121	WGN45	3.81455357150002	0.308605677156406	1103	3.20903311032837	4.42007403267167
122	WGN45	3.74515671200002	0.308605677156407	1103	3.13963625082837	4.35067717317167
123	WGN45	3.69467205550002	0.308605677156407	1103	3.08915159432837	4.30019251667166
124	WGN45	3.30607340650002	0.308605677156407	1103	2.70055294532837	3.91159386767166
126	WGN45	3.10650489250002	0.308605677156407	1103	2.50098443132837	3.71202535367166
127	WGN45	2.55311037900002	0.308605677156407	1103	1.94758991782837	3.15863084017166
128	WGN45	2.55920775950001	0.308605677156406	1103	1.95368729832837	3.16472822067166
129	WGN45	3.56798573950002	0.308605677156407	1103	2.96246527832837	4.17350620067166
130	WGN45	2.70136395058063	0.436533153111131	1103	1.84483480755194	3.55789309360932
1	WGN46	3.24107142899987	0.308605677156417	1103	2.6355509678282	3.84659189017154
2	WGN46	3.18737017049997	0.308605677156409	1103	2.58184970932832	3.79289063167162
3	WGN46	3.25126286799998	0.308605677156408	1103	2.64574240682833	3.85678332917163
4	WGN46	3.39064114399997	0.308605677156403	1103	2.78512068282833	3.99616160517161
6	WGN46	1.80924925458055	0.436533153111134	1103	0.952720111551858	2.66577839760925
7	WGN46	3.52111198549998	0.308605677156403	1103	2.91559152432834	4.12663244667162
8	WGN46	3.87294160541942	0.436533153111132	1103	3.01641246239073	4.72947074844811
9	WGN46	2.60043426299999	0.308605677156403	1103	1.99491380182835	3.20595472417163
10	WGN46	3.70348837199998	0.308605677156404	1103	3.09796791082833	4.30900883317162
11	WGN46	3.57058971899999	0.308605677156405	1103	2.96506925782835	4.17611018017164
12	WGN46	1.96864864850001	0.308605677156403	1103	1.36312818732837	2.57416910967165
13	WGN46	3.33601440599998	0.308605677156407	1103	2.73049394482834	3.94153486717163
14	WGN46	2.19938725449998	0.30860567715641	1103	1.59386679332833	2.80490771567163
15	WGN46	3.13284412949998	0.308605677156407	1103	2.52732366832833	3.73836459067162
16	WGN46	3.07635309299998	0.308605677156404	1103	2.47083263182834	3.68187355417162
17	WGN46	3.49987270299997	0.3086056771564	1103	2.89435224182834	4.10539316417161
18	WGN46	3.71089983	0.30860567715641	1103	3.10537936882834	4.31642029117165
19	WGN46	2.91813446999998	0.308605677156407	1103	2.31261400882833	3.52365493117163
20	WGN46	4.80233013358057	0.436533153111124	1103	3.9458009905519	5.65885927660925
21	WGN46	3.28620741541937	0.436533153111129	1103	2.42967827239068	4.14273655844805
22	WGN46	2.90817394249999	0.308605677156406	1103	2.30265348132835	3.51369440367164
23	WGN46	2.65712225249998	0.308605677156408	1103	2.05160179132833	3.26264271367163
24	WGN46	3.19294665249999	0.308605677156411	1103	2.58742619132834	3.79846711367165
25	WGN46	3.06433811799998	0.30860567715641	1103	2.45881765682833	3.66985857917164
26	WGN46	3.11193334599998	0.308605677156409	1103	2.50641288482833	3.71745380717163
27	WGN46	2.15254996758061	0.436533153111128	1103	1.29602082455193	3.00907911060929
28	WGN46	2.10926146499996	0.308605677156409	1103	1.50374100382831	2.71478192617162
29	WGN46	3.31505862249998	0.308605677156403	1103	2.70953816132834	3.92057908367162
30	WGN46	3.69228121149999	0.308605677156407	1103	3.08676075032834	4.29780167267164
31	WGN46	4.15893895349998	0.308605677156405	1103	3.55341849232834	4.76445941467163
32	WGN46	5.18279569899997	0.308605677156405	1103	4.57727523782833	5.78831616017162
33	WGN46	3.61076565799998	0.308605677156407	1103	3.00524519682834	4.21628611917163
34	WGN46	3.28182655049999	0.308605677156408	1103	2.67630608932834	3.88734701167164
36	WGN46	3.857209738	0.308605677156409	1103	3.25168927682834	4.46273019917165
37	WGN46	4.19073134349999	0.308605677156407	1103	3.58521088232834	4.79625180467164
38	WGN46	3.37040140899999	0.308605677156406	1103	2.76488094782834	3.97592187017163
39	WGN46	1.450645308	0.308605677156405	1103	0.845124846828361	2.05616576917165
40	WGN46	3.17222319599998	0.308605677156407	1103	2.56670273482833	3.77774365717163
41	WGN46	3.44821175999998	0.308605677156405	1103	2.84269129882834	4.05373222117163
42	WGN46	1.96955521050001	0.308605677156404	1103	1.36403474932837	2.57507567167165
43	WGN46	4.06756592299998	0.308605677156406	1103	3.46204546182834	4.67308638417163
44	WGN46	3.34130617649998	0.308605677156408	1103	2.73578571532834	3.94682663767163
45	WGN46	1.85077330049998	0.308605677156407	1103	1.24525283932833	2.45629376167162
46	WGN46	4.31984405449997	0.308605677156404	1103	3.71432359332833	4.92536451567161
47	WGN46	2.54458189049999	0.308605677156406	1103	1.93906142932834	3.15010235167163
48	WGN46	4.06101494899999	0.308605677156408	1103	3.45549448782833	4.66653541017164
49	WGN46	3.97963362049999	0.308605677156408	1103	3.37411315932834	4.58515408167164
50	WGN46	3.69547889599999	0.308605677156408	1103	3.08995843482834	4.30099935717164
52	WGN46	1.951134735	0.308605677156405	1103	1.34561427382835	2.55665519617164
53	WGN46	3.97653143999998	0.308605677156405	1103	3.37101097882834	4.58205190117162
54	WGN46	2.77470355749998	0.308605677156407	1103	2.16918309632834	3.38022401867163
55	WGN46	4.73705839458058	0.436533153111125	1103	3.88052925155191	5.59358753760926
56	WGN46	3.01114058349998	0.308605677156406	1103	2.40562012232833	3.61666104467163
57	WGN46	2.82256097549999	0.308605677156407	1103	2.21704051432834	3.42808143667164
58	WGN46	3.00865976149999	0.308605677156407	1103	2.40313930032834	3.61418022267164
59	WGN46	3.15389087649998	0.308605677156406	1103	2.54837041532834	3.75941133767163
60	WGN46	3.42436342599999	0.308605677156405	1103	2.81884296482834	4.02988388717163
61	WGN46	4.33965517249999	0.308605677156407	1103	3.73413471132834	4.94517563367164
62	WGN46	3.54949688849998	0.308605677156403	1103	2.94397642732834	4.15501734967162
63	WGN46	3.93534271749999	0.308605677156407	1103	3.32982225632834	4.54086317867164
64	WGN46	2.37949281041937	0.436533153111128	1103	1.52296366739069	3.23602195344805
65	WGN46	4.18643562999998	0.308605677156405	1103	3.58091516882833	4.79195609117162
66	WGN46	2.15099999999999	0.308605677156406	1103	1.54547953882834	2.75652046117164
67	WGN46	2.73324460599999	0.308605677156405	1103	2.12772414482835	3.33876506717163
68	WGN46	2.94710845549999	0.308605677156407	1103	2.34158799432834	3.55262891667164
69	WGN46	3.25081168849999	0.308605677156405	1103	2.64529122732834	3.85633214967163
70	WGN46	4.22052772799999	0.308605677156407	1103	3.61500726682834	4.82604818917164
71	WGN46	4.19218650499999	0.308605677156407	1103	3.58666604382834	4.79770696617164
72	WGN46	3.35017057449999	0.308605677156407	1103	2.74465011332834	3.95569103567163
73	WGN46	4.05450513549998	0.308605677156406	1103	3.44898467432834	4.66002559667163
74	WGN46	4.22233859399998	0.308605677156406	1103	3.61681813282834	4.82785905517163
75	WGN46	3.51744173349998	0.308605677156406	1103	2.91192127232834	4.12296219467163
76	WGN46	4.10021830049999	0.308605677156407	1103	3.49469783932834	4.70573876167164
78	WGN46	3.01411819899999	0.308605677156406	1103	2.40859773782834	3.61963866017163
79	WGN46	4.15407178999999	0.308605677156407	1103	3.54855132882834	4.75959225117164
80	WGN46	3.19999999999999	0.308605677156406	1103	2.59447953882834	3.80552046117163
81	WGN46	3.902575802	0.308605677156408	1103	3.29705534082835	4.50809626317164
82	WGN46	2.0740692645806	0.43653315311113	1103	1.21754012155191	2.93059840760929
83	WGN46	3.75883985199999	0.308605677156408	1103	3.15331939082834	4.36436031317164
84	WGN46	2.54673648799999	0.308605677156406	1103	1.94121602682834	3.15225694917163
85	WGN46	3.57784473599998	0.308605677156407	1103	2.97232427482834	4.18336519717163
86	WGN46	4.49554349799998	0.308605677156406	1103	3.89002303682834	5.10106395917163
87	WGN46	3.92523056649999	0.308605677156407	1103	3.31971010532834	4.53075102767163
88	WGN46	3.44677835049999	0.308605677156407	1103	2.84125788932834	4.05229881167163
89	WGN46	3.55185185199999	0.308605677156406	1103	2.94633139082834	4.15737231317163
90	WGN46	2.65937499999998	0.308605677156407	1103	2.05385453882833	3.26489546117163
91	WGN46	2.94242424249998	0.308605677156407	1103	2.33690378132833	3.54794470367163
92	WGN46	3.67495662249998	0.308605677156406	1103	3.06943616132834	4.28047708367163
93	WGN46	3.70791139249998	0.308605677156406	1103	3.10239093132833	4.31343185367163
94	WGN46	3.70408512699999	0.308605677156406	1103	3.09856466582834	4.30960558817163
95	WGN46	4.15689560449999	0.308605677156406	1103	3.55137514332834	4.76241606567163
96	WGN46	2.94149414949998	0.308605677156408	1103	2.33597368832833	3.54701461067163
98	WGN46	3.76286331149998	0.308605677156406	1103	3.15734285032834	4.36838377267163
100	WGN46	3.61689001841937	0.43653315311113	1103	2.76036087539069	4.47341916144806
101	WGN46	3.68653051499999	0.308605677156406	1103	3.08101005382834	4.29205097617163
102	WGN46	4.10443376049998	0.308605677156406	1103	3.49891329932834	4.70995422167163
103	WGN46	3.84697580649998	0.308605677156407	1103	3.24145534532834	4.45249626767163
104	WGN46	4.26619978849999	0.308605677156407	1103	3.66067932732834	4.87172024967163
106	WGN46	3.23045212749999	0.308605677156406	1103	2.62493166632834	3.83597258867163
107	WGN46	2.45364265349999	0.308605677156407	1103	1.84812219232834	3.05916311467163
108	WGN46	4.12889919099998	0.308605677156406	1103	3.52337872982834	4.73441965217163
109	WGN46	3.18227319599998	0.308605677156407	1103	2.57675273482834	3.78779365717163
110	WGN46	3.47803030299998	0.308605677156407	1103	2.87250984182834	4.08355076417163
111	WGN46	2.99520833349998	0.308605677156407	1103	2.38968787232834	3.60072879467163
112	WGN46	3.67253458249998	0.308605677156406	1103	3.06701412132834	4.27805504367163
113	WGN46	3.09831579299999	0.308605677156406	1103	2.49279533182834	3.70383625417163
114	WGN46	3.14502161149999	0.308605677156406	1103	2.53950115032834	3.75054207267163
115	WGN46	3.04599853599998	0.308605677156407	1103	2.44047807482834	3.65151899717163
116	WGN46	3.52462352449999	0.308605677156406	1103	2.91910306332834	4.13014398567163
117	WGN46	3.26818181799998	0.308605677156407	1103	2.66266135682834	3.87370227917163
118	WGN46	3.51818337899998	0.308605677156406	1103	2.91266291782834	4.12370384017163
119	WGN46	3.62063836899999	0.308605677156406	1103	3.01511790782834	4.22615883017163
120	WGN46	3.91281074549998	0.308605677156407	1103	3.30729028432834	4.51833120667163
121	WGN46	2.85282051249999	0.308605677156407	1103	2.24730005132834	3.45834097367163
122	WGN46	2.88767660899998	0.308605677156406	1103	2.28215614782834	3.49319707017163
123	WGN46	3.68308950099998	0.308605677156407	1103	3.07756903982834	4.28860996217163
124	WGN46	2.19964936899999	0.308605677156406	1103	1.59412890782834	2.80516983017163
125	WGN46	3.19051204849999	0.308605677156407	1103	2.58499158732834	3.79603250967163
126	WGN46	3.32760057999999	0.308605677156407	1103	2.72208011882834	3.93312104117163
127	WGN46	3.98710631999999	0.308605677156406	1103	3.38158585882834	4.59262678117163
128	WGN46	4.51183644149999	0.308605677156406	1103	3.90631598032834	5.11735690267163
129	WGN46	3.69024822699999	0.308605677156406	1103	3.08472776582834	4.29576868817163
130	WGN46	3.29069841249998	0.308605677156406	1103	2.68517795132834	3.89621887367163
1	WGN55	3.20934065899999	0.308605677156405	1103	2.60382019782835	3.81486112017164
2	WGN55	2.836244097	0.308605677156409	1103	2.23072363582835	3.44176455817165
3	WGN55	2.99882647500001	0.308605677156405	1103	2.39330601382837	3.60434693617165
4	WGN55	3.757571353	0.308605677156404	1103	3.15205089182836	4.36309181417164
5	WGN55	3.2723616325	0.308605677156402	1103	2.66684117132837	3.87788209367164
6	WGN55	3.5614507105	0.308605677156404	1103	2.95593024932836	4.16697117167164
7	WGN55	3.30736493800001	0.308605677156411	1103	2.70184447682836	3.91288539917167
8	WGN55	4.20008720949999	0.308605677156407	1103	3.59456674832835	4.80560767067164
9	WGN55	3.0784870425	0.308605677156408	1103	2.47296658132835	3.68400750367165
10	WGN55	3.91896551749999	0.308605677156404	1103	3.31344505632835	4.52448597867164
11	WGN55	2.4018518515	0.308605677156404	1103	1.79633139032836	3.00737231267164
12	WGN55	1.91402279799999	0.308605677156408	1103	1.30850233682834	2.51954325917164
13	WGN55	2.53215966649999	0.308605677156407	1103	1.92663920532835	3.13768012767164
14	WGN55	2.839790137	0.308605677156406	1103	2.23426967582835	3.44531059817164
15	WGN55	4.12203065149999	0.308605677156404	1103	3.51651019032835	4.72755111267163
16	WGN55	3.94564319250001	0.308605677156407	1103	3.34012273132836	4.55116365367166
17	WGN55	2.820967742	0.308605677156408	1103	2.21544728082835	3.42648820317165
18	WGN55	2.504318182	0.308605677156405	1103	1.89879772082835	3.10983864317164
19	WGN55	3.135721154	0.308605677156409	1103	2.53020069282835	3.74124161517165
20	WGN55	4.18403701549996	0.308605677156404	1103	3.57851655432831	4.7895574766716
21	WGN55	2.73051658150001	0.308605677156407	1103	2.12499612032836	3.33603704267166
22	WGN55	3.5413707345	0.308605677156404	1103	2.93585027332836	4.14689119567164
23	WGN55	3.26744868	0.308605677156407	1103	2.66192821882835	3.87296914117165
24	WGN55	2.02497326200001	0.308605677156408	1103	1.41945280082836	2.63049372317166
25	WGN55	1.81376237600002	0.308605677156405	1103	1.20824191482837	2.41928283717166
26	WGN55	3.45814814800001	0.308605677156409	1103	2.85262768682836	4.06366860917167
27	WGN55	3.5434235975	0.308605677156406	1103	2.93790313632836	4.14894405867165
28	WGN55	2.63895622900001	0.308605677156403	1103	2.03343576782837	3.24447669017165
29	WGN55	3.02380952350001	0.308605677156407	1103	2.41828906232836	3.62932998467166
30	WGN55	4.136111111	0.308605677156408	1103	3.53059064982835	4.74163157217165
31	WGN55	2.7005550415	0.308605677156408	1103	2.09503458032835	3.30607550267165
32	WGN55	2.58583849099999	0.308605677156408	1103	1.98031802982834	3.19135895217164
33	WGN55	3.3433709675	0.308605677156404	1103	2.73785050632836	3.94889142867164
34	WGN55	3.02215384600001	0.308605677156408	1103	2.41663338482836	3.62767430717166
35	WGN55	3.45481386350001	0.308605677156408	1103	2.84929340232836	4.06033432467166
36	WGN55	2.6254545455	0.308605677156408	1103	2.01993408432835	3.23097500667165
37	WGN55	3.10730761100001	0.308605677156406	1103	2.50178714982836	3.71282807217165
38	WGN55	1.72992684999997	0.308605677156408	1103	1.12440638882833	2.33544731117162
40	WGN55	2.44622744100001	0.308605677156405	1103	1.84070697982836	3.05174790217165
41	WGN55	3.499665072	0.308605677156408	1103	2.89414461082835	4.10518553317165
42	WGN55	3.50098901100001	0.308605677156408	1103	2.89546854982835	4.10650947217166
43	WGN55	3.240477835	0.308605677156405	1103	2.63495737382836	3.84599829617165
44	WGN55	3.7849667775	0.308605677156407	1103	3.17944631632835	4.39048723867164
45	WGN55	2.9667290885	0.308605677156405	1103	2.36120862732836	3.57224954967165
46	WGN55	2.20334264158061	0.436533153111131	1103	1.34681349855192	3.05987178460929
47	WGN55	2.968364083	0.308605677156404	1103	2.36284362182836	3.57388454417164
48	WGN55	2.9293473515	0.308605677156406	1103	2.32382689032836	3.53486781267165
49	WGN55	4.40202779350001	0.308605677156407	1103	3.79650733232836	5.00754825467166
50	WGN55	4.43727390149999	0.308605677156405	1103	3.83175344032835	5.04279436267164
52	WGN55	3.4601823705	0.308605677156406	1103	2.85466190932836	4.06570283167165
53	WGN55	3.375079365	0.308605677156405	1103	2.76955890382836	3.98059982617164
54	WGN55	3.507063008	0.308605677156405	1103	2.90154254682836	4.11258346917164
55	WGN55	3.55877268800001	0.308605677156408	1103	2.95325222682836	4.16429314917166
56	WGN55	4.37317994499999	0.308605677156405	1103	3.76765948382835	4.97870040617163
57	WGN55	3.09704874841939	0.436533153111131	1103	2.2405196053907	3.95357789144807
58	WGN55	3.512998766	0.308605677156407	1103	2.90747830482836	4.11851922717165
59	WGN55	3.0464516965	0.308605677156408	1103	2.44093123532835	3.65197215767165
60	WGN55	2.74039308900002	0.308605677156404	1103	2.13487262782838	3.34591355017166
61	WGN55	2.6179108485	0.308605677156405	1103	2.01239038732836	3.22343130967165
62	WGN55	3.72738748141938	0.436533153111127	1103	2.8708583383907	4.58391662444806
63	WGN55	3.1944124425	0.308605677156405	1103	2.58889198132836	3.79993290367165
64	WGN55	4.40185004849999	0.308605677156406	1103	3.79632958732835	5.00737050967164
65	WGN55	2.634044508	0.308605677156407	1103	2.02852404682835	3.23956496917165
66	WGN55	2.19791666700002	0.308605677156405	1103	1.59239620582838	2.80343712817166
67	WGN55	3.71639662958062	0.43653315311113	1103	2.85986748655193	4.5729257726093
68	WGN55	1.54571523500002	0.308605677156404	1103	0.940194773828374	2.15123569617166
69	WGN55	3.1097286525	0.308605677156409	1103	2.50420819132834	3.71524911367165
70	WGN55	3.2600434205	0.308605677156406	1103	2.65452295932836	3.86556388167165
71	WGN55	3.4874183605	0.308605677156405	1103	2.88189789932836	4.09293882167165
72	WGN55	3.541202758	0.308605677156407	1103	2.93568229682836	4.14672321917165
73	WGN55	3.02680878549999	0.308605677156408	1103	2.42128832432834	3.63232924667164
74	WGN55	2.9143447815	0.308605677156407	1103	2.30882432032835	3.51986524267165
75	WGN55	2.9278730705	0.308605677156406	1103	2.32235260932835	3.53339353167165
76	WGN55	2.45359620700001	0.308605677156405	1103	1.84807574582837	3.05911666817166
77	WGN55	3.72358617258061	0.436533153111127	1103	2.86705702955193	4.58011531560929
78	WGN55	2.27266392149999	0.308605677156408	1103	1.66714346032835	2.87818438267164
80	WGN55	3.3521084335	0.308605677156408	1103	2.74658797232835	3.95762889467165
81	WGN55	2.9545954045	0.308605677156408	1103	2.34907494332835	3.56011586567165
82	WGN55	2.972757887	0.308605677156407	1103	2.36723742582835	3.57827834817165
83	WGN55	3.0553446555	0.308605677156406	1103	2.44982419432836	3.66086511667165
84	WGN55	2.31942857149999	0.308605677156408	1103	1.71390811032834	2.92494903267164
85	WGN55	2.9727860505	0.308605677156405	1103	2.36726558932836	3.57830651167165
86	WGN55	2.13016866850001	0.308605677156406	1103	1.52464820732836	2.73568912967166
87	WGN55	2.54838709650001	0.308605677156405	1103	1.94286663532836	3.15390755767165
88	WGN55	3.5647865855	0.308605677156405	1103	2.95926612432836	4.17030704667164
89	WGN55	4.2572566755	0.308605677156406	1103	3.65173621432836	4.86277713667165
90	WGN55	2.97597173950001	0.308605677156405	1103	2.37045127832836	3.58149220067165
91	WGN55	3.745143571	0.308605677156407	1103	3.13962310982836	4.35066403217165
92	WGN55	2.857741992	0.308605677156405	1103	2.25222153082836	3.46326245317165
93	WGN55	3.604643711	0.308605677156407	1103	2.99912324982836	4.21016417217165
94	WGN55	3.49484657749999	0.308605677156406	1103	2.88932611632835	4.10036703867164
95	WGN55	2.771187048	0.308605677156406	1103	2.16566658682836	3.37670750917165
96	WGN55	3.37790656850001	0.308605677156406	1103	2.77238610732836	3.98342702967165
97	WGN55	2.843806415	0.308605677156406	1103	2.23828595382835	3.44932687617165
98	WGN55	4.16982787	0.308605677156406	1103	3.56430740882835	4.77534833117164
99	WGN55	3.43571428550001	0.308605677156407	1103	2.83019382432837	4.04123474667166
100	WGN55	2.4844827585	0.308605677156406	1103	1.87896229732836	3.09000321967165
101	WGN55	3.5670588235	0.308605677156405	1103	2.96153836232836	4.17257928467165
102	WGN55	3.4110914245	0.308605677156406	1103	2.80557096332836	4.01661188567165
103	WGN55	3.062315271	0.308605677156406	1103	2.45679480982836	3.66783573217165
104	WGN55	2.51428665558062	0.43653315311113	1103	1.65775751255193	3.3708157986093
105	WGN55	3.330532972	0.308605677156406	1103	2.72501251082836	3.93605343317165
106	WGN55	3.1721139975	0.308605677156406	1103	2.56659353632836	3.77763445867165
107	WGN55	3.429385965	0.308605677156406	1103	2.82386550382836	4.03490642617165
108	WGN55	3.96714689	0.308605677156406	1103	3.36162642882836	4.57266735117165
109	WGN55	3.6470659015	0.308605677156406	1103	3.04154544032835	4.25258636267165
110	WGN55	3.7229966235	0.308605677156406	1103	3.11747616232835	4.32851708467165
111	WGN55	3.349889513	0.308605677156406	1103	2.74436905182836	3.95540997417165
112	WGN55	2.6579109065	0.308605677156406	1103	2.05239044532836	3.26343136767165
113	WGN55	2.9784579665	0.308605677156406	1103	2.37293750532836	3.58397842767165
114	WGN55	2.7745194505	0.308605677156406	1103	2.16899898932836	3.38003991167165
115	WGN55	3.1210105115	0.308605677156406	1103	2.51549005032836	3.72653097267165
116	WGN55	2.564307229	0.308605677156406	1103	1.95878676782836	3.16982769017165
117	WGN55	2.356222944	0.308605677156406	1103	1.75070248282836	2.96174340517165
118	WGN55	3.693650794	0.308605677156406	1103	3.08813033282835	4.29917125517165
119	WGN55	3.7839089485	0.308605677156406	1103	3.17838848732835	4.38942940967165
120	WGN55	2.95738734158061	0.43653315311113	1103	2.10085819855193	3.8139164846093
121	WGN55	3.405846774	0.308605677156406	1103	2.80032631282836	4.01136723517165
122	WGN55	3.1364706595	0.308605677156406	1103	2.53095019832836	3.74199112067165
123	WGN55	3.4411564175	0.308605677156406	1103	2.83563595632836	4.04667687867165
124	WGN55	2.874175824	0.308605677156406	1103	2.26865536282836	3.47969628517165
125	WGN55	2.732611139	0.308605677156406	1103	2.12709067782836	3.33813160017165
126	WGN55	3.612624585	0.308605677156406	1103	3.00710412382835	4.21814504617165
128	WGN55	3.040742342	0.308605677156406	1103	2.43522188082836	3.64626280317165
129	WGN55	4.2700150455	0.308605677156406	1103	3.66449458432836	4.87553550667165
130	WGN55	3.0497826085	0.308605677156406	1103	2.44426214732836	3.65530306967165
1	WGN63	3.7953837820001	0.308605677156415	1103	3.18986332082844	4.40090424317177
2	WGN63	2.15449538200008	0.308605677156404	1103	1.54897492082844	2.76001584317173
3	WGN63	2.23328871050003	0.308605677156407	1103	1.62776824932839	2.83880917167168
4	WGN63	2.75234962400004	0.308605677156406	1103	2.14682916282839	3.35787008517169
5	WGN63	2.90795454550005	0.308605677156408	1103	2.3024340843284	3.5134750066717
6	WGN63	2.81466627050003	0.308605677156407	1103	2.20914580932838	3.42018673167168
7	WGN63	2.95347042000006	0.308605677156408	1103	2.34794995882842	3.55899088117171
8	WGN63	3.72573170750004	0.308605677156407	1103	3.12021124632839	4.33125216867169
9	WGN63	3.53085053100006	0.308605677156406	1103	2.92533006982842	4.13637099217171
10	WGN63	2.39336356900005	0.308605677156406	1103	1.7878431078284	2.99888403017169
12	WGN63	1.47312620900002	0.308605677156408	1103	0.867605747828369	2.07864667017167
13	WGN63	3.54557641300005	0.308605677156408	1103	2.9400559518284	4.1510968741717
14	WGN63	2.47841709058063	0.436533153111132	1103	1.62188794755194	3.33494623360932
16	WGN63	2.71798353900002	0.30860567715641	1103	2.11246307782836	3.32350400017167
17	WGN63	2.39363038250005	0.308605677156405	1103	1.78810992132841	2.9991508436717
18	WGN63	3.58592592600002	0.308605677156408	1103	2.98040546482837	4.19144638717167
19	WGN63	2.66759683100004	0.308605677156407	1103	2.06207636982839	3.27311729217169
20	WGN63	3.38036500100004	0.308605677156404	1103	2.7748445398284	3.98588546217168
21	WGN63	2.94584415600005	0.308605677156406	1103	2.3403236948284	3.5513646171717
22	WGN63	3.74935177200004	0.308605677156407	1103	3.14383131082839	4.35487223317169
23	WGN63	2.37039295350001	0.308605677156409	1103	1.76487249232836	2.97591341467166
24	WGN63	3.11573647850006	0.308605677156404	1103	2.51021601732841	3.7212569396717
25	WGN63	2.01638673550001	0.30860567715641	1103	1.41086627432836	2.62190719667166
26	WGN63	2.49982517500007	0.308605677156404	1103	1.89430471382843	3.10534563617172
27	WGN63	3.23345845850003	0.308605677156408	1103	2.62793799732838	3.83897891967168
28	WGN63	2.85676088600004	0.308605677156406	1103	2.2512404248284	3.46228134717169
29	WGN63	2.94391422550004	0.308605677156406	1103	2.3383937643284	3.54943468667169
30	WGN63	3.43735944300004	0.308605677156408	1103	2.8318389818284	4.04287990417169
31	WGN63	2.26538368350001	0.308605677156409	1103	1.65986322232836	2.87090414467167
32	WGN63	2.53687607600002	0.308605677156409	1103	1.93135561482837	3.14239653717167
33	WGN63	2.24294535350004	0.308605677156407	1103	1.63742489232839	2.84846581467169
34	WGN63	3.07538651800006	0.308605677156404	1103	2.46986605682842	3.6809069791717
35	WGN63	2.48150252550005	0.308605677156405	1103	1.8759820643284	3.08702298667169
36	WGN63	2.93963659150005	0.308605677156407	1103	2.3341161303284	3.54515705267169
37	WGN63	3.27065657000005	0.308605677156405	1103	2.6651361088284	3.87617703117169
38	WGN63	1.60180839458067	0.436533153111129	1103	0.74527925155199	2.45833753760936
39	WGN63	2.45292301958066	0.436533153111129	1103	1.59639387655197	3.30945216260934
40	WGN63	1.20045526800004	0.308605677156407	1103	0.594934806828391	1.80597572917168
41	WGN63	2.76963470350005	0.308605677156406	1103	2.16411424232841	3.3751551646717
42	WGN63	4.09385031100004	0.308605677156406	1103	3.4883298498284	4.69937077217169
43	WGN63	3.37440476200004	0.308605677156405	1103	2.7688843008284	3.97992522317169
44	WGN63	2.99992604158065	0.436533153111131	1103	2.14339689855196	3.85645518460934
45	WGN63	3.09887482400004	0.308605677156406	1103	2.49335436282839	3.70439528517169
46	WGN63	2.12385986100004	0.308605677156407	1103	1.51833939982839	2.72938032217169
47	WGN63	2.20806451600004	0.308605677156407	1103	1.60254405482839	2.81358497717168
48	WGN63	3.13696903250005	0.308605677156407	1103	2.5314485713284	3.74248949367169
49	WGN63	3.81094004050004	0.308605677156408	1103	3.20541957932839	4.41646050167169
50	WGN63	2.10599250950003	0.308605677156408	1103	1.50047204832838	2.71151297067168
51	WGN63	2.35454215100005	0.308605677156407	1103	1.74902168982841	2.9600626121717
52	WGN63	2.19821900450006	0.308605677156406	1103	1.59269854332841	2.8037394656717
53	WGN63	3.24242160250004	0.308605677156408	1103	2.63690114132839	3.84794206367169
54	WGN63	3.01887116950005	0.308605677156407	1103	2.4133507083284	3.62439163067169
55	WGN63	2.73529411750005	0.308605677156406	1103	2.1297736563284	3.34081457867169
56	WGN63	2.46590879000003	0.308605677156407	1103	1.86038832882838	3.07142925117168
57	WGN63	2.53173616650005	0.308605677156406	1103	1.9262157053284	3.13725662767169
58	WGN63	2.76802608300005	0.308605677156406	1103	2.1625056218284	3.37354654417169
59	WGN63	2.60433865350003	0.308605677156408	1103	1.99881819232838	3.20985911467168
60	WGN63	3.17492967650003	0.308605677156407	1103	2.56940921532838	3.78045013767168
61	WGN63	2.41132812500004	0.308605677156407	1103	1.8058076638284	3.01684858617169
62	WGN63	3.61344299450004	0.308605677156407	1103	3.00792253332839	4.21896345567169
63	WGN63	3.75678900841943	0.43653315311113	1103	2.90025986539074	4.61331815144811
64	WGN63	3.66408088250004	0.308605677156407	1103	3.05856042132839	4.26960134367169
65	WGN63	2.07401719900004	0.308605677156407	1103	1.46849673782839	2.67953766017169
66	WGN63	2.72863924050005	0.308605677156406	1103	2.1231187793284	3.33415970167169
67	WGN63	2.07647270100005	0.308605677156406	1103	1.4709522398284	2.68199316217169
68	WGN63	3.22660539841944	0.436533153111129	1103	2.37007625539076	4.08313454144812
69	WGN63	3.24008941900005	0.308605677156406	1103	2.6345689578284	3.84560988017169
70	WGN63	2.34191865900004	0.308605677156407	1103	1.7363981978284	2.94743912017169
72	WGN63	2.23797411900003	0.308605677156408	1103	1.63245365782838	2.84349458017168
73	WGN63	2.47551124100004	0.308605677156407	1103	1.86999077982839	3.08103170217168
74	WGN63	1.58733552650004	0.308605677156407	1103	0.981815065328397	2.19285598767169
75	WGN63	3.05485294100005	0.308605677156406	1103	2.44933247982841	3.6603734021717
76	WGN63	3.06875000000004	0.308605677156407	1103	2.4632295388284	3.67427046117169
77	WGN63	3.02100862300004	0.308605677156407	1103	2.41548816182839	3.62652908417169
78	WGN63	2.98727152450004	0.308605677156407	1103	2.38175106332839	3.59279198567169
79	WGN63	2.23840301500004	0.308605677156407	1103	1.63288255382839	2.84392347617169
80	WGN63	2.83136815900003	0.308605677156408	1103	2.22584769782839	3.43688862017168
81	WGN63	2.87805066400004	0.308605677156407	1103	2.27253020282839	3.48357112517169
82	WGN63	2.96883335350005	0.308605677156407	1103	2.3633128923284	3.57435381467169
83	WGN63	2.16200591850004	0.308605677156407	1103	1.5564854573284	2.76752637967169
84	WGN63	3.16258417500005	0.308605677156407	1103	2.5570637138284	3.76810463617169
85	WGN63	2.48791227750005	0.308605677156406	1103	1.8823918163284	3.09343273867169
86	WGN63	2.44524291500004	0.308605677156407	1103	1.83972245382839	3.05076337617169
87	WGN63	2.77167826250004	0.308605677156407	1103	2.16615780132839	3.37719872367169
88	WGN63	2.72440290300005	0.308605677156406	1103	2.1188824418284	3.32992336417169
89	WGN63	2.97832278500004	0.308605677156407	1103	2.3728023238284	3.58384324617169
90	WGN63	2.11178777558066	0.43653315311113	1103	1.25525863255197	2.96831691860934
91	WGN63	3.01793426200005	0.308605677156407	1103	2.4124138008284	3.62345472317169
92	WGN63	2.60673076900004	0.308605677156407	1103	2.00121030782839	3.21225123017169
93	WGN63	3.16608281900004	0.308605677156407	1103	2.56056235782839	3.77160328017169
94	WGN63	2.18684764300004	0.308605677156407	1103	1.58132718182839	2.79236810417168
95	WGN63	2.09306690500005	0.308605677156407	1103	1.4875464438284	2.69858736617169
96	WGN63	2.54211886300004	0.308605677156407	1103	1.93659840182839	3.14763932417168
97	WGN63	1.79068627450004	0.308605677156407	1103	1.18516581332839	2.39620673567169
98	WGN63	2.30148890241942	0.43653315311113	1103	1.44495975939073	3.1580180454481
99	WGN63	4.26879834741943	0.43653315311113	1103	3.41226920439074	5.12532749044812
100	WGN63	3.93381807600004	0.308605677156406	1103	3.3282976148284	4.53933853717169
101	WGN63	3.29083933241943	0.436533153111129	1103	2.43431018939074	4.14736847544812
102	WGN63	3.47562316900004	0.308605677156407	1103	2.8701027078284	4.08114363017169
103	WGN63	2.82855404100004	0.308605677156407	1103	2.2230335798284	3.43407450217169
105	WGN63	2.68821966050004	0.308605677156407	1103	2.08269919932839	3.29374012167169
106	WGN63	2.78375092050004	0.308605677156407	1103	2.17823045932839	3.38927138167169
107	WGN63	2.49041621050005	0.308605677156407	1103	1.8848957493284	3.09593667167169
109	WGN63	1.74108054850004	0.308605677156407	1103	1.1355600873284	2.34660100967169
110	WGN63	2.00281085158067	0.436533153111129	1103	1.14628170855198	2.85933999460935
111	WGN63	1.93952816600005	0.308605677156407	1103	1.3340077048284	2.54504862717169
112	WGN63	3.03847696000004	0.308605677156407	1103	2.43295649882839	3.64399742117169
114	WGN63	2.69616820900004	0.308605677156407	1103	2.0906477478284	3.30168867017169
115	WGN63	1.93296981500004	0.308605677156407	1103	1.32744935382839	2.53849027617169
116	WGN63	2.74774394700004	0.308605677156407	1103	2.14222348582839	3.35326440817169
117	WGN63	2.79072110300004	0.308605677156407	1103	2.18520064182839	3.39624156417169
118	WGN63	2.18585271350004	0.308605677156407	1103	1.58033225232839	2.79137317467169
119	WGN63	3.00834373700004	0.308605677156407	1103	2.40282327582839	3.61386419817169
121	WGN63	3.46623341400004	0.308605677156407	1103	2.8607129528284	4.07175387517169
122	WGN63	4.63025362300004	0.308605677156407	1103	4.0247331618284	5.23577408417169
123	WGN63	2.19895417800004	0.308605677156407	1103	1.5934337168284	2.80447463917169
124	WGN63	3.14149732600004	0.308605677156407	1103	2.5359768648284	3.74701778717169
126	WGN63	3.70268218600005	0.308605677156407	1103	3.0971617248284	4.30820264717169
127	WGN63	3.18049276650004	0.308605677156407	1103	2.5749723053284	3.78601322767169
128	WGN63	2.95949671300004	0.308605677156407	1103	2.3539762518284	3.56501717417169
129	WGN63	2.26520519850004	0.308605677156407	1103	1.65968473732839	2.87072565967169
130	WGN63	2.29332566150004	0.308605677156407	1103	1.68780520032839	2.89884612267169
