plantID3	famID	emmean	SE	df	lower.CL	upper.CL
1	WGN07	3.31176223799929	0.329366826567982	1094	2.66550013127442	3.95802434472417
2	WGN07	5.37312485280259	0.465901366888864	1094	4.45896357545412	6.28728613015105
3	WGN07	4.20352112699986	0.32936682656778	1094	3.55725902027538	4.84978323372434
4	WGN07	3.9855090315	0.329366826567786	1094	3.33924692477551	4.63177113822449
5	WGN07	4.76664910449962	0.329366826567809	1094	4.12038699777508	5.41291121122415
6	WGN07	2.63418534699994	0.329366826567798	1094	1.98792324027543	3.28044745372446
7	WGN07	3.89412587450005	0.329366826567813	1094	3.24786376777551	4.54038798122459
8	WGN07	4.2801875	0.32936682656781	1094	3.63392539327546	4.92644960672453
9	WGN07	5.332432304	0.329366826567804	1094	4.68617019727547	5.97869441072452
10	WGN07	4.07021103899992	0.329366826567792	1094	3.42394893227542	4.71647314572442
11	WGN07	3.97830882349998	0.329366826567799	1094	3.33204671677547	4.6245709302245
12	WGN07	3.62735952549995	0.329366826567796	1094	2.98109741877544	4.27362163222446
13	WGN07	4.81977225700003	0.329366826567804	1094	4.17351015027551	5.46603436372456
14	WGN07	4.37245816949995	0.329366826567796	1094	3.72619606277544	5.01872027622446
15	WGN07	3.67262295099998	0.329366826567795	1094	3.02636084427547	4.31888505772449
16	WGN07	4.00253795049991	0.329366826567792	1094	3.35627584377541	4.64880005722441
17	WGN07	4.722417623	0.329366826567799	1094	4.07615551627548	5.36867972972451
18	WGN07	3.25450148799996	0.329366826567801	1094	2.60823938127544	3.90076359472448
20	WGN07	1.04848042049993	0.329366826567802	1094	0.402218313775406	1.69474252722445
21	WGN07	4.49538028149995	0.329366826567793	1094	3.84911817477544	5.14164238822445
22	WGN07	4.59919956899992	0.329366826567789	1094	3.95293746227542	5.24546167572441
23	WGN07	4.07670906200007	0.329366826567814	1094	3.43044695527552	4.72297116872462
24	WGN07	3.44052075399999	0.329366826567802	1094	2.79425864727547	4.08678286072451
25	WGN07	2.70545454549993	0.32936682656779	1094	2.05919243877543	3.35171665222443
26	WGN07	4.51489011	0.329366826567805	1094	3.86862800327547	5.16115221672453
27	WGN07	4.48526292099996	0.329366826567796	1094	3.83900081427545	5.13152502772447
28	WGN07	4.59771186449995	0.3293668265678	1094	3.95144975777543	5.24397397122447
29	WGN07	3.50472747499999	0.329366826567803	1094	2.85846536827547	4.15098958172451
30	WGN07	4.11128327599996	0.329366826567805	1094	3.46502116927544	4.75754538272449
31	WGN07	3.83454836449992	0.329366826567788	1094	3.18828625777542	4.48081047122441
32	WGN07	4.36120689649993	0.329366826567798	1094	3.71494478977541	5.00746900322444
33	WGN07	4.23222851449995	0.329366826567796	1094	3.58596640777544	4.87849062122446
34	WGN07	3.97212848799999	0.329366826567806	1094	3.32586638127546	4.61839059472452
35	WGN07	4.72743407699996	0.329366826567801	1094	4.08117197027544	5.37369618372448
36	WGN07	2.23421052649992	0.329366826567794	1094	1.58794841977542	2.88047263322443
37	WGN07	3.06839012899999	0.3293668265678	1094	2.42212802227547	3.71465223572451
38	WGN07	3.85649614749995	0.329366826567808	1094	3.21023404077542	4.50275825422448
39	WGN07	4.15297202799995	0.329366826567802	1094	3.50670992127543	4.79923413472447
40	WGN07	3.32405036249997	0.329366826567798	1094	2.67778825577546	3.97031246922449
41	WGN07	4.44641728149997	0.329366826567809	1094	3.80015517477544	5.09267938822451
42	WGN07	3.17699999999997	0.329366826567802	1094	2.53073789327545	3.82326210672449
44	WGN07	3.76399456499993	0.329366826567798	1094	3.11773245827542	4.41025667172444
46	WGN07	3.44138221149997	0.329366826567794	1094	2.79512010477547	4.08764431822448
47	WGN07	3.5488754734999	0.329366826567806	1094	2.90261336677537	4.19513758022442
48	WGN07	2.69545673099999	0.329366826567804	1094	2.04919462427546	3.34171883772451
49	WGN07	4.94916666649992	0.329366826567801	1094	4.3029045597754	5.59542877322444
50	WGN07	5.00836619699997	0.329366826567795	1094	4.36210409027546	5.65462830372448
51	WGN07	4.18605825980129	0.465901366888774	1094	3.271896982453	5.10021953714958
52	WGN07	3.96304824549997	0.329366826567797	1094	3.31678613877546	4.60931035222448
53	WGN07	5.06809991799993	0.329366826567791	1094	4.42183781127543	5.71436202472443
54	WGN07	3.88145799119859	0.465901366888762	1094	2.96729671385033	4.79561926854685
55	WGN07	4.56426821799999	0.329366826567804	1094	3.91800611127546	5.21053032472451
56	WGN07	3.54886363649994	0.329366826567797	1094	2.90260152977543	4.19512574322445
57	WGN07	4.30509962050001	0.329366826567803	1094	3.65883751377549	4.95136172722453
58	WGN07	4.40176339299997	0.329366826567802	1094	3.75550128627545	5.04802549972449
59	WGN07	3.82691729349999	0.329366826567802	1094	3.18065518677547	4.47317940022451
60	WGN07	4.35590909049998	0.329366826567799	1094	3.70964698377546	5.00217119722449
61	WGN07	4.32710651849999	0.3293668265678	1094	3.68084441177548	4.97336862522451
63	WGN07	3.98051470599995	0.329366826567796	1094	3.33425259927544	4.62677681272446
64	WGN07	5.22503389850002	0.329366826567805	1094	4.57877179177549	5.87129600522455
66	WGN07	4.56049019599997	0.329366826567786	1094	3.91422808927548	5.20675230272446
67	WGN07	2.74255390799997	0.329366826567799	1094	2.09629180127545	3.38881601472448
68	WGN07	3.41797681749994	0.329366826567796	1094	2.77171471077543	4.06423892422445
69	WGN07	4.6007058825	0.329366826567805	1094	3.95444377577547	5.24696798922453
71	WGN07	4.5294025155	0.329366826567796	1094	3.88314040877549	5.17566462222451
73	WGN07	5.14030303049995	0.329366826567799	1094	4.49404092377543	5.78656513722447
74	WGN07	4.51465392899998	0.329366826567802	1094	3.86839182227546	5.1609160357245
75	WGN07	4.67874125899996	0.329366826567799	1094	4.03247915227545	5.32500336572448
76	WGN07	4.29115206849999	0.329366826567798	1094	3.64488996177548	4.9374141752245
77	WGN07	4.69689538949994	0.329366826567793	1094	4.05063328277544	5.34315749622445
78	WGN07	3.92508802799996	0.329366826567796	1094	3.27882592127545	4.57135013472447
79	WGN07	3.85326923099994	0.32936682656781	1094	3.20700712427541	4.49953133772448
80	WGN07	3.88837535000001	0.3293668265678	1094	3.24211324327549	4.53463745672453
81	WGN07	5.42633966800002	0.329366826567801	1094	4.7800775612755	6.07260177472454
82	WGN07	4.33641069899997	0.329366826567794	1094	3.69014859227546	4.98267280572447
83	WGN07	3.4132231405	0.329366826567797	1094	2.76696103377549	4.05948524722451
84	WGN07	4.62207593350003	0.329366826567803	1094	3.9758138267755	5.26833804022455
85	WGN07	3.98779761899995	0.329366826567797	1094	3.34153551227544	4.63405972572446
86	WGN07	4.46749011899995	0.329366826567801	1094	3.82122801227543	5.11375222572447
87	WGN07	5.0443958445	0.329366826567801	1094	4.39813373777548	5.69065795122452
88	WGN07	4.8849772875	0.3293668265678	1094	4.23871518077549	5.53123939422452
89	WGN07	3.61830290599996	0.329366826567804	1094	2.97204079927544	4.26456501272448
90	WGN07	4.50036161999994	0.329366826567794	1094	3.85409951327543	5.14662372672444
91	WGN07	4.57328113050001	0.329366826567801	1094	3.9270190237755	5.21954323722453
92	WGN07	4.00473811899999	0.329366826567801	1094	3.35847601227547	4.6510002257245
93	WGN07	4.59308022049994	0.329366826567795	1094	3.94681811377543	5.23934232722445
94	WGN07	4.00714285699996	0.3293668265678	1094	3.36088075027545	4.65340496372448
95	WGN07	4.25290576999998	0.3293668265678	1094	3.60664366327546	4.89916787672449
96	WGN07	2.74273182949995	0.329366826567799	1094	2.09646972277543	3.38899393622446
97	WGN07	5.23383333349997	0.329366826567797	1094	4.58757122677545	5.88009544022448
98	WGN07	5.100297203	0.329366826567801	1094	4.45403509627548	5.74655930972452
99	WGN07	4.24132867099996	0.329366826567803	1094	3.59506656427543	4.88759077772448
100	WGN07	4.86072892249993	0.329366826567791	1094	4.21446681577543	5.50699102922443
101	WGN07	4.20791304349996	0.329366826567801	1094	3.56165093677545	4.85417515022448
102	WGN07	4.54613698649998	0.329366826567793	1094	3.89987487977547	5.19239909322448
103	WGN07	3.49314498949995	0.329366826567804	1094	2.84688288277542	4.13940709622447
104	WGN07	4.915875286	0.329366826567801	1094	4.26961317927548	5.56213739272452
105	WGN07	4.70521284299996	0.329366826567799	1094	4.05895073627544	5.35147494972447
106	WGN07	4.12157258049997	0.329366826567791	1094	3.47531047377547	4.76783468722447
107	WGN07	3.43746334350001	0.329366826567801	1094	2.79120123677549	4.08372545022453
108	WGN07	5.49046920800001	0.329366826567803	1094	4.84420710127549	6.13673131472453
109	WGN07	2.87350579849996	0.329366826567795	1094	2.22724369177545	3.51976790522447
110	WGN07	5.17150088049999	0.329366826567791	1094	4.52523877377549	5.81776298722449
111	WGN07	4.05113803999997	0.329366826567797	1094	3.40487593327546	4.69740014672448
112	WGN07	3.87865608449997	0.329366826567797	1094	3.23239397777546	4.52491819122448
113	WGN07	4.54901709399995	0.329366826567794	1094	3.90275498727544	5.19527920072445
114	WGN07	3.91957681349998	0.329366826567802	1094	3.27331470677546	4.56583892022451
115	WGN07	4.727604167	0.3293668265678	1094	4.08134206027548	5.37386627372451
116	WGN07	4.49768518549996	0.329366826567798	1094	3.85142307877545	5.14394729222448
117	WGN07	4.33257254349997	0.329366826567804	1094	3.68631043677544	4.97883465022449
118	WGN07	4.26344430249992	0.329366826567795	1094	3.61718219577541	4.90970640922442
119	WGN07	4.99224946699996	0.329366826567795	1094	4.34598736027545	5.63851157372446
120	WGN07	4.70787870749993	0.329366826567796	1094	4.06161660077542	5.35414081422443
121	WGN07	3.94859154949997	0.329366826567794	1094	3.30232944277546	4.59485365622447
122	WGN07	3.42529876580132	0.465901366888771	1094	2.51113748845304	4.3394600431496
123	WGN07	4.51278729799999	0.32936682656781	1094	3.86652519127546	5.15904940472453
124	WGN07	5.46692389299996	0.3293668265678	1094	4.82066178627544	6.11318599972448
125	WGN07	3.79542609549999	0.329366826567796	1094	3.14916398877548	4.4416882022245
126	WGN07	4.28886869599998	0.329366826567802	1094	3.64260658927546	4.9351308027245
127	WGN07	4.99148908499997	0.329366826567805	1094	4.34522697827544	5.63775119172449
128	WGN07	4.02470780749997	0.329366826567795	1094	3.37844570077546	4.67096991422448
129	WGN07	4.70717545649995	0.329366826567797	1094	4.06091334977544	5.35343756322447
130	WGN07	4.3098609045	0.329366826567801	1094	3.66359879777548	4.95612301122452
1	WGN15	4.23515625000047	0.329366826567849	1094	3.58889414327586	4.88141835672508
2	WGN15	4.36742681050003	0.32936682656779	1094	3.72116470377553	5.01368891722452
3	WGN15	4.68358208950004	0.329366826567796	1094	4.03731998277553	5.32984419622455
4	WGN15	5.05293478250006	0.329366826567801	1094	4.40667267577554	5.69919688922458
5	WGN15	3.91666666650005	0.329366826567797	1094	3.27040455977554	4.56292877322456
7	WGN15	3.87734165950003	0.329366826567795	1094	3.23107955277553	4.52360376622454
8	WGN15	4.80000000000006	0.329366826567801	1094	4.15373789327554	5.44626210672458
9	WGN15	4.63995468850004	0.329366826567794	1094	3.99369258177553	5.28621679522455
10	WGN15	4.63593750000005	0.329366826567805	1094	3.98967539327552	5.28219960672458
11	WGN15	3.92778256150002	0.329366826567804	1094	3.2815204547755	4.57404466822454
12	WGN15	3.64799077700004	0.329366826567801	1094	3.00172867027552	4.29425288372456
13	WGN15	4.79230903350002	0.329366826567794	1094	4.14604692677552	5.43857114022453
14	WGN15	4.38510638300004	0.329366826567798	1094	3.73884427627553	5.03136848972456
15	WGN15	3.60188834150001	0.329366826567799	1094	2.9556262347755	4.24815044822452
16	WGN15	3.86311813150009	0.329366826567801	1094	3.21685602477557	4.50938023822461
17	WGN15	4.7432092138014	0.465901366888769	1094	3.82904793645312	5.65737049114967
18	WGN15	4.9838709675	0.329366826567795	1094	4.33760886077549	5.63013307422451
19	WGN15	3.6790490601987	0.465901366888763	1094	2.76488778285044	4.59321033754697
20	WGN15	5.211478177	0.329366826567794	1094	4.5652160702755	5.85774028372451
21	WGN15	4.42685343800003	0.329366826567801	1094	3.78059133127551	5.07311554472455
22	WGN15	3.01666666700002	0.329366826567799	1094	2.3704045602755	3.66292877372454
23	WGN15	4.21174242400004	0.329366826567793	1094	3.56548031727554	4.85800453072455
24	WGN15	1.55222184280135	0.465901366888773	1094	0.63806056545307	2.46638312014964
25	WGN15	4.14836626150003	0.329366826567802	1094	3.50210415477551	4.79462836822456
26	WGN15	5.20862903250004	0.329366826567794	1094	4.56236692577553	5.85489113922455
27	WGN15	4.46739926750003	0.329366826567797	1094	3.82113716077552	5.11366137422454
28	WGN15	5.07719298250004	0.329366826567798	1094	4.43093087577553	5.72345508922455
29	WGN15	4.70035416100005	0.329366826567803	1094	4.05409205427553	5.34661626772457
30	WGN15	4.34363636350003	0.329366826567793	1094	3.69737425677553	4.98989847022453
31	WGN15	3.6494366968014	0.465901366888768	1094	2.73527541945312	4.56359797414967
32	WGN15	4.91370689650007	0.329366826567807	1094	4.26744478977554	5.5599690032246
33	WGN15	5.12895161300001	0.329366826567794	1094	4.48268950627551	5.77521371972452
34	WGN15	3.92876500849999	0.3293668265678	1094	3.28250290177547	4.57502711522451
35	WGN15	5.22065982450006	0.329366826567791	1094	4.57439771777556	5.86692193122456
36	WGN15	3.85225037250005	0.329366826567792	1094	3.20598826577555	4.49851247922455
37	WGN15	4.31060606050004	0.329366826567799	1094	3.66434395377552	4.95686816722455
38	WGN15	3.41536614650003	0.329366826567802	1094	2.76910403977551	4.06162825322455
39	WGN15	4.0772218455	0.329366826567794	1094	3.43095973877549	4.7234839522245
40	WGN15	3.52703455950005	0.329366826567795	1094	2.88077245277555	4.17329666622456
41	WGN15	4.06440059950004	0.329366826567797	1094	3.41813849277553	4.71066270622455
43	WGN15	3.52519236250007	0.329366826567803	1094	2.87893025577555	4.17145446922459
44	WGN15	4.19363839300004	0.3293668265678	1094	3.54737628627553	4.83990049972456
45	WGN15	4.29384920650008	0.329366826567801	1094	3.64758709977556	4.9401113132246
46	WGN15	3.86052160950002	0.329366826567804	1094	3.21425950277549	4.50678371622454
47	WGN15	4.78171241800001	0.329366826567802	1094	4.13545031127549	5.42797452472453
48	WGN15	4.33882896750002	0.3293668265678	1094	3.6925668607755	4.98509107422453
50	WGN15	4.66140089449999	0.329366826567799	1094	4.01513878777547	5.3076630012245
51	WGN15	3.87587719300003	0.329366826567794	1094	3.22961508627553	4.52213929972454
52	WGN15	3.37583732050004	0.3293668265678	1094	2.72957521377552	4.02209942722456
53	WGN15	3.32419712050004	0.329366826567795	1094	2.67793501377553	3.97045922722455
54	WGN15	4.7402987658014	0.465901366888766	1094	3.82613748845313	5.65446004314967
55	WGN15	5.24149441650002	0.329366826567796	1094	4.59523230977551	5.88775652322453
56	WGN15	3.77861098800006	0.3293668265678	1094	3.13234888127555	4.42487309472458
57	WGN15	4.25433155100003	0.329366826567803	1094	3.60806944427551	4.90059365772456
58	WGN15	6.68280850000007	0.329366826567801	1094	6.03654639327556	7.32907060672459
59	WGN15	4.49917087250005	0.329366826567793	1094	3.85290876577555	5.14543297922456
60	WGN15	3.16481332800008	0.329366826567793	1094	2.51855122127558	3.81107543472459
61	WGN15	3.61866636900004	0.329366826567802	1094	2.97240426227552	4.26492847572456
62	WGN15	4.04992163000004	0.329366826567796	1094	3.40365952327553	4.69618373672455
63	WGN15	4.24603120750004	0.329366826567799	1094	3.59976910077553	4.89229331422455
64	WGN15	3.53750000000002	0.329366826567803	1094	2.8912378932755	4.18376210672454
65	WGN15	5.06441348950002	0.329366826567796	1094	4.41815138277551	5.71067559622453
66	WGN15	3.49556460450002	0.329366826567802	1094	2.8493024977755	4.14182671122454
67	WGN15	5.56357060850003	0.329366826567794	1094	4.91730850177552	6.20983271522453
69	WGN15	4.40537288150005	0.329366826567796	1094	3.75911077477554	5.05163498822455
70	WGN15	4.14630946100007	0.329366826567796	1094	3.50004735427556	4.79257156772458
71	WGN15	5.05273069650005	0.329366826567803	1094	4.40646858977552	5.69899280322457
72	WGN15	4.1305619238014	0.465901366888772	1094	3.21640064645311	5.04472320114968
73	WGN15	4.62102925850002	0.329366826567797	1094	3.97476715177551	5.26729136522453
74	WGN15	3.52777777750002	0.329366826567801	1094	2.8815156707755	4.17403988422454
75	WGN15	4.5314526118014	0.46590136688877	1094	3.61729133445313	5.44561388914968
77	WGN15	3.21370666150005	0.329366826567798	1094	2.56744455477554	3.85996876822456
78	WGN15	4.26802773500003	0.329366826567803	1094	3.62176562827551	4.91428984172456
79	WGN15	4.40417910450004	0.3293668265678	1094	3.75791699777552	5.05044121122455
80	WGN15	4.05270833350006	0.329366826567791	1094	3.40644622677556	4.69897044022455
81	WGN15	4.42226697350001	0.329366826567799	1094	3.7760048667755	5.06852908022453
82	WGN15	5.24610389650004	0.329366826567798	1094	4.59984178977552	5.89236600322455
83	WGN15	5.06952110400004	0.3293668265678	1094	4.42325899727552	5.71578321072455
84	WGN15	4.46702765000003	0.329366826567801	1094	3.82076554327551	5.11328975672455
85	WGN15	4.53040540550001	0.329366826567803	1094	3.88414329877549	5.17666751222454
86	WGN15	4.84687500000002	0.329366826567798	1094	4.20061289327551	5.49313710672454
87	WGN15	3.846560721	0.3293668265678	1094	3.20029861427548	4.49282282772452
88	WGN15	3.99960968000003	0.329366826567798	1094	3.35334757327551	4.64587178672454
89	WGN15	4.06020458050004	0.329366826567801	1094	3.41394247377552	4.70646668722456
90	WGN15	3.74001623400006	0.329366826567798	1094	3.09375412727555	4.38627834072458
91	WGN15	3.27904141350003	0.329366826567799	1094	2.63277930677551	3.92530352022454
92	WGN15	3.03832653050003	0.329366826567797	1094	2.39206442377552	3.68458863722454
93	WGN15	3.34907139050008	0.329366826567792	1094	2.70280928377558	3.99533349722458
94	WGN15	5.51272792000005	0.329366826567796	1094	4.86646581327554	6.15899002672456
95	WGN15	3.18512016700001	0.3293668265678	1094	2.5388580602755	3.83138227372453
96	WGN15	4.6996503495	0.329366826567797	1094	4.05338824277549	5.34591245622451
97	WGN15	4.38701028100002	0.329366826567797	1094	3.74074817427551	5.03327238772454
98	WGN15	4.24293800550002	0.3293668265678	1094	3.59667589877551	4.88920011222454
99	WGN15	4.41946438000002	0.329366826567796	1094	3.77320227327551	5.06572648672453
100	WGN15	4.77430555550004	0.329366826567801	1094	4.12804344877552	5.42056766222455
101	WGN15	6.10402467700006	0.329366826567801	1094	5.45776257027554	6.75028678372458
102	WGN15	4.23184079600004	0.329366826567797	1094	3.58557868927553	4.87810290272455
103	WGN15	3.29255952350002	0.329366826567796	1094	2.64629741677551	3.93882163022453
104	WGN15	3.8038920455	0.329366826567794	1094	3.1576299387755	4.45015415222451
106	WGN15	4.64298963450003	0.329366826567795	1094	3.99672752777552	5.28925174122454
107	WGN15	4.33264198500003	0.329366826567796	1094	3.68637987827552	4.97890409172454
108	WGN15	3.02898009950005	0.329366826567797	1094	2.38271799277554	3.67524220622457
109	WGN15	4.43801881000003	0.3293668265678	1094	3.79175670327551	5.08428091672455
110	WGN15	3.47992424250007	0.329366826567797	1094	2.83366213577555	4.12618634922458
111	WGN15	3.875632842	0.329366826567798	1094	3.22937073527549	4.52189494872452
112	WGN15	3.76052631600004	0.329366826567796	1094	3.11426420927553	4.40678842272454
113	WGN15	3.03645833349999	0.329366826567796	1094	2.39019622677548	3.6827204402245
114	WGN15	4.90118577100004	0.3293668265678	1094	4.25492366427552	5.54744787772456
115	WGN15	4.04501008050004	0.329366826567799	1094	3.39874797377552	4.69127218722455
116	WGN15	3.54714313100006	0.329366826567797	1094	2.90088102427555	4.19340523772457
117	WGN15	5.13236559150005	0.329366826567803	1094	4.48610348477553	5.77862769822457
118	WGN15	3.11209188650007	0.329366826567796	1094	2.46582977977556	3.75835399322458
119	WGN15	3.95839785600002	0.329366826567795	1094	3.31213574927551	4.60465996272452
120	WGN15	3.77785714300001	0.329366826567794	1094	3.13159503627551	4.42411924972452
121	WGN15	4.28555852000003	0.329366826567797	1094	3.63929641327552	4.93182062672454
122	WGN15	3.88245007650005	0.3293668265678	1094	3.23618796977553	4.52871218322456
123	WGN15	3.93962438450001	0.329366826567796	1094	3.2933622777755	4.58588649122452
124	WGN15	4.51110283150004	0.329366826567797	1094	3.86484072477553	5.15736493822455
125	WGN15	3.22629049100003	0.329366826567799	1094	2.58002838427552	3.87255259772455
126	WGN15	3.66965909100005	0.329366826567794	1094	3.02339698427554	4.31592119772455
127	WGN15	4.62084905650004	0.329366826567796	1094	3.97458694977553	5.26711116322455
128	WGN15	4.79060150400005	0.329366826567797	1094	4.14433939727554	5.43686361072456
129	WGN15	3.81781050300004	0.329366826567796	1094	3.17154839627553	4.46407260972455
130	WGN15	5.56574315500004	0.329366826567798	1094	4.91948104827552	6.21200526172455
3	WGN26	4.27757352949985	0.32936682656779	1094	3.63131142277535	4.92383563622435
4	WGN26	3.70550041349992	0.329366826567795	1094	3.05923830677542	4.35176252022443
5	WGN26	4.52307692299982	0.32936682656779	1094	3.87681481627532	5.16933902972432
6	WGN26	3.97401960799988	0.329366826567797	1094	3.32775750127537	4.6202817147244
7	WGN26	4.34391304349996	0.329366826567808	1094	3.69765093677543	4.9901751502245
9	WGN26	3.8584221749999	0.329366826567794	1094	3.21216006827539	4.5046842817244
10	WGN26	3.72172057499991	0.329366826567799	1094	3.07545846827539	4.36798268172442
11	WGN26	3.98529876580125	0.465901366888767	1094	3.07113748845298	4.89946004314952
12	WGN26	3.8972070979999	0.329366826567796	1094	3.25094499127539	4.5434692047244
13	WGN26	4.39241075949994	0.329366826567802	1094	3.74614865277542	5.03867286622446
14	WGN26	3.49368298399992	0.329366826567805	1094	2.84742087727539	4.13994509072444
15	WGN26	4.10282494099989	0.329366826567797	1094	3.45656283427538	4.74908704772441
17	WGN26	4.96159663849989	0.329366826567796	1094	4.31533453177538	5.6078587452244
18	WGN26	5.21075331080126	0.46590136688877	1094	4.29659203345298	6.12491458814954
19	WGN26	5.3210066531985	0.465901366888766	1094	4.40684537585023	6.23516793054677
20	WGN26	4.13219531780131	0.465901366888775	1094	3.21803404045302	5.04635659514959
21	WGN26	4.60252463049991	0.329366826567803	1094	3.95626252377539	5.24878673722443
22	WGN26	4.87666666649992	0.329366826567801	1094	4.2304045597754	5.52292877322444
23	WGN26	4.7456422524999	0.329366826567799	1094	4.09938014577538	5.39190435922441
25	WGN26	4.12406855449996	0.329366826567803	1094	3.47780644777543	4.77033066122448
26	WGN26	3.05441611249989	0.329366826567802	1094	2.40815400577537	3.70067821922441
27	WGN26	3.33993808049989	0.329366826567798	1094	2.69367597377537	3.9862001872244
28	WGN26	4.31252933499995	0.329366826567808	1094	3.66626722827542	4.95879144172448
29	WGN26	1.71193759049992	0.329366826567799	1094	1.0656754837754	2.35819969722444
30	WGN26	4.19382647399989	0.3293668265678	1094	3.54756436727537	4.84008858072441
31	WGN26	4.17863539449989	0.329366826567799	1094	3.53237328777538	4.82489750122441
32	WGN26	3.94333333349989	0.3293668265678	1094	3.29707122677537	4.58959544022441
33	WGN26	3.65161455480126	0.465901366888771	1094	2.73745327745298	4.56577583214954
34	WGN26	4.14167582399988	0.329366826567801	1094	3.49541371727536	4.7879379307244
35	WGN26	4.14479567299988	0.329366826567797	1094	3.49853356627537	4.79105777972439
36	WGN26	3.8702586204999	0.329366826567795	1094	3.22399651377539	4.5165207272244
38	WGN26	3.5997498709999	0.3293668265678	1094	2.95348776427538	4.24601197772441
39	WGN26	3.22508398649989	0.329366826567801	1094	2.57882187977537	3.87134609322441
40	WGN26	3.56767554499988	0.329366826567799	1094	2.92141343827537	4.2139376517244
41	WGN26	3.07470123419854	0.465901366888764	1094	2.16053995685027	3.98886251154681
42	WGN26	5.08278688549992	0.329366826567802	1094	4.4365247787754	5.72904899222445
43	WGN26	4.60491452949989	0.329366826567797	1094	3.95865242277538	5.25117663622441
44	WGN26	5.30357142849991	0.3293668265678	1094	4.65730932177539	5.94983353522443
45	WGN26	4.96149193549996	0.329366826567804	1094	4.31522982877544	5.60775404222449
46	WGN26	4.00655235749986	0.329366826567794	1094	3.36029025077536	4.65281446422437
47	WGN26	4.92359876999987	0.329366826567795	1094	4.27733666327536	5.56986087672438
48	WGN26	4.19932203399989	0.329366826567797	1094	3.55305992727538	4.84558414072441
49	WGN26	5.28494607099995	0.329366826567803	1094	4.63868396427542	5.93120817772447
50	WGN26	4.44621566349987	0.329366826567796	1094	3.79995355677536	5.09247777022438
51	WGN26	2.88500256799988	0.329366826567798	1094	2.23874046127537	3.53126467472439
52	WGN26	4.78350746249989	0.329366826567799	1094	4.13724535577538	5.42976956922441
53	WGN26	4.14047619049987	0.329366826567796	1094	3.49421408377536	4.78673829722438
54	WGN26	3.77179144399989	0.329366826567795	1094	3.12552933727538	4.4180535507244
55	WGN26	3.66379214319853	0.465901366888777	1094	2.74963086585024	4.57795342054682
56	WGN26	5.25162358799987	0.329366826567797	1094	4.60536148127536	5.89788569472438
57	WGN26	4.03585822599992	0.329366826567803	1094	3.3895961192754	4.68212033272444
58	WGN26	4.57650085749988	0.329366826567796	1094	3.93023875077537	5.22276296422439
59	WGN26	5.59612980519849	0.465901366888765	1094	4.68196852785022	6.51029108254676
60	WGN26	4.8709564629999	0.329366826567801	1094	4.22469435627538	5.51721856972442
61	WGN26	5.01960526299989	0.329366826567798	1094	4.37334315627538	5.6658673697244
62	WGN26	4.24664198799991	0.329366826567802	1094	3.60037988127539	4.89290409472443
64	WGN26	4.83636363649989	0.329366826567796	1094	4.19010152977537	5.4826257432244
65	WGN26	3.70555942649991	0.329366826567796	1094	3.0592973197754	4.35182153322442
66	WGN26	4.54377049199987	0.329366826567801	1094	3.89750838527535	5.19003259872439
67	WGN26	4.0311912224999	0.329366826567802	1094	3.38492911577538	4.67745332922442
68	WGN26	5.06863576399985	0.329366826567797	1094	4.42237365727534	5.71489787072436
69	WGN26	4.32000258249989	0.329366826567797	1094	3.67374047577538	4.9662646892244
70	WGN26	3.83867865999988	0.329366826567801	1094	3.19241655327536	4.4849407667244
71	WGN26	4.45048900999988	0.3293668265678	1094	3.80422690327537	5.0967511167244
73	WGN26	3.94220174749991	0.329366826567802	1094	3.29593964077539	4.58846385422443
74	WGN26	3.9249999999999	0.329366826567797	1094	3.27873789327539	4.57126210672441
75	WGN26	4.07062499999986	0.329366826567796	1094	3.42436289327536	4.71688710672437
76	WGN26	5.97313511599989	0.329366826567797	1094	5.32687300927538	6.6193972227244
77	WGN26	4.33002038319854	0.465901366888779	1094	3.41585910585025	5.24418166054684
78	WGN26	3.11815573749989	0.3293668265678	1094	2.47189363077537	3.76441784422441
79	WGN26	5.35208447980126	0.465901366888774	1094	4.43792320245297	6.26624575714954
80	WGN26	4.7180871829999	0.3293668265678	1094	4.07182507627538	5.36434928972441
81	WGN26	4.63043506799992	0.329366826567799	1094	3.9841729612754	5.27669717472443
82	WGN26	4.53719758049991	0.329366826567804	1094	3.89093547377539	5.18345968722444
83	WGN26	3.6077586209999	0.3293668265678	1094	2.96149651427538	4.25402072772442
85	WGN26	4.06359012319852	0.465901366888765	1094	3.14942884585026	4.97775140054679
86	WGN26	1.27035340819855	0.46590136688877	1094	0.356192130850272	2.18451468554683
87	WGN26	4.32210497799989	0.329366826567798	1094	3.67584287127537	4.9683670847244
88	WGN26	3.78146576149989	0.329366826567798	1094	3.13520365477538	4.42772786822441
89	WGN26	4.39905206599989	0.329366826567798	1094	3.75278995927538	5.0453141727244
90	WGN26	4.0421460044999	0.329366826567798	1094	3.39588389777538	4.68840811122441
91	WGN26	3.4505952384999	0.329366826567799	1094	2.80433313177539	4.09685734522442
92	WGN26	2.1342397659999	0.329366826567798	1094	1.48797765927538	2.78050187272441
93	WGN26	4.29637698599989	0.329366826567798	1094	3.65011487927538	4.94263909272441
94	WGN26	3.91031746049988	0.3293668265678	1094	3.26405535377536	4.5565795672244
95	WGN26	4.39626099699989	0.329366826567798	1094	3.74999889027537	5.0425231037244
96	WGN26	2.24855602599991	0.3293668265678	1094	1.60229391927539	2.89481813272443
97	WGN26	2.7424242424999	0.329366826567797	1094	2.09616213577539	3.38868634922441
98	WGN26	3.50405505949989	0.329366826567799	1094	2.85779295277538	4.15031716622441
99	WGN26	4.64499999999991	0.329366826567803	1094	3.99873789327539	5.29126210672444
101	WGN26	4.36172248799991	0.329366826567798	1094	3.7154603812754	5.00798459472442
102	WGN26	3.8115305594999	0.329366826567799	1094	3.16526845277538	4.45779266622441
103	WGN26	2.52848932699989	0.329366826567799	1094	1.88222722027538	3.1747514337244
104	WGN26	4.89573934849988	0.329366826567795	1094	4.24947724177537	5.54200145522439
105	WGN26	4.89022242099988	0.329366826567798	1094	4.24396031427537	5.5364845277244
106	WGN26	4.27603834849989	0.3293668265678	1094	3.62977624177538	4.92230045522441
108	WGN26	3.95208475749989	0.329366826567798	1094	3.30582265077538	4.5983468642244
109	WGN26	5.1125662014999	0.329366826567798	1094	4.46630409477539	5.75882830822442
111	WGN26	4.7080267559999	0.3293668265678	1094	4.06176464927538	5.35428886272441
112	WGN26	5.71431134649987	0.329366826567797	1094	5.06804923977536	6.36057345322438
113	WGN26	1.74038461549989	0.329366826567799	1094	1.09412250877537	2.38664672222441
115	WGN26	3.7844716929999	0.329366826567799	1094	3.13820958627538	4.43073379972441
116	WGN26	3.63863636349991	0.329366826567795	1094	2.9923742567754	4.28489847022442
117	WGN26	3.44970123419853	0.465901366888769	1094	2.53553995685025	4.3638625115468
118	WGN26	4.0946284224999	0.329366826567801	1094	3.44836631577538	4.74089052922442
119	WGN26	5.38336328180127	0.465901366888771	1094	4.46920200445298	6.29752455914955
121	WGN26	3.8419190254999	0.329366826567799	1094	3.19565691877538	4.48818113222441
122	WGN26	4.69545454549991	0.329366826567801	1094	4.04919243877539	5.34171665222443
123	WGN26	4.66406926399989	0.329366826567797	1094	4.01780715727538	5.3103313707244
125	WGN26	4.60295704299988	0.329366826567796	1094	3.95669493627537	5.24921914972439
127	WGN26	4.26549190549989	0.3293668265678	1094	3.61922979877537	4.9117540122244
128	WGN26	4.57767857149988	0.329366826567799	1094	3.93141646477536	5.22394067822439
129	WGN26	3.64098504080125	0.465901366888765	1094	2.72682376345298	4.55514631814952
130	WGN26	3.36423022599986	0.329366826567822	1094	2.7179681192753	4.01049233272442
1	WGN36	4.46021303249988	0.329366826567784	1094	3.81395092577539	5.10647513922437
2	WGN36	4.44888585249998	0.329366826567802	1094	3.80262374577546	5.0951479592245
4	WGN36	3.53121516149993	0.329366826567799	1094	2.88495305477541	4.17747726822445
5	WGN36	3.89107142899994	0.329366826567798	1094	3.24480932227542	4.53733353572445
6	WGN36	5.324828218	0.329366826567802	1094	4.67856611127547	5.97109032472452
7	WGN36	4.90155542999989	0.32936682656779	1094	4.25529332327539	5.54781753672438
8	WGN36	4.56185503699994	0.329366826567794	1094	3.91559293027544	5.20811714372445
9	WGN36	4.60068338080131	0.465901366888759	1094	3.68652210345305	5.51484465814957
10	WGN36	5.67469592799992	0.329366826567796	1094	5.02843382127541	6.32095803472443
11	WGN36	3.64617537299995	0.3293668265678	1094	2.99991326627543	4.29243747972446
12	WGN36	5.8290723508013	0.465901366888771	1094	4.91491107345302	6.74323362814958
13	WGN36	5.21806293249997	0.329366826567808	1094	4.57180082577544	5.86432503922451
14	WGN36	4.11032590049994	0.329366826567798	1094	3.46406379377543	4.75658800722446
15	WGN36	4.48623481749995	0.329366826567802	1094	3.83997271077543	5.13249692422447
16	WGN36	3.99761964099998	0.329366826567799	1094	3.35135753427546	4.6438817477245
17	WGN36	3.99455409399997	0.329366826567789	1094	3.34829198727548	4.64081620072447
18	WGN36	2.69621378399996	0.329366826567796	1094	2.04995167727545	3.34247589072447
19	WGN36	3.92307414549995	0.329366826567801	1094	3.27681203877543	4.56933625222447
20	WGN36	4.59813074349995	0.329366826567802	1094	3.95186863677542	5.24439285022447
21	WGN36	4.68310502249996	0.329366826567801	1094	4.03684291577544	5.32936712922447
22	WGN36	5.34295454549995	0.3293668265678	1094	4.69669243877543	5.98921665222447
23	WGN36	4.25994297899996	0.329366826567797	1094	3.61368087227545	4.90620508572448
24	WGN36	4.67437062949997	0.329366826567803	1094	4.02810852277544	5.32063273622449
26	WGN36	5.17289377299995	0.329366826567799	1094	4.52663166627543	5.81915587972447
27	WGN36	3.41420588249994	0.3293668265678	1094	2.76794377577542	4.06046798922446
28	WGN36	4.47864493999995	0.329366826567799	1094	3.83238283327543	5.12490704672446
30	WGN36	4.02974060849993	0.329366826567799	1094	3.38347850177542	4.67600271522445
31	WGN36	3.36774193549997	0.329366826567798	1094	2.72147982877545	4.01400404222448
32	WGN36	3.95637885699995	0.329366826567797	1094	3.31011675027543	4.60264096372446
33	WGN36	3.22214627499996	0.329366826567796	1094	2.57588416827545	3.86840838172447
34	WGN36	4.82386156649992	0.329366826567794	1094	4.17759945977542	5.47012367322443
35	WGN36	3.34999999999995	0.329366826567797	1094	2.70373789327544	3.99626210672446
36	WGN36	3.04459259249992	0.329366826567801	1094	2.3983304857754	3.69085469922444
37	WGN36	3.24320921380128	0.465901366888775	1094	2.32904793645299	4.15737049114957
38	WGN36	2.49490103880126	0.465901366888778	1094	1.58073976145296	3.40906231614955
39	WGN36	4.48337104049995	0.329366826567798	1094	3.83710893377543	5.12963314722446
40	WGN36	4.84566997499995	0.329366826567804	1094	4.19940786827543	5.49193208172448
41	WGN36	4.66521739149995	0.329366826567799	1094	4.01895528477543	5.31147949822446
42	WGN36	3.92836134449995	0.329366826567799	1094	3.28209923777543	4.57462345122446
43	WGN36	4.54028228449994	0.329366826567797	1094	3.89402017777543	5.18654439122445
44	WGN36	4.53309701499995	0.3293668265678	1094	3.88683490827543	5.17935912172447
45	WGN36	4.09320895499995	0.329366826567802	1094	3.44694684827543	4.73947106172447
46	WGN36	4.19797587399994	0.3293668265678	1094	3.55171376727542	4.84423798072445
47	WGN36	2.8525530239999	0.329366826567803	1094	2.20629091727538	3.49881513072443
48	WGN36	4.51519282699995	0.329366826567794	1094	3.86893072027544	5.16145493372445
49	WGN36	4.51831232499994	0.329366826567797	1094	3.87205021827543	5.16457443172445
51	WGN36	4.17072047649993	0.329366826567801	1094	3.52445836977541	4.81698258322445
52	WGN36	4.62981786149994	0.329366826567798	1094	3.98355575477543	5.27607996822445
53	WGN36	4.24734605999995	0.329366826567799	1094	3.60108395327543	4.89360816672446
54	WGN36	4.60972049699995	0.329366826567796	1094	3.96345839027544	5.25598260372446
55	WGN36	4.41697444999994	0.3293668265678	1094	3.77071234327543	5.06323655672446
56	WGN36	4.21271121349994	0.329366826567801	1094	3.56644910677543	4.85897332022446
57	WGN36	4.58195970699995	0.329366826567796	1094	3.93569760027544	5.22822181372446
58	WGN36	4.00320346299995	0.329366826567796	1094	3.35694135627544	4.64946556972446
59	WGN36	5.25092532499993	0.329366826567795	1094	4.60466321827542	5.89718743172443
60	WGN36	2.51025137449997	0.329366826567797	1094	1.86398926777546	3.15651348122448
62	WGN36	4.04740767049994	0.329366826567799	1094	3.40114556377543	4.69366977722446
64	WGN36	4.52279411749995	0.329366826567802	1094	3.87653201077543	5.16905622422447
65	WGN36	5.05382462699995	0.329366826567799	1094	4.40756252027544	5.70008673372447
66	WGN36	5.47599796249995	0.329366826567799	1094	4.82973585577543	6.12226006922446
68	WGN36	3.13506860349994	0.329366826567799	1094	2.48880649677543	3.78133071022445
69	WGN36	3.85801339299994	0.329366826567799	1094	3.21175128627543	4.50427549972446
70	WGN36	3.95510752699995	0.329366826567798	1094	3.30884542027544	4.60136963372446
71	WGN36	4.40080503499995	0.329366826567797	1094	3.75454292827544	5.04706714172446
72	WGN36	3.54659090899995	0.329366826567797	1094	2.90032880227544	4.19285301572446
74	WGN36	3.66345036349993	0.3293668265678	1094	3.01718825677542	4.30971247022445
75	WGN36	4.12572843799993	0.329366826567801	1094	3.47946633127541	4.77199054472445
76	WGN36	4.46649060999994	0.3293668265678	1094	3.82022850327542	5.11275271672446
77	WGN36	4.66502192949995	0.3293668265678	1094	4.01875982277543	5.31128403622447
78	WGN36	3.87944444449995	0.329366826567798	1094	3.23318233777544	4.52570655122446
79	WGN36	4.67195994949994	0.329366826567795	1094	4.02569784277544	5.31822205622445
80	WGN36	3.82310267849997	0.329366826567794	1094	3.17684057177547	4.46936478522448
81	WGN36	5.19197518899994	0.329366826567796	1094	4.54571308227542	5.83823729572445
82	WGN36	4.40695154399995	0.329366826567798	1094	3.76068943727544	5.05321365072446
83	WGN36	4.01483216249994	0.329366826567801	1094	3.36857005577542	4.66109426922446
84	WGN36	4.86069661199994	0.329366826567799	1094	4.21443450527543	5.50695871872446
85	WGN36	3.27133123699995	0.329366826567798	1094	2.62506913027544	3.91759334372447
86	WGN36	4.07121322699995	0.329366826567797	1094	3.42495112027544	4.71747533372446
87	WGN36	3.60042726699994	0.329366826567799	1094	2.95416516027542	4.24668937372446
88	WGN36	5.04171554249994	0.329366826567797	1094	4.39545343577543	5.68797764922445
89	WGN36	4.26559597499995	0.329366826567799	1094	3.61933386827543	4.91185808172446
90	WGN36	1.70981698649994	0.329366826567799	1094	1.06355487977543	2.35607909322446
92	WGN36	3.42941176449994	0.3293668265678	1094	2.78314965777542	4.07567387122446
93	WGN36	3.40821462499993	0.329366826567801	1094	2.76195251827541	4.05447673172445
94	WGN36	4.65454851749995	0.329366826567798	1094	4.00828641077544	5.30081062422446
95	WGN36	4.80454963249995	0.329366826567797	1094	4.15828752577543	5.45081173922446
96	WGN36	4.34354508199993	0.329366826567799	1094	3.69728297527542	4.98980718872445
97	WGN36	5.52292207799994	0.329366826567798	1094	4.87665997127542	6.16918418472445
98	WGN36	4.49674748299995	0.329366826567799	1094	3.85048537627543	5.14300958972446
99	WGN36	2.1980260388013	0.465901366888773	1094	1.28386476145301	3.11218731614958
100	WGN36	4.27627504549995	0.329366826567801	1094	3.63001293877543	4.92253715222446
102	WGN36	4.92844574799994	0.329366826567797	1094	4.28218364127543	5.57470785472445
104	WGN36	3.76249999999995	0.329366826567799	1094	3.11623789327544	4.40876210672447
105	WGN36	3.95765170680131	0.465901366888771	1094	3.04349042945303	4.87181298414959
106	WGN36	4.27329749099995	0.329366826567799	1094	3.62703538427543	4.91955959772446
107	WGN36	3.24791987699995	0.329366826567798	1094	2.60165777027544	3.89418198372447
108	WGN36	3.60862196049995	0.329366826567798	1094	2.96235985377544	4.25488406722446
109	WGN36	4.38362068949995	0.3293668265678	1094	3.73735858277543	5.02988279622447
110	WGN36	5.74932614549995	0.329366826567798	1094	5.10306403877543	6.39558825222446
112	WGN36	3.60364145649995	0.329366826567798	1094	2.95737934977543	4.24990356322446
114	WGN36	2.99710743799994	0.329366826567799	1094	2.35084533127543	3.64336954472446
116	WGN36	3.31277777799995	0.329366826567799	1094	2.66651567127543	3.95903988472446
117	WGN36	4.36542792799995	0.329366826567799	1094	3.71916582127544	5.01169003472446
118	WGN36	4.87337662349994	0.329366826567798	1094	4.22711451677543	5.51963873022445
119	WGN36	4.31891100699995	0.329366826567798	1094	3.67264890027543	4.96517311372446
120	WGN36	4.52057718599994	0.329366826567798	1094	3.87431507927543	5.16683929272445
121	WGN36	3.43584082499996	0.3293668265678	1094	2.78957871827544	4.08210293172447
122	WGN36	4.90395480199995	0.329366826567799	1094	4.25769269527543	5.55021690872446
123	WGN36	4.88883349949995	0.329366826567798	1094	4.24257139277543	5.53509560622446
124	WGN36	4.48056777299994	0.3293668265678	1094	3.83430566627543	5.12682987972446
125	WGN36	4.66999999999995	0.329366826567797	1094	4.02373789327543	5.31626210672446
126	WGN36	5.02884615399994	0.329366826567799	1094	4.38258404727543	5.67510826072446
127	WGN36	4.39490031999995	0.329366826567801	1094	3.74863821327543	5.04116242672447
128	WGN36	4.73437863249995	0.3293668265678	1094	4.08811652577543	5.38064073922447
129	WGN36	3.10014394299995	0.329366826567797	1094	2.45388183627544	3.74640604972447
130	WGN36	4.66818181849994	0.329366826567798	1094	4.02191971177543	5.31444392522446
1	WGN38	5.08649712200002	0.329366826567823	1094	4.44023501527546	5.73275922872458
2	WGN38	3.1581832625001	0.329366826567793	1094	2.5119211557756	3.80444536922461
3	WGN38	3.7067796610001	0.329366826567793	1094	3.0605175542756	4.3530417677246
4	WGN38	4.88893280650005	0.329366826567797	1094	4.24267069977554	5.53519491322456
5	WGN38	4.28699152550009	0.329366826567793	1094	3.64072941877558	4.93325363222459
6	WGN38	4.17495955280145	0.465901366888762	1094	3.26079827545319	5.08912083014971
7	WGN38	3.57444029850005	0.329366826567798	1094	2.92817819177553	4.22070240522456
8	WGN38	3.2782506555	0.329366826567803	1094	2.63198854877548	3.92451276222453
10	WGN38	4.42061987700006	0.329366826567795	1094	3.77435777027555	5.06688198372456
11	WGN38	4.57056751450005	0.329366826567799	1094	3.92430540777554	5.21682962122457
12	WGN38	4.67611843780145	0.46590136688876	1094	3.7619571604532	5.59027971514971
13	WGN38	4.16767744350005	0.329366826567796	1094	3.52141533677554	4.81393955022456
14	WGN38	3.91560267850008	0.329366826567795	1094	3.26934057177557	4.56186478522458
16	WGN38	4.14292493500008	0.329366826567799	1094	3.49666282827556	4.78918704172459
18	WGN38	3.68499795550002	0.329366826567799	1094	3.03873584877551	4.33126006222454
19	WGN38	2.72297202800003	0.329366826567802	1094	2.07670992127551	3.36923413472455
20	WGN38	4.45183143650003	0.329366826567801	1094	3.80556932977551	5.09809354322455
21	WGN38	3.53630229400006	0.329366826567798	1094	2.89004018727555	4.18256440072457
22	WGN38	3.99211087450004	0.329366826567806	1094	3.34584876777551	4.63837298122457
23	WGN38	3.37070595900002	0.3293668265678	1094	2.7244438522755	4.01696806572454
24	WGN38	3.32737762250005	0.329366826567801	1094	2.68111551577553	3.97363972922457
26	WGN38	4.54329376350006	0.329366826567799	1094	3.89703165677554	5.18955587022457
27	WGN38	2.9702764980001	0.329366826567793	1094	2.32401439127559	3.6165386047246
28	WGN38	4.68529661000004	0.3293668265678	1094	4.03903450327553	5.33155871672456
29	WGN38	4.67936170200004	0.329366826567799	1094	4.03309959527553	5.32562380872456
30	WGN38	4.11932703000004	0.329366826567797	1094	3.47306492327553	4.76558913672455
32	WGN38	5.16789772750006	0.329366826567797	1094	4.52163562077555	5.81415983422457
33	WGN38	3.01897058800014	0.329366826567793	1094	2.37270848127564	3.66523269472464
34	WGN38	4.28940446650001	0.3293668265678	1094	3.64314235977549	4.93566657322453
35	WGN38	3.87863636350009	0.329366826567794	1094	3.23237425677558	4.52489847022459
36	WGN38	3.39154464300007	0.329366826567795	1094	2.74528253627557	4.03780674972458
37	WGN38	3.97698244250007	0.329366826567795	1094	3.33072033577556	4.62324454922457
38	WGN38	4.87200299700004	0.329366826567796	1094	4.22574089027554	5.51826510372455
39	WGN38	3.94197963800004	0.329366826567799	1094	3.29571753127553	4.58824174472456
40	WGN38	3.86283422450005	0.329366826567802	1094	3.21657211777553	4.50909633122457
41	WGN38	5.18426501050007	0.329366826567797	1094	4.53800290377556	5.83052711722458
42	WGN38	2.67988801450009	0.329366826567796	1094	2.03362590777558	3.3261501212246
45	WGN38	4.11375921400003	0.329366826567801	1094	3.46749710727551	4.76002132072455
46	WGN38	4.53713675200005	0.329366826567797	1094	3.89087464527554	5.18339885872456
47	WGN38	3.82639578150006	0.329366826567797	1094	3.18013367477555	4.47265788822457
48	WGN38	4.74179104500006	0.329366826567797	1094	4.09552893827555	5.38805315172457
49	WGN38	4.41914529900007	0.329366826567796	1094	3.77288319227556	5.06540740572457
50	WGN38	4.91186827950003	0.329366826567799	1094	4.26560617277552	5.55813038622455
51	WGN38	4.24121493300003	0.329366826567802	1094	3.59495282627551	4.88747703972455
52	WGN38	3.15432935300004	0.329366826567799	1094	2.50806724627553	3.80059145972456
53	WGN38	4.04703557300008	0.329366826567797	1094	3.40077346627557	4.69329767972459
54	WGN38	4.14642857150008	0.329366826567792	1094	3.50016646477558	4.79269067822459
55	WGN38	3.45525974000005	0.329366826567797	1094	2.80899763327554	4.10152184672456
56	WGN38	3.54905660400006	0.329366826567797	1094	2.90279449727555	4.19531871072457
59	WGN38	4.54502813100005	0.3293668265678	1094	3.89876602427553	5.19129023772457
61	WGN38	4.31707126750003	0.329366826567802	1094	3.67080916077551	4.96333337422455
63	WGN38	4.18557786300006	0.329366826567799	1094	3.53931575627555	4.83183996972458
64	WGN38	2.46800223500006	0.329366826567798	1094	1.82174012827555	3.11426434172457
65	WGN38	4.39351325750005	0.329366826567796	1094	3.74725115077554	5.03977536422456
66	WGN38	3.83709818800008	0.329366826567796	1094	3.19083608127557	4.48336029472459
67	WGN38	4.88983516450007	0.329366826567795	1094	4.24357305777556	5.53609727122457
68	WGN38	3.37474358950005	0.329366826567799	1094	2.72848148277553	4.02100569622456
69	WGN38	3.63719507100004	0.329366826567799	1094	2.99093296427552	4.28345717772456
70	WGN38	3.39354398850005	0.329366826567798	1094	2.74728188177554	4.03980609522457
72	WGN38	4.30257801900004	0.329366826567801	1094	3.65631591227552	4.94884012572456
73	WGN38	4.48767980400004	0.329366826567798	1094	3.84141769727553	5.13394191072456
74	WGN38	3.91063132800002	0.329366826567802	1094	3.26436922127549	4.55689343472454
76	WGN38	4.49977149200006	0.329366826567798	1094	3.85350938527554	5.14603359872457
77	WGN38	5.16367893000006	0.329366826567799	1094	4.51741682327554	5.80994103672457
78	WGN38	3.79038461550004	0.329366826567799	1094	3.14412250877552	4.43664672222455
80	WGN38	3.84318181800006	0.329366826567797	1094	3.19691971127555	4.48944392472457
81	WGN38	2.44154247350002	0.3293668265678	1094	1.7952803667755	3.08780458022454
82	WGN38	3.88555555550004	0.3293668265678	1094	3.23929344877553	4.53181766222456
83	WGN38	4.65755683080144	0.465901366888769	1094	3.74339555345316	5.57171810814972
84	WGN38	4.39645622400006	0.329366826567799	1094	3.75019411727554	5.04271833072457
85	WGN38	4.41085099150006	0.329366826567798	1094	3.76458888477554	5.05711309822457
86	WGN38	4.24090593150005	0.329366826567799	1094	3.59464382477554	4.88716803822457
87	WGN38	3.11013645200006	0.329366826567799	1094	2.46387434527554	3.75639855872457
88	WGN38	3.52128492150006	0.329366826567798	1094	2.87502281477555	4.16754702822457
89	WGN38	4.03968618450005	0.329366826567799	1094	3.39342407777554	4.68594829122457
90	WGN38	4.39915178550006	0.329366826567798	1094	3.75288967877554	5.04541389222457
91	WGN38	3.90348214300006	0.329366826567798	1094	3.25722003627555	4.54974424972457
92	WGN38	4.46382293100006	0.329366826567798	1094	3.81756082427555	5.11008503772457
93	WGN38	4.45207816400006	0.329366826567798	1094	3.80581605727555	5.09834027072457
94	WGN38	3.89120315950006	0.329366826567798	1094	3.24494105277554	4.53746526622457
95	WGN38	3.79419945750006	0.329366826567798	1094	3.14793735077554	4.44046156422457
96	WGN38	3.47329493050006	0.329366826567798	1094	2.82703282377555	4.11955703722457
97	WGN38	3.89297359350006	0.329366826567798	1094	3.24671148677554	4.53923570022457
98	WGN38	4.59315197000005	0.329366826567798	1094	3.94688986327554	5.23941407672457
99	WGN38	4.13677843800006	0.329366826567799	1094	3.49051633127554	4.78304054472457
100	WGN38	3.87754615850006	0.329366826567799	1094	3.23128405177554	4.52380826522457
101	WGN38	3.84617682800006	0.329366826567798	1094	3.19991472127554	4.49243893472457
102	WGN38	3.97169059000006	0.329366826567798	1094	3.32542848327554	4.61795269672457
103	WGN38	3.96331101350006	0.329366826567799	1094	3.31704890677554	4.60957312022457
104	WGN38	5.31867897750005	0.329366826567798	1094	4.67241687077554	5.96494108422457
106	WGN38	5.02075331080142	0.465901366888771	1094	4.10659203345314	5.9349145881497
107	WGN38	4.60165006200007	0.329366826567796	1094	3.95538795527556	5.24791216872458
108	WGN38	3.9231387341987	0.465901366888768	1094	3.00897745685042	4.83730001154697
109	WGN38	3.82111271719868	0.46590136688877	1094	2.90695143985041	4.73527399454696
110	WGN38	4.81862562150005	0.329366826567799	1094	4.17236351477554	5.46488772822457
111	WGN38	3.63799114750006	0.329366826567798	1094	2.99172904077555	4.28425325422458
112	WGN38	4.14294582480142	0.46590136688877	1094	3.22878454745314	5.05710710214969
113	WGN38	3.73923913050005	0.329366826567799	1094	3.09297702377553	4.38550123722456
114	WGN38	3.49442613650006	0.329366826567798	1094	2.84816402977555	4.14068824322457
115	WGN38	3.73656716400006	0.329366826567798	1094	3.09030505727555	4.38282927072458
1	WGN39	4.6103858785	0.32936682656781	1094	3.96412377177547	5.25664798522454
2	WGN39	3.09671923399999	0.329366826567798	1094	2.45045712727548	3.7429813407245
3	WGN39	2.43779904349999	0.329366826567798	1094	1.79153693677548	3.0840611502245
4	WGN39	3.97036926749998	0.329366826567801	1094	3.32410716077546	4.6166313742245
5	WGN39	4.47388392849999	0.329366826567802	1094	3.82762182177547	5.12014603522451
6	WGN39	4.25039090249999	0.329366826567797	1094	3.60412879577548	4.8966530092245
7	WGN39	3.94192673	0.329366826567798	1094	3.29566462327548	4.58818883672451
8	WGN39	4.52876712349999	0.329366826567795	1094	3.88250501677548	5.1750292302245
9	WGN39	5.61969659899999	0.3293668265678	1094	4.97343449227547	6.2659587057245
10	WGN39	2.78624880050006	0.329366826567793	1094	2.13998669377555	3.43251090722456
11	WGN39	4.69826388899998	0.329366826567799	1094	4.05200178227546	5.34452599572449
12	WGN39	5.48469091549997	0.329366826567801	1094	4.83842880877545	6.13095302222449
13	WGN39	2.88490566049998	0.329366826567797	1094	2.23864355377547	3.53116776722449
14	WGN39	1.97241541349994	0.3293668265678	1094	1.32615330677543	2.61867752022446
15	WGN39	5.58272727249999	0.329366826567797	1094	4.93646516577548	6.2289893792245
16	WGN39	4.94256993	0.3293668265678	1094	4.29630782327548	5.58883203672452
17	WGN39	4.69909553400001	0.329366826567801	1094	4.05283342727549	5.34535764072453
18	WGN39	5.28271396399998	0.329366826567801	1094	4.63645185727546	5.9289760707245
19	WGN39	5.02183388149998	0.329366826567793	1094	4.37557177477547	5.66809598822448
20	WGN39	4.75404911149998	0.329366826567794	1094	4.10778700477548	5.40031121822449
21	WGN39	4.15631578949998	0.329366826567802	1094	3.51005368277546	4.8025778962245
22	WGN39	5.20811126580135	0.465901366888773	1094	4.29394998845307	6.12227254314964
24	WGN39	5.67212328749995	0.329366826567795	1094	5.02586118077545	6.31838539422446
25	WGN39	5.30470990899995	0.329366826567797	1094	4.65844780227544	5.95097201572446
26	WGN39	3.60466638049995	0.329366826567804	1094	2.95840427377542	4.25092848722447
27	WGN39	4.26166801949998	0.329366826567802	1094	3.61540591277546	4.9079301262245
28	WGN39	4.65871848749998	0.329366826567796	1094	4.01245638077547	5.30498059422449
29	WGN39	3.35515954699995	0.329366826567801	1094	2.70889744027543	4.00142165372447
30	WGN39	4.630227743	0.329366826567798	1094	3.98396563627549	5.27648984972451
31	WGN39	3.83025335300001	0.329366826567794	1094	3.1839912462755	4.47651545972451
32	WGN39	5.20080645149999	0.329366826567799	1094	4.55454434477547	5.8470685582245
34	WGN39	4.39072270349998	0.3293668265678	1094	3.74446059677546	5.0369848102245
35	WGN39	3.95809464549997	0.3293668265678	1094	3.31183253877546	4.60435675222449
36	WGN39	3.90102915949998	0.329366826567799	1094	3.25476705277546	4.5472912662245
37	WGN39	3.64438653449999	0.329366826567797	1094	2.99812442777548	4.2906486412245
38	WGN39	3.88029876580137	0.465901366888764	1094	2.96613748845311	4.79446004314964
39	WGN39	5.74368131849999	0.329366826567799	1094	5.09741921177547	6.3899434252245
40	WGN39	7.28896565100003	0.329366826567801	1094	6.64270354427551	7.93522775772455
41	WGN39	4.60312499999998	0.329366826567797	1094	3.95686289327547	5.24938710672449
42	WGN39	3.53467741949998	0.329366826567799	1094	2.88841531277546	4.18093952622449
43	WGN39	5.17220260599998	0.329366826567797	1094	4.52594049927547	5.81846471272449
44	WGN39	3.055097336	0.329366826567796	1094	2.40883522927549	3.70135944272451
45	WGN39	3.68641878699998	0.329366826567798	1094	3.04015668027547	4.3326808937245
46	WGN39	4.54363636349998	0.3293668265678	1094	3.89737425677546	5.1898984702245
47	WGN39	4.06278153149997	0.3293668265678	1094	3.41651942477546	4.70904363822449
48	WGN39	2.07706919950002	0.329366826567796	1094	1.43080709277551	2.72333130622453
49	WGN39	4.00211903849998	0.329366826567798	1094	3.35585693177547	4.6483811452245
50	WGN39	3.83361204049997	0.3293668265678	1094	3.18734993377545	4.47987414722449
51	WGN39	3.99750534549997	0.3293668265678	1094	3.35124323877546	4.64376745222449
52	WGN39	5.9964986735	0.3293668265678	1094	5.35023656677548	6.64276078022452
53	WGN39	4.34913194449998	0.329366826567797	1094	3.70286983777547	4.9953940512245
54	WGN39	4.84285714299998	0.329366826567797	1094	4.19659503627547	5.48911924972449
55	WGN39	4.65909090899999	0.329366826567799	1094	4.01282880227547	5.3053530157245
56	WGN39	5.27660121549998	0.329366826567797	1094	4.63033910877547	5.92286332222449
57	WGN39	5.60204545449997	0.329366826567797	1094	4.95578334777546	6.24830756122448
58	WGN39	4.91936619699998	0.329366826567799	1094	4.27310409027547	5.5656283037245
59	WGN39	3.94253615699999	0.329366826567797	1094	3.29627405027548	4.5887982637245
60	WGN39	3.71832298099998	0.3293668265678	1094	3.07206087427546	4.36458508772449
61	WGN39	5.00093167699999	0.329366826567799	1094	4.35466957027547	5.6471937837245
62	WGN39	3.29130434799998	0.329366826567799	1094	2.64504224127547	3.9375664547245
63	WGN39	3.80273224049998	0.329366826567798	1094	3.15647013377547	4.4489943472245
64	WGN39	4.92228629549998	0.329366826567797	1094	4.27602418877547	5.56854840222449
65	WGN39	4.11374458899998	0.329366826567797	1094	3.46748248227547	4.76000669572449
66	WGN39	3.36867647049999	0.329366826567798	1094	2.72241436377548	4.0149385772245
67	WGN39	4.95627111499997	0.329366826567796	1094	4.31000900827546	5.60253322172449
68	WGN39	3.84548494949998	0.329366826567799	1094	3.19922284277546	4.49174705622449
69	WGN39	5.67884024599997	0.329366826567797	1094	5.03257813927546	6.32510235272448
70	WGN39	4.70949972649998	0.329366826567799	1094	4.06323761977546	5.35576183322449
71	WGN39	4.62807917899998	0.329366826567799	1094	3.98181707227547	5.2743412857245
72	WGN39	3.82612682299998	0.329366826567799	1094	3.17986471627547	4.4723889297245
73	WGN39	4.51398128899998	0.329366826567798	1094	3.86771918227547	5.16024339572449
74	WGN39	5.62593810599998	0.329366826567798	1094	4.97967599927546	6.27220021272449
75	WGN39	3.94362891199999	0.329366826567798	1094	3.29736680527547	4.5898910187245
76	WGN39	6.32518867899998	0.329366826567799	1094	5.67892657227547	6.9714507857245
77	WGN39	2.29860139849998	0.329366826567798	1094	1.65233929177547	2.94486350522449
78	WGN39	4.45197740149998	0.329366826567799	1094	3.80571529477547	5.0982395082245
79	WGN39	5.64837568880134	0.465901366888773	1094	4.73421441145305	6.56253696614962
80	WGN39	2.92041100649998	0.329366826567798	1094	2.27414889977547	3.5666731132245
81	WGN39	2.95073684199996	0.329366826567801	1094	2.30447473527544	3.59699894872448
82	WGN39	4.58532051249998	0.329366826567797	1094	3.93905840577547	5.23158261922449
83	WGN39	4.43323863649998	0.329366826567797	1094	3.78697652977547	5.0795007432245
84	WGN39	4.73051470599998	0.329366826567801	1094	4.08425259927547	5.3767768127245
85	WGN39	4.58340395449998	0.329366826567798	1094	3.93714184777546	5.22966606122449
86	WGN39	4.44342105249998	0.329366826567799	1094	3.79715894577546	5.08968315922449
87	WGN39	4.85415602549999	0.3293668265678	1094	4.20789391877547	5.5004181322245
88	WGN39	2.02057276449999	0.329366826567798	1094	1.37431065777548	2.6668348712245
89	WGN39	4.92137664699998	0.329366826567798	1094	4.27511454027547	5.56763875372449
90	WGN39	4.48541666649998	0.329366826567799	1094	3.83915455977547	5.1316787732245
91	WGN39	1.74359267700001	0.329366826567797	1094	1.0973305702755	2.38985478372452
92	WGN39	1.52385377619865	0.465901366888768	1094	0.609692498850371	2.43801505354692
93	WGN39	4.81866998599998	0.329366826567798	1094	4.17240787927547	5.46493209272449
94	WGN39	2.32129310349997	0.3293668265678	1094	1.67503099677545	2.96755521022448
95	WGN39	5.60814144749998	0.329366826567799	1094	4.96187934077547	6.25440355422449
96	WGN39	5.66186019849998	0.329366826567798	1094	5.01559809177546	6.30812230522449
97	WGN39	4.33054214199998	0.329366826567798	1094	3.68428003527547	4.97680424872449
98	WGN39	4.07551487449998	0.329366826567799	1094	3.42925276777547	4.7217769812245
99	WGN39	3.84701867849998	0.329366826567798	1094	3.20075657177547	4.4932807852245
100	WGN39	3.69936347699998	0.329366826567799	1094	3.05310137027546	4.34562558372449
101	WGN39	3.86428571449998	0.329366826567799	1094	3.21802360777547	4.51054782122449
102	WGN39	5.37173076949998	0.329366826567798	1094	4.72546866277546	6.01799287622449
104	WGN39	6.59152046799998	0.329366826567799	1094	5.94525836127547	7.2377825747245
105	WGN39	5.09970123419861	0.46590136688877	1094	4.18553995685034	6.01386251154689
106	WGN39	4.64794856099998	0.329366826567799	1094	4.00168645427547	5.2942106677245
107	WGN39	3.08994732249998	0.329366826567799	1094	2.44368521577546	3.73620942922449
108	WGN39	5.74248626580137	0.465901366888772	1094	4.82832498845308	6.65664754314965
109	WGN39	4.21271186399998	0.329366826567799	1094	3.56644975727547	4.8589739707245
110	WGN39	4.89092741949998	0.329366826567798	1094	4.24466531277547	5.53718952622449
111	WGN39	4.16014197199998	0.329366826567798	1094	3.51387986527547	4.8064040787245
112	WGN39	4.33992228949998	0.329366826567798	1094	3.69366018277547	4.98618439622449
113	WGN39	3.67955006449998	0.329366826567799	1094	3.03328795777546	4.32581217122449
114	WGN39	4.08676351849998	0.329366826567798	1094	3.44050141177547	4.7330256252245
115	WGN39	4.78971774199998	0.329366826567798	1094	4.14345563527547	5.4359798487245
116	WGN39	4.65208540199998	0.329366826567798	1094	4.00582329527547	5.2983475087245
117	WGN39	4.02611492299998	0.329366826567798	1094	3.37985281627547	4.67237702972449
118	WGN39	3.66391666649998	0.329366826567799	1094	3.01765455977547	4.3101787732245
120	WGN39	2.48374875399998	0.329366826567798	1094	1.83748664727547	3.1300108607245
121	WGN39	3.55773119780135	0.465901366888771	1094	2.64356992045307	4.47189247514963
122	WGN39	4.92210553299998	0.329366826567798	1094	4.27584342627547	5.56836763972449
123	WGN39	5.48190789449998	0.329366826567799	1094	4.83564578777547	6.1281700012245
124	WGN39	5.04776119399998	0.329366826567799	1094	4.40149908727547	5.6940233007245
125	WGN39	3.80479495899998	0.329366826567799	1094	3.15853285227546	4.45105706572449
126	WGN39	2.02789775849997	0.329366826567799	1094	1.38163565177546	2.67415986522449
127	WGN39	5.65902185499998	0.329366826567798	1094	5.01275974827547	6.30528396172449
128	WGN39	5.02687514719862	0.465901366888771	1094	4.11271386985034	5.94103642454689
129	WGN39	6.15578983099999	0.329366826567798	1094	5.50952772427547	6.8020519377245
130	WGN39	4.35038501799998	0.329366826567799	1094	3.70412291127547	4.9966471247245
1	WGN45	3.62209752299994	0.329366826567794	1094	2.97583541627543	4.26835962972444
2	WGN45	4.26428571450001	0.329366826567793	1094	3.6180236077755	4.91054782122451
3	WGN45	3.03062754350001	0.329366826567799	1094	2.38436543677549	3.67688965022452
4	WGN45	3.76334890400004	0.329366826567802	1094	3.11708679727552	4.40961101072456
5	WGN45	4.99195906449995	0.329366826567795	1094	4.34569695777544	5.63822117122445
6	WGN45	3.29919642849997	0.329366826567799	1094	2.65293432177546	3.94545853522449
7	WGN45	4.50534055699999	0.329366826567799	1094	3.85907845027547	5.1516026637245
8	WGN45	4.62666666699993	0.32936682656779	1094	3.98040456027543	5.27292877372442
9	WGN45	3.13575305299999	0.329366826567802	1094	2.48949094627547	3.78201515972451
10	WGN45	4.04226413199999	0.329366826567809	1094	3.39600202527546	4.68852623872452
11	WGN45	4.645550528	0.329366826567799	1094	3.99928842127549	5.29181263472452
12	WGN45	3.78259408599998	0.329366826567798	1094	3.13633197927547	4.42885619272449
13	WGN45	4.34687499999999	0.3293668265678	1094	3.70061289327548	4.99313710672451
14	WGN45	4.28184523800002	0.329366826567799	1094	3.6355831312755	4.92810734472453
15	WGN45	3.05668016199999	0.329366826567794	1094	2.41041805527549	3.7029422687245
16	WGN45	4.77970345649997	0.329366826567797	1094	4.13344134977546	5.42596556322448
17	WGN45	3.92028985499998	0.329366826567801	1094	3.27402774827546	4.5665519617245
18	WGN45	2.0860576925	0.329366826567798	1094	1.43979558577549	2.73231979922452
19	WGN45	3.93776223799998	0.329366826567796	1094	3.29150013127547	4.58402434472449
20	WGN45	3.13831168849998	0.329366826567803	1094	2.49204958177546	3.7845737952245
22	WGN45	3.34670994699998	0.329366826567799	1094	2.70044784027547	3.9929720537245
23	WGN45	5.35339068799999	0.3293668265678	1094	4.70712858127548	5.99965279472451
24	WGN45	2.07470123419864	0.465901366888773	1094	1.16053995685036	2.98886251154692
26	WGN45	2.47849025480137	0.465901366888771	1094	1.56432897745309	3.39265153214965
28	WGN45	3.575	0.329366826567795	1094	2.92873789327549	4.22126210672451
29	WGN45	4.63111111099999	0.329366826567798	1094	3.98484900427548	5.2773732177245
31	WGN45	4.47458386649999	0.329366826567802	1094	3.82832175977547	5.12084597322451
32	WGN45	4.37259953149999	0.3293668265678	1094	3.72633742477547	5.01886163822451
33	WGN45	1.13218982299996	0.3293668265678	1094	0.485927716275444	1.77845192972448
34	WGN45	3.78946022749999	0.329366826567794	1094	3.14319812077548	4.43572233422449
35	WGN45	5.02566666649998	0.329366826567796	1094	4.37940455977547	5.67192877322449
36	WGN45	3.79458363399998	0.329366826567798	1094	3.14832152727547	4.44084574072449
37	WGN45	4.77629370650001	0.329366826567801	1094	4.13003159977549	5.42255581322453
40	WGN45	4.05691244249997	0.329366826567795	1094	3.41065033577547	4.70317454922448
41	WGN45	4.32083221949997	0.329366826567796	1094	3.67457011277546	4.96709432622448
42	WGN45	4.24287813449998	0.329366826567798	1094	3.59661602777547	4.8891402412245
43	WGN45	4.53644556549999	0.329366826567798	1094	3.89018345877548	5.18270767222451
44	WGN45	4.60459770099997	0.329366826567796	1094	3.95833559427546	5.25085980772448
45	WGN45	3.66686007949998	0.329366826567797	1094	3.02059797277547	4.31312218622449
46	WGN45	3.112585034	0.329366826567796	1094	2.46632292727549	3.75884714072451
49	WGN45	3.73323783299998	0.3293668265678	1094	3.08697572627546	4.3794999397245
52	WGN45	4.24136790119862	0.46590136688877	1094	3.32720662385034	5.1555291785469
53	WGN45	3.80551948049999	0.3293668265678	1094	3.15925737377547	4.4517815872245
54	WGN45	2.01098744299995	0.329366826567802	1094	1.36472533627543	2.65724954972447
55	WGN45	4.05714285700001	0.329366826567802	1094	3.41088075027548	4.70340496372453
56	WGN45	4.11566098049998	0.329366826567801	1094	3.46939887377546	4.7619230872245
57	WGN45	2.58080324249999	0.329366826567797	1094	1.93454113577548	3.2270653492245
58	WGN45	4.03181818199999	0.3293668265678	1094	3.38555607527547	4.67808028872451
59	WGN45	3.33250266549999	0.3293668265678	1094	2.68624055877547	3.97876477222451
60	WGN45	3.78058358719861	0.465901366888769	1094	2.86642230985033	4.69474486454689
61	WGN45	4.87492522449999	0.329366826567798	1094	4.22866311777548	5.5211873312245
62	WGN45	3.97237762249999	0.3293668265678	1094	3.32611551577547	4.6186397292245
64	WGN45	3.95514939199999	0.329366826567798	1094	3.30888728527548	4.6014114987245
65	WGN45	4.28342013899999	0.329366826567801	1094	3.63715803227547	4.92968224572451
66	WGN45	3.49346153850001	0.329366826567797	1094	2.8471994317755	4.13972364522452
68	WGN45	4.39243899049999	0.329366826567798	1094	3.74617688377548	5.0387010972245
69	WGN45	4.08244433549998	0.329366826567797	1094	3.43618222877547	4.7287064422245
70	WGN45	3.70248015899998	0.329366826567797	1094	3.05621805227547	4.34874226572449
71	WGN45	5.24769345250001	0.329366826567801	1094	4.60143134577549	5.89395555922453
72	WGN45	3.7304166665	0.329366826567799	1094	3.08415455977548	4.37667877322451
73	WGN45	4.70628018119861	0.465901366888772	1094	3.79211890385033	5.6204414585469
74	WGN45	3.41387019480135	0.46590136688877	1094	2.49970891745307	4.32803147214963
75	WGN45	4.92529876580136	0.46590136688877	1094	4.01113748845308	5.83946004314964
76	WGN45	4.42880952349998	0.329366826567798	1094	3.78254741677546	5.07507163022449
78	WGN45	3.50197396119862	0.46590136688877	1094	2.58781268385034	4.4161352385469
80	WGN45	3.74726027399999	0.3293668265678	1094	3.10099816727547	4.39352238072451
81	WGN45	4.68704372799998	0.329366826567799	1094	4.04078162127547	5.3333058347245
82	WGN45	4.24136790119861	0.465901366888768	1094	3.32720662385034	5.15552917854689
84	WGN45	5.08181818199998	0.329366826567798	1094	4.43555607527547	5.72808028872449
85	WGN45	5.06506820099999	0.329366826567799	1094	4.41880609427547	5.7113303077245
86	WGN45	3.68231492349999	0.329366826567798	1094	3.03605281677548	4.3285770302245
88	WGN45	3.80774358949999	0.329366826567799	1094	3.16148148277547	4.45400569622451
89	WGN45	4.73148395749999	0.329366826567798	1094	4.08522185077548	5.3777460642245
90	WGN45	4.10491935499998	0.329366826567798	1094	3.45865724827547	4.7511814617245
92	WGN45	4.40384615399998	0.329366826567798	1094	3.75758404727547	5.0501082607245
93	WGN45	4.05247901219862	0.46590136688877	1094	3.13831773485034	4.9666402895469
94	WGN45	3.58166666649999	0.329366826567798	1094	2.93540455977548	4.22792877322451
95	WGN45	3.06862745099999	0.329366826567799	1094	2.42236534427547	3.7148895577245
96	WGN45	2.26220123419861	0.465901366888772	1094	1.34803995685033	3.17636251154689
98	WGN45	4.64983766249998	0.329366826567796	1094	4.00357555577547	5.29609976922449
99	WGN45	2.10454404880135	0.465901366888771	1094	1.19038277145307	3.01870532614963
100	WGN45	4.53958821249999	0.329366826567799	1094	3.89332610577548	5.18585031922451
101	WGN45	5.03298519299999	0.329366826567799	1094	4.38672308627547	5.6792472997245
102	WGN45	4.39637664699999	0.329366826567798	1094	3.75011454027547	5.0426387537245
103	WGN45	4.55014662749998	0.329366826567798	1094	3.90388452077547	5.19640873422449
104	WGN45	4.40442176849998	0.329366826567799	1094	3.75815966177547	5.0506838752245
105	WGN45	3.93549331099999	0.329366826567799	1094	3.28923120427547	4.5817554177245
106	WGN45	4.41626045149999	0.329366826567798	1094	3.76999834477547	5.0625225582245
107	WGN45	5.5620454545	0.3293668265678	1094	4.91578334777548	6.20830756122452
108	WGN45	4.36499999999999	0.329366826567798	1094	3.71873789327547	5.0112621067245
109	WGN45	4.31792210799999	0.329366826567799	1094	3.67166000127548	4.96418421472451
110	WGN45	3.50516169149999	0.329366826567798	1094	2.85889958477548	4.1514237982245
111	WGN45	4.95094017099999	0.329366826567799	1094	4.30467806427547	5.5972022777245
114	WGN45	3.42187499999999	0.329366826567799	1094	2.77561289327548	4.0681371067245
116	WGN45	4.12185798049999	0.329366826567798	1094	3.47559587377547	4.7681200872245
117	WGN45	0.139584479801343	0.46590136688877	1094	-0.774576797546935	1.05374575714962
118	WGN45	2.99792047049999	0.329366826567798	1094	2.35165836377547	3.6441825772245
119	WGN45	3.72408505399999	0.329366826567798	1094	3.07782294727548	4.3703471607245
120	WGN45	4.60040983599999	0.329366826567798	1094	3.95414772927547	5.2466719427245
121	WGN45	5.19076005949999	0.329366826567798	1094	4.54449795277547	5.8370221662245
122	WGN45	4.87773153719862	0.465901366888771	1094	3.96357025985034	5.7918928145469
123	WGN45	3.17373626580136	0.46590136688877	1094	2.25957498845308	4.08789754314964
124	WGN45	3.76115056799999	0.329366826567798	1094	3.11488846127547	4.4074126747245
126	WGN45	4.36501865649999	0.329366826567799	1094	3.71875654977547	5.0112807632245
127	WGN45	4.18477611949999	0.329366826567798	1094	3.53851401277547	4.8310382262245
128	WGN45	4.56085858549999	0.329366826567798	1094	3.91459647877547	5.2071206922245
129	WGN45	4.12761569699999	0.329366826567799	1094	3.48135359027547	4.7738778037245
1	WGN46	5.94987556599998	0.329366826567802	1094	5.30361345927546	6.59613767272451
2	WGN46	3.97318681299998	0.329366826567801	1094	3.32692470627546	4.6194489197245
3	WGN46	4.63541666649997	0.329366826567802	1094	3.98915455977545	5.28167877322449
4	WGN46	4.42353616550009	0.329366826567798	1094	3.77727405877557	5.0697982722246
6	WGN46	3.8476835355	0.3293668265678	1094	3.20142142877548	4.49394564222452
7	WGN46	4.81203208549999	0.329366826567797	1094	4.16576997877548	5.45829419222451
8	WGN46	4.7257107755	0.3293668265678	1094	4.07944866877548	5.37197288222452
9	WGN46	4.26924439200007	0.329366826567794	1094	3.62298228527556	4.91550649872457
10	WGN46	4.09640434199999	0.3293668265678	1094	3.45014223527547	4.74266644872451
11	WGN46	4.87686956500002	0.329366826567798	1094	4.23060745827551	5.52313167172454
12	WGN46	3.78391574150002	0.329366826567795	1094	3.13765363477551	4.43017784822453
13	WGN46	4.42555282549998	0.329366826567801	1094	3.77929071877546	5.07181493222449
14	WGN46	3.62856187949998	0.3293668265678	1094	2.98229977277546	4.27482398622449
15	WGN46	4.89450757600004	0.329366826567795	1094	4.24824546927553	5.54076968272455
16	WGN46	4.89576623399998	0.329366826567802	1094	4.24950412727546	5.5420283407245
17	WGN46	3.93396049319869	0.465901366888769	1094	3.01979921585041	4.84812177054696
18	WGN46	4.62237499999996	0.329366826567804	1094	3.97611289327544	5.26863710672449
19	WGN46	4.60491905350003	0.3293668265678	1094	3.95865694677552	5.25118116022455
20	WGN46	5.11099842250001	0.329366826567799	1094	4.46473631577549	5.75726052922452
21	WGN46	4.7153262341987	0.465901366888762	1094	3.80116495685044	5.62948751154697
22	WGN46	4.23528688500001	0.3293668265678	1094	3.58902477827549	4.88154899172453
23	WGN46	5.08068338080139	0.46590136688877	1094	4.16652210345311	5.99484465814967
24	WGN46	4.70559375	0.329366826567799	1094	4.05933164327549	5.35185585672452
25	WGN46	3.58207819500005	0.329366826567796	1094	2.93581608827554	4.22834030172456
26	WGN46	4.35677213950003	0.329366826567798	1094	3.71051003277552	5.00303424622455
27	WGN46	3.03742773349995	0.329366826567802	1094	2.39116562677543	3.68368984022447
28	WGN46	3.73342913900008	0.329366826567795	1094	3.08716703227558	4.37969124572459
29	WGN46	3.834093137	0.3293668265678	1094	3.18783103027548	4.48035524372451
30	WGN46	4.60267508600001	0.3293668265678	1094	3.95641297927549	5.24893719272452
31	WGN46	6.45697985200001	0.329366826567799	1094	5.81071774527549	7.10324195872452
32	WGN46	5.75100572199999	0.329366826567796	1094	5.10474361527548	6.3972678287245
33	WGN46	4.26457680249998	0.329366826567801	1094	3.61831469577546	4.9108389092245
34	WGN46	4.96700498499998	0.329366826567801	1094	4.32074287827546	5.6132670917245
36	WGN46	4.72758620700003	0.3293668265678	1094	4.08132410027551	5.37384831372455
37	WGN46	5.13676346800003	0.329366826567799	1094	4.49050136127551	5.78302557472454
38	WGN46	5.997857143	0.329366826567798	1094	5.35159503627549	6.64411924972452
39	WGN46	2.99140046080139	0.465901366888771	1094	2.07723918345311	3.90556173814967
40	WGN46	4.425747198	0.3293668265678	1094	3.77948509127549	5.07200930472452
41	WGN46	5.14711538450003	0.329366826567799	1094	4.50085327777551	5.79337749122454
42	WGN46	2.83828289950003	0.329366826567797	1094	2.19202079277552	3.48454500622454
43	WGN46	3.54551282049997	0.3293668265678	1094	2.89925071377545	4.19177492722449
44	WGN46	4.20504918050003	0.329366826567797	1094	3.55878707377552	4.85131128722454
45	WGN46	3.62767241399998	0.3293668265678	1094	2.98141030727546	4.2739345207245
46	WGN46	4.47593163150005	0.329366826567795	1094	3.82966952477555	5.12219373822456
47	WGN46	4.56713286750001	0.3293668265678	1094	3.9208707607755	5.21339497422453
48	WGN46	4.52868357499997	0.329366826567803	1094	3.88242146827545	5.17494568172449
49	WGN46	4.28032624400001	0.329366826567798	1094	3.6340641372755	4.92658835072452
50	WGN46	5.30833711950002	0.329366826567797	1094	4.66207501277551	5.95459922622453
51	WGN46	4.77007488480137	0.465901366888771	1094	3.85591360745309	5.68423616214965
52	WGN46	4.28299373050002	0.329366826567797	1094	3.63673162377551	4.92925583722453
53	WGN46	4.96399828750001	0.329366826567799	1094	4.3177361807755	5.61026039422453
54	WGN46	4.61500000000002	0.329366826567798	1094	3.96873789327551	5.26126210672454
55	WGN46	4.68633772680138	0.465901366888771	1094	3.7721764494531	5.60049900414966
56	WGN46	3.92167710650001	0.329366826567801	1094	3.27541499977549	4.56793921322453
57	WGN46	3.90000000000001	0.329366826567798	1094	3.2537378932755	4.54626210672453
58	WGN46	3.98478678050005	0.329366826567795	1094	3.33852467377554	4.63104888722456
59	WGN46	5.436959827	0.3293668265678	1094	4.79069772027548	6.08322193372452
60	WGN46	4.61764564300002	0.329366826567797	1094	3.97138353627551	5.26390774972453
61	WGN46	5.03541666650001	0.329366826567799	1094	4.3891545597755	5.68167877322453
62	WGN46	4.41188481300004	0.329366826567795	1094	3.76562270627553	5.05814691972455
63	WGN46	4.79729597700002	0.329366826567797	1094	4.15103387027551	5.44355808372453
64	WGN46	4.3090759975	0.329366826567799	1094	3.66281389077548	4.95533810422451
65	WGN46	5.88438967480137	0.46590136688877	1094	4.9702283974531	6.79855095214965
66	WGN46	3.6286363635	0.329366826567799	1094	2.98237425677548	4.27489847022451
67	WGN46	3.98064516150001	0.329366826567799	1094	3.33438305477549	4.62690726822452
68	WGN46	3.28220620850002	0.329366826567799	1094	2.6359441017755	3.92846831522453
69	WGN46	4.5745149255	0.329366826567797	1094	3.92825281877549	5.22077703222451
70	WGN46	5.03883004300002	0.329366826567797	1094	4.39256793627551	5.68509214972453
71	WGN46	5.15650793650001	0.329366826567798	1094	4.51024582977549	5.80277004322452
72	WGN46	5.25455101550002	0.3293668265678	1094	4.6082889087755	5.90081312222453
73	WGN46	3.86312371850003	0.329366826567798	1094	3.21686161177551	4.50938582522454
74	WGN46	4.99371040750001	0.329366826567797	1094	4.3474483007755	5.63997251422453
75	WGN46	4.64588207199998	0.329366826567802	1094	3.99961996527546	5.2921441787245
76	WGN46	5.19512987000001	0.3293668265678	1094	4.54886776327549	5.84139197672452
78	WGN46	5.09100649350003	0.329366826567796	1094	4.44474438677552	5.73726860022454
79	WGN46	5.060695187	0.329366826567798	1094	4.41443308027549	5.70695729372452
80	WGN46	5.00335648150001	0.329366826567797	1094	4.3570943747755	5.64961858822452
81	WGN46	3.85677966100002	0.329366826567798	1094	3.2105175542755	4.50304176772453
82	WGN46	4.42430767800002	0.329366826567798	1094	3.77804557127551	5.07056978472454
83	WGN46	5.499411526	0.329366826567799	1094	4.85314941927549	6.14567363272452
84	WGN46	2.97487135500002	0.329366826567798	1094	2.32860924827551	3.62113346172453
85	WGN46	5.15859375000002	0.329366826567797	1094	4.5123316432755	5.80485585672453
86	WGN46	4.95761385200002	0.329366826567798	1094	4.31135174527551	5.60387595872454
87	WGN46	4.57830725450001	0.329366826567799	1094	3.9320451477755	5.22456936122453
88	WGN46	4.30078125000002	0.329366826567798	1094	3.65451914327551	4.94704335672454
89	WGN46	5.53246794900001	0.329366826567799	1094	4.8862058422755	6.17873005572453
90	WGN46	3.19983552649999	0.329366826567799	1094	2.55357341977548	3.84609763322451
91	WGN46	4.45117182219866	0.465901366888767	1094	3.53701054485038	5.36533309954693
93	WGN46	5.14545454550001	0.329366826567799	1094	4.4991924387755	5.79171665222453
94	WGN46	4.89322937650001	0.329366826567799	1094	4.24696726977549	5.53949148322453
95	WGN46	4.98942906400002	0.329366826567797	1094	4.34316695727551	5.63569117072453
96	WGN46	3.495199737	0.329366826567799	1094	2.84893763027549	4.14146184372452
98	WGN46	4.9958333335	0.329366826567799	1094	4.34957122677549	5.64209544022452
100	WGN46	5.00557644100002	0.329366826567798	1094	4.3593143342755	5.65183854772453
101	WGN46	5.006543779	0.329366826567799	1094	4.36028167227549	5.65280588572452
102	WGN46	4.6591991345	0.329366826567799	1094	4.01293702777549	5.30546124122452
103	WGN46	4.2620483685	0.329366826567798	1094	3.61578626177549	4.90831047522452
104	WGN46	3.87301495949999	0.329366826567799	1094	3.22675285277547	4.5192770662245
106	WGN46	3.76326813300002	0.329366826567798	1094	3.1170060262755	4.40953023972453
107	WGN46	4.35589772750001	0.329366826567799	1094	3.7096356207755	5.00215983422452
108	WGN46	4.46783723549999	0.3293668265678	1094	3.82157512877547	5.11409934222451
109	WGN46	3.97450704250001	0.329366826567799	1094	3.32824493577549	4.62076914922452
110	WGN46	5.26022000400001	0.329366826567799	1094	4.61395789727549	5.90648211072452
111	WGN46	3.62426470600001	0.329366826567798	1094	2.9780025992755	4.27052681272452
112	WGN46	5.35439882700001	0.329366826567799	1094	4.70813672027549	6.00066093372452
113	WGN46	4.250821825	0.329366826567799	1094	3.60455971827549	4.89708393172452
114	WGN46	5.52668016200001	0.329366826567799	1094	4.88041805527549	6.17294226872452
115	WGN46	3.81512553550001	0.329366826567799	1094	3.16886342877549	4.46138764222452
116	WGN46	4.59586206900001	0.329366826567798	1094	3.9495999622755	5.24212417572452
117	WGN46	3.88032388650001	0.329366826567799	1094	3.23406177977549	4.52658599322452
118	WGN46	4.93470123419864	0.46590136688877	1094	4.02053995685036	5.84886251154692
119	WGN46	4.43384615400001	0.329366826567799	1094	3.7875840472755	5.08010826072452
120	WGN46	4.84633416950001	0.329366826567799	1094	4.20007206277549	5.49259627622452
121	WGN46	4.08179015250001	0.329366826567799	1094	3.4355280457755	4.72805225922452
122	WGN46	4.369327911	0.329366826567799	1094	3.72306580427549	5.01559001772452
123	WGN46	4.63520974	0.329366826567799	1094	3.98894763327549	5.28147184672452
124	WGN46	3.09477272750001	0.329366826567799	1094	2.44851062077549	3.74103483422452
125	WGN46	4.005360577	0.329366826567799	1094	3.35909847027549	4.65162268372452
126	WGN46	4.475544794	0.329366826567799	1094	3.82928268727549	5.12180690072452
127	WGN46	5.383614865	0.329366826567799	1094	4.73735275827549	6.02987697172452
128	WGN46	4.81476934500001	0.329366826567799	1094	4.16850723827549	5.46103145172452
129	WGN46	5.02154961200001	0.329366826567799	1094	4.37528750527549	5.66781171872452
130	WGN46	5.702969065	0.329366826567799	1094	5.05670695827549	6.34923117172452
1	WGN55	3.85181861150007	0.329366826567799	1094	3.20555650477555	4.49808071822458
2	WGN55	3.46922348450002	0.329366826567798	1094	2.8229613777755	4.11548559122453
3	WGN55	3.79919632600001	0.329366826567804	1094	3.15293421927548	4.44545843272453
4	WGN55	4.89820616900001	0.329366826567802	1094	4.25194406227549	5.54446827572453
5	WGN55	4.75844408100002	0.329366826567802	1094	4.11218197427549	5.40470618772454
6	WGN55	5.63116438349998	0.329366826567796	1094	4.98490227677547	6.27742649022449
7	WGN55	4.40631422899999	0.329366826567799	1094	3.76005212227548	5.05257633572451
8	WGN55	4.28410714299999	0.329366826567797	1094	3.63784503627548	4.9303692497245
9	WGN55	3.94859154899999	0.3293668265678	1094	3.30232944227548	4.59485365572451
10	WGN55	5.16779220799996	0.329366826567795	1094	4.52153010127545	5.81405431472447
11	WGN55	4.35126944100003	0.329366826567799	1094	3.70500733427551	4.99753154772454
12	WGN55	4.45406588880138	0.465901366888766	1094	3.53990461145311	5.36822716614965
13	WGN55	4.0889545455	0.3293668265678	1094	3.44269243877548	4.73521665222452
14	WGN55	4.29514374549998	0.329366826567798	1094	3.64888163877547	4.9414058522245
15	WGN55	4.5509598215	0.329366826567797	1094	3.90469771477549	5.19722192822451
16	WGN55	4.42627840900002	0.329366826567799	1094	3.7800163022755	5.07254051572453
17	WGN55	4.03179227180136	0.465901366888769	1094	3.11763099445309	4.94595354914964
18	WGN55	3.94291016350001	0.3293668265678	1094	3.29664805677549	4.58917227022453
19	WGN55	4.84238095200002	0.329366826567801	1094	4.19611884527551	5.48864305872454
20	WGN55	5.43930565049996	0.329366826567795	1094	4.79304354377545	6.08556775722446
21	WGN55	4.64476679099998	0.329366826567797	1094	3.99850468427547	5.2910288977245
22	WGN55	5.12754208749999	0.329366826567797	1094	4.48127998077548	5.77380419422451
23	WGN55	5.3620259945	0.329366826567798	1094	4.71576388777548	6.00828810122451
24	WGN55	3.48625343249999	0.329366826567797	1094	2.83999132577548	4.1325155392245
25	WGN55	4.1767043165	0.3293668265678	1094	3.53044220977549	4.82296642322452
26	WGN55	4.58265283999998	0.329366826567801	1094	3.93639073327547	5.2289149467245
27	WGN55	4.15487623080137	0.46590136688877	1094	3.24071495345309	5.06903750814964
28	WGN55	3.98182050480135	0.46590136688877	1094	3.06765922745307	4.89598178214963
29	WGN55	4.3719355985	0.329366826567797	1094	3.72567349177549	5.01819770522451
30	WGN55	5.34140624999996	0.329366826567796	1094	4.69514414327545	5.98766835672447
31	WGN55	3.59272349249997	0.329366826567798	1094	2.94646138577546	4.23898559922448
32	WGN55	3.9226027395	0.329366826567799	1094	3.27634063277548	4.56886484622451
33	WGN55	4.8877597405	0.329366826567799	1094	4.24149763377548	5.53402184722451
34	WGN55	4.36490209249999	0.329366826567798	1094	3.71863998577548	5.0111641992245
35	WGN55	5.60240579099998	0.329366826567797	1094	4.95614368427546	6.24866789772449
36	WGN55	4.37754065049999	0.3293668265678	1094	3.73127854377547	5.0238027572245
37	WGN55	4.60359477149998	0.329366826567795	1094	3.95733266477548	5.24985687822449
38	WGN55	3.64087516949999	0.329366826567796	1094	2.99461306277549	4.2871372762245
40	WGN55	3.77452953480137	0.465901366888768	1094	2.86036825745309	4.68869081214964
41	WGN55	4.1947991895	0.3293668265678	1094	3.54853708277548	4.84106129622451
42	WGN55	4.36660256449998	0.329366826567795	1094	3.72034045777548	5.01286467122449
43	WGN55	4.39736842099999	0.3293668265678	1094	3.75110631427548	5.04363052772451
44	WGN55	4.54982923499999	0.329366826567798	1094	3.90356712827548	5.19609134172451
45	WGN55	4.164047443	0.3293668265678	1094	3.51778533627548	4.81030954972451
46	WGN55	3.457490397	0.329366826567798	1094	2.81122829027548	4.10375250372451
47	WGN55	4.3722876085	0.3293668265678	1094	3.72602550177548	5.01854971522452
48	WGN55	4.14027074649998	0.329366826567796	1094	3.49400863977547	4.78653285322449
49	WGN55	5.32136021849995	0.329366826567796	1094	4.67509811177544	5.96762232522446
50	WGN55	5.13814535900001	0.329366826567801	1094	4.49188325227549	5.78440746572453
52	WGN55	3.94668124	0.329366826567801	1094	3.30041913327548	4.59294334672452
53	WGN55	3.817269737	0.329366826567798	1094	3.17100763027548	4.46353184372451
54	WGN55	3.798021987	0.329366826567799	1094	3.15175988027548	4.44428409372452
55	WGN55	3.80124777199999	0.329366826567798	1094	3.15498566527548	4.4475098787245
56	WGN55	5.04732203900002	0.329366826567799	1094	4.4010599322755	5.69358414572453
57	WGN55	4.0830882355	0.329366826567797	1094	3.43682612877549	4.72935034222451
58	WGN55	5.28568876699999	0.329366826567797	1094	4.63942666027548	5.9319508737245
59	WGN55	4.458747776	0.3293668265678	1094	3.81248566927548	5.10500988272451
60	WGN55	4.8522664835	0.3293668265678	1094	4.20600437677549	5.49852859022452
61	WGN55	3.45702638699999	0.329366826567797	1094	2.81076428027548	4.1032884937245
62	WGN55	4.7913975155	0.329366826567798	1094	4.14513540877549	5.43765962222451
63	WGN55	4.48530813399999	0.329366826567798	1094	3.83904602727548	5.1315702407245
64	WGN55	5.26312926900003	0.329366826567801	1094	4.61686716227551	5.90939137572455
65	WGN55	4.50887381299999	0.329366826567797	1094	3.86261170627548	5.1551359197245
66	WGN55	3.32185483849999	0.329366826567802	1094	2.67559273177547	3.96811694522451
67	WGN55	4.98472480099998	0.329366826567798	1094	4.33846269427547	5.6309869077245
68	WGN55	3.42933436499999	0.329366826567797	1094	2.78307225827548	4.0755964717245
69	WGN55	4.537377049	0.329366826567799	1094	3.89111494227548	5.18363915572451
70	WGN55	4.60967741949999	0.329366826567798	1094	3.96341531277548	5.2559395262245
71	WGN55	4.21156891499999	0.329366826567797	1094	3.56530680827548	4.8578310217245
72	WGN55	4.62458665049998	0.329366826567797	1094	3.97832454377547	5.2708487572245
73	WGN55	4.53895790199999	0.329366826567799	1094	3.89269579527547	5.1852200087245
74	WGN55	3.990287559	0.329366826567798	1094	3.34402545227548	4.63654966572451
75	WGN55	4.05556503199999	0.329366826567797	1094	3.40930292527548	4.70182713872451
76	WGN55	4.14545454549999	0.329366826567798	1094	3.49919243877548	4.7917166522245
77	WGN55	4.28626954749999	0.329366826567797	1094	3.64000744077548	4.9325316542245
78	WGN55	3.60730698549999	0.329366826567799	1094	2.96104487877548	4.25356909222451
80	WGN55	3.730512538	0.329366826567798	1094	3.08425043127548	4.37677464472451
81	WGN55	3.71446725299999	0.329366826567799	1094	3.06820514627548	4.36072935972451
82	WGN55	4.604243448	0.3293668265678	1094	3.95798134127548	5.25050555472452
83	WGN55	3.82788896449999	0.329366826567801	1094	3.18162685777548	4.47415107122451
84	WGN55	3.15724637699999	0.329366826567798	1094	2.51098427027548	3.80350848372451
85	WGN55	5.2836351445	0.329366826567799	1094	4.63737303777548	5.92989725122452
86	WGN55	3.66298858149999	0.329366826567798	1094	3.01672647477548	4.30925068822451
87	WGN55	3.95288018449999	0.329366826567798	1094	3.30661807777548	4.59914229122451
88	WGN55	4.01722873899999	0.329366826567798	1094	3.37096663227548	4.66349084572451
89	WGN55	5.09892951249999	0.329366826567798	1094	4.45266740577548	5.7451916192245
90	WGN55	3.17162337699999	0.329366826567799	1094	2.52536127027547	3.8178854837245
91	WGN55	4.79835321449999	0.329366826567798	1094	4.15209110777548	5.44461532122451
92	WGN55	3.7332951945	0.329366826567799	1094	3.08703308777548	4.37955730122451
93	WGN55	4.304953917	0.329366826567799	1094	3.65869181027548	4.95121602372451
94	WGN55	4.90534108949999	0.329366826567799	1094	4.25907898277548	5.55160319622451
95	WGN55	4.485169173	0.329366826567799	1094	3.83890706627548	5.13143127972452
96	WGN55	3.44099999999999	0.329366826567798	1094	2.79473789327548	4.08726210672451
97	WGN55	3.777922078	0.329366826567798	1094	3.13165997127548	4.42418418472451
98	WGN55	3.93585147249999	0.329366826567798	1094	3.28958936577548	4.58211357922451
99	WGN55	4.65391389449999	0.329366826567798	1094	4.00765178777548	5.30017600122451
100	WGN55	4.054825175	0.329366826567799	1094	3.40856306827548	4.70108728172451
101	WGN55	4.08499194199999	0.329366826567798	1094	3.43872983527548	4.73125404872451
102	WGN55	4.33424764899999	0.329366826567799	1094	3.68798554227548	4.98050975572451
103	WGN55	4.22561542949999	0.329366826567798	1094	3.57935332277548	4.87187753622451
104	WGN55	3.42401630219862	0.465901366888771	1094	2.50985502485034	4.3381775795469
105	WGN55	4.60240437149999	0.329366826567798	1094	3.95614226477548	5.2486664782245
106	WGN55	4.04905200399999	0.329366826567798	1094	3.40278989727548	4.69531411072451
107	WGN55	4.620119048	0.329366826567799	1094	3.97385694127548	5.26638115472451
108	WGN55	5.3465753425	0.329366826567799	1094	4.70031323577548	5.99283744922451
109	WGN55	4.517293965	0.329366826567799	1094	3.87103185827548	5.16355607172451
110	WGN55	4.2128571425	0.329366826567798	1094	3.56659503577548	4.85911924922451
111	WGN55	5.427730687	0.329366826567799	1094	4.78146858027548	6.07399279372451
112	WGN55	4.29869336149999	0.329366826567798	1094	3.65243125477548	4.94495546822451
113	WGN55	4.51383205449999	0.329366826567798	1094	3.86756994777548	5.16009416122451
114	WGN55	4.52043902199999	0.329366826567798	1094	3.87417691527548	5.16670112872451
115	WGN55	4.03024943749999	0.329366826567798	1094	3.38398733077548	4.67651154422451
116	WGN55	3.43025679019863	0.46590136688877	1094	2.51609551285035	4.3444180675469
117	WGN55	3.15568356399999	0.329366826567799	1094	2.50942145727548	3.80194567072451
118	WGN55	5.12814998099999	0.329366826567798	1094	4.48188787427548	5.77441208772451
119	WGN55	4.288869863	0.329366826567799	1094	3.64260775627548	4.93513196972451
120	WGN55	4.29443817049999	0.329366826567799	1094	3.64817606377548	4.94070027722451
121	WGN55	4.21805057949999	0.329366826567798	1094	3.57178847277548	4.86431268622451
122	WGN55	4.99212955749999	0.329366826567798	1094	4.34586745077548	5.63839166422451
123	WGN55	4.20082805149999	0.329366826567798	1094	3.55456594477548	4.84709015822451
124	WGN55	4.52716894999999	0.329366826567798	1094	3.88090684327548	5.17343105672451
125	WGN55	3.54865560649999	0.329366826567799	1094	2.90239349977548	4.19491771322451
126	WGN55	4.68912952749999	0.329366826567799	1094	4.04286742077548	5.33539163422451
128	WGN55	3.90385252699999	0.329366826567798	1094	3.25759042027548	4.55011463372451
129	WGN55	4.8854577465	0.329366826567798	1094	4.23919563977548	5.53171985322451
130	WGN55	4.06482843099999	0.329366826567799	1094	3.41856632427548	4.71109053772451
1	WGN63	4.77476190449998	0.3293668265678	1094	4.12849979777546	5.4210240112245
2	WGN63	3.47366666649995	0.3293668265678	1094	2.82740455977543	4.11992877322446
3	WGN63	3.56115384599997	0.329366826567796	1094	2.91489173927546	4.20741595272448
4	WGN63	3.33002070349999	0.329366826567796	1094	2.68375859677549	3.9762828102245
5	WGN63	3.45751748249998	0.329366826567797	1094	2.81125537577546	4.10377958922449
6	WGN63	3.99613209880135	0.465901366888768	1094	3.08197082145308	4.91029337614963
7	WGN63	3.61721311449994	0.329366826567797	1094	2.97095100777543	4.26347522122445
8	WGN63	4.47917422849997	0.3293668265678	1094	3.83291212177545	5.12543633522448
9	WGN63	4.36266233799997	0.3293668265678	1094	3.71640023127545	5.00892444472448
10	WGN63	4.05469847749999	0.329366826567795	1094	3.40843637077548	4.7009605842245
12	WGN63	3.23431687699997	0.329366826567796	1094	2.58805477027546	3.88057898372448
13	WGN63	4.06425347319861	0.465901366888768	1094	3.15009219585033	4.97841475054688
14	WGN63	3.69007352949999	0.329366826567795	1094	3.04381142277548	4.33633563622449
16	WGN63	2.9853225804999	0.329366826567801	1094	2.33906047377538	3.63158468722442
17	WGN63	4.07283974980137	0.465901366888769	1094	3.15867847245309	4.98700102714964
18	WGN63	3.39666666649996	0.329366826567798	1094	2.75040455977545	4.04292877322448
19	WGN63	4.17361145099995	0.329366826567799	1094	3.52734934427544	4.81987355772447
20	WGN63	4.42293478249997	0.329366826567796	1094	3.77667267577546	5.06919688922448
21	WGN63	4.18884963249998	0.329366826567799	1094	3.54258752577547	4.8351117392245
22	WGN63	4.59715117949998	0.329366826567799	1094	3.95088907277547	5.2434132862245
23	WGN63	4.08680718199997	0.329366826567796	1094	3.44054507527546	4.73306928872447
24	WGN63	5.23727272749995	0.329366826567797	1094	4.59101062077544	5.88353483422446
25	WGN63	3.36263157899998	0.329366826567797	1094	2.71636947227547	4.00889368572449
26	WGN63	3.97792929299996	0.3293668265678	1094	3.33166718627544	4.62419139972448
27	WGN63	4.54698464949995	0.329366826567801	1094	3.90072254277543	5.19324675622447
28	WGN63	3.23016806749996	0.329366826567798	1094	2.58390596077545	3.87643017422448
29	WGN63	3.83134328349993	0.329366826567801	1094	3.18508117677541	4.47760539022445
30	WGN63	4.49628151249997	0.3293668265678	1094	3.85001940577546	5.14254361922449
31	WGN63	3.58197115399995	0.329366826567801	1094	2.93570904727543	4.22823326072447
32	WGN63	3.68275862049997	0.329366826567798	1094	3.03649651377545	4.32902072722448
33	WGN63	3.40056818199994	0.3293668265678	1094	2.75430607527543	4.04683028872446
34	WGN63	4.05561740899998	0.329366826567798	1094	3.40935530227546	4.70187951572449
35	WGN63	4.18211954849996	0.3293668265678	1094	3.53585744177545	4.82838165522448
36	WGN63	4.03438967480133	0.465901366888771	1094	3.12022839745305	4.94855095214961
37	WGN63	3.802523099	0.329366826567796	1094	3.15626099227549	4.4487852057245
38	WGN63	2.58057692299997	0.329366826567799	1094	1.93431481627546	3.22683902972449
39	WGN63	3.77787144349997	0.329366826567798	1094	3.13160933677546	4.42413355022449
40	WGN63	1.46978291299994	0.3293668265678	1094	0.823520806275422	2.11604501972445
41	WGN63	2.95863209880134	0.46590136688877	1094	2.04447082145306	3.87279337614962
42	WGN63	4.44643678149997	0.329366826567796	1094	3.80017467477546	5.09269888822448
43	WGN63	4.06269230749996	0.329366826567798	1094	3.41643020077545	4.70895441422448
44	WGN63	3.84497716899995	0.3293668265678	1094	3.19871506227544	4.49123927572447
45	WGN63	3.45267717349995	0.3293668265678	1094	2.80641506677544	4.09893928022447
46	WGN63	3.81921296299998	0.329366826567796	1094	3.17295085627547	4.46547506972449
47	WGN63	2.99815658199997	0.329366826567798	1094	2.35189447527545	3.64441868872448
48	WGN63	4.79925986849997	0.329366826567801	1094	4.15299776177545	5.44552197522449
49	WGN63	4.75996579599997	0.3293668265678	1094	4.11370368927545	5.40622790272448
50	WGN63	3.60067934799995	0.329366826567801	1094	2.95441724127544	4.24694145472447
51	WGN63	2.94938477819859	0.465901366888771	1094	2.03522350085031	3.86354605554687
52	WGN63	3.95895316799995	0.3293668265678	1094	3.31269106127544	4.60521527472447
53	WGN63	4.16378474449997	0.329366826567798	1094	3.51752263777546	4.81004685122448
54	WGN63	3.42982243749996	0.329366826567798	1094	2.78356033077545	4.07608454422447
55	WGN63	3.66838534599996	0.3293668265678	1094	3.02212323927544	4.31464745272448
56	WGN63	2.96916882399999	0.329366826567797	1094	2.32290671727548	3.6154309307245
57	WGN63	4.15484374999997	0.329366826567799	1094	3.50858164327545	4.80110585672448
58	WGN63	3.54040404049995	0.3293668265678	1094	2.89414193377544	4.18666614722447
59	WGN63	2.96340086649998	0.329366826567797	1094	2.31713875977547	3.60966297322449
60	WGN63	4.57972704749996	0.329366826567798	1094	3.93346494077545	5.22598915422448
61	WGN63	4.44194139199996	0.3293668265678	1094	3.79567928527545	5.08820349872448
62	WGN63	5.04098360649997	0.329366826567799	1094	4.39472149977545	5.68724571322448
63	WGN63	4.86744939299997	0.329366826567797	1094	4.22118728627546	5.51371149972448
64	WGN63	4.14120625149997	0.329366826567798	1094	3.49494414477546	4.78746835822449
65	WGN63	2.88785511349999	0.329366826567797	1094	2.24159300677547	3.5341172202245
66	WGN63	4.13124999999997	0.329366826567799	1094	3.48498789327546	4.77751210672449
67	WGN63	3.59739702499996	0.329366826567799	1094	2.95113491827545	4.24365913172448
68	WGN63	3.91706970099996	0.329366826567798	1094	3.27080759427545	4.56333180772448
69	WGN63	3.90988943449997	0.3293668265678	1094	3.26362732777545	4.55615154122448
70	WGN63	2.85769230749997	0.329366826567798	1094	2.21143020077546	3.50395441422448
72	WGN63	4.02972972949998	0.329366826567798	1094	3.38346762277547	4.67599183622449
73	WGN63	3.86714155599997	0.329366826567799	1094	3.22087944927545	4.51340366272448
74	WGN63	4.06350877199997	0.329366826567798	1094	3.41724666527546	4.70977087872448
75	WGN63	3.77499999999997	0.329366826567797	1094	3.12873789327546	4.42126210672449
76	WGN63	3.80940896749996	0.329366826567798	1094	3.16314686077545	4.45567107422448
77	WGN63	3.85559523799997	0.329366826567798	1094	3.20933313127546	4.50185734472448
78	WGN63	4.34868513349997	0.329366826567797	1094	3.70242302677546	4.99494724022448
79	WGN63	3.09142857149995	0.3293668265678	1094	2.44516646477543	3.73769067822446
80	WGN63	3.84765212549996	0.329366826567798	1094	3.20139001877545	4.49391423222447
81	WGN63	3.67158521299996	0.329366826567799	1094	3.02532310627545	4.31784731972448
82	WGN63	4.50868421049996	0.329366826567799	1094	3.86242210377545	5.15494631722448
83	WGN63	3.39780991749997	0.329366826567798	1094	2.75154781077546	4.04407202422448
84	WGN63	3.85021207749996	0.329366826567799	1094	3.20394997077545	4.49647418422448
85	WGN63	3.67521645049996	0.329366826567799	1094	3.02895434377545	4.32147855722448
86	WGN63	3.49990064549997	0.329366826567799	1094	2.85363853877545	4.14616275222448
87	WGN63	3.89761904749997	0.329366826567798	1094	3.25135694077546	4.54388115422448
88	WGN63	3.27805530799997	0.329366826567798	1094	2.63179320127545	3.92431741472448
89	WGN63	4.53243050649997	0.329366826567798	1094	3.88616839977546	5.17869261322448
90	WGN63	3.8273328131986	0.46590136688877	1094	2.91317153585032	4.74149409054688
91	WGN63	3.97125373149996	0.329366826567799	1094	3.32499162477545	4.61751583822448
92	WGN63	3.72329912049997	0.329366826567799	1094	3.07703701377545	4.36956122722448
93	WGN63	3.87378203649997	0.329366826567798	1094	3.22751992977545	4.52004414322448
94	WGN63	4.53686079549997	0.329366826567798	1094	3.89059868877546	5.18312290222448
95	WGN63	2.60191568080134	0.465901366888769	1094	1.68775440345307	3.51607695814962
96	WGN63	4.71973684199997	0.329366826567799	1094	4.07347473527545	5.36599894872448
97	WGN63	2.71806810999996	0.329366826567799	1094	2.07180600327544	3.36433021672447
98	WGN63	3.25116120249996	0.329366826567799	1094	2.60489909577545	3.89742330922448
99	WGN63	4.26470889849997	0.329366826567798	1094	3.61844679177546	4.91097100522448
100	WGN63	4.88052291449997	0.329366826567798	1094	4.23426080777545	5.52678502122448
101	WGN63	4.22659754849997	0.329366826567799	1094	3.58033544177546	4.87285965522449
102	WGN63	4.07553571449996	0.329366826567799	1094	3.42927360777545	4.72179782122448
103	WGN63	4.06762009299997	0.329366826567799	1094	3.42135798627545	4.71388219972448
105	WGN63	3.94870613749997	0.329366826567798	1094	3.30244403077546	4.59496824422448
106	WGN63	4.25922733680134	0.46590136688877	1094	3.34506605945306	5.17338861414962
107	WGN63	3.27478130149997	0.329366826567799	1094	2.62851919477545	3.92104340822448
109	WGN63	2.65627272749996	0.329366826567799	1094	2.01001062077545	3.30253483422448
110	WGN63	2.42352245899997	0.329366826567798	1094	1.77726035227546	3.06978456572449
111	WGN63	2.84863636349997	0.329366826567798	1094	2.20237425677545	3.49489847022448
112	WGN63	4.42024253749997	0.329366826567799	1094	3.77398043077545	5.06650464422448
114	WGN63	4.40664062499997	0.329366826567799	1094	3.76037851827546	5.05290273172448
115	WGN63	2.84523809549996	0.329366826567799	1094	2.19897598877545	3.49150020222448
116	WGN63	3.95017857149997	0.329366826567798	1094	3.30391646477546	4.59644067822448
117	WGN63	4.35634191199997	0.329366826567799	1094	3.71007980527545	5.00260401872448
118	WGN63	3.63474302699997	0.329366826567798	1094	2.98848092027546	4.28100513372449
119	WGN63	4.13260368649997	0.329366826567798	1094	3.48634157977545	4.77886579322448
121	WGN63	3.63487499999997	0.329366826567798	1094	2.98861289327546	4.28113710672449
122	WGN63	4.52780487799997	0.329366826567798	1094	3.88154277127545	5.17406698472448
123	WGN63	2.89254464299997	0.329366826567799	1094	2.24628253627545	3.53880674972448
124	WGN63	4.38586956499997	0.329366826567799	1094	3.73960745827545	5.03213167172448
125	WGN63	4.07775568199997	0.329366826567799	1094	3.43149357527545	4.72401778872448
126	WGN63	4.37114661649997	0.329366826567799	1094	3.72488450977545	5.01740872322448
127	WGN63	4.40867132899997	0.329366826567799	1094	3.76240922227545	5.05493343572448
128	WGN63	3.85199360349997	0.329366826567799	1094	3.20573149677545	4.49825571022448
129	WGN63	3.76204789849997	0.329366826567799	1094	3.11578579177545	4.40831000522448
130	WGN63	4.14405660399997	0.329366826567799	1094	3.49779449727545	4.79031871072448
