plantID3	famID	emmean	SE	df	lower.CL	upper.CL
1	WGN07	2.5975542039994	0.356909512203508	1112	1.89726219058181	3.29784621741698
2	WGN07	3.98201058200102	0.356909512203439	1112	3.28171856858358	4.68230259541847
3	WGN07	4.05902629699962	0.356909512203418	1112	3.35873428358221	4.75931831041703
4	WGN07	3.07951251650057	0.356909512203435	1112	2.37922050308312	3.77980452991801
5	WGN07	4.25307692299994	0.35690951220342	1112	3.55278490958252	4.95336893641735
6	WGN07	1.77523122450006	0.356909512203429	1112	1.07493921108263	2.47552323791749
7	WGN07	3.59806375149996	0.356909512203423	1112	2.89777173808254	4.29835576491737
8	WGN07	3.6963068185	0.356909512203423	1112	2.99601480508259	4.39659883191742
9	WGN07	3.98761440037918	0.504859635141406	1112	2.99702950897721	4.97819929178115
10	WGN07	4.00666666650008	0.356909512203436	1112	3.30637465308263	4.70695867991752
11	WGN07	3.54816824999994	0.356909512203419	1112	2.84787623658253	4.24846026341735
12	WGN07	3.38519391549999	0.356909512203424	1112	2.68490190208257	4.08548592891741
13	WGN07	4.2238231915001	0.35690951220343	1112	3.52353117808267	4.92411520491754
14	WGN07	3.36504702200005	0.356909512203434	1112	2.66475500858262	4.06533903541749
15	WGN07	3.16921928850003	0.356909512203428	1112	2.4689272750826	3.86951130191746
16	WGN07	3.39046175350006	0.356909512203419	1112	2.69016974008265	4.09075376691746
17	WGN07	4.03538961049993	0.356909512203418	1112	3.33509759708252	4.73568162391734
18	WGN07	2.73837011000005	0.356909512203429	1112	2.03807809658263	3.43866212341748
20	WGN07	0.925666600500066	0.356909512203417	1112	0.22537458708266	1.62595861391747
21	WGN07	3.49836647749998	0.356909512203425	1112	2.79807446408256	4.1986584909174
22	WGN07	3.99752383450003	0.356909512203437	1112	3.29723182108259	4.69781584791748
23	WGN07	3.42384792650009	0.356909512203438	1112	2.72355591308265	4.12413993991754
24	WGN07	3.91758403350001	0.356909512203435	1112	3.21729202008257	4.61787604691745
25	WGN07	2.58433098600003	0.356909512203425	1112	1.88403897258261	3.28462299941745
26	WGN07	4.33034196199999	0.356909512203424	1112	3.63004994858257	5.03063397541741
27	WGN07	4.07142269750007	0.356909512203431	1112	3.37113068408264	4.7717147109175
28	WGN07	3.06975308650002	0.356909512203428	1112	2.3694610730826	3.77004509991745
29	WGN07	2.56350277400004	0.356909512203437	1112	1.86321076058259	3.26379478741748
30	WGN07	3.10390029300001	0.356909512203414	1112	2.40360827958261	3.80419230641741
31	WGN07	3.37622950800003	0.35690951220343	1112	2.6759374945826	4.07652152141746
32	WGN07	3.68643694999997	0.356909512203424	1112	2.98614493658255	4.38672896341739
33	WGN07	3.45384615399996	0.356909512203415	1112	2.75355414058256	4.15413816741736
34	WGN07	4.13466042149996	0.356909512203416	1112	3.43436840808256	4.83495243491737
35	WGN07	4.25469329162087	0.504859635141413	1112	3.26410840021889	5.24527818302286
36	WGN07	1.69639004250005	0.356909512203432	1112	0.996098029082617	2.39668205591749
37	WGN07	3.51593567250009	0.356909512203421	1112	2.81564365908268	4.21622768591751
38	WGN07	3.81280193249999	0.356909512203423	1112	3.11250991908257	4.51309394591741
39	WGN07	2.950487988	0.356909512203417	1112	2.2501959745826	3.65078000141741
40	WGN07	2.95799851200005	0.356909512203431	1112	2.25770649858261	3.65829052541748
41	WGN07	3.76290322600007	0.356909512203433	1112	3.06261121258263	4.4631952394175
42	WGN07	2.58223602450004	0.356909512203431	1112	1.8819440110826	3.28252803791747
44	WGN07	2.51480769200001	0.356909512203419	1112	1.8145156785826	3.21509970541742
46	WGN07	2.71502403850005	0.356909512203422	1112	2.01473202508263	3.41531605191746
47	WGN07	3.56946339650001	0.356909512203419	1112	2.8691713830826	4.26975540991742
48	WGN07	3.39949415750003	0.356909512203426	1112	2.6992021440826	4.09978617091745
49	WGN07	3.35892857149999	0.356909512203415	1112	2.65863655808259	4.05922058491739
50	WGN07	4.09101430950006	0.356909512203436	1112	3.39072229608262	4.7913063229175
51	WGN07	4.20809659100002	0.356909512203425	1112	3.5078045775826	4.90838860441744
52	WGN07	4.15162579950005	0.356909512203428	1112	3.45133378608263	4.85191781291748
53	WGN07	4.48211880000003	0.356909512203424	1112	3.78182678658261	5.18241081341745
54	WGN07	3.70059493062085	0.504859635141395	1112	2.7100100392189	4.6911798220228
55	WGN07	3.74219457000009	0.356909512203436	1112	3.04190255658265	4.44248658341753
56	WGN07	3.78736325450001	0.356909512203426	1112	3.08707124108258	4.48765526791743
57	WGN07	2.6399605295	0.356909512203426	1112	1.93966851608258	3.34025254291742
58	WGN07	4.44729729750008	0.35690951220344	1112	3.74700528408263	5.14758931091753
59	WGN07	2.98735328600004	0.356909512203422	1112	2.28706127258263	3.68764529941746
60	WGN07	3.27909226200002	0.356909512203425	1112	2.5788002485826	3.97938427541744
61	WGN07	4.06847652350003	0.356909512203425	1112	3.36818451008261	4.76876853691745
62	WGN07	1.23555061037919	0.50485963514141	1112	0.244965718977208	2.22613550178116
63	WGN07	3.20064676649997	0.356909512203418	1112	2.50035475308256	3.90093877991738
64	WGN07	4.26493103449997	0.356909512203421	1112	3.56463902108256	4.96522304791739
66	WGN07	3.73292137950004	0.356909512203427	1112	3.03262936608261	4.43321339291746
67	WGN07	2.91662337650004	0.356909512203434	1112	2.2163313630826	3.61691538991747
68	WGN07	2.41311188850003	0.356909512203422	1112	1.71281987508262	3.11340390191745
69	WGN07	3.4642857145	0.356909512203423	1112	2.76399370108259	4.16457772791742
71	WGN07	4.06211538450005	0.356909512203419	1112	3.36182337108264	4.76240739791746
73	WGN07	3.57373150099999	0.356909512203422	1112	2.87343948758258	4.27402351441741
74	WGN07	4.19512814849999	0.356909512203427	1112	3.49483613508256	4.89542016191741
75	WGN07	4.43528493400003	0.356909512203427	1112	3.7349929205826	5.13557694741745
76	WGN07	3.81169994900005	0.356909512203427	1112	3.11140793558262	4.51199196241747
77	WGN07	4.17753393700005	0.356909512203431	1112	3.47724192358261	4.87782595041748
78	WGN07	3.14967672400006	0.35690951220343	1112	2.44938471058263	3.84996873741749
79	WGN07	3.12894147750003	0.356909512203423	1112	2.42864946408261	3.82923349091745
80	WGN07	4.33330583500005	0.356909512203424	1112	3.63301382158263	5.03359784841747
81	WGN07	3.82037946450003	0.356909512203435	1112	3.12008745108258	4.52067147791747
82	WGN07	3.62413793100001	0.356909512203424	1112	2.92384591758259	4.32442994441743
83	WGN07	2.71494949500003	0.356909512203433	1112	2.01465748158259	3.41524150841747
84	WGN07	4.87022977050008	0.356909512203433	1112	4.16993775708264	5.57052178391752
85	WGN07	3.82016129050006	0.356909512203429	1112	3.11986927708263	4.52045330391749
86	WGN07	4.25296875000003	0.356909512203429	1112	3.5526767365826	4.95326076341746
87	WGN07	3.30567593450003	0.356909512203425	1112	2.60538392108261	4.00596794791745
88	WGN07	4.49102319300006	0.356909512203432	1112	3.79073117958263	5.1913152064175
89	WGN07	3.23138173300003	0.356909512203422	1112	2.53108971958262	3.93167374641745
90	WGN07	3.69089680600002	0.356909512203436	1112	2.99060479258258	4.39118881941746
91	WGN07	3.44016657250002	0.356909512203423	1112	2.7398745590826	4.14045858591744
92	WGN07	4.16900149000007	0.356909512203428	1112	3.46870947658264	4.8692935034175
93	WGN07	3.85348484850003	0.35690951220342	1112	3.15319283508262	4.55377686191744
94	WGN07	3.47896638000005	0.356909512203425	1112	2.77867436658263	4.17925839341747
95	WGN07	3.77281690150008	0.356909512203428	1112	3.07252488808265	4.47310891491751
96	WGN07	2.1167768375	0.35690951220343	1112	1.41648482408257	2.81706885091743
97	WGN07	4.47697510800006	0.356909512203428	1112	3.77668309458263	5.17726712141748
98	WGN07	4.03087431700004	0.356909512203429	1112	3.33058230358261	4.73116633041747
99	WGN07	3.78771739150002	0.356909512203432	1112	3.08742537808259	4.48800940491746
100	WGN07	3.69933566400003	0.356909512203433	1112	2.9990436505826	4.39962767741747
101	WGN07	3.72017451050003	0.356909512203428	1112	3.0198824970826	4.42046652391746
102	WGN07	3.32581211600004	0.356909512203433	1112	2.6255201025826	4.02610412941748
103	WGN07	3.64155172400004	0.356909512203426	1112	2.94125971058262	4.34184373741747
104	WGN07	4.44975736800008	0.356909512203432	1112	3.74946535458265	5.15004938141752
105	WGN07	3.72228017850005	0.356909512203429	1112	3.02198816508262	4.42257219191748
106	WGN07	3.03456050200002	0.356909512203424	1112	2.3342684885826	3.73485251541744
107	WGN07	3.51808030400003	0.356909512203426	1112	2.8177882905826	4.21837231741745
108	WGN07	4.08378561700002	0.356909512203427	1112	3.3834936035826	4.78407763041745
109	WGN07	3.12869151400001	0.356909512203423	1112	2.4283995005826	3.82898352741743
110	WGN07	4.198630137	0.356909512203425	1112	3.49833812358258	4.89892215041742
111	WGN07	4.33364265350005	0.356909512203428	1112	3.63335064008262	5.03393466691748
112	WGN07	3.725784066	0.356909512203418	1112	3.02549205258259	4.42607607941741
113	WGN07	3.87493686900002	0.356909512203422	1112	3.17464485558261	4.57522888241744
114	WGN07	4.49637376500004	0.356909512203427	1112	3.79608175158261	5.19666577841746
115	WGN07	3.77763157900005	0.356909512203425	1112	3.07733956558263	4.47792359241747
116	WGN07	4.2542401625	0.356909512203426	1112	3.55394814908258	4.95453217591743
117	WGN07	3.34023279350001	0.356909512203422	1112	2.6399407800826	4.04052480691743
118	WGN07	4.66330687850004	0.356909512203431	1112	3.96301486508261	5.36359889191748
119	WGN07	4.84155555549998	0.356909512203422	1112	4.14126354208256	5.54184756891739
120	WGN07	3.65274725300004	0.356909512203431	1112	2.95245523958261	4.35303926641747
121	WGN07	3.17659774450001	0.35690951220342	1112	2.4763057310826	3.87688975791742
122	WGN07	3.15524822837917	0.504859635141414	1112	2.16466333697718	4.14583311978115
123	WGN07	3.96273394950005	0.356909512203431	1112	3.26244193608262	4.66302596291748
124	WGN07	4.33267671450001	0.356909512203419	1112	3.6323847010826	5.03296872791742
125	WGN07	2.59441176450002	0.35690951220343	1112	1.89411975108259	3.29470377791745
126	WGN07	2.99729366050002	0.356909512203426	1112	2.29700164708259	3.69758567391744
127	WGN07	3.91945701350004	0.356909512203425	1112	3.21916500008262	4.61974902691746
128	WGN07	3.69967555900004	0.356909512203432	1112	2.99938354558261	4.39996757241748
129	WGN07	4.40840796000003	0.356909512203427	1112	3.70811594658261	5.10869997341745
130	WGN07	3.36248303950005	0.356909512203431	1112	2.66219102608261	4.06277505291748
1	WGN15	3.79091575100025	0.356909512203456	1112	3.09062373758277	4.49120776441773
2	WGN15	2.62824941450002	0.356909512203434	1112	1.92795740108258	3.32854142791745
3	WGN15	3.83516949150008	0.35690951220343	1112	3.13487747808265	4.53546150491751
4	WGN15	3.32864758700007	0.356909512203432	1112	2.62835557358264	4.02893960041751
5	WGN15	3.7667368420001	0.356909512203425	1112	3.06644482858267	4.46702885541752
7	WGN15	3.76847319350007	0.35690951220342	1112	3.06818118008265	4.46876520691748
8	WGN15	4.83035714300015	0.356909512203439	1112	4.1300651295827	5.53064915641759
9	WGN15	4.23746357137924	0.504859635141413	1112	3.24687867997726	5.22804846278123
10	WGN15	2.99986068850007	0.356909512203431	1112	2.29956867508263	3.7001527019175
11	WGN15	3.4748948110001	0.356909512203428	1112	2.77460279758267	4.17518682441752
12	WGN15	3.20969125200005	0.356909512203427	1112	2.50939923858263	3.90998326541748
13	WGN15	4.03186475400004	0.35690951220342	1112	3.33157274058263	4.73215676741746
14	WGN15	3.61769570700008	0.356909512203427	1112	2.91740369358265	4.3179877204175
15	WGN15	3.5103321830001	0.356909512203414	1112	2.8100401695827	4.2106241964175
16	WGN15	3.56351517650008	0.356909512203417	1112	2.86322316308268	4.26380718991749
17	WGN15	3.33344230137921	0.504859635141412	1112	2.34285740997723	4.32402719278119
18	WGN15	3.98192406200008	0.356909512203427	1112	3.28163204858266	4.68221607541751
19	WGN15	3.56461096400006	0.35690951220343	1112	2.86431895058263	4.26490297741749
20	WGN15	4.22677975550006	0.356909512203427	1112	3.52648774208263	4.92707176891748
21	WGN15	3.76721311500006	0.356909512203428	1112	3.06692110158264	4.46750512841749
22	WGN15	2.81949152550007	0.356909512203425	1112	2.11919951208265	3.51978353891749
23	WGN15	3.26469766800007	0.356909512203427	1112	2.56440565458264	3.96498968141749
24	WGN15	2.00034546837919	0.50485963514141	1112	1.00976057697722	2.99093035978117
25	WGN15	3.92608919350003	0.356909512203426	1112	3.2257971800826	4.62638120691745
26	WGN15	3.83345864650008	0.35690951220343	1112	3.13316663308265	4.53375065991751
27	WGN15	3.78491508500006	0.356909512203428	1112	3.08462307158263	4.48520709841749
28	WGN15	4.34597069600006	0.356909512203428	1112	3.64567868258263	5.04626270941749
29	WGN15	3.31522222200007	0.35690951220343	1112	2.61493020858264	4.01551423541751
30	WGN15	3.67152542350008	0.356909512203427	1112	2.97123341008266	4.37181743691751
31	WGN15	3.07786484837924	0.504859635141412	1112	2.08727995697726	4.06844973978122
32	WGN15	4.01205837200007	0.35690951220343	1112	3.31176635858264	4.7123503854175
33	WGN15	4.62347350200007	0.356909512203427	1112	3.92318148858264	5.32376551541749
34	WGN15	3.71623975400007	0.35690951220343	1112	3.01594774058264	4.4165317674175
35	WGN15	3.58752798200007	0.356909512203418	1112	2.88723596858266	4.28781999541747
36	WGN15	3.5793722945001	0.356909512203424	1112	2.87908028108268	4.27966430791752
37	WGN15	4.09710433250007	0.356909512203428	1112	3.39681231908264	4.7973963459175
38	WGN15	3.46477914150012	0.356909512203433	1112	2.76448712808268	4.16507115491755
39	WGN15	3.37758116900003	0.356909512203429	1112	2.6772891555826	4.07787318241745
40	WGN15	3.49961538450005	0.356909512203436	1112	2.7993233710826	4.19990739791749
41	WGN15	3.63925619800007	0.356909512203425	1112	2.93896418458265	4.33954821141749
43	WGN15	3.5184468525001	0.356909512203425	1112	2.81815483908268	4.21873886591752
44	WGN15	3.51732804200007	0.356909512203425	1112	2.81703602858265	4.21762005541749
45	WGN15	3.81481417550006	0.356909512203431	1112	3.11452216208263	4.51510618891749
46	WGN15	2.78494783900009	0.356909512203428	1112	2.08465582558266	3.48523985241752
47	WGN15	4.15642857150006	0.356909512203427	1112	3.45613655808264	4.85672058491749
48	WGN15	3.79749216300007	0.356909512203425	1112	3.09720014958264	4.49778417641749
50	WGN15	3.33416313550006	0.356909512203431	1112	2.63387112208263	4.03445514891749
51	WGN15	3.05792127550007	0.356909512203428	1112	2.35762926208264	3.7582132889175
52	WGN15	2.7965789475001	0.356909512203418	1112	2.09628693408269	3.49687096091751
53	WGN15	3.02289656037922	0.504859635141413	1112	2.03231166897723	4.0134814517812
54	WGN15	3.53174738637924	0.504859635141412	1112	2.54116249497726	4.52233227778122
55	WGN15	4.06264097750008	0.356909512203425	1112	3.36234896408265	4.7629329909175
56	WGN15	3.52787161700007	0.35690951220342	1112	2.82757960358266	4.22816363041749
57	WGN15	2.24080882350009	0.356909512203434	1112	1.54051681008265	2.94110083691753
58	WGN15	4.76807618450007	0.356909512203426	1112	4.06778417108265	5.4683681979175
59	WGN15	3.80178125000007	0.356909512203427	1112	3.10148923658265	4.5020732634175
60	WGN15	2.74091023350007	0.356909512203428	1112	2.04061822008264	3.44120224691749
61	WGN15	3.93744503850007	0.356909512203428	1112	3.23715302508264	4.6377370519175
62	WGN15	3.86067172250003	0.356909512203433	1112	3.16037970908259	4.56096373591747
63	WGN15	3.74841739550006	0.356909512203427	1112	3.04812538208264	4.44870940891749
64	WGN15	3.20546648300008	0.356909512203423	1112	2.50517446958267	3.9057584964175
65	WGN15	3.69027829300009	0.356909512203421	1112	2.98998627958267	4.3905703064175
66	WGN15	2.30003342250006	0.356909512203427	1112	1.59974140908264	3.00032543591749
67	WGN15	5.06985645950007	0.356909512203422	1112	4.36956444608265	5.77014847291748
69	WGN15	3.06284174000008	0.356909512203422	1112	2.36254972658267	3.7631337534175
70	WGN15	3.83514479500008	0.356909512203425	1112	3.13485278158265	4.5354368084175
71	WGN15	3.74327250200008	0.356909512203431	1112	3.04298048858265	4.44356451541751
72	WGN15	3.93978896100007	0.356909512203426	1112	3.23949694758264	4.64008097441749
73	WGN15	4.48738229750006	0.356909512203425	1112	3.78709028408264	5.18767431091748
74	WGN15	2.92491947500006	0.35690951220343	1112	2.22462746158263	3.62521148841749
75	WGN15	3.68378934650008	0.356909512203426	1112	2.98349733308266	4.3840813599175
77	WGN15	3.00012414050009	0.356909512203423	1112	2.29983212708267	3.70041615391751
78	WGN15	2.80286677600007	0.356909512203424	1112	2.10257476258265	3.50315878941749
79	WGN15	3.13636363650006	0.356909512203424	1112	2.43607162308264	3.83665564991749
80	WGN15	3.28189655200006	0.356909512203428	1112	2.58160453858263	3.98218856541749
81	WGN15	3.36878342250007	0.356909512203426	1112	2.66849140908265	4.0690754359175
82	WGN15	2.99154443500005	0.356909512203425	1112	2.29125242158263	3.69183644841747
83	WGN15	3.44498746850008	0.356909512203429	1112	2.74469545508265	4.14527948191751
84	WGN15	3.67952386850007	0.356909512203423	1112	2.97923185508265	4.37981588191749
85	WGN15	3.90729308000007	0.356909512203428	1112	3.20700106658264	4.6075850934175
86	WGN15	3.4124649860001	0.356909512203423	1112	2.71217297258268	4.11275699941752
87	WGN15	3.25421836200009	0.356909512203428	1112	2.55392634858266	3.95451037541752
88	WGN15	3.24940577250008	0.356909512203427	1112	2.54911375908265	3.9496977859175
89	WGN15	3.42740384600008	0.356909512203423	1112	2.72711183258266	4.12769585941749
90	WGN15	3.03790372450006	0.356909512203427	1112	2.33761171108263	3.73819573791749
91	WGN15	3.37069913600008	0.356909512203422	1112	2.67040712258267	4.0709911494175
92	WGN15	2.86341354700007	0.356909512203429	1112	2.16312153358264	3.5637055604175
93	WGN15	3.30948345450006	0.35690951220343	1112	2.60919144108263	4.0097754679175
94	WGN15	4.74844827600006	0.356909512203428	1112	4.04815626258263	5.44874028941749
95	WGN15	3.15208674300006	0.356909512203428	1112	2.45179472958263	3.85237875641748
96	WGN15	3.10659874600008	0.356909512203425	1112	2.40630673258266	3.80689075941751
97	WGN15	3.74260714300007	0.356909512203425	1112	3.04231512958265	4.44289915641749
98	WGN15	3.40265625000007	0.356909512203425	1112	2.70236423658265	4.1029482634175
99	WGN15	4.11160095200007	0.356909512203425	1112	3.41130893858264	4.81189296541749
100	WGN15	4.47463054200002	0.35690951220342	1112	3.77433852858261	5.17492255541743
101	WGN15	4.91949519250008	0.356909512203427	1112	4.21920317908266	5.61978720591751
102	WGN15	4.18556664300005	0.356909512203424	1112	3.48527462958263	4.88585865641747
103	WGN15	3.19493464050008	0.356909512203426	1112	2.49464262708266	3.8952266539175
104	WGN15	2.56034482750008	0.356909512203424	1112	1.86005281408266	3.2606368409175
106	WGN15	4.00265217400004	0.356909512203417	1112	3.30236016058263	4.70294418741744
107	WGN15	3.63542124500009	0.356909512203425	1112	2.93512923158267	4.33571325841751
108	WGN15	2.82313719200006	0.356909512203428	1112	2.12284517858263	3.52342920541749
109	WGN15	3.50806451600007	0.356909512203425	1112	2.80777250258265	4.20835652941749
110	WGN15	3.75135501350001	0.356909512203434	1112	3.05106300008257	4.45164702691745
111	WGN15	3.2825948443792	0.504859635141407	1112	2.29200995297723	4.27317973578117
112	WGN15	3.62647368400006	0.356909512203426	1112	2.92618167058264	4.32676569741748
113	WGN15	3.91062735100007	0.356909512203421	1112	3.21033533758266	4.61091936441749
114	WGN15	3.56006896550007	0.356909512203425	1112	2.85977695208265	4.26036097891749
115	WGN15	3.35453568850006	0.356909512203428	1112	2.65424367508263	4.05482770191748
116	WGN15	3.38193277300011	0.356909512203431	1112	2.68164075958268	4.08222478641754
117	WGN15	4.51087262500007	0.356909512203425	1112	3.81058061158265	5.21116463841749
118	WGN15	2.79007177050007	0.356909512203427	1112	2.08977975708265	3.4903637839175
119	WGN15	3.63357240400005	0.356909512203421	1112	2.93328039058264	4.33386441741746
120	WGN15	4.23940960350007	0.356909512203424	1112	3.53911759008265	4.93970161691749
121	WGN15	2.99671592750007	0.356909512203425	1112	2.29642391408265	3.69700794091749
122	WGN15	3.19447368400007	0.356909512203426	1112	2.49418167058264	3.89476569741749
123	WGN15	3.46727272750007	0.356909512203425	1112	2.76698071408265	4.16756474091749
124	WGN15	3.9351211075001	0.356909512203414	1112	3.2348290940827	4.6354131209175
125	WGN15	2.83220339000008	0.356909512203426	1112	2.13191137658265	3.5324954034175
126	WGN15	2.89145047150007	0.356909512203423	1112	2.19115845808265	3.59174248491749
127	WGN15	4.09238400450007	0.356909512203425	1112	3.39209199108264	4.79267601791749
128	WGN15	3.67536656900003	0.356909512203427	1112	2.97507455558261	4.37565858241746
129	WGN15	3.4984748010001	0.356909512203425	1112	2.79818278758267	4.19876681441752
130	WGN15	3.12420876450008	0.356909512203424	1112	2.42391675108266	3.82450077791749
3	WGN26	4.328732639	0.356909512203431	1112	3.62844062558257	5.02902465241744
4	WGN26	4.01634615399997	0.356909512203429	1112	3.31605414058254	4.7166381674174
5	WGN26	2.94043956049991	0.356909512203421	1112	2.2401475470825	3.64073157391732
6	WGN26	3.43285479949992	0.356909512203424	1112	2.7325627860825	4.13314681291734
7	WGN26	4.32173453199999	0.356909512203432	1112	3.62144251858255	5.02202654541742
8	WGN26	3.38942279949995	0.356909512203422	1112	2.68913078608253	4.08971481291736
9	WGN26	2.58929365949996	0.356909512203419	1112	1.88900164608255	3.28958567291737
10	WGN26	3.51340909099998	0.356909512203432	1112	2.81311707758254	4.21370110441741
11	WGN26	3.39143528899994	0.356909512203427	1112	2.69114327558251	4.09172730241736
12	WGN26	3.78173076899991	0.356909512203428	1112	3.08143875558249	4.48202278241734
13	WGN26	3.63037280699992	0.356909512203427	1112	2.93008079358249	4.33066482041734
14	WGN26	3.93306618549996	0.356909512203429	1112	3.23277417208254	4.63335819891739
15	WGN26	3.74116161599995	0.356909512203426	1112	3.04086960258253	4.44145362941737
17	WGN26	4.28437499999992	0.356909512203422	1112	3.5840829865825	4.98466701341733
18	WGN26	4.06033898299991	0.356909512203418	1112	3.3600469695825	4.76063099641731
19	WGN26	3.89239820962082	0.504859635141409	1112	2.90181331821884	4.88298310102279
20	WGN26	3.26227661249993	0.356909512203417	1112	2.56198459908252	3.96256862591733
21	WGN26	2.83333333349991	0.35690951220343	1112	2.13304132008248	3.53362534691734
22	WGN26	4.71635553749992	0.356909512203423	1112	4.01606352408251	5.41664755091734
23	WGN26	4.61133969699995	0.356909512203426	1112	3.91104768358253	5.31163171041738
24	WGN26	3.45959242237912	0.504859635141411	1112	2.46900753097714	4.4501773137811
25	WGN26	3.56299362849995	0.356909512203429	1112	2.86270161508252	4.26328564191738
26	WGN26	3.78796161799995	0.356909512203424	1112	3.08766960458253	4.48825363141736
27	WGN26	2.79605263149994	0.356909512203426	1112	2.09576061808252	3.49634464491736
28	WGN26	4.07003295249993	0.356909512203425	1112	3.36974093908251	4.77032496591735
29	WGN26	1.82172291949991	0.356909512203432	1112	1.12143090608248	2.52201493291735
30	WGN26	3.95455732949995	0.356909512203427	1112	3.25426531608252	4.65484934291737
31	WGN26	3.47875798849993	0.356909512203426	1112	2.77846597508251	4.17905000191736
32	WGN26	3.21247799799995	0.356909512203425	1112	2.51218598458252	3.91277001141737
33	WGN26	4.1990257163791	0.504859635141416	1112	3.20844082497711	5.18961060778109
34	WGN26	4.48684572999988	0.356909512203419	1112	3.78655371658247	5.18713774341729
35	WGN26	4.10913892049997	0.356909512203431	1112	3.40884690708254	4.8094309339174
36	WGN26	3.79552631599994	0.356909512203427	1112	3.09523430258252	4.49581832941737
38	WGN26	3.84909090899992	0.356909512203427	1112	3.14879889558249	4.54938292241734
39	WGN26	4.28852905549994	0.356909512203426	1112	3.58823704208251	4.98882106891736
40	WGN26	3.79833202499995	0.356909512203426	1112	3.09804001158252	4.49862403841737
41	WGN26	2.13759213749991	0.356909512203429	1112	1.43730012408248	2.83788415091734
42	WGN26	4.91336348699995	0.356909512203428	1112	4.21307147358252	5.61365550041737
43	WGN26	4.09473886299993	0.356909512203427	1112	3.39444684958251	4.79503087641736
44	WGN26	4.83353639999993	0.356909512203426	1112	4.13324438658251	5.53382841341735
45	WGN26	4.23152173899995	0.356909512203427	1112	3.53122972558253	4.93181375241738
46	WGN26	3.62057329099996	0.356909512203432	1112	2.92028127758252	4.3208653044174
47	WGN26	4.78147286849996	0.356909512203427	1112	4.08118085508254	5.48176488191739
48	WGN26	4.88072916649987	0.35690951220342	1112	4.18043715308246	5.58102117991728
49	WGN26	3.80519230749994	0.356909512203426	1112	3.10490029408252	4.50548432091737
50	WGN26	6.38746081499995	0.356909512203426	1112	5.68716880158253	7.08775282841737
51	WGN26	3.87364732749995	0.356909512203426	1112	3.17335531408253	4.57393934091737
52	WGN26	4.2405982904999	0.356909512203422	1112	3.54030627708249	4.94089030391732
53	WGN26	3.80874999999995	0.356909512203426	1112	3.10845798658252	4.50904201341737
54	WGN26	4.14942528699992	0.356909512203424	1112	3.4491332735825	4.84971730041734
55	WGN26	2.78287795949994	0.356909512203424	1112	2.08258594608252	3.48316997291736
56	WGN26	4.53343810449996	0.356909512203429	1112	3.83314609108254	5.23373011791739
57	WGN26	2.95165631449994	0.356909512203424	1112	2.25136430108252	3.65194832791736
58	WGN26	4.16157937799995	0.356909512203427	1112	3.46128736458253	4.86187139141738
59	WGN26	3.86084713762079	0.504859635141414	1112	2.87026224621881	4.85143202902278
60	WGN26	3.87603560249995	0.356909512203431	1112	3.17574358908252	4.57632761591738
61	WGN26	4.25689839549992	0.356909512203423	1112	3.5566063820825	4.95719040891734
62	WGN26	3.48934426199994	0.356909512203427	1112	2.78905224858252	4.18963627541737
64	WGN26	4.26018598449994	0.356909512203426	1112	3.55989397108251	4.96047799791736
65	WGN26	3.85708430899994	0.356909512203427	1112	3.15679229558252	4.55737632241737
66	WGN26	3.83691502499992	0.356909512203423	1112	3.1366230115825	4.53720703841733
67	WGN26	4.12466393949992	0.356909512203423	1112	3.4243719260825	4.82495595291733
68	WGN26	4.00058823549995	0.356909512203428	1112	3.30029622208252	4.70088024891738
69	WGN26	3.24393939399994	0.356909512203425	1112	2.54364738058252	3.94423140741737
70	WGN26	3.28946145449993	0.356909512203426	1112	2.58916944108251	3.98975346791736
71	WGN26	4.21916666649996	0.356909512203434	1112	3.51887465308252	4.9194586799174
73	WGN26	3.67184873949994	0.356909512203429	1112	2.97155672608251	4.37214075291737
74	WGN26	4.27661290299993	0.356909512203426	1112	3.5763208895825	4.97690491641735
75	WGN26	3.06798155749991	0.356909512203429	1112	2.36768954408248	3.76827357091734
76	WGN26	3.93157894749995	0.35690951220343	1112	3.23128693408252	4.63187096091738
77	WGN26	3.18946428549994	0.356909512203426	1112	2.48917227208252	3.88975629891736
78	WGN26	3.12944203399994	0.356909512203424	1112	2.42915002058252	3.82973404741736
79	WGN26	4.56772050137913	0.504859635141404	1112	3.57713560997716	5.55830539278109
80	WGN26	4.55908026399993	0.356909512203424	1112	3.85878825058251	5.25937227741735
81	WGN26	3.90785159599994	0.356909512203424	1112	3.20755958258252	4.60814360941736
82	WGN26	4.14499999999994	0.356909512203426	1112	3.44470798658252	4.84529201341737
83	WGN26	3.76810883149995	0.356909512203426	1112	3.06781681808252	4.46840084491737
85	WGN26	5.08161636862076	0.504859635141407	1112	4.09103147721879	6.07220126002273
86	WGN26	2.08938716962077	0.504859635141413	1112	1.09880227821879	3.07997206102275
87	WGN26	3.10851962249994	0.356909512203426	1112	2.40822760908252	3.80881163591737
88	WGN26	2.83845603599994	0.35690951220343	1112	2.13816402258251	3.53874804941737
89	WGN26	4.47553217499994	0.356909512203425	1112	3.77524016158252	5.17582418841736
90	WGN26	3.77376053699994	0.356909512203425	1112	3.07346852358251	4.47405255041736
91	WGN26	3.81058122199994	0.356909512203423	1112	3.11028920858252	4.51087323541736
92	WGN26	2.72387152799994	0.356909512203423	1112	2.02357951458252	3.42416354141736
93	WGN26	3.10714285749994	0.356909512203429	1112	2.40685084408251	3.80743487091737
94	WGN26	4.14859932099994	0.356909512203423	1112	3.44830730758252	4.84889133441736
95	WGN26	4.76073190799996	0.356909512203427	1112	4.06043989458253	5.46102392141738
96	WGN26	2.01153530349995	0.356909512203423	1112	1.31124329008253	2.71182731691736
97	WGN26	2.19880076399993	0.35690951220343	1112	1.4985087505825	2.89909277741736
98	WGN26	3.52655529949991	0.356909512203428	1112	2.82626328608248	4.22684731291734
99	WGN26	4.84213184499994	0.356909512203425	1112	4.14183983158251	5.54242385841736
100	WGN26	4.62860633462077	0.504859635141407	1112	3.6380214432188	5.61919122602275
101	WGN26	3.52869047599993	0.356909512203424	1112	2.82839846258251	4.22898248941735
102	WGN26	4.33712142299995	0.356909512203429	1112	3.63682940958252	5.03741343641738
103	WGN26	2.56717171699994	0.356909512203424	1112	1.86687970358252	3.26746373041736
104	WGN26	4.28212121199993	0.356909512203421	1112	3.58182919858251	4.98241322541734
105	WGN26	4.50868599799996	0.356909512203428	1112	3.80839398458253	5.20897801141739
106	WGN26	3.89054834049995	0.356909512203426	1112	3.19025632708252	4.59084035391737
108	WGN26	4.38989898949993	0.356909512203424	1112	3.68960697608251	5.09019100291735
109	WGN26	3.62499999999994	0.356909512203424	1112	2.92470798658252	4.32529201341736
111	WGN26	2.91999999999994	0.356909512203426	1112	2.21970798658251	3.62029201341736
112	WGN26	4.65555555549996	0.356909512203424	1112	3.95526354208254	5.35584756891738
113	WGN26	2.41331525649995	0.356909512203425	1112	1.71302324308252	3.11360726991737
115	WGN26	3.83984867599994	0.356909512203427	1112	3.13955666258252	4.54014068941737
116	WGN26	2.70274936099995	0.356909512203425	1112	2.00245734758252	3.40304137441737
117	WGN26	3.33469329162078	0.504859635141414	1112	2.34410840021879	4.32527818302277
118	WGN26	3.50555037299994	0.356909512203426	1112	2.80525835958252	4.20584238641737
119	WGN26	3.56181818149994	0.356909512203425	1112	2.86152616808252	4.26211019491736
120	WGN26	3.23955773949993	0.356909512203425	1112	2.53926572608251	3.93984975291735
121	WGN26	3.28728813599995	0.356909512203428	1112	2.58699612258252	3.98758014941737
122	WGN26	5.65748695299997	0.356909512203428	1112	4.95719493958254	6.3577789664174
123	WGN26	3.59344322349994	0.356909512203427	1112	2.89315121008251	4.29373523691736
124	WGN26	4.44530670837905	0.504859635141406	1112	3.45472181697708	5.43589159978102
125	WGN26	4.62073660699994	0.356909512203427	1112	3.92044459358251	5.32102862041736
126	WGN26	3.44219329162079	0.504859635141407	1112	2.45160840021882	4.43277818302276
127	WGN26	3.31119013049994	0.356909512203428	1112	2.61089811708251	4.01148214391736
128	WGN26	4.55527659549994	0.356909512203428	1112	3.85498458208252	5.25556860891737
129	WGN26	3.24123175362079	0.50485963514141	1112	2.25064686221881	4.23181664502277
130	WGN26	3.17573184999993	0.356909512203433	1112	2.47543983658249	3.87602386341737
2	WGN36	3.99942044249999	0.356909512203419	1112	3.29912842908258	4.6997124559174
4	WGN36	3.63626373599999	0.356909512203422	1112	2.93597172258257	4.3365557494174
5	WGN36	3.52801573449992	0.356909512203426	1112	2.8277237210825	4.22830774791735
6	WGN36	5.41233974349991	0.356909512203426	1112	4.71204773008249	6.11263175691734
7	WGN36	4.34532531449997	0.356909512203419	1112	3.64503330108256	5.04561732791738
8	WGN36	4.50652542349992	0.356909512203428	1112	3.80623341008249	5.20681743691735
9	WGN36	4.2357828983791	0.504859635141417	1112	3.24519800697711	5.22636778978109
10	WGN36	4.17405284149993	0.356909512203428	1112	3.4737608280825	4.87434485491736
11	WGN36	2.55559163299996	0.356909512203425	1112	1.85529961958254	3.25588364641738
12	WGN36	5.04348852637911	0.504859635141416	1112	4.05290363497712	6.03407341778109
13	WGN36	4.53176010399994	0.356909512203431	1112	3.83146809058251	5.23205211741738
14	WGN36	3.85152658649992	0.356909512203425	1112	3.1512345730825	4.55181859991734
15	WGN36	3.89207746499993	0.356909512203425	1112	3.19178545158251	4.59236947841735
16	WGN36	4.05498432599997	0.356909512203421	1112	3.35469231258255	4.75527633941738
17	WGN36	3.644569672	0.356909512203422	1112	2.94427765858258	4.34486168541741
18	WGN36	3.20649703549989	0.356909512203432	1112	2.50620502208246	3.90678904891733
19	WGN36	3.85171740799992	0.356909512203431	1112	3.15142539458248	4.55200942141735
20	WGN36	4.21764705899992	0.356909512203428	1112	3.51735504558249	4.91793907241735
21	WGN36	4.11595182149995	0.35690951220342	1112	3.41565980808254	4.81624383491737
22	WGN36	4.91297979799993	0.356909512203422	1112	4.21268778458252	5.61327181141735
23	WGN36	3.91374807999994	0.35690951220343	1112	3.21345606658251	4.61404009341737
24	WGN36	3.54715197049998	0.356909512203425	1112	2.84685995708256	4.2474439839174
26	WGN36	4.37324380149993	0.356909512203424	1112	3.67295178808251	5.07353581491735
27	WGN36	2.90811688299992	0.356909512203427	1112	2.2078248695825	3.60840889641735
28	WGN36	4.17947368399995	0.356909512203425	1112	3.47918167058253	4.87976569741737
30	WGN36	4.0097014924999	0.356909512203428	1112	3.30940947908247	4.70999350591732
31	WGN36	2.99300717199997	0.356909512203425	1112	2.29271515858255	3.69329918541739
32	WGN36	3.88090729549992	0.356909512203429	1112	3.18061528208249	4.58119930891735
33	WGN36	2.97646370049995	0.356909512203427	1112	2.27617168708252	3.67675571391737
34	WGN36	4.48400726399994	0.356909512203422	1112	3.78371525058252	5.18429927741735
35	WGN36	4.09711538449992	0.356909512203423	1112	3.39682337108251	4.79740739791734
36	WGN36	3.26699457249993	0.35690951220343	1112	2.56670255908249	3.96728658591736
37	WGN36	4.40999999999996	0.356909512203424	1112	3.70970798658254	5.11029201341738
38	WGN36	1.63530670837917	0.504859635141408	1112	0.644721816977192	2.62589159978114
39	WGN36	3.52425197749996	0.356909512203425	1112	2.82395996408253	4.22454399091738
40	WGN36	3.96935483849994	0.356909512203423	1112	3.26906282508253	4.66964685191736
41	WGN36	5.28194014449994	0.356909512203431	1112	4.5816481310825	5.98223215791737
42	WGN36	4.99992144499993	0.356909512203424	1112	4.29962943158251	5.70021345841735
43	WGN36	4.59015678899993	0.356909512203424	1112	3.88986477558251	5.29044880241735
44	WGN36	3.70830985899993	0.356909512203424	1112	3.00801784558251	4.40860187241735
45	WGN36	4.90779612599992	0.356909512203423	1112	4.2075041125825	5.60808813941733
46	WGN36	4.08419559737911	0.504859635141403	1112	3.09361070597714	5.07478048878107
47	WGN36	4.39162393199994	0.356909512203423	1112	3.69133191858252	5.09191594541736
48	WGN36	4.53333682449993	0.356909512203429	1112	3.8330448110825	5.23362883791736
49	WGN36	3.06788766749997	0.356909512203424	1112	2.36759565408255	3.76817968091739
51	WGN36	3.77067796599992	0.356909512203426	1112	3.07038595258249	4.47096997941734
52	WGN36	4.31157024799993	0.356909512203427	1112	3.6112782345825	5.01186226141735
53	WGN36	3.68637555499993	0.356909512203425	1112	2.98608354158251	4.38666756841735
54	WGN36	4.46352701449996	0.356909512203425	1112	3.76323500108254	5.16381902791738
55	WGN36	4.0772579644999	0.356909512203429	1112	3.37696595108247	4.77754997791733
56	WGN36	3.45645640099992	0.356909512203428	1112	2.75616438758249	4.15674841441735
57	WGN36	4.67060041399994	0.356909512203424	1112	3.97030840058252	5.37089242741736
58	WGN36	3.98140273699993	0.356909512203427	1112	3.28111072358251	4.68169475041736
59	WGN36	3.71926656999995	0.356909512203427	1112	3.01897455658253	4.41955858341737
60	WGN36	2.39963221699993	0.356909512203426	1112	1.6993402035825	3.09992423041735
62	WGN36	3.77296153849995	0.356909512203425	1112	3.07266952508253	4.47325355191737
64	WGN36	3.84001316949997	0.356909512203421	1112	3.13972115608255	4.54030518291738
65	WGN36	3.52341279649994	0.356909512203427	1112	2.82312078308251	4.22370480991736
66	WGN36	4.86095608949993	0.356909512203423	1112	4.16066407608252	5.56124810291735
68	WGN36	4.30999999999995	0.356909512203425	1112	3.60970798658253	5.01029201341737
69	WGN36	4.09647988499994	0.356909512203429	1112	3.39618787158251	4.79677189841737
70	WGN36	3.80361554299995	0.356909512203424	1112	3.10332352958253	4.50390755641737
71	WGN36	3.22743506499996	0.356909512203423	1112	2.52714305158255	3.92772707841738
72	WGN36	3.42836668949995	0.356909512203426	1112	2.72807467608252	4.12865870291737
74	WGN36	3.78843167699993	0.356909512203428	1112	3.08813966358251	4.48872369041736
75	WGN36	4.37947214049993	0.356909512203428	1112	3.67918012708251	5.07976415391736
76	WGN36	3.33749999999992	0.356909512203428	1112	2.63720798658249	4.03779201341735
77	WGN36	3.78632066399996	0.356909512203421	1112	3.08602865058255	4.48661267741737
78	WGN36	3.60525078349995	0.356909512203424	1112	2.90495877008253	4.30554279691737
79	WGN36	4.24426470599994	0.356909512203424	1112	3.54397269258252	4.94455671941736
80	WGN36	2.96101097199993	0.356909512203428	1112	2.2607189585825	3.66130298541736
81	WGN36	4.24358675349993	0.356909512203424	1112	3.54329474008251	4.94387876691736
82	WGN36	3.95394703699993	0.356909512203427	1112	3.2536550235825	4.65423905041736
83	WGN36	4.03603142099994	0.356909512203425	1112	3.33573940758252	4.73632343441736
84	WGN36	4.07454545449994	0.356909512203426	1112	3.37425344108252	4.77483746791736
85	WGN36	2.61796394399993	0.356909512203427	1112	1.91767193058251	3.31825595741735
86	WGN36	4.12336523099994	0.356909512203426	1112	3.42307321758252	4.82365724441736
87	WGN36	3.07843108499992	0.356909512203428	1112	2.3781390715825	3.77872309841735
88	WGN36	5.71135841199993	0.356909512203424	1112	5.01106639858251	6.41165042541735
89	WGN36	3.14682692299991	0.356909512203429	1112	2.44653490958248	3.84711893641734
90	WGN36	1.38592513699993	0.356909512203425	1112	0.685633123582509	2.08621715041735
92	WGN36	4.22590132799994	0.356909512203425	1112	3.52560931458252	4.92619334141736
93	WGN36	3.70359311749995	0.356909512203424	1112	3.00330110408252	4.40388513091736
94	WGN36	4.29382115749994	0.356909512203428	1112	3.59352914408251	4.99411317091737
95	WGN36	3.87003968249995	0.356909512203427	1112	3.16974766908252	4.57033169591737
96	WGN36	3.55625427199994	0.356909512203426	1112	2.85596225858252	4.25654628541737
97	WGN36	5.49080105649994	0.356909512203427	1112	4.79050904308252	6.19109306991737
98	WGN36	4.17517586049994	0.356909512203427	1112	3.47488384708252	4.87546787391737
99	WGN36	2.67557471299996	0.356909512203424	1112	1.97528269958254	3.37586672641738
100	WGN36	4.37880116949994	0.356909512203427	1112	3.67850915608251	5.07909318291736
102	WGN36	4.88608848799993	0.356909512203424	1112	4.18579647458251	5.58638050141734
104	WGN36	3.33931818199994	0.356909512203425	1112	2.63902616858252	4.03961019541736
105	WGN36	3.92049689399995	0.356909512203426	1112	3.22020488058252	4.62078890741737
106	WGN36	4.65675948299994	0.356909512203427	1112	3.95646746958252	5.35705149641737
107	WGN36	1.96873094049994	0.356909512203425	1112	1.26843892708252	2.66902295391736
108	WGN36	3.33578289837908	0.504859635141409	1112	2.34519800697711	4.32636778978106
109	WGN36	4.02062499999994	0.356909512203428	1112	3.32033298658251	4.72091701341737
110	WGN36	4.76811705799995	0.356909512203425	1112	4.06782504458252	5.46840907141737
112	WGN36	3.60309523799994	0.356909512203424	1112	2.90280322458252	4.30338725141736
114	WGN36	3.22779605249993	0.356909512203428	1112	2.5275040390825	3.92808806591736
116	WGN36	3.37539682549994	0.356909512203425	1112	2.67510481208252	4.07568883891736
117	WGN36	4.19103884499994	0.356909512203427	1112	3.49074683158251	4.89133085841736
118	WGN36	4.32777777799994	0.356909512203425	1112	3.62748576458251	5.02806979141736
119	WGN36	3.99633264449993	0.356909512203426	1112	3.29604063108251	4.69662465791736
120	WGN36	4.19840729149994	0.356909512203426	1112	3.49811527808252	4.89869930491737
121	WGN36	3.44601212699994	0.356909512203426	1112	2.74572011358252	4.14630414041736
122	WGN36	4.37884806349993	0.356909512203427	1112	3.6785560500825	5.07914007691736
123	WGN36	3.49035045849994	0.356909512203426	1112	2.79005844508252	4.19064247191737
124	WGN36	4.31793589199994	0.356909512203424	1112	3.61764387858252	5.01822790541736
125	WGN36	4.20396588499994	0.356909512203426	1112	3.50367387158251	4.90425789841736
126	WGN36	5.30727124199993	0.356909512203426	1112	4.60697922858251	6.00756325541735
127	WGN36	3.49163879599994	0.356909512203425	1112	2.79134678258252	4.19193080941736
128	WGN36	4.40847358149994	0.356909512203427	1112	3.70818156808251	5.10876559491737
129	WGN36	4.46718266249994	0.356909512203427	1112	3.76689064908251	5.16747467591736
130	WGN36	4.7286640079999	0.356909512203419	1112	4.02837199458249	5.42895602141731
1	WGN38	4.44108742050015	0.356909512203448	1112	3.74079540708269	5.14137943391762
2	WGN38	3.4191803280001	0.356909512203426	1112	2.71888831458267	4.11947234141752
3	WGN38	3.6494505495001	0.356909512203425	1112	2.94915853608268	4.34974256291752
4	WGN38	4.05467741950011	0.356909512203428	1112	3.35438540608269	4.75496943291754
5	WGN38	3.66718158850011	0.356909512203429	1112	2.96688957508268	4.36747360191754
6	WGN38	2.50299901637933	0.504859635141404	1112	1.51241412497737	3.4935839077813
7	WGN38	3.46270396300013	0.356909512203425	1112	2.76241194958271	4.16299597641755
8	WGN38	3.14641164800013	0.356909512203424	1112	2.44611963458271	3.84670366141755
10	WGN38	3.3515151515001	0.356909512203427	1112	2.65122313808268	4.05180716491753
11	WGN38	4.06902985050011	0.356909512203428	1112	3.36873783708268	4.76932186391754
12	WGN38	3.91788461550011	0.356909512203429	1112	3.21759260208268	4.61817662891754
13	WGN38	3.46789044300011	0.356909512203426	1112	2.76759842958269	4.16818245641754
14	WGN38	3.19715980950013	0.356909512203423	1112	2.49686779608271	3.89745182291755
16	WGN38	3.61965240650014	0.356909512203424	1112	2.91936039308272	4.31994441991755
18	WGN38	3.60095187750012	0.356909512203426	1112	2.90065986408269	4.30124389091754
19	WGN38	2.88773523650013	0.356909512203424	1112	2.18744322308271	3.58802724991755
20	WGN38	4.33112903250012	0.356909512203423	1112	3.6308370190827	5.03142104591753
21	WGN38	3.26741502800012	0.356909512203425	1112	2.5671230145827	3.96770704141754
22	WGN38	3.48591587500012	0.356909512203428	1112	2.78562386158269	4.18620788841754
23	WGN38	2.72377023350011	0.356909512203427	1112	2.02347822008268	3.42406224691753
24	WGN38	3.42041958000013	0.356909512203423	1112	2.72012756658271	4.12071159341755
26	WGN38	3.78085399450011	0.356909512203426	1112	3.08056198108269	4.48114600791754
27	WGN38	2.64047619050009	0.356909512203428	1112	1.94018417708266	3.34076820391751
28	WGN38	4.12843137250012	0.356909512203428	1112	3.42813935908269	4.82872338591755
29	WGN38	4.28676815000011	0.356909512203428	1112	3.58647613658269	4.98706016341754
30	WGN38	4.52220095700011	0.356909512203424	1112	3.82190894358269	5.22249297041753
32	WGN38	4.14691722950012	0.356909512203424	1112	3.4466252160827	4.84720924291754
33	WGN38	3.78622159100012	0.356909512203426	1112	3.0859295775827	4.48651360441754
34	WGN38	3.65843802137926	0.504859635141414	1112	2.66785312997728	4.64902291278125
35	WGN38	3.33596875000015	0.356909512203421	1112	2.63567673658273	4.03626076341756
36	WGN38	3.26069738500012	0.356909512203427	1112	2.5604053715827	3.96098939841755
37	WGN38	3.18126294000014	0.356909512203419	1112	2.48097092658273	3.88155495341755
38	WGN38	4.07314530300011	0.356909512203424	1112	3.37285328958269	4.77343731641753
39	WGN38	3.88549942550011	0.356909512203431	1112	3.18520741208268	4.58579143891754
40	WGN38	3.96837899550012	0.356909512203429	1112	3.26808698208269	4.66867100891754
41	WGN38	4.5884615385001	0.356909512203431	1112	3.88816952508267	5.28875355191753
42	WGN38	2.65290308750008	0.356909512203429	1112	1.95261107408265	3.35319510091751
43	WGN38	4.08299517862098	0.504859635141405	1112	3.09241028721901	5.07358007002295
45	WGN38	3.54601151300012	0.356909512203424	1112	2.8457194995827	4.24630352641754
46	WGN38	3.95500000000012	0.356909512203426	1112	3.2547079865827	4.65529201341754
47	WGN38	3.03211782000013	0.356909512203424	1112	2.33182580658271	3.73240983341755
48	WGN38	4.06794097900012	0.356909512203427	1112	3.36764896558269	4.76823299241754
49	WGN38	3.16916835700013	0.356909512203424	1112	2.46887634358271	3.86946037041755
50	WGN38	4.56385281400012	0.356909512203427	1112	3.86356080058269	5.26414482741754
51	WGN38	4.17220433250011	0.356909512203427	1112	3.47191231908269	4.87249634591754
52	WGN38	3.89646578600011	0.356909512203427	1112	3.19617377258269	4.59675779941754
53	WGN38	3.96157176150011	0.356909512203425	1112	3.26127974808269	4.66186377491754
54	WGN38	3.97992424250012	0.356909512203426	1112	3.2796322290827	4.68021625591754
55	WGN38	3.55803571450012	0.356909512203425	1112	2.8577437010827	4.25832772791754
56	WGN38	3.36842105250011	0.356909512203426	1112	2.66812903908268	4.06871306591753
59	WGN38	4.00678749100012	0.356909512203426	1112	3.30649547758269	4.70707950441754
61	WGN38	3.46205510900011	0.356909512203427	1112	2.76176309558269	4.16234712241753
63	WGN38	3.74091478700011	0.356909512203426	1112	3.04062277358269	4.44120680041753
64	WGN38	1.88523924450009	0.356909512203427	1112	1.18494723108267	2.58553125791752
65	WGN38	3.62055944050012	0.356909512203425	1112	2.9202674270827	4.32085145391754
66	WGN38	3.72341796550012	0.356909512203425	1112	3.0231259520827	4.42370997891754
67	WGN38	4.35367175300012	0.356909512203426	1112	3.65337973958269	5.05396376641754
68	WGN38	3.32413712700011	0.356909512203427	1112	2.62384511358269	4.02442914041754
69	WGN38	3.23415233400011	0.356909512203426	1112	2.53386032058269	3.93444434741754
70	WGN38	2.86026570050011	0.356909512203427	1112	2.15997368708268	3.56055771391753
72	WGN38	3.65614224450011	0.356909512203427	1112	2.95585023108269	4.35643425791754
73	WGN38	4.30752696950012	0.356909512203425	1112	3.60723495608269	5.00781898291754
74	WGN38	3.27590909100012	0.356909512203425	1112	2.5756170775827	3.97620110441754
76	WGN38	3.53225028700012	0.356909512203425	1112	2.8319582735827	4.23254230041754
77	WGN38	3.49409769350011	0.356909512203426	1112	2.79380568008269	4.19438970691754
78	WGN38	3.65210446250012	0.356909512203425	1112	2.9518124490827	4.35239647591754
80	WGN38	3.60534798550012	0.356909512203425	1112	2.9050559720827	4.30563999891754
81	WGN38	2.72633171950011	0.356909512203426	1112	2.02603970608269	3.42662373291753
82	WGN38	2.74950980400012	0.356909512203425	1112	2.0492177905827	3.44980181741754
83	WGN38	3.60240617450012	0.356909512203425	1112	2.90211416108269	4.30269818791754
84	WGN38	3.19152285450011	0.356909512203426	1112	2.49123084108269	3.89181486791753
85	WGN38	3.61898591550011	0.356909512203425	1112	2.91869390208269	4.31927792891753
86	WGN38	4.30333333350011	0.356909512203426	1112	3.60304132008269	5.00362534691754
87	WGN38	1.60980952400011	0.356909512203426	1112	0.909517510582687	2.31010153741753
88	WGN38	2.71904024750012	0.356909512203425	1112	2.0187482340827	3.41933226091754
89	WGN38	3.54937193950011	0.356909512203426	1112	2.84907992608269	4.24966395291754
90	WGN38	3.92760715850011	0.356909512203425	1112	3.22731514508269	4.62789917191754
91	WGN38	3.53010110300011	0.356909512203426	1112	2.82980908958269	4.23039311641753
92	WGN38	2.76520562750011	0.356909512203426	1112	2.06491361408268	3.46549764091753
93	WGN38	4.31103683100012	0.356909512203426	1112	3.61074481758269	5.01132884441754
94	WGN38	4.54320954900011	0.356909512203426	1112	3.84291753558269	5.24350156241753
95	WGN38	2.28687500000011	0.356909512203426	1112	1.58658298658269	2.98716701341754
96	WGN38	3.79684750750011	0.356909512203426	1112	3.09655549408269	4.49713952091754
97	WGN38	3.57199770400011	0.356909512203426	1112	2.87170569058269	4.27228971741753
98	WGN38	4.28495671000011	0.356909512203426	1112	3.58466469658269	4.98524872341754
99	WGN38	3.98799715900011	0.356909512203426	1112	3.28770514558269	4.68828917241754
100	WGN38	4.10103198450011	0.356909512203426	1112	3.40073997108269	4.80132399791754
101	WGN38	2.71535714300011	0.356909512203427	1112	2.01506512958268	3.41564915641753
102	WGN38	4.01851116650012	0.356909512203426	1112	3.31821915308269	4.71880317991754
103	WGN38	3.63207080600012	0.356909512203425	1112	2.93177879258269	4.33236281941754
104	WGN38	3.2884246085001	0.356909512203427	1112	2.58813259508268	3.98871662191753
106	WGN38	5.53578289837928	0.504859635141412	1112	4.5451980069773	6.52636778978126
107	WGN38	3.75813651400012	0.356909512203426	1112	3.05784450058269	4.45842852741754
108	WGN38	3.43539504562097	0.504859635141409	1112	2.44481015421899	4.42597993702294
109	WGN38	3.63869329162097	0.504859635141408	1112	2.648108400219	4.62927818302294
110	WGN38	3.98302238800012	0.356909512203426	1112	3.28273037458269	4.68331440141754
111	WGN38	2.33123979800011	0.356909512203426	1112	1.63094778458268	3.03153181141753
112	WGN38	3.22673527937928	0.50485963514141	1112	2.2361503879773	4.21732017078125
113	WGN38	3.34148606800012	0.356909512203426	1112	2.64119405458269	4.04177808141754
114	WGN38	3.92537878800011	0.356909512203426	1112	3.22508677458269	4.62567080141754
115	WGN38	3.08978484200011	0.356909512203426	1112	2.38949282858269	3.79007685541754
1	WGN39	3.78542105250005	0.356909512203402	1112	3.08512903908268	4.48571306591743
2	WGN39	3.09775423749996	0.356909512203429	1112	2.39746222408253	3.79804625091739
3	WGN39	2.53218390799994	0.356909512203429	1112	1.83189189458251	3.23247592141737
4	WGN39	3.01267996699992	0.356909512203436	1112	2.31238795358248	3.71297198041737
5	WGN39	4.09039009499994	0.356909512203426	1112	3.39009808158252	4.79068210841736
6	WGN39	4.39089301499995	0.356909512203425	1112	3.69060100158253	5.09118502841737
7	WGN39	4.73928571450001	0.356909512203435	1112	4.03899370108257	5.43957772791746
8	WGN39	4.49090909099996	0.356909512203427	1112	3.79061707758254	5.19120110441739
9	WGN39	3.77303571449997	0.356909512203424	1112	3.07274370108255	4.47332772791739
10	WGN39	2.95388888899998	0.356909512203422	1112	2.25359687558256	3.65418090241739
11	WGN39	3.41696428549998	0.356909512203421	1112	2.71667227208257	4.11725629891739
12	WGN39	3.56688311699998	0.356909512203421	1112	2.86659110358257	4.2671751304174
13	WGN39	2.09312865499999	0.356909512203425	1112	1.39283664158256	2.79342066841741
14	WGN39	1.20580943849991	0.356909512203432	1112	0.505517425082472	1.90610145191734
15	WGN39	5.2773489609999	0.356909512203419	1112	4.57705694758249	5.97764097441731
16	WGN39	3.86239436599997	0.356909512203422	1112	3.16210235258255	4.56268637941739
17	WGN39	3.16071346149997	0.356909512203427	1112	2.46042144808255	3.8610054749174
18	WGN39	3.84943141449999	0.356909512203428	1112	3.14913940108257	4.54972342791742
19	WGN39	4.26074414649997	0.356909512203423	1112	3.56045213308255	4.96103615991738
20	WGN39	3.28373365999995	0.356909512203428	1112	2.58344164658252	3.98402567341738
21	WGN39	3.61553994749997	0.356909512203432	1112	2.91524793408253	4.3158319609174
22	WGN39	4.06357498249999	0.356909512203429	1112	3.36328296908256	4.76386699591741
24	WGN39	4.54781746049994	0.356909512203421	1112	3.84752544708252	5.24810947391735
25	WGN39	5.29762684149996	0.356909512203425	1112	4.59733482808254	5.99791885491738
26	WGN39	3.29487734499998	0.356909512203424	1112	2.59458533158256	3.9951693584174
27	WGN39	4.38341013799995	0.356909512203422	1112	3.68311812458253	5.08370215141736
28	WGN39	3.23019906349992	0.356909512203427	1112	2.52990705008249	3.93049107691734
29	WGN39	2.70662915399996	0.356909512203425	1112	2.00633714058254	3.40692116741739
30	WGN39	4.81888440849993	0.356909512203424	1112	4.11859239508252	5.51917642191735
31	WGN39	3.20572580649996	0.356909512203427	1112	2.50543379308253	3.90601781991738
32	WGN39	3.97384798749996	0.356909512203425	1112	3.27355597408254	4.67414000091738
34	WGN39	3.61718426499996	0.356909512203427	1112	2.91689225158254	4.31747627841739
35	WGN39	3.36942160099997	0.356909512203423	1112	2.66912958758256	4.06971361441739
36	WGN39	4.54403816499995	0.356909512203424	1112	3.84374615158253	5.24433017841737
37	WGN39	3.05061929599998	0.356909512203424	1112	2.35032728258257	3.7509113094174
38	WGN39	3.08816385137914	0.504859635141404	1112	2.09757895997717	4.0787487427811
39	WGN39	4.68818181799998	0.35690951220343	1112	3.98788980458255	5.38847383141741
40	WGN39	4.38147058799997	0.356909512203427	1112	3.68117857458255	5.0817626014174
41	WGN39	4.03402014649997	0.35690951220343	1112	3.33372813308254	4.7343121599174
42	WGN39	3.26484374999997	0.356909512203425	1112	2.56455173658255	3.96513576341739
43	WGN39	5.09613052349997	0.356909512203427	1112	4.39583851008254	5.79642253691739
44	WGN39	2.76272575699998	0.356909512203425	1112	2.06243374358256	3.4630177704174
45	WGN39	3.80723039249997	0.35690951220343	1112	3.10693837908254	4.5075224059174
46	WGN39	3.42868117799997	0.356909512203426	1112	2.72838916458254	4.12897319141739
47	WGN39	4.22580419549997	0.356909512203428	1112	3.52551218208254	4.9260962089174
48	WGN39	1.49016681299995	0.356909512203428	1112	0.789874799582523	2.19045882641738
49	WGN39	4.05642380399996	0.356909512203424	1112	3.35613179058254	4.75671581741738
50	WGN39	3.38637457899996	0.356909512203426	1112	2.68608256558254	4.08666659241739
51	WGN39	3.59258241749996	0.356909512203429	1112	2.89229040408253	4.29287443091739
52	WGN39	4.34344182299997	0.356909512203429	1112	3.64314980958255	5.0437338364174
53	WGN39	3.58660936249996	0.356909512203429	1112	2.88631734908253	4.28690137591739
54	WGN39	2.64052569049998	0.356909512203425	1112	1.94023367708256	3.3408177039174
55	WGN39	3.80568181799996	0.356909512203425	1112	3.10538980458254	4.50597383141738
56	WGN39	4.83021276599997	0.356909512203427	1112	4.12992075258254	5.53050477941739
57	WGN39	4.00862068949996	0.356909512203425	1112	3.30832867608254	4.70891270291739
58	WGN39	3.94399145149996	0.356909512203425	1112	3.24369943808254	4.64428346491739
59	WGN39	2.31961038949996	0.356909512203427	1112	1.61931837608254	3.01990240291739
60	WGN39	3.66085164849997	0.356909512203425	1112	2.96055963508255	4.36114366191739
61	WGN39	4.01105651099996	0.356909512203428	1112	3.31076449758254	4.71134852441739
62	WGN39	2.87479973899997	0.356909512203427	1112	2.17450772558254	3.57509175241739
63	WGN39	3.81739766099996	0.356909512203427	1112	3.11710564758254	4.51768967441739
64	WGN39	3.92280564249997	0.356909512203427	1112	3.22251362908254	4.62309765591739
65	WGN39	2.80499999999997	0.356909512203425	1112	2.10470798658255	3.5052920134174
66	WGN39	2.99687499999998	0.356909512203425	1112	2.29658298658256	3.6971670134174
67	WGN39	4.61495098049996	0.356909512203426	1112	3.91465896708254	5.31524299391739
68	WGN39	3.39749999999996	0.356909512203429	1112	2.69720798658253	4.09779201341739
69	WGN39	4.50415254249997	0.356909512203428	1112	3.80386052908254	5.2044445559174
70	WGN39	3.64068100399996	0.356909512203429	1112	2.94038899058253	4.34097301741739
71	WGN39	3.15026881749996	0.356909512203427	1112	2.44997680408254	3.85056083091739
72	WGN39	3.44466911749996	0.356909512203428	1112	2.74437710408254	4.14496113091739
73	WGN39	3.42619386999997	0.356909512203428	1112	2.72590185658254	4.12648588341739
74	WGN39	3.9267521156208	0.504859635141415	1112	2.93616722421881	4.91733700702279
75	WGN39	3.73779660999997	0.356909512203428	1112	3.03750459658254	4.43808862341739
76	WGN39	4.08308886949996	0.356909512203429	1112	3.38279685608253	4.78338088291739
77	WGN39	1.45174261249996	0.356909512203428	1112	0.751450599082529	2.15203462591738
78	WGN39	4.15305999599996	0.356909512203425	1112	3.45276798258254	4.85335200941738
79	WGN39	4.12074978199997	0.356909512203428	1112	3.42045776858254	4.8210417954174
80	WGN39	2.79186432649997	0.356909512203426	1112	2.09157231308255	3.4921563399174
81	WGN39	2.39215384599998	0.356909512203425	1112	1.69186183258256	3.0924458594174
82	WGN39	3.27877574399996	0.356909512203428	1112	2.57848373058254	3.97906775741739
83	WGN39	4.09718021699997	0.356909512203429	1112	3.39688820358254	4.7974722304174
84	WGN39	4.11724137949996	0.356909512203426	1112	3.41694936608254	4.81753339291739
85	WGN39	3.57497607649997	0.356909512203428	1112	2.87468406308254	4.27526808991739
86	WGN39	4.01616625299996	0.356909512203424	1112	3.31587423958254	4.71645826641738
87	WGN39	4.51684782599997	0.356909512203426	1112	3.81655581258254	5.21713983941739
88	WGN39	2.10259740249995	0.356909512203428	1112	1.40230538908253	2.80288941591738
89	WGN39	4.16812725099997	0.356909512203427	1112	3.46783523758254	4.86841926441739
90	WGN39	4.65741978649996	0.356909512203426	1112	3.95712777308254	5.35771179991738
91	WGN39	1.58495440699996	0.356909512203426	1112	0.884662393582538	2.28524642041739
92	WGN39	2.04114791999998	0.356909512203425	1112	1.34085590658256	2.7414399334174
93	WGN39	2.95399679349996	0.356909512203427	1112	2.25370478008254	3.65428880691739
94	WGN39	1.55869553949999	0.356909512203425	1112	0.85840352608257	2.25898755291741
95	WGN39	4.02066364999996	0.356909512203425	1112	3.32037163658254	4.72095566341739
96	WGN39	3.98634615399997	0.356909512203427	1112	3.28605414058254	4.68663816741739
97	WGN39	3.61091644199996	0.356909512203427	1112	2.91062442858254	4.31120845541739
98	WGN39	3.51969774599996	0.356909512203428	1112	2.81940573258253	4.21998975941739
99	WGN39	3.26795415949997	0.356909512203426	1112	2.56766214608255	3.96824617291739
100	WGN39	4.10324385699996	0.356909512203427	1112	3.40295184358254	4.80353587041739
101	WGN39	3.16235017499997	0.356909512203425	1112	2.46205816158255	3.86264218841739
102	WGN39	4.14561583599997	0.356909512203428	1112	3.44532382258254	4.8459078494174
104	WGN39	5.11296746549996	0.356909512203426	1112	4.41267545208254	5.81325947891739
105	WGN39	4.24068627449997	0.356909512203427	1112	3.54039426108254	4.94097828791739
106	WGN39	3.44901394899997	0.356909512203425	1112	2.74872193558254	4.14930596241739
107	WGN39	3.06204435649996	0.356909512203427	1112	2.36175234308254	3.76233636991739
108	WGN39	3.91310144749996	0.356909512203426	1112	3.21280943408254	4.61339346091739
109	WGN39	4.28488598449996	0.356909512203426	1112	3.58459397108254	4.98517799791739
110	WGN39	4.20833333349996	0.356909512203426	1112	3.50804132008254	4.90862534691738
111	WGN39	3.49624488599997	0.356909512203426	1112	2.79595287258254	4.19653689941739
112	WGN39	3.93759115249996	0.356909512203426	1112	3.23729913908254	4.63788316591739
113	WGN39	3.48421230599996	0.356909512203426	1112	2.78392029258254	4.18450431941739
114	WGN39	2.81142857149996	0.356909512203427	1112	2.11113655808254	3.51172058491739
115	WGN39	4.39811395199996	0.356909512203426	1112	3.69782193858254	5.09840596541739
116	WGN39	3.71383928599997	0.356909512203426	1112	3.01354727258254	4.41413129941739
117	WGN39	3.86590909099997	0.356909512203426	1112	3.16561707758254	4.56620110441739
118	WGN39	3.35955882349996	0.356909512203426	1112	2.65926681008254	4.05985083691739
120	WGN39	2.51733212349996	0.356909512203427	1112	1.81704011008254	3.21762413691739
121	WGN39	2.88621579937912	0.504859635141412	1112	1.89563090797714	3.8768006907811
122	WGN39	3.95303030299997	0.356909512203426	1112	3.25273828958254	4.65332231641739
123	WGN39	4.34073578599997	0.356909512203426	1112	3.64044377258254	5.04102779941739
124	WGN39	4.00951011662081	0.504859635141411	1112	3.01892522521883	5.00009500802279
125	WGN39	2.94503968249997	0.356909512203426	1112	2.24474766908255	3.64533169591739
126	WGN39	1.71482861399996	0.356909512203427	1112	1.01453660058253	2.41512062741738
127	WGN39	3.69938416399997	0.356909512203426	1112	2.99909215058254	4.39967617741739
128	WGN39	4.38821428549997	0.356909512203426	1112	3.68792227208254	5.08850629891739
129	WGN39	4.17655670837912	0.504859635141411	1112	3.18597181697714	5.1671415997811
130	WGN39	3.57042301949996	0.356909512203426	1112	2.87013100608254	4.27071503291739
1	WGN45	3.35990889500001	0.356909512203417	1112	2.6596168815826	4.06020090841742
2	WGN45	3.76651119400002	0.356909512203429	1112	3.06621918058259	4.46680320741745
3	WGN45	2.58219563700002	0.356909512203426	1112	1.88190362358259	3.28248765041744
4	WGN45	3.1551207985	0.356909512203429	1112	2.45482878508257	3.85541281191743
5	WGN45	4.72221019000002	0.356909512203428	1112	4.02191817658259	5.42250220341744
6	WGN45	3.04200668900002	0.356909512203423	1112	2.3417146755826	3.74229870241743
7	WGN45	4.55844055600001	0.35690951220343	1112	3.85814854258258	5.25873256941745
8	WGN45	3.98275729650003	0.35690951220343	1112	3.28246528308259	4.68304930991746
9	WGN45	2.90837514000001	0.356909512203423	1112	2.20808312658259	3.60866715341743
10	WGN45	3.7658368995	0.356909512203426	1112	3.06554488608258	4.46612891291743
11	WGN45	4.25119047600001	0.356909512203426	1112	3.55089846258258	4.95148248941743
12	WGN45	3.40781250000001	0.356909512203434	1112	2.70752048658257	4.10810451341745
13	WGN45	2.88810160450001	0.356909512203418	1112	2.1878095910826	3.58839361791742
14	WGN45	3.50073359050002	0.35690951220343	1112	2.80044157708259	4.20102560391745
15	WGN45	2.73890386350001	0.356909512203423	1112	2.03861185008259	3.43919587691743
16	WGN45	4.69422503749999	0.356909512203424	1112	3.99393302408257	5.39451705091741
17	WGN45	3.5155521785	0.356909512203433	1112	2.81526016508256	4.21584419191744
18	WGN45	2.74285714299997	0.356909512203431	1112	2.04256512958254	3.4431491564174
19	WGN45	4.7519733753791	0.504859635141406	1112	3.76138848397713	5.74255826678107
20	WGN45	3.29350282500002	0.356909512203424	1112	2.5932108115826	3.99379483841744
22	WGN45	3.15165157799998	0.356909512203428	1112	2.45135956458255	3.85194359141741
23	WGN45	5.19409090899999	0.356909512203424	1112	4.49379889558257	5.89438292241741
24	WGN45	3.71904408237917	0.504859635141422	1112	2.72845919097717	4.70962897378117
25	WGN45	3.10923874662085	0.504859635141408	1112	2.11865385521887	4.09982363802282
26	WGN45	2.69132231399999	0.356909512203428	1112	1.99103030058257	3.39161432741742
28	WGN45	3.50372866099999	0.356909512203425	1112	2.80343664758257	4.20402067441742
29	WGN45	2.96987179499997	0.356909512203425	1112	2.26957978158255	3.67016380841739
30	WGN45	1.19665805937923	0.504859635141404	1112	0.206073167977266	2.1872429507812
31	WGN45	3.4970550575	0.356909512203423	1112	2.79676304408258	4.19734707091741
32	WGN45	4.240677966	0.356909512203425	1112	3.54038595258258	4.94096997941742
33	WGN45	0.969313893499974	0.356909512203428	1112	0.269021880082547	1.6696059069174
34	WGN45	2.873200058	0.356909512203427	1112	2.17290804458257	3.57349207141742
35	WGN45	4.00312499999999	0.356909512203423	1112	3.30283298658257	4.70341701341741
36	WGN45	3.4119402985	0.356909512203426	1112	2.71164828508258	4.11223231191742
37	WGN45	4.34584511050001	0.356909512203428	1112	3.64555309708258	5.04613712391744
40	WGN45	4.15090711150001	0.356909512203428	1112	3.45061509808258	4.85119912491743
41	WGN45	3.5311394485	0.356909512203428	1112	2.83084743508258	4.23143146191743
42	WGN45	3.93754728849999	0.356909512203424	1112	3.23725527508258	4.63783930191742
43	WGN45	4.99528654949998	0.356909512203424	1112	4.29499453608256	5.6955785629174
44	WGN45	4.32419580450001	0.356909512203426	1112	3.62390379108258	5.02448781791743
45	WGN45	3.2288180435	0.356909512203425	1112	2.52852603008258	3.92911005691742
46	WGN45	3.486306818	0.356909512203424	1112	2.78601480458258	4.18659883141742
48	WGN45	2.77691551362084	0.504859635141412	1112	1.78633062221886	3.76750040502282
49	WGN45	3.21428571450001	0.356909512203428	1112	2.51399370108258	3.91457772791743
50	WGN45	1.90299901637916	0.504859635141411	1112	0.912414124977184	2.89358390778114
52	WGN45	3.0362403555	0.356909512203427	1112	2.33594834208257	3.73653236891742
53	WGN45	3.630231331	0.356909512203426	1112	2.92993931758258	4.33052334441742
54	WGN45	2.18099485400001	0.356909512203426	1112	1.48070284058259	2.88128686741743
55	WGN45	4.073842243	0.356909512203426	1112	3.37355022958258	4.77413425641742
56	WGN45	3.43283361499999	0.356909512203424	1112	2.73254160158258	4.13312562841741
57	WGN45	2.60740046850001	0.356909512203424	1112	1.90710845508259	3.30769248191743
58	WGN45	3.7734615385	0.356909512203425	1112	3.07316952508258	4.47375355191742
59	WGN45	3.3080216245	0.356909512203428	1112	2.60772961108257	4.00831363791742
60	WGN45	2.9940092165	0.356909512203427	1112	2.29371720308257	3.69430122991742
61	WGN45	4.23497239450001	0.356909512203428	1112	3.53468038108258	4.93526440791744
62	WGN45	3.6844913155	0.356909512203426	1112	2.98419930208258	4.38478332891742
64	WGN45	3.4010875145	0.356909512203427	1112	2.70079550108257	4.10137952791742
65	WGN45	3.620175439	0.356909512203427	1112	2.91988342558258	4.32046745241743
66	WGN45	3.23843690700001	0.356909512203425	1112	2.53814489358259	3.93872892041743
68	WGN45	3.3359970675	0.356909512203426	1112	2.63570505408258	4.03628908091743
69	WGN45	3.5280131965	0.356909512203425	1112	2.82772118308258	4.22830520991742
70	WGN45	2.876505682	0.356909512203426	1112	2.17621366858258	3.57679769541742
71	WGN45	4.248613251	0.356909512203426	1112	3.54832123758258	4.94890526441742
72	WGN45	3.2177419355	0.356909512203427	1112	2.51744992208257	3.91803394891742
73	WGN45	3.079887218	0.356909512203426	1112	2.37959520458258	3.78017923141743
74	WGN45	2.95260924237915	0.504859635141415	1112	1.96202435097716	3.94319413378114
75	WGN45	3.801863886	0.356909512203428	1112	3.10157187258258	4.50215589941743
76	WGN45	3.91779661050001	0.356909512203428	1112	3.21750459708258	4.61808862391744
78	WGN45	2.964408233	0.356909512203427	1112	2.26411621958257	3.66470024641742
80	WGN45	3.24844006600001	0.356909512203425	1112	2.54814805258259	3.94873207941743
81	WGN45	3.4584881755	0.356909512203426	1112	2.75819616208257	4.15878018891742
82	WGN45	3.74647411362085	0.50485963514141	1112	2.75588922221887	4.73705900502282
84	WGN45	4.58407628700001	0.356909512203427	1112	3.88378427358258	5.28436830041743
85	WGN45	4.348335435	0.356909512203426	1112	3.64804342158258	5.04862744841742
86	WGN45	3.3883116885	0.356909512203425	1112	2.68801967508258	4.08860370191742
87	WGN45	2.50935559000001	0.356909512203425	1112	1.80906357658259	3.20964760341743
88	WGN45	3.363860657	0.356909512203425	1112	2.66356864358258	4.06415267041742
89	WGN45	3.590972222	0.356909512203426	1112	2.89068020858258	4.29126423541742
90	WGN45	3.312885154	0.356909512203425	1112	2.61259314058258	4.01317716741742
92	WGN45	3.8436785715	0.356909512203427	1112	3.14338655808258	4.54397058491743
93	WGN45	1.8156687065	0.356909512203426	1112	1.11537669308257	2.51596071991742
94	WGN45	3.780780872	0.356909512203425	1112	3.08048885858258	4.48107288541742
95	WGN45	3.467588933	0.356909512203425	1112	2.76729691958258	4.16788094641742
96	WGN45	3.18594329162085	0.504859635141412	1112	2.19535840021886	4.17652818302283
98	WGN45	3.8948987145	0.356909512203427	1112	3.19460670108258	4.59519072791743
99	WGN45	2.89310344850001	0.356909512203425	1112	2.19281143508259	3.59339546191743
100	WGN45	3.412871888	0.356909512203426	1112	2.71257987458258	4.11316390141742
101	WGN45	4.2304545455	0.356909512203426	1112	3.53016253208258	4.93074655891742
102	WGN45	4.2434547905	0.356909512203426	1112	3.54316277708258	4.94374680391742
103	WGN45	3.862608807	0.356909512203425	1112	3.16231679358258	4.56290082041742
104	WGN45	3.179776675	0.356909512203426	1112	2.47948466158258	3.88006868841742
105	WGN45	3.0917562725	0.356909512203425	1112	2.39146425908258	3.79204828591743
106	WGN45	4.22218487350001	0.356909512203426	1112	3.52189286008259	4.92247688691743
107	WGN45	4.2124627605	0.356909512203426	1112	3.51217074708258	4.91275477391743
108	WGN45	3.309548648	0.356909512203426	1112	2.60925663458258	4.00984066141743
109	WGN45	3.840469208	0.356909512203426	1112	3.14017719458258	4.54076122141742
110	WGN45	3.397767542	0.356909512203427	1112	2.69747552858257	4.09805955541742
111	WGN45	4.2377794335	0.356909512203426	1112	3.53748742008258	4.93807144691743
112	WGN45	3.92638778937916	0.504859635141411	1112	2.93580289797718	4.91697268078114
114	WGN45	4.1291416075	0.356909512203426	1112	3.42884959408258	4.82943362091742
115	WGN45	2.548704702	0.356909512203426	1112	1.84841268858258	3.24899671541743
116	WGN45	3.658058608	0.356909512203426	1112	2.95776659458258	4.35835062141742
117	WGN45	2.70620844362085	0.504859635141409	1112	1.71562355221887	3.69679333502283
118	WGN45	3.2388811185	0.356909512203426	1112	2.53858910508258	3.93917313191742
119	WGN45	3.5958461735	0.356909512203426	1112	2.89555416008258	4.29613818691743
120	WGN45	4.407738095	0.356909512203426	1112	3.70744608158258	5.10803010841742
121	WGN45	4.8511290325	0.356909512203426	1112	4.15083701908258	5.55142104591742
122	WGN45	4.6061923585	0.356909512203426	1112	3.90590034508258	5.30648437191743
123	WGN45	4.33562928937916	0.504859635141411	1112	3.34504439797718	5.32621418078114
124	WGN45	3.7570248865	0.356909512203426	1112	3.05673287308258	4.45731689991742
126	WGN45	3.579920635	0.356909512203426	1112	2.87962862158258	4.28021264841743
127	WGN45	3.8823214285	0.356909512203426	1112	3.18202941508258	4.58261344191742
128	WGN45	3.891779557	0.356909512203426	1112	3.19148754358258	4.59207157041743
129	WGN45	4.004577465	0.356909512203426	1112	3.30428545158258	4.70486947841742
1	WGN46	4.67450738899991	0.356909512203412	1112	3.97421537558252	5.37479940241731
2	WGN46	3.16444444450001	0.356909512203421	1112	2.46415243108259	3.86473645791742
3	WGN46	3.96773066199993	0.356909512203428	1112	3.2674386485825	4.66802267541736
4	WGN46	3.56503416249989	0.356909512203431	1112	2.86474214908246	4.26532617591733
6	WGN46	3.80799327537909	0.504859635141406	1112	2.81740838397711	4.79857816678106
7	WGN46	4.03366895049995	0.356909512203424	1112	3.33337693708253	4.73396096391737
8	WGN46	4.27292847999997	0.356909512203422	1112	3.57263646658255	4.97322049341739
9	WGN46	3.66449999999995	0.356909512203426	1112	2.96420798658252	4.36479201341737
10	WGN46	4.43409090899996	0.356909512203427	1112	3.73379889558253	5.13438292241738
11	WGN46	4.51609090899995	0.356909512203429	1112	3.81579889558252	5.21638292241737
12	WGN46	3.52383474599998	0.356909512203424	1112	2.82354273258256	4.2241267594174
13	WGN46	4.01167419549996	0.356909512203426	1112	3.31138218208253	4.71196620891738
14	WGN46	3.41824324299998	0.35690951220342	1112	2.71795122958257	4.1185352564174
15	WGN46	3.87618786549996	0.356909512203425	1112	3.17589585208254	4.57647987891738
16	WGN46	3.82843026549995	0.356909512203427	1112	3.12813825208252	4.52872227891737
17	WGN46	4.41543126649999	0.356909512203422	1112	3.71513925308257	5.1157232799174
18	WGN46	3.99075886562078	0.504859635141415	1112	3.00017397421879	4.98134375702277
19	WGN46	4.44814682849998	0.356909512203423	1112	3.74785481508256	5.1484388419174
20	WGN46	4.17209790199995	0.356909512203424	1112	3.47180588858254	4.87238991541737
21	WGN46	4.07582005262079	0.504859635141408	1112	3.08523516121882	5.06640494402276
22	WGN46	3.46536796549992	0.356909512203427	1112	2.7650759520825	4.16565997891735
23	WGN46	3.59947337537909	0.504859635141413	1112	2.60888848397711	4.59005826678108
24	WGN46	2.70999999999996	0.356909512203426	1112	2.00970798658253	3.41029201341738
25	WGN46	3.53808823549994	0.356909512203429	1112	2.83779622208251	4.23838024891737
26	WGN46	4.24004582099995	0.356909512203428	1112	3.53975380758252	4.94033783441738
27	WGN46	4.53870371449994	0.356909512203423	1112	3.83841170108252	5.23899572791736
28	WGN46	3.62044117649994	0.35690951220343	1112	2.9201491630825	4.32073318991737
29	WGN46	4.18913480899996	0.356909512203428	1112	3.48884279558253	4.88942682241738
30	WGN46	3.91066176449996	0.356909512203427	1112	3.21036975108254	4.61095377791739
31	WGN46	4.31076816399995	0.356909512203433	1112	3.61047615058251	5.01106017741738
32	WGN46	4.80271739149995	0.356909512203425	1112	4.10242537808253	5.50300940491737
33	WGN46	3.82747639949995	0.356909512203427	1112	3.12718438608252	4.52776841291737
34	WGN46	3.49689440999999	0.35690951220342	1112	2.79660239658258	4.1971864234174
36	WGN46	4.80934615399997	0.356909512203424	1112	4.10905414058255	5.50963816741738
37	WGN46	3.99376975299996	0.356909512203424	1112	3.29347773958254	4.69406176641738
38	WGN46	4.19212071149995	0.356909512203426	1112	3.49182869808253	4.89241272491737
39	WGN46	3.10829372137909	0.504859635141415	1112	2.1177088299771	4.09887861278107
40	WGN46	3.18031968049995	0.356909512203427	1112	2.48002766708253	3.88061169391738
41	WGN46	4.41901213549995	0.356909512203426	1112	3.71872012208253	5.11930414891738
42	WGN46	2.81159250599995	0.356909512203428	1112	2.11130049258252	3.51188451941737
43	WGN46	3.81369047599996	0.356909512203426	1112	3.11339846258254	4.51398248941739
44	WGN46	4.15466830449995	0.356909512203426	1112	3.45437629108253	4.85496031791737
45	WGN46	3.75398787299996	0.356909512203427	1112	3.05369585958253	4.45427988641738
46	WGN46	3.79336136849996	0.356909512203426	1112	3.09306935508254	4.49365338191739
47	WGN46	3.21351655999993	0.356909512203427	1112	2.51322454658251	3.91380857341736
48	WGN46	3.96939123399995	0.356909512203428	1112	3.26909922058252	4.66968324741738
49	WGN46	4.43193909399996	0.356909512203424	1112	3.73164708058254	5.13223110741737
50	WGN46	5.1089430723791	0.504859635141408	1112	4.11835818097712	6.09952796378107
51	WGN46	4.69008282737911	0.50485963514141	1112	3.69949793597713	5.68066771878109
52	WGN46	3.38709677449997	0.356909512203424	1112	2.68680476108256	4.08738878791739
53	WGN46	3.14661069649995	0.356909512203426	1112	2.44631868308253	3.84690270991737
54	WGN46	3.89026297099995	0.356909512203425	1112	3.18997095758253	4.59055498441738
55	WGN46	3.59519480549997	0.356909512203423	1112	2.89490279208255	4.29548681891739
56	WGN46	3.75384717049995	0.356909512203426	1112	3.05355515708253	4.45413918391738
57	WGN46	3.71866730699997	0.356909512203424	1112	3.01837529358255	4.41895932041738
58	WGN46	3.32206559249995	0.356909512203427	1112	2.62177357908252	4.02235760591737
59	WGN46	4.51690476199996	0.356909512203426	1112	3.81661274858253	5.21719677541738
60	WGN46	4.71364182699996	0.356909512203426	1112	4.01334981358253	5.41393384041738
61	WGN46	4.15064777349996	0.356909512203426	1112	3.45035576008253	4.85093978691738
62	WGN46	4.52174278849995	0.356909512203424	1112	3.82145077508254	5.22203480191737
63	WGN46	4.02163700749996	0.356909512203424	1112	3.32134499408254	4.72192902091738
64	WGN46	4.06270806649996	0.356909512203425	1112	3.36241605308253	4.76300007991738
65	WGN46	5.43344230137911	0.50485963514141	1112	4.44285740997713	6.42402719278109
66	WGN46	2.88503787899998	0.356909512203423	1112	2.18474586558256	3.5853298924174
67	WGN46	3.49768603399994	0.356909512203429	1112	2.79739402058251	4.19797804741737
68	WGN46	4.18733233949995	0.356909512203427	1112	3.48704032608252	4.88762435291737
69	WGN46	3.53260869549994	0.356909512203428	1112	2.83231668208252	4.23290070891737
70	WGN46	4.46753610399996	0.356909512203427	1112	3.76724409058253	5.16782811741738
71	WGN46	4.49877598949995	0.356909512203426	1112	3.79848397608253	5.19906800291738
72	WGN46	4.30749999999996	0.356909512203428	1112	3.60720798658253	5.00779201341738
73	WGN46	4.68019853699995	0.356909512203429	1112	3.97990652358252	5.38049055041738
74	WGN46	4.12321428549996	0.356909512203427	1112	3.42292227208253	4.82350629891738
75	WGN46	3.40448735799997	0.356909512203424	1112	2.70419534458255	4.10477937141738
76	WGN46	3.92312618599997	0.356909512203423	1112	3.22283417258255	4.62341819941738
78	WGN46	4.49992162999996	0.356909512203425	1112	3.79962961658254	5.20021364341738
79	WGN46	4.59495798349996	0.356909512203426	1112	3.89466597008253	5.29524999691738
80	WGN46	3.77537313449995	0.356909512203427	1112	3.07508112108253	4.47566514791738
81	WGN46	3.51802447549996	0.356909512203425	1112	2.81773246208254	4.21831648891738
82	WGN46	3.49628642499994	0.356909512203427	1112	2.79599441158251	4.19657843841736
83	WGN46	4.95437100199995	0.356909512203425	1112	4.25407898858253	5.65466301541738
84	WGN46	2.57530670837911	0.504859635141412	1112	1.58472181697713	3.56589159978109
85	WGN46	3.62152519899996	0.356909512203426	1112	2.92123318558254	4.32181721241738
86	WGN46	4.13131135999995	0.356909512203428	1112	3.43101934658252	4.83160337341738
87	WGN46	3.83768328449995	0.356909512203427	1112	3.13739127108253	4.53797529791738
88	WGN46	4.24032356549996	0.356909512203425	1112	3.54003155208254	4.94061557891738
89	WGN46	4.08156453699996	0.356909512203426	1112	3.38127252358253	4.78185655041738
90	WGN46	3.07132352949995	0.356909512203427	1112	2.37103151608253	3.77161554291738
91	WGN46	2.2392521156208	0.504859635141412	1112	1.24866722421882	3.22983700702278
93	WGN46	4.56359097899996	0.356909512203425	1112	3.86329896558253	5.26388299241738
94	WGN46	4.49242629849995	0.356909512203427	1112	3.79213428508253	5.19271831191738
95	WGN46	3.88529761899996	0.356909512203427	1112	3.18500560558254	4.58558963241739
96	WGN46	4.14834360549996	0.356909512203426	1112	3.44805159208254	4.84863561891738
98	WGN46	5.49333333299996	0.356909512203427	1112	4.79304131958253	6.19362534641739
100	WGN46	4.42349833149995	0.356909512203426	1112	3.72320631808253	5.12379034491738
101	WGN46	4.50983606549995	0.356909512203426	1112	3.80954405208253	5.21012807891737
102	WGN46	4.63613182799996	0.356909512203427	1112	3.93583981458253	5.33642384141738
103	WGN46	3.52269424449995	0.356909512203427	1112	2.82240223108252	4.22298625791738
104	WGN46	3.30529287399995	0.356909512203426	1112	2.60500086058253	4.00558488741737
106	WGN46	3.97436440699995	0.356909512203427	1112	3.27407239358253	4.67465642041738
107	WGN46	3.67375776399996	0.356909512203426	1112	2.97346575058253	4.37404977741738
108	WGN46	3.86442006249996	0.356909512203426	1112	3.16412804908253	4.56471207591738
109	WGN46	4.64559578799996	0.356909512203425	1112	3.94530377458253	5.34588780141738
110	WGN46	4.03246753249996	0.356909512203426	1112	3.33217551908254	4.73275954591738
111	WGN46	3.25688679249995	0.356909512203426	1112	2.55659477908253	3.95717880591738
112	WGN46	4.07302558399996	0.356909512203426	1112	3.37273357058253	4.77331759741738
113	WGN46	4.38531717699996	0.356909512203426	1112	3.68502516358253	5.08560919041738
114	WGN46	5.62793478249996	0.356909512203426	1112	4.92764276908254	6.32822679591738
115	WGN46	3.70655418549996	0.356909512203426	1112	3.00626217208254	4.40684619891738
116	WGN46	4.35467642499996	0.356909512203425	1112	3.65438441158253	5.05496843841738
117	WGN46	3.37719240149995	0.356909512203427	1112	2.67690038808253	4.07748441491738
118	WGN46	3.71498740962079	0.504859635141413	1112	2.72440251821881	4.70557230102278
119	WGN46	3.74191821699995	0.356909512203426	1112	3.04162620358253	4.44221023041738
120	WGN46	4.27501097499996	0.356909512203426	1112	3.57471896158253	4.97530298841738
121	WGN46	3.13110568949996	0.356909512203426	1112	2.43081367608253	3.83139770291738
122	WGN46	4.11259213749996	0.356909512203426	1112	3.41230012408253	4.81288415091738
123	WGN46	4.17418752749995	0.356909512203426	1112	3.47389551408253	4.87447954091738
124	WGN46	2.95178571449996	0.356909512203426	1112	2.25149370108253	3.65207772791738
125	WGN46	4.20961431749996	0.356909512203426	1112	3.50932230408253	4.90990633091738
126	WGN46	5.05673648249996	0.356909512203426	1112	4.35644446908253	5.75702849591738
127	WGN46	4.08728847699996	0.356909512203426	1112	3.38699646358253	4.78758049041738
128	WGN46	4.21912832949995	0.356909512203426	1112	3.51883631608253	4.91942034291738
129	WGN46	4.01283088249996	0.356909512203426	1112	3.31253886908253	4.71312289591738
130	WGN46	5.09604743049995	0.356909512203426	1112	4.39575541708253	5.79633944391738
1	WGN55	3.84760765550009	0.356909512203427	1112	3.14731564208266	4.54789966891751
2	WGN55	2.87624848000001	0.356909512203425	1112	2.17595646658259	3.57654049341743
3	WGN55	4.26933504550004	0.35690951220343	1112	3.56904303208261	4.96962705891747
4	WGN55	4.20000000000002	0.356909512203428	1112	3.4997079865826	4.90029201341745
5	WGN55	3.77123367550004	0.356909512203426	1112	3.07094166208261	4.47152568891746
6	WGN55	3.68805757000003	0.356909512203431	1112	2.9877655565826	4.38834958341747
7	WGN55	3.61887294000005	0.356909512203425	1112	2.91858092658262	4.31916495341747
8	WGN55	4.01593352850003	0.356909512203429	1112	3.3156415150826	4.71622554191746
9	WGN55	3.84112215900003	0.356909512203431	1112	3.14083014558259	4.54141417241746
10	WGN55	4.68513957300005	0.356909512203427	1112	3.98484755958262	5.38543158641747
11	WGN55	3.79114832500004	0.356909512203428	1112	3.09085631158262	4.49144033841747
12	WGN55	2.9340391023792	0.504859635141409	1112	1.94345421097723	3.92462399378118
13	WGN55	3.23393416900003	0.356909512203422	1112	2.53364215558262	3.93422618241745
14	WGN55	3.77073043737917	0.504859635141413	1112	2.78014554597718	4.76131532878115
15	WGN55	3.93322580650006	0.356909512203429	1112	3.23293379308263	4.63351781991748
16	WGN55	4.30272988500005	0.356909512203423	1112	3.60243787158263	5.00302189841747
17	WGN55	5.14956202737922	0.504859635141413	1112	4.15897713597724	6.14014691878121
18	WGN55	3.67899169100003	0.35690951220343	1112	2.9786996775826	4.37928370441746
19	WGN55	4.33379853000004	0.356909512203426	1112	3.63350651658262	5.03409054341746
20	WGN55	4.71475066600005	0.356909512203431	1112	4.01445865258262	5.41504267941749
21	WGN55	4.88843420700003	0.356909512203425	1112	4.18814219358261	5.58872622041745
22	WGN55	3.86794289400004	0.356909512203428	1112	3.16765088058261	4.56823490741746
23	WGN55	4.25240469200004	0.356909512203427	1112	3.55211267858261	4.95269670541747
24	WGN55	4.34261083700003	0.356909512203423	1112	3.64231882358261	5.04290285041744
25	WGN55	4.38945164500004	0.356909512203426	1112	3.68915963158262	5.08974365841746
26	WGN55	3.39166666700004	0.356909512203426	1112	2.69137465358261	4.09195868041746
27	WGN55	3.98220896750004	0.356909512203429	1112	3.28191695408261	4.68250098091747
28	WGN55	3.97229437250003	0.356909512203423	1112	3.27200235908261	4.67258638591745
29	WGN55	4.13745535700004	0.35690951220343	1112	3.43716334358261	4.83774737041748
30	WGN55	4.36822861850005	0.35690951220343	1112	3.66793660508262	5.06852063191748
31	WGN55	3.26522668400003	0.356909512203428	1112	2.56493467058261	3.96551869741746
32	WGN55	3.74941650500003	0.356909512203425	1112	3.04912449158261	4.44970851841746
33	WGN55	3.70816556750004	0.356909512203425	1112	3.00787355408262	4.40845758091746
34	WGN55	4.39229390700004	0.356909512203428	1112	3.69200189358261	5.09258592041747
35	WGN55	4.45174657550004	0.356909512203429	1112	3.75145456208262	5.15203858891747
36	WGN55	4.52888479950005	0.356909512203429	1112	3.82859278608262	5.22917681291748
37	WGN55	4.3453067083792	0.504859635141411	1112	3.35472181697722	5.33589159978118
38	WGN55	2.69132081650003	0.356909512203428	1112	1.9910288030826	3.39161282991745
40	WGN55	4.14659090950003	0.356909512203424	1112	3.44629889608261	4.84688292291745
41	WGN55	4.08522203600004	0.356909512203428	1112	3.38493002258262	4.78551404941747
42	WGN55	4.11089681750004	0.356909512203425	1112	3.41060480408262	4.81118883091746
43	WGN55	3.72697466450004	0.356909512203426	1112	3.02668265108261	4.42726667791746
44	WGN55	4.18802662462089	0.504859635141413	1112	3.19744173321891	5.17861151602288
45	WGN55	4.57633928550003	0.356909512203426	1112	3.87604727208261	5.27663129891746
46	WGN55	2.67863610650003	0.356909512203429	1112	1.9783440930826	3.37892811991745
47	WGN55	3.40038318150004	0.356909512203428	1112	2.70009116808261	4.10067519491746
48	WGN55	3.87184899850004	0.356909512203424	1112	3.17155698508262	4.57214101191746
49	WGN55	4.00731907900004	0.356909512203426	1112	3.30702706558261	4.70761109241746
50	WGN55	3.81865222950004	0.356909512203429	1112	3.11836021608261	4.51894424291747
52	WGN55	3.49274905400003	0.356909512203428	1112	2.7924570405826	4.19304106741746
53	WGN55	3.69538937750004	0.356909512203429	1112	2.99509736408261	4.39568139091746
54	WGN55	3.55182149350004	0.356909512203425	1112	2.85152948008262	4.25211350691746
55	WGN55	4.49741379300003	0.356909512203425	1112	3.79712177958261	5.19770580641745
56	WGN55	3.61671639150004	0.356909512203427	1112	2.91642437808261	4.31700840491746
57	WGN55	4.01348852637919	0.504859635141411	1112	3.02290363497721	5.00407341778117
58	WGN55	4.08641917300004	0.356909512203426	1112	3.38612715958262	4.78671118641746
59	WGN55	4.06848639462088	0.504859635141408	1112	3.0779015032189	5.05907128602285
60	WGN55	3.98056826850004	0.356909512203427	1112	3.28027625508261	4.68086028191746
61	WGN55	2.94841269850005	0.356909512203425	1112	2.24812068508263	3.64870471191747
62	WGN55	3.61792811200004	0.356909512203428	1112	2.91763609858261	4.31822012541747
63	WGN55	3.74518138150004	0.356909512203426	1112	3.04488936808261	4.44547339491746
64	WGN55	4.41636652550004	0.356909512203426	1112	3.71607451208261	5.11665853891746
65	WGN55	4.02861778850004	0.356909512203427	1112	3.32832577508261	4.72890980191746
66	WGN55	3.18972476400005	0.356909512203425	1112	2.48943275058262	3.89001677741747
67	WGN55	4.07043103450004	0.356909512203425	1112	3.37013902108262	4.77072304791746
68	WGN55	2.60000870800004	0.356909512203426	1112	1.89971669458262	3.30030072141747
69	WGN55	3.85118906137918	0.504859635141407	1112	2.86060416997721	4.84177395278115
70	WGN55	3.87708728650003	0.356909512203427	1112	3.17679527308261	4.57737929991745
71	WGN55	3.65952380950004	0.356909512203426	1112	2.95923179608261	4.35981582291746
72	WGN55	3.63253588550003	0.356909512203428	1112	2.9322438720826	4.33282789891746
73	WGN55	4.22250000000004	0.356909512203427	1112	3.52220798658262	4.92279201341747
74	WGN55	3.60814844350004	0.356909512203426	1112	2.90785643008261	4.30844045691746
75	WGN55	4.00846153850004	0.356909512203427	1112	3.30816952508261	4.70875355191746
76	WGN55	3.87198153400004	0.356909512203427	1112	3.17168952058262	4.57227354741747
77	WGN55	3.73775076200004	0.356909512203427	1112	3.03745874858261	4.43804277541746
78	WGN55	3.12105812200005	0.356909512203425	1112	2.42076610858263	3.82135013541747
80	WGN55	3.81010489500003	0.356909512203427	1112	3.10981288158261	4.51039690841746
81	WGN55	3.29315015450003	0.356909512203426	1112	2.59285814108261	3.99344216791746
82	WGN55	4.35447303950004	0.356909512203428	1112	3.65418102608262	5.05476505291747
83	WGN55	3.17557071950003	0.356909512203428	1112	2.47527870608261	3.87586273291746
84	WGN55	3.09545551900004	0.356909512203426	1112	2.39516350558261	3.79574753241746
85	WGN55	4.69534632000004	0.356909512203426	1112	3.99505430658262	5.39563833341746
86	WGN55	3.68605990800003	0.356909512203427	1112	2.98576789458261	4.38635192141746
87	WGN55	3.52629032250003	0.356909512203426	1112	2.82599830908261	4.22658233591746
88	WGN55	3.85037062000004	0.356909512203426	1112	3.15007860658261	4.55066263341746
89	WGN55	4.59518317550003	0.356909512203426	1112	3.89489116208261	5.29547518891746
90	WGN55	3.29318181800004	0.356909512203427	1112	2.59288980458261	3.99347383141746
91	WGN55	4.01369047650004	0.356909512203427	1112	3.31339846308261	4.71398248991747
92	WGN55	3.67102272750004	0.356909512203426	1112	2.97073071408262	4.37131474091746
93	WGN55	3.75887445850004	0.356909512203425	1112	3.05858244508262	4.45916647191746
94	WGN55	3.69313186800004	0.356909512203425	1112	2.99283985458262	4.39342388141746
95	WGN55	3.71941558450004	0.356909512203425	1112	3.01912357108262	4.41970759791746
96	WGN55	3.23986111100003	0.356909512203426	1112	2.53956909758261	3.94015312441746
97	WGN55	3.40202380950004	0.356909512203426	1112	2.70173179608261	4.10231582291746
98	WGN55	3.37354323300004	0.356909512203426	1112	2.67325121958261	4.07383524641746
99	WGN55	3.22055555550004	0.356909512203426	1112	2.52026354208261	3.92084756891746
100	WGN55	3.61034798550004	0.356909512203426	1112	2.91005597208262	4.31063999891746
101	WGN55	3.77187406850004	0.356909512203426	1112	3.07158205508262	4.47216608191746
102	WGN55	4.11196172250004	0.356909512203426	1112	3.41166970908262	4.81225373591746
103	WGN55	2.90591973250004	0.356909512203425	1112	2.20562771908262	3.60621174591747
104	WGN55	4.00370689650004	0.356909512203426	1112	3.30341488308262	4.70399890991746
105	WGN55	3.94722853250004	0.356909512203426	1112	3.24693651908262	4.64752054591746
106	WGN55	3.62388497650004	0.356909512203425	1112	2.92359296308262	4.32417698991746
107	WGN55	4.02288311700004	0.356909512203426	1112	3.32259110358261	4.72317513041746
108	WGN55	3.82964277000004	0.356909512203426	1112	3.12935075658262	4.52993478341746
109	WGN55	3.41300940400004	0.356909512203426	1112	2.71271739058261	4.11330141741746
110	WGN55	3.97219780250004	0.356909512203426	1112	3.27190578908262	4.67248981591746
111	WGN55	4.14277073700004	0.356909512203426	1112	3.44247872358262	4.84306275041746
112	WGN55	3.73550023300004	0.356909512203426	1112	3.03520821958262	4.43579224641746
113	WGN55	4.13283582100004	0.356909512203425	1112	3.43254380758262	4.83312783441746
114	WGN55	3.92155727150004	0.356909512203426	1112	3.22126525808262	4.62184928491746
115	WGN55	3.07435597200004	0.356909512203426	1112	2.37406395858261	3.77464798541746
116	WGN55	3.12518509462088	0.504859635141413	1112	2.1346002032189	4.11576998602286
117	WGN55	2.37226415100004	0.356909512203426	1112	1.67197213758261	3.07255616441746
118	WGN55	3.92897654550004	0.356909512203426	1112	3.22868453208262	4.62926855891746
119	WGN55	4.24280821900004	0.356909512203426	1112	3.54251620558262	4.94310023241746
120	WGN55	3.96674195400004	0.356909512203426	1112	3.26644994058262	4.66703396741746
121	WGN55	4.21834155500004	0.356909512203426	1112	3.51804954158262	4.91863356841746
122	WGN55	4.59557658450004	0.356909512203426	1112	3.89528457108262	5.29586859791746
123	WGN55	3.15360544200004	0.356909512203426	1112	2.45331342858262	3.85389745541746
124	WGN55	3.57771855050004	0.356909512203426	1112	2.87742653708262	4.27801056391746
125	WGN55	3.07956073950004	0.356909512203426	1112	2.37926872608262	3.77985275291746
126	WGN55	4.28727272750004	0.356909512203426	1112	3.58698071408262	4.98756474091746
128	WGN55	3.68765625000004	0.356909512203426	1112	2.98736423658262	4.38794826341746
129	WGN55	5.01969697000004	0.356909512203426	1112	4.31940495658262	5.71998898341746
130	WGN55	4.11943164350004	0.356909512203426	1112	3.41913963008262	4.81972365691746
1	WGN63	4.11467444350003	0.356909512203423	1112	3.41438243008262	4.81496645691745
2	WGN63	3.02407521149997	0.356909512203429	1112	2.32378319808254	3.7243672249174
3	WGN63	3.37963133650002	0.356909512203425	1112	2.6793393230826	4.07992334991744
4	WGN63	3.52606060600001	0.356909512203425	1112	2.82576859258258	4.22635261941743
5	WGN63	3.368431793	0.356909512203428	1112	2.66813977958257	4.06872380641742
6	WGN63	3.70104441337915	0.50485963514141	1112	2.71045952197717	4.69162930478112
7	WGN63	2.40909090900003	0.356909512203425	1112	1.70879889558261	3.10938292241745
8	WGN63	3.44662516250006	0.356909512203424	1112	2.74633314908264	4.14691717591748
9	WGN63	3.96006912400003	0.356909512203425	1112	3.25977711058261	4.66036113741745
10	WGN63	3.70204479350002	0.356909512203426	1112	3.00175278008259	4.40233680691744
12	WGN63	3.68546741300001	0.35690951220343	1112	2.98517539958258	4.38575942641744
13	WGN63	3.2943045115	0.356909512203427	1112	2.59401249808257	3.99459652491742
14	WGN63	2.56809415050004	0.356909512203423	1112	1.86780213708262	3.26838616391745
16	WGN63	2.86101801449998	0.356909512203428	1112	2.16072600108255	3.5613100279174
17	WGN63	3.42295126750002	0.356909512203425	1112	2.7226592540826	4.12324328091744
18	WGN63	3.79338153500003	0.356909512203425	1112	3.09308952158261	4.49367354841745
19	WGN63	3.56572336549999	0.356909512203426	1112	2.86543135208257	4.26601537891742
20	WGN63	4.14438139850002	0.356909512203425	1112	3.4440893850826	4.84467341191744
21	WGN63	3.8179945055	0.356909512203427	1112	3.11770249208257	4.51828651891742
22	WGN63	4.46728358200004	0.356909512203427	1112	3.76699156858261	5.16757559541746
23	WGN63	3.75988700550004	0.356909512203423	1112	3.05959499208262	4.46017901891746
24	WGN63	3.96869491550003	0.356909512203428	1112	3.26840290208261	4.66898692891746
25	WGN63	3.39195344150001	0.356909512203426	1112	2.69166142808259	4.09224545491744
26	WGN63	3.33479623800002	0.356909512203425	1112	2.6345042245826	4.03508825141744
27	WGN63	3.29043290050001	0.356909512203426	1112	2.59014088708259	3.99072491391744
28	WGN63	3.69751256800003	0.356909512203425	1112	2.9972205545826	4.39780458141745
29	WGN63	4.40417626700001	0.356909512203427	1112	3.70388425358259	5.10446828041744
30	WGN63	3.76965034950003	0.356909512203423	1112	3.06935833608261	4.46994236291745
31	WGN63	2.15363958150003	0.356909512203424	1112	1.45334756808261	2.85393159491745
32	WGN63	3.13438129650002	0.356909512203426	1112	2.4340892830826	3.83467330991744
33	WGN63	2.90407055600003	0.356909512203425	1112	2.20377854258261	3.60436256941745
34	WGN63	3.52315018350002	0.356909512203427	1112	2.82285817008259	4.22344219691744
35	WGN63	4.35435502550002	0.356909512203426	1112	3.6540630120826	5.05464703891745
36	WGN63	3.49521053262086	0.504859635141413	1112	2.50462564121888	4.48579542402284
37	WGN63	3.68378099150002	0.356909512203425	1112	2.9834889780826	4.38407300491744
38	WGN63	3.27219387750002	0.356909512203426	1112	2.57190186408259	3.97248589091744
39	WGN63	3.69248844400003	0.356909512203425	1112	2.99219643058261	4.39278045741745
40	WGN63	2.11373076900003	0.356909512203425	1112	1.41343875558261	2.81402278241745
41	WGN63	2.87481490537917	0.50485963514141	1112	1.88423001397719	3.86539979678115
42	WGN63	4.01265120950001	0.356909512203426	1112	3.31235919608259	4.71294322291744
43	WGN63	2.73345648600001	0.356909512203426	1112	2.03316447258259	3.43374849941744
44	WGN63	3.317844	0.356909512203428	1112	2.61755198658257	4.01813601341743
45	WGN63	3.01399018250002	0.356909512203425	1112	2.3136981690826	3.71428219591744
46	WGN63	2.99129429900002	0.356909512203426	1112	2.2910022855826	3.69158631241744
47	WGN63	2.46988353700001	0.356909512203427	1112	1.76959152358259	3.17017555041744
48	WGN63	4.15552943250002	0.356909512203426	1112	3.4552374190826	4.85582144591744
49	WGN63	3.71529814300002	0.356909512203426	1112	3.0150061295826	4.41559015641744
50	WGN63	2.60368421050002	0.356909512203425	1112	1.9033921970826	3.30397622391744
51	WGN63	3.32287510962087	0.504859635141409	1112	2.3322902182189	4.31346000102285
52	WGN63	3.01761733650003	0.356909512203425	1112	2.3173253230826	3.71790934991745
53	WGN63	3.89606557400002	0.356909512203428	1112	3.19577356058259	4.59635758741744
54	WGN63	3.61550324650002	0.356909512203427	1112	2.91521123308259	4.31579525991744
55	WGN63	3.499269124	0.356909512203427	1112	2.79897711058258	4.19956113741743
56	WGN63	3.09161290300001	0.356909512203428	1112	2.39132088958259	3.79190491641744
57	WGN63	3.77692307700002	0.356909512203424	1112	3.0766310635826	4.47721509041744
58	WGN63	3.26952991450001	0.356909512203428	1112	2.56923790108258	3.96982192791744
59	WGN63	3.32334958750002	0.356909512203425	1112	2.6230575740826	4.02364160091744
60	WGN63	4.36969946150002	0.356909512203425	1112	3.6694074480826	5.06999147491744
61	WGN63	3.83904670200001	0.356909512203425	1112	3.13875468858259	4.53933871541743
62	WGN63	4.13440677950002	0.356909512203427	1112	3.4341147660826	4.83469879291745
63	WGN63	4.47270918750002	0.356909512203426	1112	3.77241717408259	5.17300120091744
64	WGN63	3.13454184700002	0.356909512203426	1112	2.4342498335826	3.83483386041744
65	WGN63	3.29913875600001	0.356909512203427	1112	2.59884674258259	3.99943076941743
66	WGN63	4.02335136250003	0.356909512203426	1112	3.32305934908261	4.72364337591745
67	WGN63	2.43448540700002	0.356909512203426	1112	1.73419339358259	3.13477742041744
68	WGN63	3.59535017200002	0.356909512203426	1112	2.89505815858259	4.29564218541744
69	WGN63	3.60934799700002	0.356909512203427	1112	2.9090559835826	4.30964001041745
70	WGN63	3.14664677450001	0.356909512203425	1112	2.44635476108259	3.84693878791744
72	WGN63	3.43460452000002	0.356909512203425	1112	2.7343125065826	4.13489653341744
73	WGN63	3.81697368400002	0.356909512203428	1112	3.11668167058259	4.51726569741744
74	WGN63	3.33220279750001	0.356909512203426	1112	2.63191078408259	4.03249481091744
75	WGN63	3.7240790655	0.356909512203426	1112	3.02378705208258	4.42437107891742
76	WGN63	2.97412087900003	0.356909512203425	1112	2.27382886558261	3.67441289241745
77	WGN63	3.05485337250001	0.356909512203427	1112	2.35456135908258	3.75514538591744
78	WGN63	3.44176912550001	0.356909512203427	1112	2.74147711208259	4.14206113891744
79	WGN63	2.86693548400002	0.356909512203426	1112	2.16664347058259	3.56722749741744
80	WGN63	3.43371610850003	0.356909512203425	1112	2.7334240950826	4.13400812191745
81	WGN63	3.23267834750001	0.356909512203426	1112	2.53238633408259	3.93297036091743
82	WGN63	3.62181818200002	0.356909512203426	1112	2.9215261685826	4.32211019541744
83	WGN63	3.07470238100002	0.356909512203426	1112	2.3744103675826	3.77499439441745
84	WGN63	3.32631578950002	0.356909512203425	1112	2.6260237760826	4.02660780291744
85	WGN63	4.05627591700002	0.356909512203427	1112	3.35598390358259	4.75656793041744
86	WGN63	3.32744956537917	0.504859635141412	1112	2.33686467397719	4.31803445678116
87	WGN63	2.53398257450002	0.356909512203426	1112	1.8336905610826	3.23427458791744
88	WGN63	4.30712489037918	0.504859635141413	1112	3.31653999897719	5.29770978178116
89	WGN63	3.73541666650002	0.356909512203425	1112	3.0351246530826	4.43570867991744
90	WGN63	3.86183614862086	0.50485963514141	1112	2.87125125721889	4.85242104002284
91	WGN63	2.75244147150002	0.356909512203425	1112	2.0521494580826	3.45273348491745
92	WGN63	3.49499089300002	0.356909512203426	1112	2.79469887958259	4.19528290641744
93	WGN63	3.25259907350002	0.356909512203426	1112	2.5523070600826	3.95289108691744
94	WGN63	4.63527101350002	0.356909512203426	1112	3.9349790000826	5.33556302691744
95	WGN63	2.95735152637918	0.504859635141412	1112	1.9667666349772	3.94793641778116
96	WGN63	3.40882265300001	0.356909512203426	1112	2.70853063958259	4.10911466641743
97	WGN63	3.63115079350002	0.356909512203426	1112	2.93085878008259	4.33144280691744
98	WGN63	3.27663699950002	0.356909512203426	1112	2.5763449860826	3.97692901291744
99	WGN63	4.05887784100002	0.356909512203426	1112	3.3585858275826	4.75916985441744
100	WGN63	3.91385510300002	0.356909512203426	1112	3.2135630895826	4.61414711641744
101	WGN63	4.02873651800002	0.356909512203426	1112	3.3284445045826	4.72902853141744
102	WGN63	4.21227272750002	0.356909512203425	1112	3.5119807140826	4.91256474091744
103	WGN63	3.82013157900002	0.356909512203425	1112	3.1198395655826	4.52042359241744
105	WGN63	3.12000000000002	0.356909512203426	1112	2.4197079865826	3.82029201341744
106	WGN63	2.48542767637918	0.504859635141412	1112	1.49484278497719	3.47601256778116
107	WGN63	2.97655670837918	0.504859635141411	1112	1.9859718169772	3.96714159978116
109	WGN63	2.39250000000002	0.356909512203426	1112	1.6922079865826	3.09279201341744
110	WGN63	2.79934210550002	0.356909512203426	1112	2.09905009208259	3.49963411891744
111	WGN63	3.17857142850002	0.356909512203426	1112	2.47827941508259	3.87886344191744
112	WGN63	3.32800546450002	0.356909512203426	1112	2.6277134510826	4.02829747791744
114	WGN63	3.65613207550002	0.356909512203426	1112	2.9558400620826	4.35642408891744
115	WGN63	2.82805973250002	0.356909512203426	1112	2.12776771908259	3.52835174591744
116	WGN63	3.64229876200002	0.356909512203426	1112	2.9420067485826	4.34259077541744
117	WGN63	3.71215018650002	0.356909512203426	1112	3.0118581730826	4.41244219991744
118	WGN63	4.35353448300002	0.356909512203426	1112	3.6532424695826	5.05382649641744
119	WGN63	3.35520342000002	0.356909512203426	1112	2.6549114065826	4.05549543341744
121	WGN63	3.18603026150002	0.356909512203426	1112	2.4857382480826	3.88632227491744
122	WGN63	3.27495876950002	0.356909512203426	1112	2.5746667560826	3.97525078291744
123	WGN63	2.96502948250002	0.356909512203426	1112	2.2647374690826	3.66532149591744
124	WGN63	2.76674242400002	0.356909512203426	1112	2.0664504105826	3.46703443741744
125	WGN63	3.11760104300002	0.356909512203426	1112	2.4173090295826	3.81789305641744
126	WGN63	3.82412955450002	0.356909512203426	1112	3.1238375410826	4.52442156791744
127	WGN63	4.86292046900002	0.356909512203426	1112	4.16262845558259	5.56321248241744
128	WGN63	4.04672108100002	0.356909512203426	1112	3.3464290675826	4.74701309441744
129	WGN63	3.45637931050002	0.356909512203426	1112	2.7560872970826	4.15667132391744
130	WGN63	4.85491469350002	0.356909512203426	1112	4.1546226800826	5.55520670691744
