plantID3	famID	emmean	SE	df	lower.CL	upper.CL
1	WGN07	0.814496314499946	0.0612793144109275	961	0.694239607084183	0.934753021915709
2	WGN07	0.935366958500114	0.0612793144108989	961	0.815110251084407	1.05562366591582
3	WGN07	0.93755976300003	0.0612793144108891	961	0.817303055584343	1.05781647041572
4	WGN07	1.00961538449999	0.0612793144108906	961	0.889358677084299	1.12987209191568
5	WGN07	0.908035714499996	0.0612793144108938	961	0.7877790070843	1.02829242191569
6	WGN07	1.16468253950001	0.0612793144108944	961	1.04442583208431	1.28493924691571
7	WGN07	1.07529239750001	0.0612793144108939	961	0.955035690084309	1.1955491049157
8	WGN07	0.980000000000004	0.0612793144108914	961	0.859743292584312	1.1002567074157
9	WGN07	0.785057471500005	0.0612793144108935	961	0.664800764084309	0.905314178915701
10	WGN07	1.05178127600001	0.0612793144108932	961	0.93152456858431	1.1720379834157
11	WGN07	0.919241240316017	0.086684555926729	961	0.749128382824793	1.08935409780724
12	WGN07	1.00032232131602	0.0866845559267307	961	0.830209463824795	1.17043517880725
13	WGN07	0.946071485000003	0.0612793144108928	961	0.825814777584308	1.0663281924157
14	WGN07	0.997368421000016	0.0612793144108945	961	0.877111713584317	1.11762512841571
15	WGN07	0.936971458500003	0.0612793144108928	961	0.816714751084308	1.0572281659157
16	WGN07	1.18492063500001	0.0612793144108944	961	1.06466392758432	1.30517734241571
17	WGN07	0.859132933500008	0.061279314410892	961	0.738876226084314	0.979389640915701
18	WGN07	0.854885057500003	0.0612793144108936	961	0.734628350084306	0.975141764915699
20	WGN07	1.08734934831602	0.0866845559267293	961	0.917236490824795	1.25746220580724
21	WGN07	1.084458659	0.0612793144108933	961	0.9642019515843	1.20471536641569
22	WGN07	1.05687263549999	0.0612793144108908	961	0.936615928084294	1.17712934291568
23	WGN07	0.916238237316003	0.086684555926725	961	0.746125379824788	1.08635109480722
24	WGN07	0.965620953315996	0.0866845559267307	961	0.79550809582477	1.13573381080722
25	WGN07	1.10734934831602	0.0866845559267295	961	0.937236490824795	1.27746220580724
26	WGN07	1.0218181815	0.0612793144108935	961	0.901561474084309	1.1420748889157
27	WGN07	0.854431545999996	0.0612793144108926	961	0.734174838584302	0.97468825341569
28	WGN07	0.967340824000001	0.0612793144108924	961	0.847084116584307	1.08759753141569
29	WGN07	0.986334560999988	0.0612793144108914	961	0.866077853584296	1.10659126841568
30	WGN07	1.12343750000001	0.0612793144108927	961	1.00318079258431	1.2436942074157
31	WGN07	0.933261183000001	0.0612793144108926	961	0.813004475584307	1.0535178904157
32	WGN07	0.869041708	0.0612793144108926	961	0.748785000584305	0.989298415415694
33	WGN07	1.032232071	0.0612793144108944	961	0.9119753635843	1.1524887784157
34	WGN07	0.999362854499999	0.0612793144108939	961	0.879106147084302	1.1196195619157
35	WGN07	0.873323755000005	0.0612793144108943	961	0.753067047584308	0.993580462415703
36	WGN07	1.251437608	0.0612793144108924	961	1.1311809005843	1.37169431541569
37	WGN07	0.9570802005	0.0612793144108932	961	0.836823493084305	1.0773369079157
38	WGN07	1.012096774	0.0612793144108929	961	0.891840066584308	1.1323534814157
39	WGN07	1.1891672085	0.0612793144108921	961	1.06891050108431	1.30942391591569
40	WGN07	1.22280178849999	0.0612793144108927	961	1.1025450810843	1.34305849591569
41	WGN07	1.01326484131601	0.0866845559267279	961	0.843151983824791	1.18337769880723
42	WGN07	1.12909921100001	0.0612793144108938	961	1.00884250358431	1.2493559184157
44	WGN07	1.32017543850001	0.0612793144108935	961	1.19991873108431	1.4404321459157
46	WGN07	1.14428152499999	0.0612793144108924	961	1.0240248175843	1.26453823241569
47	WGN07	0.947349348316011	0.0866845559267277	961	0.77723649082479	1.11746220580723
48	WGN07	0.824539537500001	0.0612793144108921	961	0.704282830084308	0.944796244915695
49	WGN07	1.17227688431599	0.0866845559267248	961	1.00216402682477	1.3423897418072
50	WGN07	0.854166666500001	0.0612793144108939	961	0.733909959084304	0.974423373915698
51	WGN07	0.943677791999997	0.0612793144108922	961	0.823421084584304	1.06393449941569
52	WGN07	1.09243697499998	0.061279314410894	961	0.972180267584286	1.21269368241568
53	WGN07	0.958243117999999	0.0612793144108924	961	0.837986410584305	1.07849982541569
54	WGN07	0.945820433500001	0.0612793144108936	961	0.825563726084305	1.0660771409157
55	WGN07	1.04000000000001	0.061279314410893	961	0.919743292584312	1.1602567074157
56	WGN07	0.989417127999998	0.0612793144108931	961	0.869160420584303	1.10967383541569
57	WGN07	0.846801347000001	0.061279314410894	961	0.726544639584304	0.967058054415698
58	WGN07	0.921418440000002	0.0612793144108924	961	0.801161732584307	1.0416751474157
59	WGN07	1.0930555555	0.0612793144108922	961	0.972798848084302	1.21331226291569
60	WGN07	1.07079152750001	0.0612793144108938	961	0.950534820084309	1.1910482349157
61	WGN07	0.832926829499989	0.0612793144108947	961	0.71267012208429	0.953183536915687
63	WGN07	1.0727086535	0.0612793144108918	961	0.952451946084304	1.19296536091569
64	WGN07	1.10527142631601	0.08668455592673	961	0.935158568824785	1.27538428380724
66	WGN07	0.766010273999999	0.061279314410894	961	0.645753566584302	0.886266981415696
67	WGN07	1.0825	0.0612793144108927	961	0.962243292584307	1.2027567074157
68	WGN07	1.125	0.0612793144108935	961	1.00474329258431	1.2452567074157
69	WGN07	1.07612983631601	0.0866845559267267	961	0.906016978824789	1.24624269380723
71	WGN07	0.843661972000002	0.0612793144108917	961	0.723405264584309	0.963918679415694
73	WGN07	0.925000000000001	0.0612793144108937	961	0.804743292584304	1.0452567074157
74	WGN07	1.0601411695	0.0612793144108927	961	0.939884462084307	1.1803978769157
75	WGN07	1.094162335	0.0612793144108929	961	0.973905627584305	1.21441904241569
76	WGN07	1.1497105045	0.0612793144108917	961	1.0294537970843	1.26996721191569
77	WGN07	1.02255726949999	0.0612793144108921	961	0.902300562084297	1.14281397691568
78	WGN07	1.001984127	0.0612793144108923	961	0.881727419584306	1.12224083441569
79	WGN07	0.9183333335	0.0612793144108928	961	0.798076626084305	1.03859004091569
80	WGN07	1.0943866945	0.0612793144108924	961	0.974129987084306	1.21464340191569
81	WGN07	1.051724138	0.0612793144108936	961	0.931467430584302	1.17198084541569
82	WGN07	1.1294846705	0.0612793144108934	961	1.00922796308431	1.2497413779157
83	WGN07	1.15892829531601	0.0866845559267284	961	0.988815437824787	1.32904115280723
84	WGN07	1.1115013165	0.0612793144108927	961	0.991244609084306	1.2317580239157
85	WGN07	0.905550514499998	0.0612793144108912	961	0.785293807084307	1.02580722191569
86	WGN07	1.076585695	0.0612793144108933	961	0.956328987584306	1.1968424024157
87	WGN07	1.002457002	0.0612793144108937	961	0.882200294584307	1.1227137094157
88	WGN07	1.01116393000001	0.061279314410894	961	0.890907222584311	1.1314206374157
89	WGN07	1.14999999999999	0.0612793144108916	961	1.0297432925843	1.27025670741569
90	WGN07	0.847737008500003	0.0612793144108934	961	0.727480301084307	0.967993715915699
91	WGN07	1.0948422845	0.0612793144108918	961	0.974585577084303	1.21509899191569
92	WGN07	1.02744517268399	0.0866845559267276	961	0.857332315192766	1.19755803017521
93	WGN07	1.15778413131601	0.0866845559267285	961	0.987671273824788	1.32789698880723
94	WGN07	1.1015625	0.0612793144108922	961	0.981305792584302	1.22181920741569
95	WGN07	1.064063848	0.0612793144108923	961	0.943807140584304	1.18432055541569
96	WGN07	1.3772218565	0.0612793144108932	961	1.25696514908431	1.4974785639157
97	WGN07	1.03969502731602	0.0866845559267274	961	0.869582169824795	1.20980788480724
98	WGN07	1.11830357150001	0.0612793144108927	961	0.998046864084311	1.2385602789157
99	WGN07	0.895641025999999	0.0612793144108921	961	0.775384318584305	1.01589773341569
100	WGN07	0.874051017000003	0.0612793144108926	961	0.753794309584308	0.994307724415697
101	WGN07	0.998363841316017	0.0866845559267309	961	0.828250983824789	1.16847669880724
102	WGN07	1.091847042	0.0612793144108938	961	0.971590334584306	1.2121037494157
103	WGN07	1.093440122	0.0612793144108927	961	0.973183414584309	1.2136968294157
104	WGN07	0.923550850000001	0.0612793144108931	961	0.803294142584305	1.0438075574157
105	WGN07	1.228298611	0.0612793144108925	961	1.1080419035843	1.34855531841569
106	WGN07	1.119454611316	0.0866845559267262	961	0.949341753824786	1.28956746880722
107	WGN07	1.0642857145	0.0612793144108943	961	0.944029007084299	1.18454242191569
108	WGN07	0.989984101499998	0.0612793144108927	961	0.869727394084303	1.11024080891569
109	WGN07	0.761112189683991	0.0866845559267282	961	0.590999332192769	0.931225047175213
110	WGN07	0.973126113000004	0.0612793144108937	961	0.852869405584307	1.0933828204157
112	WGN07	1.1092100475	0.0612793144108934	961	0.988953340084304	1.2294667549157
113	WGN07	0.932662538499999	0.0612793144108932	961	0.812405831084303	1.05291924591569
114	WGN07	1.0112568305	0.0612793144108919	961	0.891000123084305	1.13151353791569
115	WGN07	0.828571428500003	0.0612793144108931	961	0.708314721084308	0.948828135915699
116	WGN07	0.9048134575	0.0612793144108929	961	0.784556750084305	1.0250701649157
117	WGN07	1.025531002	0.0612793144108927	961	0.905274294584301	1.14578770941569
118	WGN07	0.959992423683991	0.0866845559267294	961	0.789879566192767	1.13010528117522
119	WGN07	1.0587703435	0.0612793144108924	961	0.938513636084305	1.17902705091569
120	WGN07	0.911482557999999	0.0612793144108931	961	0.791225850584304	1.03173926541569
121	WGN07	0.869105691000002	0.0612793144108936	961	0.748848983584306	0.989362398415699
122	WGN07	1.02734934831601	0.08668455592673	961	0.857236490824784	1.19746220580723
123	WGN07	1.17857142850001	0.0612793144108947	961	1.05831472108431	1.29882813591571
124	WGN07	1.02734934831601	0.0866845559267287	961	0.857236490824786	1.19746220580723
125	WGN07	1.12636408749999	0.0612793144108937	961	1.0061073800843	1.24662079491569
126	WGN07	0.934301913500003	0.0612793144108929	961	0.814045206084308	1.0545586209157
127	WGN07	0.892958893000003	0.0612793144108933	961	0.772702185584307	1.0132156004157
128	WGN07	0.903206207684002	0.0866845559267276	961	0.733093350192781	1.07331906517522
129	WGN07	1.03585771700001	0.0612793144108942	961	0.915601009584309	1.1561144244157
130	WGN07	0.989687500000002	0.0612793144108923	961	0.869430792584308	1.1099442074157
1	WGN15	0.716631156999987	0.0612793144108932	961	0.596374449584291	0.836887864415683
2	WGN15	0.958856197316008	0.0866845559267276	961	0.788743339824787	1.12896905480723
3	WGN15	0.859375000000002	0.061279314410893	961	0.739118292584307	0.979631707415697
4	WGN15	0.940392826316009	0.08668455592673	961	0.770279968824783	1.11050568380723
5	WGN15	0.847001223999988	0.0612793144108915	961	0.726744516584296	0.96725793141568
7	WGN15	0.667283950999995	0.0612793144108922	961	0.547027243584302	0.787540658415689
8	WGN15	0.859217171500002	0.0612793144108935	961	0.738960464084306	0.979473878915698
9	WGN15	0.832022472000002	0.0612793144108933	961	0.711765764584306	0.952279179415698
10	WGN15	1.21709401699998	0.0612793144108922	961	1.09683730958428	1.33735072441567
11	WGN15	0.865567765499998	0.0612793144108936	961	0.745311058084301	0.985824472915694
12	WGN15	0.843116883000006	0.0612793144108946	961	0.722860175584308	0.963373590415705
13	WGN15	0.825221688316011	0.0866845559267292	961	0.655108830824787	0.995334545807234
14	WGN15	0.778549382999999	0.0612793144108938	961	0.658292675584302	0.898806090415696
15	WGN15	0.833633633499998	0.0612793144108924	961	0.713376926084304	0.953890340915692
16	WGN15	0.726127321	0.0612793144108947	961	0.605870613584302	0.846384028415699
17	WGN15	0.785591106316008	0.0866845559267285	961	0.615478248824786	0.955703963807231
18	WGN15	0.829674929316002	0.0866845559267283	961	0.65956207182478	0.999787786807224
19	WGN15	0.869299336999999	0.0612793144108939	961	0.749042629584302	0.989556044415696
20	WGN15	0.715053763499997	0.0612793144108931	961	0.594797056084302	0.835310470915693
21	WGN15	0.693922305499996	0.0612793144108916	961	0.573665598084303	0.814179012915688
22	WGN15	1.02929795450001	0.0612793144108941	961	0.909041247084312	1.14955466191571
23	WGN15	1.124720893	0.0612793144108933	961	1.0044641855843	1.24497760041569
24	WGN15	0.976666666500002	0.0612793144108932	961	0.856409959084306	1.0969233739157
25	WGN15	0.818377253499993	0.061279314410893	961	0.698120546084298	0.938633960915689
26	WGN15	0.803113553499999	0.0612793144108925	961	0.682856846084305	0.923370260915693
27	WGN15	0.774044146499991	0.0612793144108923	961	0.653787439084297	0.894300853915685
28	WGN15	0.786086956499995	0.0612793144108918	961	0.665830249084302	0.906343663915688
29	WGN15	0.894117646999995	0.061279314410893	961	0.7738609395843	1.01437435441569
30	WGN15	1.08368737631601	0.0866845559267275	961	0.913574518824788	1.25380023380723
31	WGN15	0.933467741999991	0.0612793144108924	961	0.813211034584298	1.05372444941569
32	WGN15	0.8714608435	0.061279314410894	961	0.751204136084303	0.991717550915697
33	WGN15	0.741529722499994	0.0612793144108921	961	0.621273015084301	0.861786429915687
34	WGN15	0.835161743999997	0.0612793144108932	961	0.714905036584302	0.955418451415693
35	WGN15	0.976341730499999	0.0612793144108937	961	0.856085023084303	1.0965984379157
36	WGN15	0.950603621999996	0.0612793144108925	961	0.830346914584302	1.07086032941569
37	WGN15	0.774398395499999	0.0612793144108922	961	0.654141688084306	0.894655102915693
38	WGN15	0.905727726316009	0.0866845559267287	961	0.735614868824786	1.07584058380723
39	WGN15	0.798055677999999	0.0612793144108926	961	0.677798970584304	0.918312385415693
40	WGN15	0.971744044499996	0.0612793144108932	961	0.8514873370843	1.09200075191569
41	WGN15	0.9024537105	0.061279314410894	961	0.782197003084303	1.0227104179157
43	WGN15	1.00806451599999	0.061279314410893	961	0.8878078085843	1.12832122341569
44	WGN15	0.719914422999998	0.0612793144108938	961	0.599657715584301	0.840171130415694
45	WGN15	1.111623144	0.0612793144108936	961	0.991366436584308	1.2318798514157
46	WGN15	0.730769230499996	0.0612793144108933	961	0.6105125230843	0.851025937915692
47	WGN15	0.797428520499999	0.0612793144108938	961	0.677171813084303	0.917685227915696
48	WGN15	0.860682681316016	0.0866845559267283	961	0.690569823824794	1.03079553880724
50	WGN15	0.923359073	0.0612793144108934	961	0.803102365584304	1.0436157804157
51	WGN15	0.764130434999997	0.0612793144108932	961	0.643873727584301	0.884387142415692
52	WGN15	0.779761904499999	0.0612793144108931	961	0.659505197084303	0.900018611915694
53	WGN15	0.719657040316005	0.0866845559267297	961	0.54954418282478	0.88976989780723
54	WGN15	0.811360328683993	0.0866845559267286	961	0.64124747119277	0.981473186175216
55	WGN15	0.805555555499996	0.0612793144108933	961	0.6852988480843	0.925812262915692
56	WGN15	0.845985691499999	0.0612793144108941	961	0.725728984084302	0.966242398915697
58	WGN15	0.771594684499996	0.0612793144108926	961	0.651337977084302	0.891851391915691
59	WGN15	0.856092437000004	0.0612793144108941	961	0.735835729584306	0.976349144415701
60	WGN15	0.826104547499997	0.0612793144108922	961	0.705847840084303	0.94636125491569
61	WGN15	0.771923135999996	0.0612793144108926	961	0.651666428584301	0.89217984341569
62	WGN15	0.956249999999996	0.0612793144108928	961	0.835993292584301	1.07650670741569
63	WGN15	0.907475489999997	0.0612793144108925	961	0.787218782584303	1.02773219741569
64	WGN15	0.764924741999986	0.0612793144108914	961	0.644668034584294	0.885181449415678
66	WGN15	1.0892857145	0.0612793144108936	961	0.969029007084304	1.2095424219157
67	WGN15	0.808602150500002	0.0612793144108923	961	0.688345443084309	0.928858857915696
68	WGN15	0.819399470000002	0.0612793144108931	961	0.699142762584306	0.939656177415697
69	WGN15	0.950409243999999	0.061279314410893	961	0.830152536584303	1.07066595141569
70	WGN15	0.878399684499999	0.0612793144108933	961	0.758142977084303	0.998656391915695
71	WGN15	0.920682681316002	0.0866845559267271	961	0.750569823824783	1.09079553880722
72	WGN15	0.763613084316003	0.0866845559267268	961	0.593500226824784	0.933725941807222
73	WGN15	0.644764956999999	0.0612793144108934	961	0.524508249584303	0.765021664415695
74	WGN15	0.866855521316009	0.0866845559267281	961	0.696742663824788	1.03696837880723
75	WGN15	0.793927125499998	0.0612793144108929	961	0.673670418084303	0.914183832915693
77	WGN15	0.722840193000003	0.061279314410893	961	0.602583485584308	0.843096900415699
78	WGN15	1.064021164	0.0612793144108936	961	0.943764456584305	1.1842778714157
79	WGN15	0.648247177499998	0.061279314410894	961	0.527990470084301	0.768503884915695
80	WGN15	0.808275058499996	0.0612793144108923	961	0.688018351084303	0.92853176591569
81	WGN15	0.783286516999997	0.0612793144108928	961	0.663029809584302	0.903543224415692
82	WGN15	0.833410145684001	0.0866845559267253	961	0.663297288192784	1.00352300317522
83	WGN15	0.898777919316007	0.0866845559267291	961	0.728665061824783	1.06889077680723
84	WGN15	0.795027904499998	0.0612793144108932	961	0.674771197084303	0.915284611915694
85	WGN15	0.794844087999997	0.0612793144108932	961	0.674587380584301	0.915100795415692
86	WGN15	0.870098039500003	0.0612793144108939	961	0.749841332084305	0.9903547469157
87	WGN15	0.771363340000001	0.0612793144108949	961	0.651106632584302	0.8916200474157
88	WGN15	0.639317318683989	0.0866845559267297	961	0.469204461192764	0.809430176175213
89	WGN15	0.746153845999998	0.061279314410893	961	0.625897138584303	0.866410553415694
90	WGN15	0.782141222999998	0.0612793144108933	961	0.661884515584302	0.902397930415693
91	WGN15	0.947235022999999	0.0612793144108922	961	0.826978315584305	1.06749173041569
92	WGN15	0.7938262195	0.0612793144108941	961	0.673569512084303	0.914082926915697
93	WGN15	0.951167133499999	0.0612793144108936	961	0.830910426084303	1.0714238409157
94	WGN15	0.877073906499997	0.0612793144108929	961	0.756817199084302	0.997330613915692
95	WGN15	0.888225107999996	0.0612793144108926	961	0.767968400584302	1.00848181541569
96	WGN15	1.042274721316	0.0866845559267267	961	0.872161863824782	1.21238757880722
97	WGN15	0.659130060499994	0.0612793144108928	961	0.5388733530843	0.779386767915689
98	WGN15	0.793308020499999	0.0612793144108931	961	0.673051313084304	0.913564727915695
99	WGN15	0.994285714499994	0.0612793144108929	961	0.874029007084299	1.11454242191569
100	WGN15	0.883960843499999	0.0612793144108931	961	0.763704136084303	1.00421755091569
101	WGN15	0.825294231000001	0.0612793144108939	961	0.705037523584304	0.945550938415698
102	WGN15	0.871493213	0.061279314410893	961	0.751236505584305	0.991749920415695
103	WGN15	1.11558464231601	0.0866845559267293	961	0.945471784824783	1.28569749980723
104	WGN15	0.892380952499996	0.0612793144108937	961	0.7721242450843	1.01263765991569
106	WGN15	0.751033559316006	0.0866845559267284	961	0.580920701824784	0.921146416807229
107	WGN15	0.836873158316003	0.0866845559267295	961	0.666760300824779	1.00698601580723
108	WGN15	0.742683564499998	0.0612793144108928	961	0.622426857084303	0.862940271915693
109	WGN15	0.920338114999991	0.0612793144108922	961	0.800081407584298	1.04059482241569
110	WGN15	0.716336995999998	0.0612793144108937	961	0.596080288584302	0.836593703415695
111	WGN15	0.876186557316004	0.0866845559267277	961	0.706073699824783	1.04629941480722
112	WGN15	1.03439922449999	0.0612793144108927	961	0.9141425170843	1.15465593191569
113	WGN15	0.731167845999998	0.0612793144108934	961	0.610911138584302	0.851424553415694
114	WGN15	0.9571428575	0.0612793144108928	961	0.836886150084305	1.07739956491569
115	WGN15	0.794573643000001	0.0612793144108935	961	0.674316935584305	0.914830350415698
116	WGN15	0.899144220316003	0.0866845559267275	961	0.729031362824782	1.06925707780722
117	WGN15	0.884375000000001	0.0612793144108931	961	0.764118292584306	1.0046317074157
118	WGN15	0.956164636000002	0.0612793144108931	961	0.835907928584306	1.0764213434157
119	WGN15	0.984624413000002	0.0612793144108934	961	0.864367705584306	1.1048811204157
120	WGN15	0.679721358683989	0.0866845559267294	961	0.509608501192765	0.849834216175213
121	WGN15	0.855001553000001	0.0612793144108937	961	0.734744845584304	0.975258260415698
122	WGN15	1.02349810968399	0.0866845559267299	961	0.853385252192767	1.19361096717522
123	WGN15	1.057377049	0.0612793144108938	961	0.937120341584301	1.17763375641569
124	WGN15	0.935074626999994	0.0612793144108923	961	0.8148179195843	1.05533133441569
125	WGN15	0.908382424999996	0.0612793144108928	961	0.788125717584301	1.02863913241569
126	WGN15	0.857721518999999	0.0612793144108931	961	0.737464811584303	0.977978226415694
127	WGN15	0.606417111999999	0.0612793144108926	961	0.486160404584304	0.726673819415693
128	WGN15	0.777102925999999	0.0612793144108941	961	0.656846218584302	0.897359633415696
129	WGN15	1.019005848	0.0612793144108929	961	0.8987491405843	1.13926255541569
130	WGN15	0.854312353999999	0.0612793144108923	961	0.734055646584305	0.974569061415693
1	WGN26	0.888653234499965	0.0612793144108895	961	0.768396527084277	1.00890994191565
3	WGN26	0.881516015316003	0.0866845559267292	961	0.711403157824779	1.05162887280723
4	WGN26	0.971014492999991	0.0612793144108924	961	0.850757785584297	1.09127120041569
5	WGN26	0.926391683499998	0.0612793144108936	961	0.806134976084302	1.04664839091569
6	WGN26	0.970697980500001	0.0612793144108931	961	0.850441273084305	1.0909546879157
7	WGN26	0.82582032449999	0.0612793144108932	961	0.705563617084295	0.946077031915686
8	WGN26	0.884723726499997	0.061279314410893	961	0.764467019084301	1.00498043391569
9	WGN26	0.862514183315998	0.0866845559267282	961	0.692401325824776	1.03262704080722
10	WGN26	0.751543209999997	0.0612793144108924	961	0.631286502584303	0.871799917415691
11	WGN26	0.833376057499992	0.0612793144108933	961	0.713119350084296	0.953632764915687
12	WGN26	0.988154713999992	0.0612793144108941	961	0.867898006584295	1.10841142141569
13	WGN26	0.883575883499992	0.0612793144108932	961	0.763319176084296	1.00383259091569
14	WGN26	0.611884903999974	0.061279314410895	961	0.491628196584275	0.732141611415673
15	WGN26	0.934569441999996	0.0612793144108931	961	0.814312734584301	1.05482614941569
17	WGN26	0.970238094999989	0.0612793144108918	961	0.849981387584296	1.09049480241568
18	WGN26	0.84027777749999	0.0612793144108943	961	0.720021070084292	0.960534484915687
19	WGN26	0.787473105499998	0.0612793144108918	961	0.667216398084305	0.907729812915691
20	WGN26	0.855920777315995	0.0866845559267287	961	0.685807919824773	1.02603363480722
21	WGN26	0.843344155999995	0.0612793144108925	961	0.723087448584301	0.963600863415689
22	WGN26	0.812637362499992	0.0612793144108925	961	0.692380655084298	0.932894069915686
23	WGN26	0.854935555316003	0.0866845559267277	961	0.684822697824782	1.02504841280722
24	WGN26	0.827349348316001	0.0866845559267255	961	0.657236490824785	0.997462205807218
25	WGN26	1.1259375	0.061279314410894	961	1.0056807925843	1.2461942074157
26	WGN26	0.650878760315992	0.0866845559267294	961	0.480765902824768	0.820991617807217
27	WGN26	1.0483011325	0.061279314410894	961	0.928044425084298	1.16855783991569
28	WGN26	0.777647058999991	0.0612793144108937	961	0.657390351584295	0.897903766415688
29	WGN26	0.905083083683984	0.0866845559267292	961	0.734970226192761	1.07519594117521
30	WGN26	0.785150651683988	0.0866845559267274	961	0.615037794192767	0.955263509175208
31	WGN26	0.898777692999989	0.0612793144108923	961	0.778520985584295	1.01903440041568
32	WGN26	0.801158872315998	0.0866845559267289	961	0.631046014824775	0.971271729807221
33	WGN26	0.710514729683992	0.0866845559267268	961	0.540401872192773	0.880627587175211
34	WGN26	0.733547351499992	0.0612793144108932	961	0.613290644084297	0.853804058915688
35	WGN26	0.889991784999993	0.0612793144108937	961	0.769735077584297	1.01024849241569
36	WGN26	0.687999500499984	0.0612793144108948	961	0.567742793084285	0.808256207915682
38	WGN26	0.737065257499996	0.0612793144108927	961	0.616808550084301	0.857321964915691
39	WGN26	0.693580344499989	0.0612793144108939	961	0.573323637084292	0.813837051915686
40	WGN26	0.745135653499991	0.0612793144108936	961	0.624878946084295	0.865392360915688
41	WGN26	0.856852102999991	0.0612793144108924	961	0.736595395584297	0.977108810415686
42	WGN26	0.859729729499992	0.0612793144108936	961	0.739473022084296	0.979986436915689
43	WGN26	1.02130325799999	0.0612793144108936	961	0.901046550584298	1.14155996541569
44	WGN26	0.886683006499994	0.0612793144108933	961	0.766426299084298	1.00693971391569
45	WGN26	0.665356241499995	0.0612793144108928	961	0.5450995340843	0.78561294891569
46	WGN26	0.705890227499987	0.0612793144108937	961	0.58563352008429	0.826146934915683
47	WGN26	0.783759604315996	0.0866845559267296	961	0.613646746824772	0.953872461807221
48	WGN26	0.91522388049999	0.061279314410893	961	0.794967173084295	1.03548058791569
49	WGN26	0.735214517316003	0.0866845559267285	961	0.565101659824781	0.905327374807226
50	WGN26	0.759171410499992	0.061279314410893	961	0.638914703084297	0.879428117915687
51	WGN26	0.980840147499995	0.0612793144108941	961	0.860583440084297	1.10109685491569
52	WGN26	0.782051281999991	0.0612793144108937	961	0.661794574584294	0.902307989415687
53	WGN26	0.882284382499993	0.0612793144108928	961	0.762027675084298	1.00254108991569
54	WGN26	0.816195012499995	0.0612793144108926	961	0.6959383050843	0.936451719915689
55	WGN26	0.845156303999993	0.0612793144108924	961	0.724899596584299	0.965413011415687
56	WGN26	0.829223046999992	0.0612793144108934	961	0.708966339584296	0.949479754415688
57	WGN26	0.866618888499992	0.0612793144108933	961	0.746362181084297	0.986875595915688
58	WGN26	0.679421768499991	0.0612793144108932	961	0.559165061084296	0.799678475915687
59	WGN26	0.790832469683979	0.0866845559267289	961	0.620719612192756	0.960945327175202
60	WGN26	0.783511846999988	0.0612793144108925	961	0.663255139584293	0.903768554415682
61	WGN26	0.820032275316003	0.0866845559267268	961	0.649919417824784	0.990145132807222
62	WGN26	0.767236081999992	0.0612793144108934	961	0.646979374584296	0.887492789415688
64	WGN26	0.759176029999994	0.0612793144108933	961	0.638919322584299	0.87943273741569
65	WGN26	0.931554761683985	0.0866845559267296	961	0.76144190419276	1.10166761917521
66	WGN26	0.948260072999992	0.061279314410893	961	0.828003365584297	1.06851678041569
67	WGN26	1.09203747099999	0.0612793144108936	961	0.971780763584296	1.21229417841569
68	WGN26	0.687926965499992	0.0612793144108932	961	0.567670258084296	0.808183672915687
69	WGN26	0.844006849499993	0.0612793144108931	961	0.723750142084298	0.964263556915689
70	WGN26	0.798232046683984	0.0866845559267297	961	0.62811918919276	0.968344904175209
71	WGN26	0.923529411999993	0.0612793144108934	961	0.803272704584297	1.04378611941569
72	WGN26	0.898809523499992	0.061279314410893	961	0.778552816084297	1.01906623091569
73	WGN26	0.775378787999993	0.0612793144108931	961	0.655122080584298	0.895635495415689
74	WGN26	0.730339104999995	0.0612793144108929	961	0.6100823975843	0.85059581241569
75	WGN26	0.834188033999992	0.061279314410893	961	0.713931326584297	0.954444741415687
76	WGN26	1.042974348316	0.0866845559267287	961	0.872861490824777	1.21308720580722
77	WGN26	1.02227011499999	0.0612793144108923	961	0.902013407584298	1.14252682241569
78	WGN26	0.713395860315999	0.0866845559267289	961	0.543283002824776	0.883508717807222
79	WGN26	0.992424242499993	0.0612793144108924	961	0.872167535084299	1.11268094991569
80	WGN26	0.702830188499993	0.0612793144108931	961	0.582573481084297	0.823086895915688
81	WGN26	1.027349348316	0.0866845559267279	961	0.85723649082478	1.19746220580722
82	WGN26	0.827349348315999	0.0866845559267307	961	0.657236490824772	0.997462205807225
83	WGN26	0.854117646999991	0.061279314410893	961	0.733860939584296	0.974374354415686
85	WGN26	0.643510964316005	0.0866845559267286	961	0.473398106824783	0.813623821807228
86	WGN26	0.934016015316001	0.0866845559267281	961	0.763903157824779	1.10412887280722
87	WGN26	0.950967601499993	0.0612793144108937	961	0.830710894084297	1.07122430891569
88	WGN26	0.69695584049999	0.061279314410894	961	0.576699133084293	0.817212547915687
89	WGN26	0.704081632999992	0.0612793144108926	961	0.583824925584298	0.824338340415686
90	WGN26	0.953623669999991	0.0612793144108929	961	0.833366962584296	1.07388037741569
91	WGN26	1.04900234749999	0.0612793144108929	961	0.928745640084296	1.16925905491569
92	WGN26	1.21285714249999	0.0612793144108925	961	1.0926004350843	1.33311384991568
93	WGN26	0.991666666499993	0.0612793144108938	961	0.871409959084296	1.11192337391569
94	WGN26	0.896710526499993	0.0612793144108928	961	0.776453819084298	1.01696723391569
95	WGN26	0.864082686999993	0.0612793144108927	961	0.743825979584299	0.984339394415688
96	WGN26	0.754622075315999	0.0866845559267287	961	0.584509217824776	0.924734932807222
97	WGN26	0.878856890999994	0.0612793144108924	961	0.7586001835843	0.999113598415688
98	WGN26	0.890973477999993	0.061279314410893	961	0.770716770584298	1.01123018541569
99	WGN26	0.673328816499993	0.0612793144108928	961	0.553072109084298	0.793585523915688
100	WGN26	0.830574554999993	0.0612793144108931	961	0.710317847584298	0.950831262415688
101	WGN26	0.910714285999992	0.0612793144108938	961	0.790457578584295	1.03097099341569
102	WGN26	0.717825538315998	0.0866845559267288	961	0.547712680824775	0.887938395807221
103	WGN26	1.07101130768399	0.0866845559267286	961	0.900898450192763	1.24112416517521
104	WGN26	0.783637592999994	0.0612793144108927	961	0.6633808855843	0.903894300415689
105	WGN26	0.945539905999993	0.0612793144108931	961	0.825283198584297	1.06579661341569
106	WGN26	0.857266036683985	0.0866845559267276	961	0.687153179192764	1.02737889417521
108	WGN26	0.803819936316001	0.0866845559267293	961	0.633707078824777	0.973932793807226
109	WGN26	1.03043559199999	0.0612793144108933	961	0.910178884584298	1.15069229941569
111	WGN26	0.757923169499993	0.061279314410893	961	0.637666462084298	0.878179876915688
112	WGN26	0.729825808999991	0.0612793144108937	961	0.609569101584294	0.850082516415687
113	WGN26	1.11285425099999	0.0612793144108938	961	0.992597543584294	1.23311095841569
114	WGN26	0.779093567499993	0.0612793144108926	961	0.658836860084299	0.899350274915688
115	WGN26	0.771341463499994	0.0612793144108933	961	0.651084756084299	0.89159817091569
116	WGN26	0.609014287683981	0.0866845559267292	961	0.438901430192757	0.779127145175205
117	WGN26	1.05077565168398	0.0866845559267283	961	0.880662794192762	1.22088850917521
118	WGN26	0.928036705999991	0.0612793144108929	961	0.807779998584296	1.04829341341569
119	WGN26	0.710591132999992	0.0612793144108931	961	0.590334425584297	0.830847840415688
120	WGN26	0.909722221999992	0.0612793144108928	961	0.789465514584297	1.02997892941569
121	WGN26	1.02459016399999	0.0612793144108928	961	0.904333456584297	1.14484687141569
122	WGN26	0.760894170999993	0.061279314410893	961	0.640637463584298	0.881150878415688
123	WGN26	0.986808807316005	0.0866845559267296	961	0.81669594982478	1.15692166480723
125	WGN26	0.922430829999989	0.0612793144108934	961	0.802174122584294	1.04268753741569
126	WGN26	1.03325671268399	0.0866845559267296	961	0.863143855192761	1.20336957017521
127	WGN26	1.26798378899999	0.061279314410893	961	1.1477270815843	1.38824049641569
128	WGN26	0.734555413683984	0.0866845559267282	961	0.564442556192762	0.904668271175206
129	WGN26	0.871071916499994	0.0612793144108932	961	0.750815209084298	0.991328623915689
130	WGN26	0.649999999999992	0.0612793144108933	961	0.529743292584297	0.770256707415688
1	WGN36	0.928533004684084	0.0866845559267204	961	0.758420147192877	1.09864586217529
2	WGN36	0.812927496499986	0.061279314410894	961	0.692670789084289	0.933184203915683
4	WGN36	0.903582316999993	0.0612793144108932	961	0.783325609584297	1.02383902441569
5	WGN36	0.890773809499999	0.0612793144108931	961	0.770517102084303	1.01103051691569
6	WGN36	0.787765567499999	0.0612793144108926	961	0.667508860084305	0.908022274915694
7	WGN36	0.872650651683987	0.086684555926729	961	0.702537794192764	1.04276350917521
8	WGN36	1.05945945949999	0.0612793144108934	961	0.939202752084296	1.17971616691569
9	WGN36	0.927349348316005	0.0866845559267281	961	0.757236490824783	1.09746220580723
10	WGN36	1.14290036299999	0.0612793144108929	961	1.02264365558429	1.26315707041568
11	WGN36	1.013063634316	0.0866845559267289	961	0.842950776824777	1.18317649180722
12	WGN36	1.0342465755	0.0612793144108926	961	0.913989868084302	1.15450328291569
13	WGN36	0.75974025949999	0.061279314410894	961	0.639483552084293	0.879996966915687
14	WGN36	1.01850117049999	0.0612793144108926	961	0.898244463084294	1.13875787791568
15	WGN36	0.923007246499991	0.0612793144108937	961	0.802750539084294	1.04326395391569
16	WGN36	0.954878454999991	0.0612793144108933	961	0.834621747584295	1.07513516241569
17	WGN36	0.88576576599999	0.0612793144108937	961	0.765509058584294	1.00602247341569
18	WGN36	1.152349348316	0.0866845559267281	961	0.98223649082478	1.32246220580722
19	WGN36	1.079980927316	0.0866845559267277	961	0.909868069824775	1.25009378480722
20	WGN36	0.748366013499999	0.0612793144108919	961	0.628109306084306	0.868622720915692
21	WGN36	0.914970275499988	0.0612793144108936	961	0.794713568084291	1.03522698291568
22	WGN36	0.937509548999993	0.0612793144108936	961	0.817252841584296	1.05776625641569
23	WGN36	1.10070754699999	0.0612793144108922	961	0.980450839584295	1.22096425441568
24	WGN36	0.953058321499991	0.0612793144108926	961	0.832801614084296	1.07331502891568
26	WGN36	0.940217391499991	0.061279314410894	961	0.819960684084294	1.06047409891569
27	WGN36	0.798574643499996	0.0612793144108923	961	0.678317936084302	0.91883135091569
28	WGN36	0.899999999999992	0.0612793144108937	961	0.779743292584295	1.02025670741569
30	WGN36	1.02657657649999	0.0612793144108921	961	0.906319869084298	1.14683328391569
31	WGN36	1.060696095	0.0612793144108938	961	0.940439387584302	1.1809528024157
33	WGN36	1.06924882649999	0.061279314410893	961	0.948992119084297	1.18950553391569
34	WGN36	0.91550170849999	0.0612793144108922	961	0.795245001084296	1.03575841591568
35	WGN36	0.821829855499987	0.0612793144108947	961	0.701573148084288	0.942086562915685
36	WGN36	1.0074786325	0.0612793144108946	961	0.8872219250843	1.1277353399157
37	WGN36	0.826309188683985	0.0866845559267292	961	0.656196331192761	0.996422046175209
38	WGN36	1.03147418068398	0.0866845559267281	961	0.86136132319276	1.2015870381752
39	WGN36	0.993506493499993	0.0612793144108931	961	0.873249786084297	1.11376320091569
40	WGN36	1.00368139249999	0.0612793144108928	961	0.883424685084297	1.12393809991569
41	WGN36	0.99761904799999	0.0612793144108927	961	0.877362340584296	1.11787575541568
42	WGN36	0.860238272999992	0.0612793144108927	961	0.739981565584298	0.980494980415687
43	WGN36	0.955014864499991	0.0612793144108931	961	0.834758157084295	1.07527157191569
44	WGN36	1.02145002149999	0.0612793144108927	961	0.901193314084294	1.14170672891568
45	WGN36	0.909330985999992	0.0612793144108934	961	0.789074278584296	1.02958769341569
46	WGN36	0.979166666499994	0.0612793144108935	961	0.858909959084297	1.09942337391569
47	WGN36	0.874080361999993	0.0612793144108933	961	0.753823654584297	0.994337069415689
48	WGN36	1.08232118749999	0.0612793144108935	961	0.962064480084296	1.20257789491569
49	WGN36	1.161904762	0.0612793144108936	961	1.0416480545843	1.28216146941569
51	WGN36	1.22609147649999	0.0612793144108933	961	1.1058347690843	1.34634818391569
52	WGN36	0.87379227049999	0.0612793144108932	961	0.753535563084295	0.994048977915686
53	WGN36	1.06434069599999	0.0612793144108934	961	0.944083988584297	1.18459740341569
54	WGN36	0.860458107499992	0.0612793144108932	961	0.740201400084297	0.980714814915688
55	WGN36	0.965977443499992	0.0612793144108928	961	0.845720736084297	1.08623415091569
56	WGN36	0.869719169999992	0.0612793144108931	961	0.749462462584297	0.989975877415688
57	WGN36	0.931567666999992	0.0612793144108927	961	0.811310959584297	1.05182437441569
58	WGN36	1.05844155849999	0.0612793144108924	961	0.938184851084295	1.17869826591568
59	WGN36	0.996410256499993	0.0612793144108936	961	0.876153549084297	1.11666696391569
60	WGN36	0.980135658999994	0.0612793144108932	961	0.859878951584298	1.10039236641569
62	WGN36	0.838235293999991	0.0612793144108929	961	0.717978586584296	0.958492001415686
64	WGN36	1.04889011199999	0.0612793144108932	961	0.928633404584298	1.16914681941569
65	WGN36	0.921366304999995	0.0612793144108935	961	0.801109597584298	1.04162301241569
66	WGN36	0.925730994499992	0.0612793144108934	961	0.805474287084296	1.04598770191569
68	WGN36	0.825102157316003	0.0866845559267281	961	0.654989299824781	0.995215014807225
69	WGN36	0.884492205316	0.0866845559267289	961	0.714379347824776	1.05460506280722
70	WGN36	0.782668497315999	0.086684555926729	961	0.612555639824776	0.952781354807223
71	WGN36	1.15374228399999	0.0612793144108928	961	1.03348557658429	1.27399899141568
72	WGN36	1.02239617299999	0.0612793144108931	961	0.902139465584296	1.14265288041569
74	WGN36	1.03297101449999	0.0612793144108928	961	0.912714307084296	1.15322772191569
75	WGN36	1.015154226316	0.0866845559267287	961	0.845041368824777	1.18526708380722
76	WGN36	1.13322404349999	0.0612793144108931	961	1.0129673360843	1.25348075091569
77	WGN36	1.09756097549999	0.0612793144108931	961	0.977304268084296	1.21781768291569
78	WGN36	0.728129445499994	0.0612793144108928	961	0.6078727380843	0.848386152915689
79	WGN36	0.826910243499992	0.061279314410893	961	0.706653536084297	0.947166950915687
80	WGN36	0.649121239683983	0.0866845559267286	961	0.47900838219276	0.819234097175206
81	WGN36	0.846405228499993	0.0612793144108925	961	0.726148521084299	0.966661935915688
82	WGN36	1.11883116899999	0.0612793144108932	961	0.998574461584297	1.23908787641569
83	WGN36	0.852349348316001	0.086684555926728	961	0.68223649082478	1.02246220580722
84	WGN36	1.10840909099999	0.0612793144108934	961	0.988152383584297	1.22866579841569
85	WGN36	0.923007246499992	0.0612793144108929	961	0.802750539084297	1.04326395391569
86	WGN36	1.01447574299999	0.061279314410893	961	0.894219035584296	1.13473245041569
87	WGN36	1.05480959699999	0.0612793144108934	961	0.934552889584297	1.17506630441569
88	WGN36	0.889610389499992	0.0612793144108929	961	0.769353682084297	1.00986709691569
89	WGN36	1.09837177749999	0.061279314410893	961	0.978115070084296	1.21862848491569
90	WGN36	1.11803482599999	0.0612793144108932	961	0.997778118584295	1.23829153341569
92	WGN36	1.00077160499999	0.0612793144108932	961	0.880514897584298	1.12102831241569
93	WGN36	0.811440257316	0.0866845559267288	961	0.641327399824777	0.981553114807223
94	WGN36	0.769535840499992	0.0612793144108929	961	0.649279133084297	0.889792547915687
95	WGN36	1.01399430749999	0.0612793144108931	961	0.893737600084295	1.13425101491569
96	WGN36	0.928390567999991	0.0612793144108936	961	0.808133860584295	1.04864727541569
97	WGN36	0.950496725999992	0.0612793144108931	961	0.830240018584296	1.07075343341569
98	WGN36	1.04080234849999	0.0612793144108933	961	0.920545641084298	1.16105905591569
99	WGN36	1.11505255249999	0.0612793144108931	961	0.994795845084299	1.23530925991569
100	WGN36	0.867063491999991	0.0612793144108935	961	0.746806784584295	0.987320199415687
102	WGN36	0.984845773683984	0.0866845559267289	961	0.81473291619276	1.15495863117521
104	WGN36	1.03065268049999	0.0612793144108933	961	0.910395973084295	1.15090938791569
105	WGN36	1.252701461316	0.0866845559267283	961	1.08258860382478	1.42281431880722
106	WGN36	1.06845238099999	0.061279314410893	961	0.948195673584297	1.18870908841569
107	WGN36	0.704241947999992	0.0612793144108936	961	0.583985240584295	0.824498655415688
108	WGN36	0.852746173316003	0.0866845559267305	961	0.682633315824776	1.02285903080723
109	WGN36	0.820324776999993	0.061279314410893	961	0.700068069584298	0.940581484415688
110	WGN36	0.807471263999993	0.0612793144108928	961	0.687214556584298	0.927727971415688
112	WGN36	0.984084139999992	0.0612793144108932	961	0.863827432584297	1.10434084741569
114	WGN36	0.851648351499992	0.0612793144108934	961	0.731391644084295	0.971905058915688
116	WGN36	0.859974595683983	0.0866845559267288	961	0.68986173819276	1.03008745317521
117	WGN36	0.834546084499994	0.0612793144108933	961	0.714289377084298	0.95480279191569
118	WGN36	0.803365972999992	0.0612793144108933	961	0.683109265584296	0.923622680415688
119	WGN36	0.689999950316	0.0866845559267286	961	0.519887092824777	0.860112807807223
120	WGN36	0.90228873249999	0.0612793144108934	961	0.782032025084294	1.02254543991569
121	WGN36	0.943732633499992	0.061279314410893	961	0.823475926084297	1.06398934091569
122	WGN36	0.763888888999992	0.0612793144108931	961	0.643632181584297	0.884145596415688
123	WGN36	0.939241485999991	0.0612793144108927	961	0.818984778584296	1.05949819341569
124	WGN36	0.860163092499992	0.061279314410893	961	0.739906385084297	0.980419799915688
125	WGN36	0.938271604999991	0.0612793144108933	961	0.818014897584295	1.05852831241569
126	WGN36	0.936215496999991	0.061279314410893	961	0.815958789584296	1.05647220441569
127	WGN36	0.823280423499992	0.0612793144108931	961	0.703023716084297	0.943537130915687
128	WGN36	1.013264841316	0.0866845559267283	961	0.843151983824778	1.18337769880722
129	WGN36	0.616881420683983	0.086684555926728	961	0.446768563192761	0.786994278175204
130	WGN36	0.926552363499992	0.0612793144108932	961	0.806295656084296	1.04680907091569
1	WGN38	0.887285553999954	0.0612793144108994	961	0.767028846584247	1.00754226141566
2	WGN38	1.25939849599999	0.0612793144108925	961	1.13914178858429	1.37965520341568
3	WGN38	0.818047022316011	0.0866845559267299	961	0.647934164824786	0.988159879807237
4	WGN38	0.755366026999993	0.0612793144108929	961	0.635109319584298	0.875622734415688
5	WGN38	0.908020273999995	0.0612793144108927	961	0.7877635665843	1.02827698141569
6	WGN38	0.863031071499998	0.0612793144108932	961	0.742774364084302	0.983287778915693
7	WGN38	1.18857589949999	0.0612793144108927	961	1.0683191920843	1.30883260691569
8	WGN38	0.940729974	0.0612793144108923	961	0.820473266584306	1.06098668141569
10	WGN38	0.991010823499994	0.0612793144108921	961	0.8707541160843	1.11126753091569
11	WGN38	1.04016986131601	0.086684555926729	961	0.870057003824786	1.21028271880723
12	WGN38	0.782505910499999	0.0612793144108926	961	0.662249203084305	0.902762617915694
13	WGN38	0.877039626999996	0.0612793144108934	961	0.7567829195843	0.997296334415692
14	WGN38	0.909702289316005	0.086684555926728	961	0.739589431824784	1.07981514680723
16	WGN38	0.924137226999996	0.0612793144108919	961	0.803880519584303	1.04439393441569
18	WGN38	0.953677000999999	0.0612793144108939	961	0.833420293584302	1.0739337084157
19	WGN38	0.900903614499994	0.0612793144108919	961	0.7806469070843	1.02116032191569
20	WGN38	1.13504165631601	0.0866845559267285	961	0.964928798824786	1.30515451380723
21	WGN38	0.976190475999995	0.0612793144108929	961	0.8559337685843	1.09644718341569
22	WGN38	0.948214285499998	0.061279314410894	961	0.8279575780843	1.06847099291569
23	WGN38	1.2589285715	0.0612793144108935	961	1.13867186408431	1.3791852789157
24	WGN38	0.860066833499996	0.0612793144108936	961	0.739810126084299	0.980323540915692
26	WGN38	1.2641414145	0.0612793144108929	961	1.1438847070843	1.38439812191569
27	WGN38	0.748493975999997	0.0612793144108923	961	0.628237268584303	0.868750683415691
28	WGN38	0.964285714499995	0.0612793144108932	961	0.844029007084299	1.08454242191569
29	WGN38	0.807640449499994	0.0612793144108937	961	0.687383742084298	0.927897156915691
30	WGN38	0.766666666499994	0.0612793144108936	961	0.646409959084297	0.88692337391569
32	WGN38	0.951013513499994	0.0612793144108927	961	0.8307568060843	1.07127022091569
33	WGN38	0.757006974999996	0.061279314410893	961	0.6367502675843	0.877263682415691
34	WGN38	0.961340984499994	0.0612793144108926	961	0.841084277084299	1.08159769191569
35	WGN38	0.823643410499995	0.0612793144108937	961	0.703386703084298	0.943900117915691
36	WGN38	0.8725369455	0.0612793144108923	961	0.752280238084306	0.992793652915694
37	WGN38	0.820848938999996	0.0612793144108926	961	0.700592231584301	0.94110564641569
38	WGN38	1.05084033599999	0.0612793144108925	961	0.9305836285843	1.17109704341569
39	WGN38	1.11805555549999	0.0612793144108928	961	0.997798848084299	1.23831226291569
40	WGN38	0.903456789999995	0.0612793144108923	961	0.783200082584301	1.02371349741569
41	WGN38	1.12782306568398	0.0866845559267277	961	0.957710208192759	1.2979359231752
42	WGN38	0.996767241499994	0.0612793144108929	961	0.876510534084298	1.11702394891569
45	WGN38	1.1719258295	0.0612793144108933	961	1.0516691220843	1.2921825369157
46	WGN38	0.961486486499993	0.0612793144108927	961	0.841229779084299	1.08174319391569
47	WGN38	1.064506173	0.0612793144108934	961	0.944249465584303	1.18476288041569
48	WGN38	0.793019480499996	0.0612793144108932	961	0.672762773084301	0.913276187915692
49	WGN38	1.081403402316	0.0866845559267283	961	0.911290544824781	1.25151625980723
50	WGN38	0.999187784499994	0.0612793144108923	961	0.8789310770843	1.11944449191569
51	WGN38	0.907349348316005	0.086684555926729	961	0.737236490824782	1.07746220580723
52	WGN38	0.938811188999996	0.0612793144108932	961	0.818554481584301	1.05906789641569
53	WGN38	0.939153438999996	0.0612793144108932	961	0.8188967315843	1.05941014641569
54	WGN38	1.049679487	0.0612793144108936	961	0.929422779584303	1.1699361944157
55	WGN38	1.161677706316	0.0866845559267279	961	0.99156484882478	1.33179056380722
56	WGN38	0.835960960999995	0.0612793144108931	961	0.7157042535843	0.956217668415691
59	WGN38	0.937499999999996	0.0612793144108932	961	0.8172432925843	1.05775670741569
61	WGN38	0.917736486499996	0.0612793144108933	961	0.797479779084301	1.03799319391569
63	WGN38	0.982763337999994	0.0612793144108926	961	0.8625066305843	1.10302004541569
64	WGN38	1.0843253965	0.0612793144108931	961	0.964068689084303	1.20458210391569
65	WGN38	0.746844199683987	0.0866845559267284	961	0.576731342192764	0.916957057175209
66	WGN38	0.777349348316004	0.0866845559267286	961	0.607236490824782	0.947462205807227
67	WGN38	1.132663151	0.0612793144108934	961	1.0124064435843	1.2529198584157
68	WGN38	1.02027027049999	0.0612793144108926	961	0.900013563084298	1.14052697791569
69	WGN38	0.993421052499994	0.061279314410893	961	0.873164345084299	1.11367775991569
70	WGN38	1.041433855316	0.0866845559267277	961	0.871320997824781	1.21154671280722
72	WGN38	1.0402767485	0.0612793144108931	961	0.9200200410843	1.16053345591569
73	WGN38	1.044296987	0.0612793144108932	961	0.924040279584302	1.16455369441569
74	WGN38	0.867532755999995	0.0612793144108927	961	0.747276048584301	0.98778946341569
76	WGN38	1.11505681799999	0.0612793144108925	961	0.994800110584297	1.23531352541569
77	WGN38	0.911562397499995	0.0612793144108927	961	0.7913056900843	1.03181910491569
78	WGN38	0.953993318999995	0.0612793144108929	961	0.8337366115843	1.07425002641569
80	WGN38	0.980548730499998	0.0612793144108932	961	0.860292023084303	1.10080543791569
81	WGN38	0.934107854999995	0.0612793144108931	961	0.813851147584299	1.05436456241569
82	WGN38	0.995751690999995	0.0612793144108929	961	0.8754949835843	1.11600839841569
83	WGN38	0.758928571499998	0.0612793144108927	961	0.638671864084304	0.879185278915693
84	WGN38	1.10149469599999	0.0612793144108929	961	0.981237988584299	1.22175140341569
85	WGN38	1.058118579316	0.0866845559267284	961	0.888005721824782	1.22823143680723
86	WGN38	0.813644688499997	0.0612793144108926	961	0.693387981084303	0.933901395915691
87	WGN38	0.865268253499996	0.0612793144108929	961	0.745011546084301	0.985524960915691
88	WGN38	0.951674276999995	0.0612793144108929	961	0.8314175695843	1.07193098441569
89	WGN38	1.131046347	0.061279314410893	961	1.0107896395843	1.25130305441569
90	WGN38	1.082089552	0.0612793144108933	961	0.961832844584302	1.20234625941569
91	WGN38	0.927303094499996	0.0612793144108932	961	0.8070463870843	1.04755980191569
92	WGN38	0.978151260499995	0.0612793144108931	961	0.857894553084299	1.09840796791569
93	WGN38	0.802630247316003	0.0866845559267281	961	0.632517389824782	0.972743104807225
94	WGN38	0.861385281499995	0.0612793144108928	961	0.7411285740843	0.98164198891569
95	WGN38	0.972972972999995	0.0612793144108928	961	0.8527162655843	1.09322968041569
96	WGN38	0.921707316999995	0.061279314410893	961	0.8014506095843	1.04196402441569
97	WGN38	0.968525819316005	0.0866845559267279	961	0.798412961824784	1.13863867680723
98	WGN38	1.14407130999999	0.061279314410893	961	1.0238146025843	1.26432801741569
99	WGN38	1.00735294099999	0.0612793144108929	961	0.887096233584299	1.12760964841569
100	WGN38	0.987499999999994	0.0612793144108928	961	0.867243292584299	1.10775670741569
101	WGN38	1.01376868599999	0.0612793144108927	961	0.893511978584299	1.13402539341569
102	WGN38	0.839770085499995	0.061279314410893	961	0.7195133780843	0.96002679291569
103	WGN38	0.906129652999996	0.061279314410893	961	0.785872945584301	1.02638636041569
104	WGN38	0.873503194316003	0.0866845559267281	961	0.703390336824781	1.04361605180722
106	WGN38	1.08279406149999	0.0612793144108929	961	0.962537354084299	1.20305076891569
107	WGN38	0.957781932999995	0.0612793144108929	961	0.8375252255843	1.07803864041569
108	WGN38	0.942485167999995	0.0612793144108929	961	0.8222284605843	1.06274187541569
109	WGN38	0.966563287499995	0.061279314410893	961	0.8463065800843	1.08681999491569
110	WGN38	1.02128483	0.061279314410893	961	0.9010281225843	1.14154153741569
111	WGN38	1.0158377325	0.061279314410893	961	0.8955810250843	1.13609443991569
113	WGN38	1.014069264	0.061279314410893	961	0.8938125565843	1.13432597141569
114	WGN38	0.814623732499995	0.0612793144108929	961	0.6943670250843	0.93488043991569
115	WGN38	1.1678108315	0.0612793144108929	961	1.0475541240843	1.28806753891569
1	WGN39	0.891984359500003	0.061279314410893	961	0.771727652084308	1.0122410669157
2	WGN39	0.848663101499992	0.0612793144108944	961	0.728406394084294	0.96891980891569
3	WGN39	0.952922078000005	0.0612793144108916	961	0.832665370584312	1.0731787854157
4	WGN39	0.770365504000003	0.0612793144108937	961	0.650108796584306	0.890622211415699
5	WGN39	0.870449172499998	0.0612793144108944	961	0.7501924650843	0.990705879915696
6	WGN39	0.659510592500001	0.061279314410894	961	0.539253885084304	0.779767299915698
7	WGN39	0.886535834000005	0.0612793144108937	961	0.766279126584308	1.0067925414157
8	WGN39	0.893328729316013	0.0866845559267287	961	0.72321587182479	1.06344158680724
9	WGN39	0.874856156500002	0.0612793144108938	961	0.754599449084305	0.995112863915698
10	WGN39	0.988475755500007	0.0612793144108936	961	0.86821904808431	1.1087324629157
11	WGN39	0.848917748999997	0.0612793144108938	961	0.7286610415843	0.969174456415693
12	WGN39	0.903549383000003	0.0612793144108927	961	0.783292675584308	1.0238060904157
13	WGN39	0.816397465000006	0.0612793144108922	961	0.696140757584312	0.9366541724157
14	WGN39	0.988913525500006	0.061279314410893	961	0.868656818084311	1.1091702329157
15	WGN39	0.818230277500003	0.0612793144108926	961	0.697973570084308	0.938486984915697
16	WGN39	1.036111111	0.0612793144108926	961	0.915854403584308	1.1563678184157
17	WGN39	0.980299518500007	0.061279314410894	961	0.86004281108431	1.1005562259157
18	WGN39	0.961051606500011	0.061279314410894	961	0.840794899084313	1.08130831391571
19	WGN39	0.949427270316013	0.0866845559267296	961	0.779314412824788	1.11954012780724
20	WGN39	0.983871087316011	0.086684555926728	961	0.813758229824789	1.15398394480723
21	WGN39	0.865237897000004	0.0612793144108917	961	0.744981189584311	0.985494604415697
22	WGN39	0.882617382500004	0.0612793144108935	961	0.762360675084308	1.0028740899157
24	WGN39	0.974047619000008	0.0612793144108932	961	0.853790911584312	1.0943043264157
25	WGN39	0.755564764500002	0.0612793144108929	961	0.635308057084307	0.875821471915697
26	WGN39	1.20195252331602	0.0866845559267288	961	1.03183966582479	1.37206538080724
27	WGN39	0.948697663316012	0.0866845559267289	961	0.778584805824788	1.11881052080723
28	WGN39	0.904248768500002	0.0612793144108935	961	0.783992061084306	1.0245054759157
29	WGN39	0.921052631500005	0.0612793144108941	961	0.800795924084308	1.0413093389157
30	WGN39	1.1138917265	0.0612793144108933	961	0.993635019084307	1.2341484339157
31	WGN39	0.735861522000004	0.0612793144108929	961	0.615604814584309	0.856118229415699
32	WGN39	0.780719280500002	0.0612793144108929	961	0.660462573084307	0.900975987915697
34	WGN39	1.0648203295	0.0612793144108926	961	0.944563622084306	1.18507703691569
35	WGN39	1.019467213	0.0612793144108925	961	0.899210505584305	1.13972392041569
36	WGN39	0.977264493000005	0.0612793144108933	961	0.857007785584309	1.0975212004157
37	WGN39	0.864329268500002	0.0612793144108936	961	0.744072561084306	0.984585975915699
38	WGN39	1.02734934831601	0.0866845559267289	961	0.857236490824787	1.19746220580723
39	WGN39	0.865015166500004	0.0612793144108936	961	0.744758459084307	0.9852718739157
40	WGN39	0.816857899500004	0.0612793144108928	961	0.696601192084309	0.937114606915699
41	WGN39	0.869328003500003	0.0612793144108928	961	0.749071296084308	0.989584710915698
42	WGN39	0.848119859000004	0.0612793144108927	961	0.727863151584309	0.968376566415699
43	WGN39	0.816423589000006	0.0612793144108927	961	0.696166881584311	0.9366802964157
44	WGN39	0.782930107500009	0.0612793144108925	961	0.662673400084315	0.903186814915704
45	WGN39	1.06170355450001	0.0612793144108936	961	0.941446847084311	1.1819602619157
46	WGN39	0.875089675683995	0.0866845559267281	961	0.704976818192774	1.04520253317522
47	WGN39	0.790613027000005	0.0612793144108932	961	0.670356319584309	0.9108697344157
48	WGN39	0.672803893316014	0.0866845559267281	961	0.502691035824793	0.842916750807236
49	WGN39	0.855691056500004	0.0612793144108927	961	0.735434349084309	0.975947763915699
50	WGN39	0.866855521316008	0.0866845559267284	961	0.696742663824786	1.03696837880723
51	WGN39	0.850314634000006	0.0612793144108926	961	0.730057926584311	0.9705713414157
52	WGN39	0.716283186000003	0.0612793144108932	961	0.596026478584307	0.836539893415698
53	WGN39	1.05661764700001	0.0612793144108937	961	0.93636093958431	1.1768743544157
54	WGN39	0.887697668000002	0.0612793144108929	961	0.767440960584307	1.0079543754157
55	WGN39	1.008371147	0.0612793144108935	961	0.888114439584308	1.1286278544157
56	WGN39	0.774717769316012	0.0866845559267279	961	0.60460491182479	0.944830626807233
57	WGN39	1.07422434831602	0.0866845559267291	961	0.904111490824792	1.24433720580724
58	WGN39	0.921377331000003	0.0612793144108932	961	0.801120623584307	1.0416340384157
59	WGN39	0.956959707000002	0.0612793144108923	961	0.836702999584309	1.0772164144157
60	WGN39	0.812855819000002	0.0612793144108933	961	0.692599111584306	0.933112526415697
61	WGN39	1.0153267785	0.0612793144108934	961	0.895070071084308	1.1355834859157
62	WGN39	0.999278499000003	0.0612793144108928	961	0.879021791584308	1.1195352064157
63	WGN39	0.697041146500002	0.0612793144108933	961	0.576784439084306	0.817297853915698
64	WGN39	0.811380900500001	0.0612793144108936	961	0.691124193084304	0.931637607915697
65	WGN39	0.927710843500003	0.061279314410893	961	0.807454136084308	1.0479675509157
66	WGN39	0.780219780000004	0.0612793144108931	961	0.659963072584308	0.900476487415699
67	WGN39	0.792235801500004	0.0612793144108928	961	0.671979094084309	0.912492508915699
68	WGN39	1.048600018684	0.0866845559267283	961	0.878487161192773	1.21871287617522
69	WGN39	0.826717342000003	0.0612793144108935	961	0.706460634584307	0.946974049415699
70	WGN39	0.698140847683998	0.0866845559267276	961	0.528027990192778	0.868253705175219
71	WGN39	0.793010752500003	0.0612793144108932	961	0.672754045084307	0.913267459915698
72	WGN39	0.893913293000004	0.0612793144108931	961	0.773656585584308	1.0141700004157
73	WGN39	1.057685287	0.0612793144108931	961	0.937428579584308	1.1779419944157
74	WGN39	0.88171828031601	0.0866845559267286	961	0.711605422824788	1.05183113780723
75	WGN39	0.821076514000004	0.0612793144108928	961	0.70081980658431	0.941333221415699
76	WGN39	0.829865446000003	0.0612793144108931	961	0.709608738584307	0.950122153415698
77	WGN39	0.877941176500003	0.0612793144108935	961	0.757684469084307	0.9981978839157
78	WGN39	0.861952862000002	0.0612793144108932	961	0.741696154584307	0.982209569415698
79	WGN39	1.044930176	0.0612793144108931	961	0.924673468584307	1.1651868834157
80	WGN39	0.734152725500004	0.0612793144108926	961	0.61389601808431	0.854409432915699
81	WGN39	0.775138671500002	0.0612793144108933	961	0.654881964084306	0.895395378915698
82	WGN39	0.959364435500002	0.0612793144108927	961	0.839107728084308	1.0796211429157
83	WGN39	0.909090909000003	0.0612793144108932	961	0.788834201584308	1.0293476164157
84	WGN39	0.874760765500003	0.0612793144108927	961	0.754504058084308	0.995017472915698
85	WGN39	0.823823339500003	0.0612793144108931	961	0.703566632084307	0.944080046915698
86	WGN39	0.970206491316011	0.0866845559267285	961	0.800093633824789	1.14031934880723
87	WGN39	0.989730423500003	0.0612793144108927	961	0.869473716084308	1.1099871309157
89	WGN39	0.996517027500003	0.0612793144108929	961	0.876260320084308	1.1167737349157
90	WGN39	1.0774509805	0.0612793144108929	961	0.957194273084307	1.1977076879157
91	WGN39	0.661495689316013	0.0866845559267282	961	0.491382831824791	0.831608546807235
92	WGN39	0.931561461500003	0.0612793144108928	961	0.811304754084308	1.0518181689157
93	WGN39	0.796859040000003	0.0612793144108931	961	0.676602332584307	0.917115747415698
94	WGN39	0.847948718000004	0.0612793144108929	961	0.727692010584309	0.968205425415699
95	WGN39	0.974111415000003	0.0612793144108928	961	0.853854707584308	1.0943681224157
96	WGN39	0.872192513500003	0.0612793144108928	961	0.751935806084308	0.992449220915698
97	WGN39	0.887500000000003	0.0612793144108929	961	0.767243292584308	1.0077567074157
98	WGN39	0.895256642000003	0.0612793144108928	961	0.774999934584308	1.0155133494157
99	WGN39	1.1226415095	0.061279314410893	961	1.00238480208431	1.2428982169157
100	WGN39	0.721485148500004	0.0612793144108929	961	0.601228441084309	0.841741855915699
101	WGN39	0.867112299500003	0.0612793144108931	961	0.746855592084307	0.987369006915698
102	WGN39	0.687702265500004	0.0612793144108929	961	0.567445558084309	0.807958972915699
104	WGN39	0.817647059000003	0.061279314410893	961	0.697390351584308	0.937903766415698
106	WGN39	0.868571428500003	0.061279314410893	961	0.748314721084308	0.988828135915698
107	WGN39	0.884492205316012	0.0866845559267284	961	0.71437934782479	1.05460506280723
108	WGN39	0.817361762000003	0.0612793144108929	961	0.697105054584308	0.937618469415698
109	WGN39	0.689449541500004	0.0612793144108927	961	0.569192834084309	0.809706248915698
110	WGN39	0.787286707500004	0.0612793144108928	961	0.667030000084309	0.907543414915699
111	WGN39	0.801960784000004	0.0612793144108929	961	0.681704076584309	0.922217491415699
112	WGN39	0.855232558000003	0.061279314410893	961	0.734975850584308	0.975489265415698
113	WGN39	0.742236024500004	0.0612793144108928	961	0.621979317084309	0.862492731915699
114	WGN39	1.04322236431601	0.0866845559267285	961	0.873109506824789	1.21333522180723
115	WGN39	0.778674493000003	0.0612793144108929	961	0.658417785584308	0.898931200415698
116	WGN39	0.888997350500003	0.061279314410893	961	0.768740643084308	1.0092540579157
117	WGN39	0.980769231000003	0.0612793144108929	961	0.860512523584308	1.1010259384157
118	WGN39	0.969879518000003	0.061279314410893	961	0.849622810584308	1.0901362254157
120	WGN39	1.03822442168399	0.0866845559267287	961	0.868111564192772	1.20833727917522
121	WGN39	0.788293897500002	0.061279314410893	961	0.668037190084307	0.908550604915698
122	WGN39	0.817202194500003	0.061279314410893	961	0.696945487084308	0.937458901915698
123	WGN39	1.0721187025	0.0612793144108929	961	0.951861995084307	1.1923754099157
124	WGN39	0.873985078000003	0.0612793144108928	961	0.753728370584309	0.994241785415698
125	WGN39	0.856677331500003	0.061279314410893	961	0.736420624084308	0.976934038915699
126	WGN39	0.771338341000004	0.061279314410893	961	0.651081633584308	0.891595048415699
127	WGN39	0.790301724000003	0.061279314410893	961	0.670045016584308	0.910558431415698
128	WGN39	0.801595159500003	0.061279314410893	961	0.681338452084308	0.921851866915698
129	WGN39	0.873885219683995	0.0866845559267284	961	0.703772362192773	1.04399807717522
130	WGN39	0.721341463500004	0.061279314410893	961	0.601084756084309	0.841598170915699
1	WGN45	0.948479729499987	0.061279314410894	961	0.82822302208429	1.06873643691568
2	WGN45	1.01408450700001	0.0612793144108939	961	0.893827799584311	1.13434121441571
3	WGN45	0.972650651683988	0.0866845559267286	961	0.802537794192765	1.14276350917521
4	WGN45	0.91942998050001	0.0612793144108925	961	0.799173273084315	1.0396866879157
5	WGN45	0.884700091000004	0.0612793144108938	961	0.764443383584307	1.0049567984157
6	WGN45	0.961561562000003	0.0612793144108937	961	0.841304854584307	1.0818182694157
7	WGN45	0.908152174000005	0.0612793144108935	961	0.787895466584309	1.0284088814157
8	WGN45	0.864558650316015	0.086684555926729	961	0.694445792824792	1.03467150780724
9	WGN45	1	0.0612793144108921	961	0.879743292584308	1.1202567074157
10	WGN45	1.05710227250001	0.0612793144108937	961	0.936845565084311	1.1773589799157
11	WGN45	1.06008454100001	0.0612793144108939	961	0.939827833584308	1.1803412484157
12	WGN45	0.926083525316014	0.0866845559267284	961	0.755970667824792	1.09619638280724
13	WGN45	0.986681887500007	0.0612793144108941	961	0.86642518008431	1.1069385949157
14	WGN45	1.07612983631602	0.0866845559267296	961	0.906016978824793	1.24624269380724
15	WGN45	1.07998092731602	0.0866845559267297	961	0.90986806982479	1.25009378480724
16	WGN45	1.0940402475	0.0612793144108927	961	0.973783540084306	1.2142969549157
17	WGN45	1.12888198750001	0.061279314410894	961	1.00862528008431	1.24913869491571
18	WGN45	0.969747899000008	0.0612793144108934	961	0.849491191584312	1.0900046064157
19	WGN45	0.933231701316017	0.0866845559267299	961	0.763118843824791	1.10334455880724
20	WGN45	0.865497076000007	0.0612793144108925	961	0.745240368584313	0.985753783415701
22	WGN45	0.785330261500009	0.0612793144108925	961	0.665073554084315	0.905586968915703
23	WGN45	1.01151930300001	0.0612793144108932	961	0.891262595584309	1.1317760104157
24	WGN45	1.04626148700001	0.0612793144108933	961	0.92600477958431	1.1665181944157
25	WGN45	0.923542837000007	0.0612793144108933	961	0.803286129584312	1.0437995444157
26	WGN45	0.950332226000007	0.0612793144108926	961	0.830075518584312	1.0705889334157
28	WGN45	1.0027056275	0.0612793144108928	961	0.882448920084307	1.1229623349157
29	WGN45	0.980769231000008	0.0612793144108937	961	0.860512523584311	1.1010259384157
31	WGN45	0.900549450500008	0.0612793144108924	961	0.780292743084314	1.0208061579157
32	WGN45	0.966871044500006	0.0612793144108931	961	0.84661433708431	1.0871277519157
33	WGN45	1.443238886684	0.086684555926729	961	1.27312602919278	1.61335174417523
34	WGN45	0.928974359000006	0.0612793144108927	961	0.808717651584311	1.0492310664157
35	WGN45	1.1583333335	0.0612793144108927	961	1.03807662608431	1.2785900409157
36	WGN45	0.896396967316014	0.0866845559267297	961	0.726284109824789	1.06650982480724
37	WGN45	0.833612040500002	0.0612793144108935	961	0.713355333084306	0.953868747915698
38	WGN45	1.0636030635	0.0612793144108925	961	0.943346356084309	1.1838597709157
40	WGN45	0.838144881000006	0.0612793144108928	961	0.717888173584311	0.958401588415701
41	WGN45	0.974293259000006	0.0612793144108927	961	0.854036551584312	1.0945499664157
42	WGN45	0.86573318631601	0.0866845559267285	961	0.695620328824787	1.03584604380723
43	WGN45	1.1678037685	0.0612793144108926	961	1.04754706108431	1.2880604759157
44	WGN45	0.971264368000006	0.0612793144108929	961	0.851007660584311	1.0915210754157
45	WGN45	1.09316638400001	0.0612793144108933	961	0.972909676584312	1.2134230914157
46	WGN45	0.972159800500005	0.0612793144108928	961	0.851903093084311	1.0924165079157
47	WGN45	1.01452883531601	0.0866845559267284	961	0.844415977824789	1.18464169280723
48	WGN45	0.896273784000006	0.0612793144108927	961	0.776017076584311	1.0165304914157
49	WGN45	0.979156577316014	0.0866845559267284	961	0.809043719824792	1.14926943480724
50	WGN45	0.989906832500007	0.0612793144108934	961	0.869650125084311	1.1101635399157
52	WGN45	0.949241924500007	0.0612793144108933	961	0.828985217084311	1.0694986319157
53	WGN45	0.780147059000004	0.0612793144108933	961	0.659890351584309	0.9004037664157
54	WGN45	1.12904426331602	0.0866845559267293	961	0.958931405824793	1.29915712080724
55	WGN45	1.0246886445	0.0612793144108924	961	0.90443193708431	1.1449453519157
56	WGN45	1.02472089350001	0.0612793144108927	961	0.904464186084312	1.1449776009157
57	WGN45	0.981389987000005	0.0612793144108926	961	0.86113327958431	1.1016466944157
58	WGN45	0.799557615500006	0.0612793144108928	961	0.679300908084312	0.919814322915701
59	WGN45	1.1414930555	0.0612793144108927	961	1.02123634808431	1.2617497629157
60	WGN45	0.972650651683998	0.0866845559267288	961	0.802537794192774	1.14276350917522
61	WGN45	0.889418314316012	0.086684555926729	961	0.719305456824788	1.05953117180724
62	WGN45	0.911984781000005	0.0612793144108932	961	0.79172807358431	1.0322414884157
64	WGN45	0.934545454500005	0.0612793144108928	961	0.814288747084311	1.0548021619157
65	WGN45	0.877846791000005	0.0612793144108934	961	0.757590083584309	0.998103498415701
66	WGN45	1.036231884	0.0612793144108927	961	0.915975176584308	1.1564885914157
67	WGN45	1.10954112931602	0.086684555926729	961	0.939428271824792	1.27965398680724
68	WGN45	1.133968254	0.0612793144108927	961	1.01371154658431	1.2542249614157
69	WGN45	0.862612612500006	0.0612793144108931	961	0.74235590508431	0.982869319915701
71	WGN45	0.819786808500007	0.0612793144108929	961	0.699530101084312	0.940043515915702
72	WGN45	0.977349348316015	0.0866845559267292	961	0.807236490824791	1.14746220580724
73	WGN45	0.929793508683997	0.0866845559267291	961	0.759680651192774	1.09990636617522
74	WGN45	0.814937210500009	0.0612793144108927	961	0.694680503084314	0.935193917915703
75	WGN45	0.934762654000008	0.0612793144108933	961	0.814505946584313	1.0550193614157
76	WGN45	0.893347339000006	0.061279314410893	961	0.773090631584311	1.0136040464157
77	WGN45	0.948326686500005	0.0612793144108929	961	0.82806997908431	1.0685833939157
78	WGN45	1.10734934831601	0.0866845559267278	961	0.93723649082479	1.27746220580723
80	WGN45	0.773099415500009	0.0612793144108927	961	0.652842708084314	0.893356122915703
81	WGN45	0.715511204500007	0.0612793144108928	961	0.595254497084312	0.835767911915702
82	WGN45	1.114484127	0.0612793144108928	961	0.994227419584309	1.2347408344157
84	WGN45	0.914250261000006	0.0612793144108934	961	0.79399355358431	1.0345069684157
85	WGN45	0.972650651683998	0.0866845559267287	961	0.802537794192775	1.14276350917522
86	WGN45	0.775143334500006	0.0612793144108929	961	0.654886627084311	0.895400041915702
87	WGN45	1.00145687650001	0.0612793144108927	961	0.881200169084311	1.1217135839157
88	WGN45	0.946428571500006	0.061279314410893	961	0.826171864084311	1.0666852789157
89	WGN45	1.089113073	0.0612793144108926	961	0.96885636558431	1.2093697804157
90	WGN45	0.985308879683999	0.0866845559267291	961	0.815196022192775	1.15542173717522
92	WGN45	0.902941176500005	0.0612793144108934	961	0.782684469084309	1.0231978839157
93	WGN45	0.972906404000006	0.0612793144108933	961	0.85264969658431	1.0931631114157
94	WGN45	0.878314394000006	0.0612793144108931	961	0.758057686584311	0.998571101415702
95	WGN45	0.928583916316014	0.0866845559267289	961	0.758471058824791	1.09869677380724
96	WGN45	0.899847354500006	0.061279314410893	961	0.779590647084311	1.0201040619157
98	WGN45	1.00757575750001	0.0612793144108933	961	0.887319050084311	1.1278324649157
99	WGN45	1.11690158731601	0.0866845559267284	961	0.946788729824791	1.28701444480724
100	WGN45	0.921101949000006	0.0612793144108929	961	0.800845241584311	1.0413586564157
101	WGN45	0.815385477500006	0.0612793144108929	961	0.695128770084311	0.935642184915701
102	WGN45	0.986622073500006	0.0612793144108931	961	0.866365366084311	1.1068787809157
103	WGN45	0.925591827683998	0.0866845559267287	961	0.755478970192775	1.09570468517522
104	WGN45	0.960000000000006	0.0612793144108931	961	0.839743292584311	1.0802567074157
105	WGN45	0.848598858000006	0.0612793144108928	961	0.728342150584312	0.968855565415701
106	WGN45	1.03387533900001	0.0612793144108931	961	0.913618631584311	1.1541320464157
107	WGN45	0.997957259500006	0.0612793144108929	961	0.877700552084311	1.1182139669157
108	WGN45	0.901544401500006	0.061279314410893	961	0.781287694084311	1.0218011089157
109	WGN45	0.974354561000006	0.061279314410893	961	0.854097853584311	1.0946112684157
110	WGN45	0.991415684500006	0.061279314410893	961	0.87115897708431	1.1116723919157
111	WGN45	0.720418655316014	0.0866845559267286	961	0.550305797824792	0.890531512807237
112	WGN45	0.918653696316014	0.0866845559267288	961	0.748540838824791	1.08876655380724
113	WGN45	1.00404007750001	0.061279314410893	961	0.883783370084311	1.1242967849157
114	WGN45	0.921288742316014	0.0866845559267284	961	0.751175884824792	1.09140159980724
115	WGN45	0.912406819316014	0.0866845559267286	961	0.742293961824791	1.08251967680724
116	WGN45	1.08263799750001	0.0612793144108931	961	0.962381290084311	1.2028947049157
117	WGN45	0.962131957316014	0.0866845559267285	961	0.792019099824792	1.13224481480724
118	WGN45	0.944996407316014	0.0866845559267285	961	0.774883549824792	1.11510926480724
119	WGN45	0.967378986500006	0.061279314410893	961	0.84712227908431	1.0876356939157
120	WGN45	0.962962963000006	0.061279314410893	961	0.842706255584311	1.0832196704157
121	WGN45	0.788049686000005	0.0612793144108931	961	0.667792978584309	0.9083063934157
122	WGN45	0.830232558000007	0.061279314410893	961	0.709975850584311	0.950489265415702
123	WGN45	1.12444403300001	0.0612793144108931	961	1.00418732558431	1.2447007404157
124	WGN45	1.14174107150001	0.061279314410893	961	1.02148436408431	1.2619977789157
126	WGN45	0.887745098000006	0.061279314410893	961	0.767488390584311	1.0080018054157
127	WGN45	1.06609686600001	0.061279314410893	961	0.945840158584311	1.1863535734157
128	WGN45	0.960438596500007	0.061279314410893	961	0.840181889084312	1.0806953039157
129	WGN45	1.16849315050001	0.0612793144108931	961	1.04823644308431	1.2887498579157
130	WGN45	1.02734934831601	0.0866845559267287	961	0.857236490824792	1.19746220580724
1	WGN46	0.881502480499992	0.061279314410892	961	0.761245773084299	1.00175918791569
2	WGN46	1.04537786749999	0.0612793144108928	961	0.9251211600843	1.16563457491569
3	WGN46	1.0095655925	0.0612793144108935	961	0.889308885084306	1.1298222999157
4	WGN46	1.055518362316	0.0866845559267284	961	0.885405504824777	1.22563121980722
6	WGN46	1.04143385531601	0.0866845559267284	961	0.871320997824783	1.21154671280723
7	WGN46	1.081617086	0.0612793144108929	961	0.961360378584302	1.20187379341569
8	WGN46	0.93467596768399	0.0866845559267277	961	0.764563110192769	1.10478882517521
9	WGN46	1.12854119199999	0.0612793144108922	961	1.0082844845843	1.24879789941569
10	WGN46	0.769910625499998	0.0612793144108932	961	0.649653918084303	0.890167332915694
11	WGN46	0.790327169499999	0.061279314410893	961	0.670070462084304	0.910583876915695
12	WGN46	0.744573643000003	0.0612793144108922	961	0.624316935584309	0.864830350415697
13	WGN46	1.144546148	0.0612793144108939	961	1.0242894405843	1.2648028554157
14	WGN46	0.877860411999999	0.0612793144108928	961	0.757603704584304	0.998117119415694
15	WGN46	0.803095974999992	0.0612793144108931	961	0.682839267584297	0.923352682415688
16	WGN46	0.944614443	0.0612793144108934	961	0.824357735584304	1.0648711504157
17	WGN46	0.936306179999999	0.0612793144108931	961	0.816049472584303	1.05656288741569
18	WGN46	0.991860464999996	0.0612793144108928	961	0.871603757584301	1.11211717241569
19	WGN46	1.0869565215	0.0612793144108928	961	0.966699814084301	1.20721322891569
20	WGN46	0.897937583316007	0.0866845559267299	961	0.727824725824781	1.06805044080723
21	WGN46	0.998966440683987	0.0866845559267279	961	0.828853583192765	1.16907929817521
22	WGN46	0.900990098999998	0.061279314410893	961	0.780733391584303	1.02124680641569
23	WGN46	0.940071556499997	0.0612793144108924	961	0.819814849084303	1.06032826391569
24	WGN46	1.1084299915	0.0612793144108927	961	0.988173284084303	1.22868669891569
25	WGN46	1.059280303	0.061279314410893	961	0.939023595584306	1.1795370104157
26	WGN46	0.992820513000001	0.0612793144108936	961	0.872563805584305	1.1130772204157
27	WGN46	0.809958044316004	0.0866845559267291	961	0.639845186824781	0.980070901807228
28	WGN46	0.719962785999997	0.0612793144108931	961	0.599706078584302	0.840219493415693
29	WGN46	1.022906302	0.061279314410893	961	0.902649594584302	1.14316300941569
30	WGN46	1.0731163255	0.0612793144108934	961	0.952859618084305	1.1933730329157
31	WGN46	0.929788372316004	0.0866845559267285	961	0.759675514824781	1.09990122980723
32	WGN46	1.062521953	0.0612793144108932	961	0.942265245584306	1.1827786604157
33	WGN46	0.8975271	0.0612793144108926	961	0.777270392584306	1.01778380741569
34	WGN46	0.971264368	0.061279314410893	961	0.851007660584305	1.09152107541569
36	WGN46	1.166010929	0.0612793144108929	961	1.0457542215843	1.28626763641569
37	WGN46	0.920261437999998	0.0612793144108929	961	0.800004730584303	1.04051814541569
38	WGN46	0.983575248499996	0.0612793144108927	961	0.863318541084301	1.10383195591569
39	WGN46	0.954793508683987	0.0866845559267279	961	0.784680651192766	1.12490636617521
40	WGN46	1.242539221316	0.0866845559267283	961	1.07242636382478	1.41265207880723
41	WGN46	1.076923077	0.0612793144108929	961	0.956666369584302	1.19717978441569
42	WGN46	0.744521065316006	0.0866845559267286	961	0.574408207824783	0.914633922807229
43	WGN46	1.0145558225	0.0612793144108929	961	0.894299115084303	1.13481252991569
44	WGN46	1.055518362316	0.0866845559267279	961	0.885405504824783	1.22563121980723
45	WGN46	1.024057971	0.0612793144108928	961	0.903801263584301	1.14431467841569
46	WGN46	1.03162601649999	0.0612793144108928	961	0.9113693090843	1.15188272391569
47	WGN46	0.860486890999998	0.0612793144108929	961	0.740230183584302	0.980743598415693
48	WGN46	0.8617886175	0.0612793144108924	961	0.741531910084306	0.982045324915694
49	WGN46	1.040530303	0.0612793144108933	961	0.920273595584304	1.1607870104157
50	WGN46	0.713036003499997	0.0612793144108932	961	0.592779296084302	0.833292710915693
52	WGN46	0.880062711999999	0.0612793144108935	961	0.759806004584303	1.0003194194157
53	WGN46	1.19401601531601	0.0866845559267286	961	1.02390315782479	1.36412887280723
54	WGN46	0.932539682499998	0.0612793144108925	961	0.812282975084303	1.05279638991569
55	WGN46	1.10734934831601	0.086684555926729	961	0.937236490824786	1.27746220580723
56	WGN46	0.904089580999999	0.0612793144108933	961	0.783832873584304	1.0243462884157
57	WGN46	0.952380951999996	0.0612793144108927	961	0.832124244584302	1.07263765941569
58	WGN46	1.0572916665	0.0612793144108936	961	0.937034959084305	1.1775483739157
59	WGN46	1.0077390825	0.0612793144108929	961	0.887482375084302	1.12799578991569
60	WGN46	1.0476190475	0.0612793144108926	961	0.927362340084302	1.16787575491569
61	WGN46	0.921529174999997	0.0612793144108932	961	0.801272467584302	1.04178588241569
62	WGN46	0.956002330999999	0.0612793144108937	961	0.835745623584303	1.0762590384157
63	WGN46	0.894570706999999	0.0612793144108934	961	0.774313999584303	1.0148274144157
64	WGN46	0.965246788499998	0.0612793144108929	961	0.844990081084303	1.08550349591569
65	WGN46	1.032596138	0.0612793144108928	961	0.912339430584302	1.15285284541569
66	WGN46	0.994382022499999	0.0612793144108933	961	0.874125315084304	1.1146387299157
67	WGN46	1.01742677068399	0.0866845559267286	961	0.847313913192766	1.18753962817521
68	WGN46	0.917036465499998	0.061279314410893	961	0.796779758084303	1.03729317291569
69	WGN46	0.857547838499999	0.0612793144108931	961	0.737291131084304	0.977804545915695
70	WGN46	1.18333333349999	0.0612793144108927	961	1.0630766260843	1.30359004091569
71	WGN46	0.877339143999999	0.061279314410893	961	0.757082436584304	0.997595851415694
72	WGN46	1.06675438599999	0.0612793144108927	961	0.9464976785843	1.18701109341569
73	WGN46	1.014239366	0.0612793144108933	961	0.893982658584303	1.1344960734157
74	WGN46	0.9870535715	0.0612793144108933	961	0.866796864084304	1.1073102789157
75	WGN46	0.992083258999996	0.0612793144108929	961	0.871826551584301	1.11233996641569
76	WGN46	0.988337967499998	0.061279314410893	961	0.868081260084303	1.10859467491569
78	WGN46	0.853448275499998	0.061279314410893	961	0.733191568084303	0.973704982915693
79	WGN46	0.763261429999998	0.0612793144108931	961	0.643004722584303	0.883518137415694
80	WGN46	0.949909225999998	0.061279314410893	961	0.829652518584303	1.07016593341569
81	WGN46	0.804964538999998	0.0612793144108928	961	0.684707831584303	0.925221246415693
82	WGN46	1.039784946	0.061279314410893	961	0.919528238584302	1.16004165341569
83	WGN46	1.0101139045	0.061279314410893	961	0.889857197084302	1.13037061191569
84	WGN46	1.002777778	0.0612793144108929	961	0.882521070584302	1.12303448541569
85	WGN46	1.042857143	0.0612793144108928	961	0.9226004355843	1.16311385041569
86	WGN46	0.769432115499998	0.0612793144108931	961	0.649175408084303	0.889688822915694
87	WGN46	1.070963395	0.0612793144108931	961	0.950706687584303	1.19122010241569
88	WGN46	1.009661836	0.0612793144108932	961	0.889405128584303	1.12991854341569
89	WGN46	0.893849206499997	0.061279314410893	961	0.773592499084302	1.01410591391569
90	WGN46	0.840405498499999	0.0612793144108931	961	0.720148791084303	0.960662205915694
91	WGN46	0.891708640499998	0.061279314410893	961	0.771451933084303	1.01196534791569
92	WGN46	0.993737769499999	0.0612793144108932	961	0.873481062084303	1.11399447691569
93	WGN46	0.989563567499998	0.0612793144108932	961	0.869306860084302	1.10982027491569
94	WGN46	1.0135135135	0.0612793144108933	961	0.893256806084303	1.13377022091569
95	WGN46	1.2175297115	0.0612793144108929	961	1.0972730040843	1.33778641891569
96	WGN46	1.0796920515	0.0612793144108931	961	0.959435344084303	1.19994875891569
98	WGN46	0.930513211499998	0.0612793144108932	961	0.810256504084302	1.05076991891569
101	WGN46	1.2041666665	0.0612793144108931	961	1.0839099590843	1.32442337391569
102	WGN46	0.872093023499999	0.0612793144108931	961	0.751836316084303	0.992349730915694
103	WGN46	1.1314580355	0.061279314410893	961	1.0112013280843	1.25171474291569
104	WGN46	1.0505409065	0.061279314410893	961	0.930284199084303	1.17079761391569
106	WGN46	1.143291377316	0.086684555926728	961	0.973178519824782	1.31340423480722
107	WGN46	0.837875664316006	0.0866845559267285	961	0.667762806824784	1.00798852180723
108	WGN46	0.793868921499998	0.061279314410893	961	0.673612214084303	0.914125628915694
109	WGN46	0.975609755999999	0.0612793144108931	961	0.855353048584303	1.09586646341569
110	WGN46	1.130080367	0.061279314410893	961	1.0098236595843	1.25033707441569
111	WGN46	0.948051947999998	0.0612793144108929	961	0.827795240584303	1.06830865541569
112	WGN46	1.031617647	0.0612793144108931	961	0.911360939584303	1.15187435441569
113	WGN46	0.965111561499998	0.0612793144108931	961	0.844854854084303	1.08536826891569
114	WGN46	0.962768615499999	0.0612793144108931	961	0.842511908084303	1.08302532291569
115	WGN46	0.806201549999998	0.0612793144108931	961	0.685944842584302	0.926458257415693
116	WGN46	1.0265789475	0.061279314410893	961	0.906322240084303	1.14683565491569
117	WGN46	0.923992229499998	0.0612793144108931	961	0.803735522084303	1.04424893691569
118	WGN46	1.1382532415	0.0612793144108932	961	1.0179965340843	1.2585099489157
119	WGN46	0.928609768999999	0.0612793144108932	961	0.808353061584303	1.04886647641569
120	WGN46	0.803050283316007	0.0866845559267285	961	0.632937425824784	0.973163140807229
121	WGN46	1.002335669	0.0612793144108931	961	0.882078961584303	1.12259237641569
122	WGN46	1.1276923075	0.0612793144108931	961	1.0074356000843	1.24794901491569
123	WGN46	0.796683353999998	0.0612793144108931	961	0.676426646584303	0.916940061415693
124	WGN46	0.923349354999998	0.0612793144108931	961	0.803092647584303	1.04360606241569
125	WGN46	0.988292253499998	0.061279314410893	961	0.868035546084303	1.10854896091569
126	WGN46	0.932873563499999	0.0612793144108932	961	0.812616856084303	1.05313027091569
127	WGN46	0.820452796316007	0.0866845559267285	961	0.650339938824784	0.990565653807229
128	WGN46	0.949798437999999	0.0612793144108931	961	0.829541730584303	1.07005514541569
129	WGN46	0.804055799999998	0.0612793144108931	961	0.683799092584303	0.924312507415694
130	WGN46	1.218926554	0.0612793144108931	961	1.0986698465843	1.33918326141569
1	WGN55	1.05480480499998	0.0612793144108933	961	0.934548097584288	1.17506151241568
2	WGN55	0.966596417000003	0.0612793144108933	961	0.846339709584307	1.0868531244157
3	WGN55	1.09491691631601	0.0866845559267283	961	0.924804058824784	1.26502977380723
4	WGN55	0.833294983499989	0.061279314410894	961	0.713038276084292	0.953551690915687
5	WGN55	1.12146699531602	0.0866845559267289	961	0.951354137824801	1.29157985280725
6	WGN55	0.99474065231601	0.0866845559267282	961	0.824627794824788	1.16485350980723
7	WGN55	0.932424242500001	0.0612793144108925	961	0.812167535084307	1.0526809499157
8	WGN55	1.22410865900001	0.0612793144108931	961	1.10385195158431	1.3443653664157
9	WGN55	1.08140340231601	0.0866845559267283	961	0.911290544824789	1.25151625980723
10	WGN55	1.006849315	0.0612793144108937	961	0.886592607584304	1.1271060224157
11	WGN55	0.835100742499997	0.0612793144108932	961	0.714844035084302	0.955357449915693
12	WGN55	0.960933536500003	0.0612793144108932	961	0.840676829084308	1.0811902439157
13	WGN55	1.0480208335	0.0612793144108931	961	0.927764126084305	1.1682775409157
14	WGN55	1.080253623	0.0612793144108935	961	0.959996915584303	1.2005103304157
15	WGN55	1.06682303231601	0.0866845559267278	961	0.896710174824789	1.23693588980723
16	WGN55	0.888309134999996	0.0612793144108935	961	0.768052427584299	1.00856584241569
17	WGN55	0.841954023	0.0612793144108931	961	0.721697315584304	0.962210730415695
18	WGN55	1.01984127	0.0612793144108932	961	0.899584562584306	1.1400979774157
19	WGN55	0.979259897	0.0612793144108929	961	0.859003189584305	1.0995166044157
20	WGN55	1.0627272725	0.0612793144108935	961	0.942470565084302	1.18298397991569
21	WGN55	1.0752155565	0.0612793144108933	961	0.954958849084305	1.1954722639157
22	WGN55	1.0803571425	0.0612793144108926	961	0.960100435084305	1.20061384991569
23	WGN55	0.929061624500004	0.0612793144108924	961	0.80880491708431	1.0493183319157
24	WGN55	0.9937782805	0.061279314410893	961	0.873521573084305	1.11403498791569
25	WGN55	1.0314140165	0.0612793144108932	961	0.911157309084305	1.1516707239157
26	WGN55	1.1043281655	0.0612793144108927	961	0.984071458084306	1.2245848729157
27	WGN55	0.876643073500001	0.0612793144108931	961	0.756386366084305	0.996899780915696
28	WGN55	0.961415282316003	0.0866845559267291	961	0.79130242482478	1.13152813980723
29	WGN55	0.906144780999997	0.0612793144108936	961	0.785888073584301	1.02640148841569
30	WGN55	0.878419638500001	0.0612793144108929	961	0.758162931084306	0.998676345915696
31	WGN55	0.992921386	0.0612793144108931	961	0.872664678584304	1.1131780934157
32	WGN55	0.782507184000005	0.0612793144108926	961	0.662250476584311	0.9027638914157
33	WGN55	1.083333333	0.0612793144108932	961	0.963076625584305	1.2035900404157
34	WGN55	1.0681060045	0.0612793144108928	961	0.947849297084306	1.1883627119157
35	WGN55	1.094166667	0.061279314410893	961	0.973909959584302	1.21442337441569
36	WGN55	0.841318875500004	0.0612793144108926	961	0.721062168084309	0.961575582915698
37	WGN55	0.980519480500003	0.0612793144108925	961	0.860262773084308	1.1007761879157
38	WGN55	1.11970947568399	0.0866845559267285	961	0.949596618192769	1.28982233317521
40	WGN55	0.995079787000003	0.0612793144108929	961	0.874823079584308	1.1153364944157
41	WGN55	0.865134099500002	0.0612793144108931	961	0.744877392084307	0.985390806915697
42	WGN55	1.1213924965	0.0612793144108928	961	1.00113578908431	1.2416492039157
43	WGN55	1.055706031	0.0612793144108931	961	0.935449323584306	1.1759627384157
44	WGN55	1.1980046945	0.0612793144108929	961	1.0777479870843	1.31826140191569
45	WGN55	0.899347029499999	0.0612793144108933	961	0.779090322084303	1.01960373691569
46	WGN55	1.01147633231601	0.0866845559267278	961	0.841363474824792	1.18158918980723
47	WGN55	0.875080801499999	0.0612793144108931	961	0.754824094084304	0.995337508915695
48	WGN55	0.974984364999999	0.0612793144108936	961	0.854727657584303	1.0952410724157
49	WGN55	1.063995111	0.0612793144108931	961	0.943738403584306	1.1842518184157
50	WGN55	0.917287014	0.0612793144108933	961	0.797030306584304	1.0375437214157
52	WGN55	1.0407738095	0.0612793144108929	961	0.920517102084307	1.1610305169157
53	WGN55	0.793589744	0.0612793144108931	961	0.673333036584305	0.913846451415696
54	WGN55	0.959558823500001	0.0612793144108933	961	0.839302116084305	1.0798155309157
55	WGN55	0.815533981000002	0.061279314410893	961	0.695277273584307	0.935790688415697
56	WGN55	1.022680199	0.0612793144108926	961	0.90242349158431	1.1429369064157
57	WGN55	1.06598398468399	0.0866845559267287	961	0.895871127192771	1.23609684217522
58	WGN55	0.854935555316008	0.0866845559267288	961	0.684822697824785	1.02504841280723
59	WGN55	0.988157894500003	0.0612793144108926	961	0.867901187084308	1.1084146019157
60	WGN55	1.047309237	0.0612793144108933	961	0.927052529584306	1.1675659444157
61	WGN55	1.15234934831601	0.0866845559267287	961	0.982236490824787	1.32246220580723
62	WGN55	1.007654321	0.061279314410893	961	0.887397613584307	1.1279110284157
63	WGN55	0.883333333500002	0.0612793144108928	961	0.763076626084307	1.0035900409157
64	WGN55	0.849738675499998	0.0612793144108933	961	0.729481968084302	0.969995382915694
65	WGN55	0.947795625500002	0.061279314410893	961	0.827538918084306	1.0680523329157
66	WGN55	0.882467217000003	0.0612793144108927	961	0.762210509584309	1.0027239244157
67	WGN55	1.13693838931601	0.0866845559267285	961	0.966825531824787	1.30705124680723
68	WGN55	0.940526316	0.0612793144108932	961	0.820269608584305	1.0607830234157
69	WGN55	0.965682987000003	0.0612793144108925	961	0.845426279584309	1.0859396944157
70	WGN55	0.88810884231601	0.0866845559267282	961	0.717995984824788	1.05822169980723
71	WGN55	1.118184587	0.0612793144108934	961	0.997927879584306	1.2384412944157
72	WGN55	1.0350458365	0.0612793144108932	961	0.914789129084306	1.1553025439157
73	WGN55	0.875235700500001	0.0612793144108932	961	0.754978993084305	0.995492407915696
74	WGN55	1.01558464231601	0.0866845559267286	961	0.845471784824785	1.18569749980723
75	WGN55	0.989035087500002	0.061279314410893	961	0.868778380084307	1.1092917949157
76	WGN55	0.875089605500001	0.0612793144108931	961	0.754832898084305	0.995346312915696
77	WGN55	1.02734934831601	0.0866845559267291	961	0.857236490824786	1.19746220580723
78	WGN55	0.875242404500002	0.061279314410893	961	0.754985697084307	0.995499111915697
80	WGN55	0.902700422	0.0612793144108931	961	0.782443714584305	1.0229571294157
81	WGN55	0.764455264500004	0.0612793144108928	961	0.644198557084309	0.884711971915698
82	WGN55	1.2928685895	0.0612793144108931	961	1.17261188208431	1.4131252969157
83	WGN55	1.1179808845	0.0612793144108934	961	0.997724177084306	1.2382375919157
84	WGN55	0.78316330131601	0.0866845559267286	961	0.613050443824787	0.953276158807232
85	WGN55	1.033160173	0.061279314410893	961	0.912903465584306	1.1534168804157
86	WGN55	0.985486087000001	0.0612793144108929	961	0.865229379584306	1.1057427944157
87	WGN55	0.857142857000001	0.0612793144108931	961	0.736886149584305	0.977399564415696
88	WGN55	1.118181818	0.0612793144108933	961	0.997925110584306	1.2384385254157
89	WGN55	1.0606150795	0.0612793144108929	961	0.940358372084305	1.1808717869157
90	WGN55	1.0212324705	0.0612793144108931	961	0.900975763084306	1.1414891779157
91	WGN55	0.980290524316009	0.0866845559267286	961	0.810177666824786	1.15040338180723
92	WGN55	0.897940503000002	0.061279314410893	961	0.777683795584306	1.0181972104157
93	WGN55	1.01264346631601	0.0866845559267283	961	0.842530608824788	1.18275632380723
94	WGN55	0.986301370000002	0.0612793144108929	961	0.866044662584307	1.1065580774157
95	WGN55	0.995684229500001	0.0612793144108932	961	0.875427522084306	1.1159409369157
96	WGN55	0.841340361500001	0.061279314410893	961	0.721083654084306	0.961597068915697
97	WGN55	1.02734934831601	0.0866845559267284	961	0.857236490824788	1.19746220580723
98	WGN55	0.940040650500002	0.0612793144108929	961	0.819783943084307	1.0602973579157
99	WGN55	1.02734934831601	0.0866845559267286	961	0.857236490824787	1.19746220580723
100	WGN55	0.820652173999999	0.0612793144108932	961	0.700395466584303	0.940908881415695
101	WGN55	1.1351139045	0.0612793144108931	961	1.01485719708431	1.2553706119157
102	WGN55	0.894887241000003	0.0612793144108928	961	0.774630533584308	1.0151439484157
103	WGN55	0.979583333500002	0.0612793144108929	961	0.859326626084307	1.0998400409157
104	WGN55	0.940789473500002	0.0612793144108929	961	0.820532766084307	1.0610461809157
105	WGN55	1.139305347	0.061279314410893	961	1.01904863958431	1.2595620544157
106	WGN55	1.1356399265	0.061279314410893	961	1.01538321908431	1.2558966339157
107	WGN55	1.3325757575	0.0612793144108929	961	1.21231905008431	1.4528324649157
108	WGN55	1.140701071	0.0612793144108931	961	1.02044436358431	1.2609577784157
109	WGN55	0.872200584500001	0.0612793144108931	961	0.751943877084305	0.992457291915696
110	WGN55	0.965726596000001	0.061279314410893	961	0.845469888584306	1.0859833034157
111	WGN55	1.028169014	0.061279314410893	961	0.907912306584306	1.1484257214157
112	WGN55	1.0555555555	0.0612793144108931	961	0.935298848084306	1.1758122629157
113	WGN55	0.871111446500002	0.061279314410893	961	0.750854739084307	0.991368153915697
114	WGN55	1.006664388	0.061279314410893	961	0.886407680584306	1.1269210954157
115	WGN55	1.01875	0.061279314410893	961	0.898493292584306	1.1390067074157
116	WGN55	1.0341342915	0.061279314410893	961	0.913877584084306	1.1543909989157
117	WGN55	0.942349727000002	0.061279314410893	961	0.822093019584306	1.0626064344157
118	WGN55	1.0555555555	0.061279314410893	961	0.935298848084306	1.1758122629157
119	WGN55	1.0324675325	0.061279314410893	961	0.912210825084306	1.1527242399157
120	WGN55	0.94957157031601	0.0866845559267284	961	0.779458712824787	1.11968442780723
121	WGN55	1.16433564931601	0.0866845559267284	961	0.994222791824787	1.33444850680723
122	WGN55	0.960227272500002	0.061279314410893	961	0.839970565084306	1.0804839799157
123	WGN55	1.0017188695	0.061279314410893	961	0.881462162084306	1.1219755769157
124	WGN55	0.900170285500001	0.061279314410893	961	0.779913578084306	1.0204269929157
125	WGN55	0.929535232000001	0.061279314410893	961	0.809278524584306	1.0497919394157
126	WGN55	0.957361915000002	0.061279314410893	961	0.837105207584306	1.0776186224157
128	WGN55	0.987999342500002	0.061279314410893	961	0.867742635084306	1.1082560499157
129	WGN55	0.878446115500002	0.061279314410893	961	0.758189408084306	0.998702822915697
130	WGN55	1.0236711555	0.061279314410893	961	0.903414448084306	1.1439278629157
1	WGN63	0.891618001000004	0.0612793144108926	961	0.771361293584309	1.0118747084157
2	WGN63	0.881459948	0.0612793144108929	961	0.761203240584305	1.0017166554157
3	WGN63	0.858594347000009	0.0612793144108926	961	0.738337639584314	0.978851054415703
4	WGN63	0.876186557316001	0.0866845559267294	961	0.706073699824777	1.04629941480723
5	WGN63	0.954887218000002	0.0612793144108928	961	0.834630510584307	1.0751439254157
6	WGN63	1.06650246300001	0.0612793144108934	961	0.946245755584312	1.1867591704157
7	WGN63	1.0676339285	0.0612793144108929	961	0.947377221084308	1.1878906359157
8	WGN63	1.14821981450001	0.0612793144108933	961	1.02796310708431	1.2684765219157
9	WGN63	0.865944792	0.0612793144108934	961	0.745688084584304	0.986201499415696
10	WGN63	0.970833333500005	0.061279314410893	961	0.85057662608431	1.0910900409157
12	WGN63	0.918258212500007	0.0612793144108934	961	0.798001505084311	1.0385149199157
13	WGN63	0.836080586000007	0.0612793144108927	961	0.715823878584313	0.956337293415702
16	WGN63	1.084145549	0.0612793144108933	961	0.963888841584303	1.20440225641569
17	WGN63	0.811069216000005	0.0612793144108932	961	0.69081250858431	0.931325923415701
18	WGN63	0.915641026000002	0.0612793144108933	961	0.795384318584306	1.0358977334157
19	WGN63	0.951560715500006	0.0612793144108934	961	0.83130400808431	1.0718174229157
20	WGN63	1.166988417	0.0612793144108927	961	1.0467317095843	1.28724512441569
21	WGN63	0.949097816000003	0.0612793144108929	961	0.828841108584308	1.0693545234157
22	WGN63	1.0121276595	0.0612793144108927	961	0.891870952084308	1.1323843669157
23	WGN63	0.860832242000003	0.0612793144108926	961	0.740575534584309	0.981088949415698
24	WGN63	0.962588652500001	0.0612793144108928	961	0.842331945084307	1.0828453599157
25	WGN63	0.849362980683992	0.0866845559267287	961	0.679250123192769	1.01947583817521
26	WGN63	0.748511905000002	0.0612793144108931	961	0.628255197584306	0.868768612415697
27	WGN63	1.005278716	0.0612793144108933	961	0.885022008584306	1.1255354234157
28	WGN63	0.925928792500002	0.0612793144108932	961	0.805672085084306	1.0461854999157
29	WGN63	0.947658965500001	0.0612793144108932	961	0.827402258084306	1.0679156729157
30	WGN63	0.846428571500001	0.0612793144108931	961	0.726171864084306	0.966685278915697
31	WGN63	1.028673835	0.0612793144108928	961	0.908417127584307	1.1489305424157
32	WGN63	1.0838702255	0.0612793144108931	961	0.963613518084307	1.2041269329157
33	WGN63	0.967156296500004	0.0612793144108929	961	0.846899589084309	1.0874130039157
34	WGN63	0.878787878499999	0.0612793144108932	961	0.758531171084304	0.999044585915695
35	WGN63	0.894016015316012	0.0866845559267286	961	0.723903157824789	1.06412887280723
36	WGN63	0.940929595316011	0.0866845559267292	961	0.770816737824787	1.11104245280723
37	WGN63	0.785591106316009	0.086684555926729	961	0.615478248824785	0.955703963807232
38	WGN63	0.78316330131601	0.0866845559267288	961	0.613050443824787	0.953276158807233
39	WGN63	0.88100788531601	0.086684555926729	961	0.710895027824787	1.05112074280723
40	WGN63	1.096491228	0.0612793144108934	961	0.976234520584303	1.2167479354157
41	WGN63	0.897793263499999	0.0612793144108933	961	0.777536556084304	1.01804997091569
42	WGN63	0.969981917000003	0.0612793144108931	961	0.849725209584308	1.0902386244157
44	WGN63	0.999889964999999	0.0612793144108932	961	0.879633257584304	1.12014667241569
45	WGN63	1.04273396331601	0.0866845559267286	961	0.87262110582479	1.21284682080724
46	WGN63	0.874824191500003	0.0612793144108929	961	0.754567484084308	0.995080898915699
47	WGN63	0.973627844500003	0.0612793144108931	961	0.853371137084308	1.0938845519157
48	WGN63	0.869939707000004	0.061279314410893	961	0.749682999584309	0.990196414415699
49	WGN63	0.835560345000002	0.0612793144108931	961	0.715303637584307	0.955817052415698
50	WGN63	0.921466995316011	0.0866845559267293	961	0.751354137824787	1.09157985280723
51	WGN63	0.876538885000007	0.0612793144108933	961	0.756282177584312	0.996795592415703
52	WGN63	0.719997637500001	0.0612793144108933	961	0.599740930084305	0.840254344915697
53	WGN63	0.860661764500002	0.0612793144108931	961	0.740405057084307	0.980918471915697
54	WGN63	0.876428792000002	0.0612793144108932	961	0.756172084584307	0.996685499415698
55	WGN63	0.959717051500004	0.0612793144108934	961	0.839460344084308	1.0799737589157
56	WGN63	0.919580983000003	0.0612793144108928	961	0.799324275584308	1.0398376904157
57	WGN63	0.885021097000002	0.0612793144108933	961	0.764764389584306	1.0052778044157
58	WGN63	0.935350123000003	0.0612793144108934	961	0.815093415584307	1.0556068304157
59	WGN63	0.78290490431601	0.0866845559267286	961	0.612792046824788	0.953017761807233
60	WGN63	0.896914565316009	0.0866845559267288	961	0.726801707824786	1.06702742280723
61	WGN63	0.855959148000002	0.0612793144108931	961	0.735702440584307	0.976215855415698
62	WGN63	0.911590022000002	0.061279314410893	961	0.791333314584306	1.0318467294157
63	WGN63	0.811360328683994	0.0866845559267283	961	0.641247471192772	0.981473186175216
64	WGN63	1.1687396355	0.061279314410893	961	1.04848292808431	1.2889963429157
65	WGN63	0.860227272500002	0.061279314410893	961	0.739970565084307	0.980483979915697
66	WGN63	1.00290754	0.0612793144108928	961	0.882650832584307	1.1231642474157
67	WGN63	1.24163506231601	0.0866845559267285	961	1.07152220482479	1.41174791980723
68	WGN63	0.987987013000001	0.061279314410893	961	0.867730305584306	1.1082437204157
69	WGN63	0.99364148331601	0.0866845559267285	961	0.823528625824787	1.16375434080723
70	WGN63	0.825263158000001	0.061279314410893	961	0.705006450584306	0.945519865415697
72	WGN63	0.879347826000002	0.061279314410893	961	0.759091118584306	0.999604533415697
73	WGN63	0.943650126000003	0.061279314410893	961	0.823393418584307	1.0639068334157
74	WGN63	0.868577368500004	0.061279314410893	961	0.748320661084309	0.988834075915699
75	WGN63	0.880567338000002	0.061279314410893	961	0.760310630584307	1.0008240454157
76	WGN63	0.931047266000003	0.0612793144108931	961	0.810790558584307	1.0513039734157
77	WGN63	0.871794871500002	0.0612793144108932	961	0.751538164084307	0.992051578915698
78	WGN63	0.761842488000004	0.0612793144108929	961	0.641585780584309	0.882099195415699
79	WGN63	1.039310516	0.0612793144108929	961	0.919053808584306	1.1595672234157
80	WGN63	0.846974103500002	0.0612793144108931	961	0.726717396084307	0.967230810915698
81	WGN63	1.211351187	0.0612793144108931	961	1.09109447958431	1.3316078944157
82	WGN63	0.985598972500003	0.0612793144108932	961	0.865342265084307	1.1058556799157
83	WGN63	0.828222731000002	0.0612793144108931	961	0.707966023584306	0.948479438415697
84	WGN63	0.817854909500002	0.061279314410893	961	0.697598202084307	0.938111616915698
85	WGN63	0.925688509000002	0.061279314410893	961	0.805431801584307	1.0459452164157
86	WGN63	0.834578264316011	0.0866845559267283	961	0.664465406824788	1.00469112180723
87	WGN63	1.0227272725	0.0612793144108929	961	0.902470565084306	1.1429839799157
88	WGN63	0.800249169000002	0.061279314410893	961	0.679992461584307	0.920505876415698
89	WGN63	0.975196612500002	0.0612793144108932	961	0.854939905084306	1.0954533199157
90	WGN63	1.16528038231601	0.0866845559267286	961	0.995167524824788	1.33539323980723
91	WGN63	0.892568250500003	0.061279314410893	961	0.772311543084308	1.0128249579157
92	WGN63	0.876918933500002	0.061279314410893	961	0.756662226084307	0.997175640915697
93	WGN63	0.966025641000002	0.0612793144108929	961	0.845768933584307	1.0862823484157
94	WGN63	0.884740260000002	0.0612793144108931	961	0.764483552584307	1.0049969674157
95	WGN63	0.90234934831601	0.0866845559267287	961	0.732236490824788	1.07246220580723
96	WGN63	0.799200799000002	0.061279314410893	961	0.678944091584307	0.919457506415697
97	WGN63	0.771915584500002	0.061279314410893	961	0.651658877084307	0.892172291915697
98	WGN63	0.853085434683994	0.0866845559267286	961	0.682972577192771	1.02319829217522
99	WGN63	0.715507794683994	0.0866845559267284	961	0.545394937192772	0.885620652175217
100	WGN63	0.861703431000002	0.061279314410893	961	0.741446723584307	0.981960138415698
101	WGN63	0.870086548683994	0.0866845559267283	961	0.699973691192772	1.04019940617522
102	WGN63	0.904569115000002	0.0612793144108929	961	0.784312407584307	1.0248258224157
103	WGN63	0.943275316500002	0.061279314410893	961	0.823018609084307	1.0635320239157
105	WGN63	0.896502385000002	0.061279314410893	961	0.776245677584307	1.0167590924157
106	WGN63	0.931034483000002	0.061279314410893	961	0.810777775584307	1.0512911904157
107	WGN63	0.874380805000002	0.0612793144108931	961	0.754124097584307	0.994637512415698
109	WGN63	1.037878788	0.061279314410893	961	0.917622080584307	1.1581354954157
110	WGN63	0.94163506231601	0.0866845559267284	961	0.771522204824788	1.11174791980723
111	WGN63	0.744534883500002	0.061279314410893	961	0.624278176084307	0.864791590915697
112	WGN63	1.033016878	0.061279314410893	961	0.912760170584307	1.1532735854157
114	WGN63	0.969583333500002	0.0612793144108931	961	0.849326626084307	1.0898400409157
115	WGN63	0.890873016000002	0.061279314410893	961	0.770616308584307	1.0111297234157
116	WGN63	0.916666666500002	0.061279314410893	961	0.796409959084307	1.0369233739157
117	WGN63	0.871161048500002	0.061279314410893	961	0.750904341084307	0.991417755915698
118	WGN63	0.741881420683994	0.0866845559267285	961	0.571768563192772	0.911994278175217
119	WGN63	0.910833333500002	0.061279314410893	961	0.790576626084307	1.0310900409157
121	WGN63	1.0276435855	0.061279314410893	961	0.907386878084307	1.1479002929157
122	WGN63	1.1120892015	0.061279314410893	961	0.991832494084307	1.2323459089157
123	WGN63	0.973748902500002	0.061279314410893	961	0.853492195084307	1.0940056099157
124	WGN63	0.92478524531601	0.0866845559267285	961	0.754672387824788	1.09489810280723
125	WGN63	0.93760575831601	0.0866845559267285	961	0.767492900824788	1.10771861580723
126	WGN63	0.908597352500002	0.061279314410893	961	0.788340645084307	1.0288540599157
127	WGN63	0.91371298431601	0.0866845559267285	961	0.743600126824788	1.08382584180723
128	WGN63	0.911915205000002	0.061279314410893	961	0.791658497584307	1.0321719124157
129	WGN63	0.863888538500002	0.061279314410893	961	0.743631831084307	0.984145245915697
130	WGN63	0.869276449500002	0.061279314410893	961	0.749019742084307	0.989533156915697
