plantID3	famID	emmean	SE	df	lower.CL	upper.CL
1	WGN07	4.99999999999984	0.624524931898234	961	3.77441004797286	6.22558995202683
2	WGN07	6.33333333350051	0.624524931897908	961	5.10774338147416	7.55892328552686
3	WGN07	5.66666666649986	0.624524931897965	961	4.4410767144734	6.89225661852631
4	WGN07	2.49999999999949	0.624524931897921	961	1.27441004797311	3.72558995202586
5	WGN07	4.83333333350008	0.624524931897916	961	3.60774338147371	6.05892328552644
6	WGN07	3.6666666665	0.62452493189792	961	2.44107671447363	4.89225661852637
7	WGN07	4.00000000000006	0.624524931897915	961	2.7744100479737	5.22558995202642
8	WGN07	5.83333333350001	0.624524931897928	961	4.60774338147362	7.05892328552639
9	WGN07	5.6666666665	0.624524931897928	961	4.44107671447362	6.89225661852639
10	WGN07	3.33333333350003	0.624524931897921	961	2.10774338147366	4.55892328552641
11	WGN07	4.85377685377489	0.883441123765553	961	3.12008055248628	6.5874731550635
12	WGN07	2.18711018677493	0.883441123765547	961	0.453413885486329	3.92080648806353
13	WGN07	5.83333333349999	0.624524931897918	961	4.60774338147362	7.05892328552636
14	WGN07	4.49999999999998	0.624524931897935	961	3.27441004797358	5.72558995202638
15	WGN07	5.00000000000001	0.624524931897918	961	3.77441004797364	6.22558995202637
16	WGN07	4.333333333	0.62452493189794	961	3.10774338097359	5.55892328502641
17	WGN07	5.66666666700003	0.624524931897936	961	4.44107671497362	6.89225661902643
18	WGN07	5.83333333350001	0.624524931897923	961	4.60774338147363	7.05892328552638
20	WGN07	4.18711018677496	0.88344112376557	961	2.45341388548631	5.9208064880636
21	WGN07	4.66666666700001	0.624524931897927	961	3.44107671497362	5.89225661902639
22	WGN07	3.49999999999996	0.624524931897933	961	2.27441004797357	4.72558995202636
23	WGN07	4.85377685377497	0.883441123765581	961	3.12008055248631	6.58747315506364
24	WGN07	6.52044352077498	0.88344112376553	961	4.78674721948641	8.25413982206354
25	WGN07	4.85377685377493	0.883441123765562	961	3.1200805524863	6.58747315506356
26	WGN07	5.5	0.624524931897936	961	4.2744100479736	6.7255899520264
27	WGN07	5.83333333349996	0.624524931897924	961	4.60774338147359	7.05892328552634
28	WGN07	5.5	0.624524931897924	961	4.27441004797362	6.72558995202637
29	WGN07	5.83333333350004	0.624524931897947	961	4.60774338147361	7.05892328552646
30	WGN07	4.99999999999994	0.624524931897918	961	3.77441004797358	6.22558995202631
31	WGN07	5.49999999999998	0.624524931897907	961	4.27441004797364	6.72558995202633
32	WGN07	5.3333333335	0.62452493189792	961	4.10774338147364	6.55892328552637
33	WGN07	4.5	0.624524931897921	961	3.27441004797363	5.72558995202637
34	WGN07	6.00000000000002	0.624524931897922	961	4.77441004797364	7.22558995202639
35	WGN07	6.33333333349997	0.624524931897913	961	5.10774338147362	7.55892328552633
36	WGN07	3.16666666700004	0.624524931897928	961	1.94107671497366	4.39225661902643
37	WGN07	4.49999999999999	0.624524931897917	961	3.27441004797363	5.72558995202636
38	WGN07	4.49999999999999	0.624524931897929	961	3.27441004797361	5.72558995202638
39	WGN07	4.16666666650008	0.624524931897919	961	2.94107671447371	5.39225661852644
40	WGN07	4.16666666649996	0.62452493189794	961	2.94107671447355	5.39225661852637
41	WGN07	4.52044352077494	0.883441123765547	961	2.78674721948634	6.25413982206354
42	WGN07	3.83333333349998	0.624524931897911	961	2.60774338147363	5.05892328552633
44	WGN07	3.66666666650002	0.624524931897915	961	2.44107671447366	4.89225661852638
46	WGN07	4.50000000000001	0.624524931897916	961	3.27441004797365	5.72558995202637
47	WGN07	6.52044352077488	0.883441123765556	961	4.78674721948626	8.2541398220635
48	WGN07	4.99999999999997	0.624524931897945	961	3.77441004797355	6.22558995202639
49	WGN07	5.52044352077493	0.883441123765561	961	3.7867472194863	7.25413982206356
50	WGN07	5.66666666699999	0.624524931897931	961	4.4410767149736	6.89225661902639
51	WGN07	5.66666666699998	0.624524931897929	961	4.44107671497359	6.89225661902637
52	WGN07	5.66666666649997	0.624524931897936	961	4.44107671447357	6.89225661852637
53	WGN07	4.33333333299996	0.624524931897933	961	3.10774338097356	5.55892328502635
54	WGN07	3.99999999999995	0.624524931897923	961	2.77441004797357	5.22558995202632
55	WGN07	4.3333333335	0.62452493189793	961	3.10774338147361	5.55892328552639
56	WGN07	6.3333333335	0.624524931897929	961	5.10774338147361	7.55892328552638
57	WGN07	5.16666666700007	0.624524931897946	961	3.94107671497365	6.39225661902649
58	WGN07	5.50000000000001	0.624524931897916	961	4.27441004797365	6.72558995202637
59	WGN07	3.99999999999999	0.62452493189793	961	2.7744100479736	5.22558995202638
60	WGN07	4.99999999999999	0.624524931897924	961	3.77441004797362	6.22558995202637
61	WGN07	4.99999999999996	0.624524931897931	961	3.77441004797357	6.22558995202635
63	WGN07	3.33333333349987	0.624524931897931	961	2.10774338147348	4.55892328552626
64	WGN07	6.52044352077494	0.883441123765545	961	4.78674721948634	8.25413982206353
66	WGN07	3.33333333349997	0.624524931897928	961	2.10774338147358	4.55892328552635
67	WGN07	2.99999999999991	0.624524931897938	961	1.77441004797351	4.22558995202632
68	WGN07	4.49999999999998	0.624524931897917	961	3.27441004797361	5.72558995202634
69	WGN07	2.85377685377494	0.883441123765577	961	1.12008055248628	4.5874731550636
71	WGN07	4.16666666650004	0.624524931897916	961	2.94107671447368	5.3922566185264
73	WGN07	4.83333333350002	0.62452493189792	961	3.60774338147365	6.05892328552638
74	WGN07	5.99999999999998	0.624524931897917	961	4.77441004797361	7.22558995202634
75	WGN07	6.33333333349996	0.62452493189793	961	5.10774338147357	7.55892328552634
76	WGN07	5.00000000000001	0.624524931897903	961	3.77441004797367	6.22558995202635
77	WGN07	5.49999999999989	0.624524931897914	961	4.27441004797353	6.72558995202625
78	WGN07	3.66666666650008	0.624524931897909	961	2.44107671447373	4.89225661852643
79	WGN07	3.50000000000001	0.624524931897913	961	2.27441004797365	4.72558995202637
80	WGN07	4.99999999999998	0.624524931897929	961	3.77441004797359	6.22558995202637
81	WGN07	5.00000000000001	0.624524931897925	961	3.77441004797364	6.22558995202639
82	WGN07	5.33333333350001	0.624524931897923	961	4.10774338147364	6.55892328552639
83	WGN07	5.18711018677492	0.883441123765543	961	3.45341388548633	6.92080648806351
84	WGN07	4.83333333300001	0.62452493189792	961	3.60774338097364	6.05892328502638
85	WGN07	5.16666666649997	0.624524931897924	961	3.94107671447359	6.39225661852634
86	WGN07	6.66666666699997	0.624524931897916	961	5.44107671497361	7.89225661902633
87	WGN07	5.00000000000001	0.624524931897931	961	3.77441004797361	6.2255899520264
88	WGN07	5.16666666699999	0.624524931897931	961	3.9410767149736	6.39225661902638
89	WGN07	5.16666666649998	0.62452493189794	961	3.94107671447357	6.39225661852639
90	WGN07	3.99999999999995	0.624524931897925	961	2.77441004797357	5.22558995202633
91	WGN07	5.33333333349996	0.624524931897921	961	4.10774338147359	6.55892328552633
92	WGN07	4.81288981322503	0.883441123765572	961	3.07919351193638	6.54658611451368
93	WGN07	3.85377685377496	0.883441123765536	961	2.12008055248638	5.58747315506353
94	WGN07	4.33333333299999	0.624524931897924	961	3.10774338097361	5.55892328502636
95	WGN07	5.50000000000006	0.624524931897937	961	4.27441004797366	6.72558995202646
96	WGN07	3	0.62452493189792	961	1.77441004797363	4.22558995202637
97	WGN07	5.52044352077496	0.88344112376556	961	3.78674721948634	7.25413982206359
98	WGN07	4.99999999999998	0.624524931897931	961	3.77441004797359	6.22558995202637
99	WGN07	5.5	0.624524931897943	961	4.27441004797358	6.72558995202641
100	WGN07	5.16666666649998	0.624524931897927	961	3.9410767144736	6.39225661852636
101	WGN07	2.85377685377497	0.883441123765555	961	1.12008055248635	4.58747315506358
102	WGN07	6.1666666665	0.62452493189792	961	4.94107671447363	7.39225661852637
103	WGN07	3.16666666700001	0.624524931897922	961	1.94107671497363	4.39225661902638
104	WGN07	5.16666666649998	0.624524931897927	961	3.94107671447359	6.39225661852636
105	WGN07	4.50000000000001	0.624524931897907	961	3.27441004797367	5.72558995202636
106	WGN07	4.187110186775	0.883441123765591	961	2.45341388548632	5.92080648806369
107	WGN07	3.99999999999992	0.624524931897934	961	2.77441004797352	5.22558995202631
108	WGN07	4.333333333	0.624524931897933	961	3.10774338097361	5.5589232850264
109	WGN07	5.14622314622507	0.883441123765527	961	3.41252684493651	6.87991944751363
110	WGN07	4.16666666650004	0.624524931897911	961	2.94107671447369	5.39225661852639
112	WGN07	5.66666666649999	0.624524931897919	961	4.44107671447362	6.89225661852635
113	WGN07	4.50000000000002	0.624524931897911	961	3.27441004797367	5.72558995202637
114	WGN07	8.66666666650005	0.624524931897931	961	7.44107671447366	9.89225661852644
115	WGN07	5.99999999999999	0.624524931897942	961	4.77441004797358	7.22558995202641
116	WGN07	5.6666666665	0.624524931897927	961	4.44107671447361	6.89225661852638
117	WGN07	4.33333333350007	0.624524931897939	961	3.10774338147367	5.55892328552648
118	WGN07	6.14622314622492	0.88344112376555	961	4.41252684493631	7.87991944751353
119	WGN07	4.83333333300001	0.62452493189792	961	3.60774338097364	6.05892328502638
120	WGN07	4.83333333350001	0.624524931897927	961	3.60774338147363	6.0589232855264
121	WGN07	4.66666666699999	0.624524931897934	961	3.44107671497359	5.89225661902638
122	WGN07	5.52044352077496	0.883441123765557	961	3.78674721948634	7.25413982206358
123	WGN07	4.83333333300002	0.624524931897921	961	3.60774338097365	6.05892328502639
124	WGN07	3.52044352077496	0.883441123765561	961	1.78674721948633	5.25413982206358
125	WGN07	4.83333333350001	0.624524931897923	961	3.60774338147364	6.05892328552639
126	WGN07	4.16666666649997	0.624524931897931	961	2.94107671447358	5.39225661852636
127	WGN07	4.99999999999999	0.624524931897928	961	3.7744100479736	6.22558995202637
128	WGN07	6.14622314622499	0.883441123765478	961	4.41252684493653	7.87991944751346
129	WGN07	4.49999999999998	0.624524931897913	961	3.27441004797362	5.72558995202633
130	WGN07	4	0.624524931897918	961	2.77441004797364	5.22558995202637
1	WGN15	5.16666666699985	0.624524931897939	961	3.94107671497344	6.39225661902626
2	WGN15	6.18711018677495	0.883441123765543	961	4.45341388548636	7.92080648806354
3	WGN15	4.66666666649999	0.624524931897927	961	3.44107671447361	5.89225661852637
4	WGN15	3.85377685377492	0.883441123765557	961	2.1200805524863	5.58747315506354
5	WGN15	3.99999999999992	0.624524931897931	961	2.77441004797353	5.22558995202631
7	WGN15	5.49999999999999	0.624524931897914	961	4.27441004797363	6.72558995202635
8	WGN15	4.99999999999997	0.624524931897919	961	3.7744100479736	6.22558995202634
9	WGN15	4.99999999999998	0.624524931897922	961	3.77441004797361	6.22558995202635
10	WGN15	3.33333333349998	0.624524931897928	961	2.10774338147359	4.55892328552636
11	WGN15	4.33333333300001	0.624524931897921	961	3.10774338097363	5.55892328502638
12	WGN15	4.33333333350001	0.624524931897918	961	3.10774338147364	5.55892328552637
13	WGN15	5.85377685377495	0.883441123765546	961	4.12008055248635	7.58747315506355
14	WGN15	5.5	0.624524931897925	961	4.27441004797362	6.72558995202638
15	WGN15	4.83333333349999	0.624524931897929	961	3.6077433814736	6.05892328552638
16	WGN15	4.16666666699999	0.624524931897925	961	2.94107671497361	5.39225661902637
17	WGN15	3.85377685377498	0.883441123765534	961	2.12008055248641	5.58747315506355
18	WGN15	4.85377685377495	0.883441123765542	961	3.12008055248636	6.58747315506354
19	WGN15	5.50000000000001	0.624524931897935	961	4.27441004797361	6.72558995202641
20	WGN15	4.16666666650004	0.624524931897908	961	2.94107671447369	5.39225661852638
21	WGN15	4.83333333349997	0.624524931897933	961	3.60774338147358	6.05892328552637
22	WGN15	5.1666666665	0.624524931897917	961	3.94107671447364	6.39225661852636
23	WGN15	3.16666666699999	0.624524931897931	961	1.9410767149736	4.39225661902638
24	WGN15	3.99999999999993	0.624524931897938	961	2.77441004797353	5.22558995202634
25	WGN15	4.83333333299997	0.624524931897936	961	3.60774338097357	6.05892328502637
26	WGN15	3.833333333	0.624524931897924	961	2.60774338097362	5.05892328502637
27	WGN15	5.33333333300001	0.624524931897935	961	4.10774338097361	6.55892328502641
28	WGN15	5.16666666649998	0.624524931897934	961	3.94107671447358	6.39225661852638
29	WGN15	4	0.624524931897926	961	2.77441004797362	5.22558995202638
30	WGN15	2.52044352077491	0.883441123765559	961	0.786747219486291	4.25413982206354
31	WGN15	4.5	0.624524931897909	961	3.27441004797365	5.72558995202634
32	WGN15	4.66666666649994	0.624524931897919	961	3.44107671447357	5.89225661852631
33	WGN15	5.33333333350001	0.624524931897924	961	4.10774338147363	6.55892328552638
34	WGN15	3.66666666649994	0.62452493189794	961	2.44107671447353	4.89225661852635
35	WGN15	4.66666666699997	0.624524931897929	961	3.44107671497359	5.89225661902636
36	WGN15	4.00000000000003	0.624524931897914	961	2.77441004797367	5.22558995202639
37	WGN15	5.33333333300002	0.624524931897936	961	4.10774338097362	6.55892328502642
38	WGN15	3.52044352077495	0.883441123765529	961	1.78674721948639	5.25413982206352
39	WGN15	4.66666666649999	0.624524931897929	961	3.44107671447361	5.89225661852638
40	WGN15	4.33333333349998	0.624524931897923	961	3.10774338147361	5.55892328552635
41	WGN15	4.83333333350004	0.624524931897924	961	3.60774338147366	6.05892328552642
43	WGN15	3.00000000000002	0.624524931897939	961	1.77441004797361	4.22558995202642
44	WGN15	4.5	0.624524931897918	961	3.27441004797363	5.72558995202636
45	WGN15	3.99999999999999	0.624524931897932	961	2.7744100479736	5.22558995202638
46	WGN15	4.66666666650001	0.624524931897924	961	3.44107671447364	5.89225661852639
47	WGN15	5.16666666649996	0.624524931897913	961	3.9410767144736	6.39225661852632
48	WGN15	5.85377685377509	0.883441123765557	961	4.12008055248647	7.58747315506371
50	WGN15	4.666666667	0.624524931897921	961	3.44107671497362	5.89225661902637
51	WGN15	4.33333333350003	0.624524931897909	961	3.10774338147368	5.55892328552638
52	WGN15	4.99999999999997	0.624524931897927	961	3.77441004797359	6.22558995202635
53	WGN15	2.85377685377494	0.883441123765563	961	1.12008055248631	4.58747315506357
54	WGN15	5.14622314622501	0.883441123765575	961	3.41252684493635	6.87991944751366
55	WGN15	5.83333333299998	0.624524931897922	961	4.60774338097361	7.05892328502635
56	WGN15	4.16666666649999	0.624524931897921	961	2.94107671447362	5.39225661852636
58	WGN15	4.83333333350001	0.624524931897931	961	3.60774338147361	6.0589232855264
59	WGN15	6.66666666649995	0.624524931897926	961	5.44107671447357	7.89225661852633
60	WGN15	3.66666666650003	0.624524931897921	961	2.44107671447365	4.8922566185264
61	WGN15	5.16666666650003	0.624524931897931	961	3.94107671447364	6.39225661852642
62	WGN15	3.16666666649998	0.624524931897926	961	1.9410767144736	4.39225661852636
63	WGN15	4.83333333349998	0.624524931897923	961	3.6077433814736	6.05892328552635
64	WGN15	4.33333333299999	0.624524931897921	961	3.10774338097362	5.55892328502637
66	WGN15	3.49999999999998	0.624524931897932	961	2.27441004797358	4.72558995202637
67	WGN15	5.6666666665	0.624524931897922	961	4.44107671447362	6.89225661852637
68	WGN15	3.83333333299998	0.624524931897924	961	2.6077433809736	5.05892328502635
69	WGN15	3.99999999999999	0.624524931897921	961	2.77441004797362	5.22558995202636
70	WGN15	4.66666666649999	0.62452493189793	961	3.4410767144736	5.89225661852638
71	WGN15	2.85377685377497	0.883441123765542	961	1.12008055248638	4.58747315506356
72	WGN15	4.18711018677499	0.883441123765536	961	2.45341388548641	5.92080648806357
73	WGN15	5.66666666699999	0.624524931897919	961	4.44107671497362	6.89225661902636
74	WGN15	3.85377685377494	0.883441123765555	961	2.12008055248633	5.58747315506356
75	WGN15	5.99999999999997	0.624524931897923	961	4.7744100479736	7.22558995202635
77	WGN15	4.66666666649996	0.624524931897934	961	3.44107671447356	5.89225661852636
78	WGN15	3.66666666649994	0.624524931897923	961	2.44107671447357	4.89225661852632
79	WGN15	5.49999999999998	0.62452493189792	961	4.27441004797361	6.72558995202635
80	WGN15	3.66666666699998	0.624524931897933	961	2.44107671497358	4.89225661902637
81	WGN15	4.50000000000004	0.624524931897924	961	3.27441004797366	5.72558995202641
82	WGN15	3.47955647922512	0.883441123765551	961	1.74586017793651	5.21325278051372
83	WGN15	3.85377685377495	0.883441123765536	961	2.12008055248637	5.58747315506353
84	WGN15	4.66666666649998	0.624524931897911	961	3.44107671447363	5.89225661852634
85	WGN15	6	0.62452493189792	961	4.77441004797363	7.22558995202637
86	WGN15	4.33333333299999	0.624524931897921	961	3.10774338097362	5.55892328502637
87	WGN15	4.8333333335	0.624524931897929	961	3.60774338147361	6.05892328552638
88	WGN15	4.47955647922505	0.883441123765543	961	2.74586017793646	6.21325278051364
89	WGN15	5.83333333300003	0.624524931897917	961	4.60774338097367	7.0589232850264
90	WGN15	4.49999999999999	0.624524931897921	961	3.27441004797362	5.72558995202636
91	WGN15	4.66666666649998	0.624524931897927	961	3.44107671447359	5.89225661852636
92	WGN15	4.16666666649991	0.624524931897949	961	2.94107671447348	5.39225661852634
93	WGN15	3.33333333299996	0.624524931897933	961	2.10774338097356	4.55892328502636
94	WGN15	5.33333333350001	0.624524931897928	961	4.10774338147363	6.5589232855264
95	WGN15	3.66666666649999	0.62452493189792	961	2.44107671447362	4.89225661852636
96	WGN15	3.18711018677492	0.883441123765557	961	1.45341388548631	4.92080648806354
97	WGN15	5.49999999999998	0.624524931897934	961	4.27441004797358	6.72558995202638
98	WGN15	5.66666666699997	0.624524931897923	961	4.4410767149736	6.89225661902635
99	WGN15	3.33333333299998	0.62452493189792	961	2.10774338097361	4.55892328502635
100	WGN15	3.83333333299998	0.624524931897929	961	2.60774338097359	5.05892328502637
101	WGN15	4.99999999999998	0.624524931897929	961	3.7744100479736	6.22558995202637
102	WGN15	4.83333333349999	0.624524931897933	961	3.60774338147359	6.05892328552638
103	WGN15	3.18711018677493	0.883441123765543	961	1.45341388548634	4.92080648806352
104	WGN15	3.83333333349997	0.624524931897926	961	2.60774338147359	5.05892328552635
106	WGN15	4.85377685377494	0.883441123765555	961	3.12008055248633	6.58747315506356
107	WGN15	6.8537768537749	0.883441123765548	961	5.1200805524863	8.5874731550635
108	WGN15	4.33333333349998	0.624524931897938	961	3.10774338147357	5.55892328552638
109	WGN15	4.99999999999998	0.624524931897927	961	3.7744100479736	6.22558995202637
110	WGN15	6.33333333299999	0.624524931897929	961	5.1077433809736	7.55892328502638
111	WGN15	4.52044352077495	0.883441123765539	961	2.78674721948637	6.25413982206353
112	WGN15	3.99999999999999	0.624524931897933	961	2.7744100479736	5.22558995202639
113	WGN15	4.83333333349997	0.624524931897927	961	3.60774338147358	6.05892328552635
114	WGN15	4.66666666650003	0.624524931897932	961	3.44107671447364	5.89225661852642
115	WGN15	4.66666666649999	0.624524931897923	961	3.44107671447361	5.89225661852636
116	WGN15	5.52044352077493	0.883441123765555	961	3.78674721948632	7.25413982206355
117	WGN15	3.83333333299998	0.624524931897927	961	2.6077433809736	5.05892328502636
118	WGN15	3.66666666649998	0.624524931897935	961	2.44107671447358	4.89225661852638
119	WGN15	4.16666666699991	0.624524931897925	961	2.94107671497353	5.39225661902629
120	WGN15	5.81288981322505	0.88344112376555	961	4.07919351193644	7.54658611451365
121	WGN15	4.49999999999998	0.624524931897923	961	3.2744100479736	5.72558995202635
122	WGN15	4.14622314622504	0.883441123765547	961	2.41252684493644	5.87991944751364
123	WGN15	4.83333333299997	0.624524931897933	961	3.60774338097357	6.05892328502636
124	WGN15	4.83333333349996	0.624524931897917	961	3.6077433814736	6.05892328552633
125	WGN15	5.16666666650006	0.624524931897928	961	3.94107671447368	6.39225661852645
126	WGN15	4.16666666699998	0.624524931897924	961	2.94107671497361	5.39225661902636
127	WGN15	4.66666666649998	0.624524931897924	961	3.4410767144736	5.89225661852636
128	WGN15	5.66666666699997	0.62452493189792	961	4.4410767149736	6.89225661902634
129	WGN15	2.49999999999996	0.624524931897933	961	1.27441004797357	3.72558995202636
130	WGN15	4.33333333350004	0.624524931897927	961	3.10774338147365	5.55892328552642
1	WGN26	3.66666666700008	0.624524931897916	961	2.44107671497372	4.89225661902644
3	WGN26	6.52044352077494	0.883441123765552	961	4.78674721948633	8.25413982206355
4	WGN26	4.16666666649992	0.624524931897902	961	2.94107671447359	5.39225661852626
5	WGN26	4.49999999999997	0.624524931897926	961	3.27441004797359	5.72558995202635
6	WGN26	4.8333333334999	0.624524931897905	961	3.60774338147356	6.05892328552624
7	WGN26	5.3333333335	0.624524931897929	961	4.10774338147362	6.55892328552639
8	WGN26	5.49999999999991	0.624524931897918	961	4.27441004797354	6.72558995202628
9	WGN26	3.18711018677497	0.883441123765553	961	1.45341388548636	4.92080648806358
10	WGN26	4.83333333299997	0.624524931897923	961	3.60774338097359	6.05892328502634
11	WGN26	5.33333333349993	0.624524931897913	961	4.10774338147357	6.55892328552628
12	WGN26	4.33333333299995	0.624524931897928	961	3.10774338097356	5.55892328502633
13	WGN26	5.50000000000002	0.624524931897932	961	4.27441004797362	6.72558995202641
14	WGN26	4.83333333349996	0.624524931897921	961	3.60774338147359	6.05892328552633
15	WGN26	4.16666666699998	0.624524931897919	961	2.94107671497362	5.39225661902635
17	WGN26	5.49999999999997	0.624524931897923	961	4.2744100479736	6.72558995202635
18	WGN26	5.6666666665	0.624524931897923	961	4.44107671447362	6.89225661852638
19	WGN26	5.99999999999998	0.624524931897928	961	4.7744100479736	7.22558995202636
20	WGN26	3.18711018677496	0.883441123765566	961	1.45341388548633	4.9208064880636
21	WGN26	4.49999999999999	0.624524931897932	961	3.2744100479736	5.72558995202638
22	WGN26	5.333333333	0.624524931897928	961	4.10774338097362	6.55892328502639
23	WGN26	4.85377685377493	0.883441123765557	961	3.12008055248631	6.58747315506355
24	WGN26	6.18711018677497	0.883441123765559	961	4.45341388548634	7.92080648806359
25	WGN26	4.16666666650001	0.624524931897928	961	2.94107671447363	5.3922566185264
26	WGN26	5.52044352077493	0.883441123765554	961	3.78674721948631	7.25413982206354
27	WGN26	3.33333333349997	0.624524931897929	961	2.10774338147358	4.55892328552636
28	WGN26	5.666666667	0.624524931897925	961	4.44107671497362	6.89225661902638
29	WGN26	4.81288981322507	0.883441123765562	961	3.07919351193644	6.5465861145137
30	WGN26	4.47955647922507	0.883441123765569	961	2.74586017793642	6.21325278051371
31	WGN26	4.99999999999999	0.624524931897925	961	3.77441004797361	6.22558995202637
32	WGN26	2.1871101867749	0.883441123765561	961	0.453413885486271	3.92080648806352
33	WGN26	6.81288981322508	0.883441123765557	961	5.07919351193646	8.5465861145137
34	WGN26	5.00000000000002	0.624524931897928	961	3.77441004797363	6.2255899520264
35	WGN26	5.33333333300001	0.62452493189793	961	4.10774338097363	6.5589232850264
36	WGN26	5.16666666700002	0.624524931897933	961	3.94107671497363	6.39225661902642
38	WGN26	4.49999999999996	0.624524931897918	961	3.2744100479736	5.72558995202633
39	WGN26	5.66666666699995	0.624524931897922	961	4.44107671497358	6.89225661902632
40	WGN26	3.49999999999996	0.624524931897943	961	2.27441004797354	4.72558995202637
41	WGN26	3.49999999999999	0.624524931897913	961	2.27441004797364	4.72558995202635
42	WGN26	4.99999999999998	0.62452493189793	961	3.77441004797359	6.22558995202637
43	WGN26	4.16666666699997	0.624524931897928	961	2.94107671497358	5.39225661902635
44	WGN26	4.66666666649997	0.62452493189792	961	3.4410767144736	5.89225661852634
45	WGN26	6.66666666699994	0.624524931897922	961	5.44107671497356	7.89225661902631
46	WGN26	4.66666666649997	0.624524931897919	961	3.4410767144736	5.89225661852634
47	WGN26	5.18711018677493	0.883441123765554	961	3.45341388548632	6.92080648806354
48	WGN26	2.99999999999996	0.62452493189792	961	1.77441004797359	4.22558995202633
49	WGN26	4.52044352077494	0.883441123765551	961	2.78674721948633	6.25413982206355
50	WGN26	5.66666666700002	0.624524931897931	961	4.44107671497363	6.89225661902641
51	WGN26	4.16666666649998	0.624524931897925	961	2.9410767144736	5.39225661852636
52	WGN26	4.83333333299998	0.62452493189793	961	3.60774338097359	6.05892328502637
53	WGN26	4.49999999999996	0.624524931897919	961	3.2744100479736	5.72558995202633
54	WGN26	5	0.624524931897928	961	3.77441004797361	6.22558995202638
55	WGN26	4.16666666699998	0.624524931897923	961	2.94107671497361	5.39225661902636
56	WGN26	4.49999999999996	0.624524931897922	961	3.27441004797358	5.72558995202633
57	WGN26	4.1666666665	0.624524931897924	961	2.94107671447362	5.39225661852638
58	WGN26	5.6666666665	0.624524931897926	961	4.44107671447362	6.89225661852638
59	WGN26	3.81288981322503	0.88344112376555	961	2.07919351193643	5.54658611451364
60	WGN26	3.33333333349999	0.624524931897921	961	2.10774338147362	4.55892328552636
61	WGN26	5.18711018677494	0.883441123765557	961	3.45341388548632	6.92080648806356
62	WGN26	6.52044352077492	0.883441123765562	961	4.78674721948629	8.25413982206355
64	WGN26	5.99999999999992	0.624524931897915	961	4.77441004797356	7.22558995202628
65	WGN26	4.47955647922504	0.883441123765556	961	2.74586017793642	6.21325278051365
66	WGN26	5	0.624524931897921	961	3.77441004797362	6.22558995202637
67	WGN26	3.16666666650002	0.624524931897926	961	1.94107671447364	4.39225661852641
68	WGN26	3.66666666650002	0.624524931897927	961	2.44107671447364	4.8922566185264
69	WGN26	5.66666666650001	0.62452493189793	961	4.44107671447362	6.8922566185264
70	WGN26	5.14622314622505	0.883441123765548	961	3.41252684493645	6.87991944751365
71	WGN26	3.83333333349998	0.624524931897921	961	2.60774338147361	5.05892328552635
72	WGN26	5.00000000000001	0.624524931897932	961	3.77441004797362	6.2255899520264
73	WGN26	5.66666666649993	0.624524931897917	961	4.44107671447357	6.89225661852629
74	WGN26	5.33333333349997	0.624524931897922	961	4.10774338147359	6.55892328552634
75	WGN26	5.16666666649999	0.624524931897927	961	3.9410767144736	6.39225661852637
76	WGN26	3.52044352077493	0.883441123765534	961	1.78674721948635	5.2541398220635
77	WGN26	2.83333333299997	0.624524931897921	961	1.6077433809736	4.05892328502634
78	WGN26	5.18711018677502	0.883441123765578	961	3.45341388548636	6.92080648806368
79	WGN26	4	0.624524931897922	961	2.77441004797362	5.22558995202637
80	WGN26	5.16666666699999	0.624524931897926	961	3.94107671497361	6.39225661902637
81	WGN26	4.85377685377491	0.883441123765539	961	3.12008055248633	6.5874731550635
82	WGN26	4.52044352077493	0.88344112376555	961	2.78674721948632	6.25413982206354
83	WGN26	4.83333333300002	0.624524931897935	961	3.60774338097362	6.05892328502642
85	WGN26	5.18711018677494	0.883441123765549	961	3.45341388548633	6.92080648806354
86	WGN26	4.18711018677494	0.883441123765556	961	2.45341388548632	5.92080648806356
87	WGN26	3.99999999999998	0.624524931897926	961	2.7744100479736	5.22558995202636
88	WGN26	4.00000000000001	0.624524931897929	961	2.77441004797362	5.22558995202639
89	WGN26	6.33333333349999	0.624524931897928	961	5.10774338147361	7.55892328552638
90	WGN26	3.49999999999997	0.624524931897918	961	2.27441004797361	4.72558995202633
91	WGN26	4.49999999999998	0.624524931897924	961	3.2744100479736	5.72558995202636
92	WGN26	3.49999999999999	0.624524931897931	961	2.2744100479736	4.72558995202638
93	WGN26	4.5	0.624524931897929	961	3.27441004797361	5.72558995202638
94	WGN26	3.16666666699998	0.624524931897926	961	1.94107671497359	4.39225661902636
95	WGN26	4.66666666649999	0.624524931897925	961	3.44107671447361	5.89225661852636
96	WGN26	6.18711018677492	0.883441123765548	961	4.45341388548632	7.92080648806353
97	WGN26	4.33333333349998	0.624524931897921	961	3.1077433814736	5.55892328552635
98	WGN26	5.33333333350001	0.624524931897925	961	4.10774338147363	6.55892328552639
99	WGN26	5.16666666649997	0.624524931897927	961	3.94107671447359	6.39225661852636
100	WGN26	5.6666666665	0.62452493189793	961	4.44107671447361	6.89225661852639
101	WGN26	3.83333333349999	0.624524931897924	961	2.60774338147361	5.05892328552636
102	WGN26	5.52044352077487	0.883441123765541	961	3.78674721948629	7.25413982206346
103	WGN26	4.47955647922505	0.883441123765565	961	2.74586017793641	6.21325278051368
104	WGN26	5.16666666649996	0.62452493189792	961	3.94107671447359	6.39225661852633
105	WGN26	5.66666666649997	0.624524931897922	961	4.4410767144736	6.89225661852635
106	WGN26	4.47955647922503	0.883441123765546	961	2.74586017793643	6.21325278051363
108	WGN26	4.18711018677492	0.883441123765568	961	2.45341388548628	5.92080648806356
109	WGN26	5.3333333335	0.624524931897925	961	4.10774338147362	6.55892328552638
111	WGN26	5.33333333349999	0.624524931897925	961	4.10774338147361	6.55892328552637
112	WGN26	5.99999999999997	0.624524931897925	961	4.7744100479736	7.22558995202635
113	WGN26	2.99999999999998	0.624524931897918	961	1.77441004797362	4.22558995202635
114	WGN26	5.16666666649997	0.62452493189792	961	3.9410767144736	6.39225661852634
115	WGN26	5.8333333335	0.624524931897927	961	4.60774338147362	7.05892328552638
116	WGN26	4.81288981322506	0.88344112376556	961	3.07919351193643	6.54658611451368
117	WGN26	3.812889813225	0.883441123765559	961	2.07919351193638	5.54658611451362
118	WGN26	5.99999999999995	0.624524931897923	961	4.77441004797358	7.22558995202633
119	WGN26	4.33333333349998	0.624524931897924	961	3.1077433814736	5.55892328552636
120	WGN26	3.66666666699999	0.624524931897928	961	2.44107671497361	4.89225661902637
121	WGN26	4.1666666665	0.624524931897924	961	2.94107671447362	5.39225661852638
122	WGN26	5.49999999999996	0.624524931897913	961	4.27441004797361	6.72558995202632
123	WGN26	4.52044352077495	0.883441123765546	961	2.78674721948636	6.25413982206355
125	WGN26	5.99999999999999	0.624524931897926	961	4.77441004797361	7.22558995202637
126	WGN26	5.14622314622506	0.883441123765559	961	3.41252684493644	6.87991944751369
127	WGN26	3.66666666649999	0.624524931897927	961	2.44107671447361	4.89225661852638
128	WGN26	3.81288981322508	0.883441123765559	961	2.07919351193646	5.5465861145137
129	WGN26	4.66666666700002	0.624524931897925	961	3.44107671497364	5.8922566190264
130	WGN26	5.50000000000001	0.624524931897929	961	4.27441004797363	6.7255899520264
1	WGN36	6.47955647922432	0.88344112376551	961	4.7458601779358	8.21325278051285
2	WGN36	4.99999999999989	0.624524931897934	961	3.77441004797349	6.22558995202629
4	WGN36	5.49999999999996	0.624524931897928	961	4.27441004797357	6.72558995202634
5	WGN36	3.83333333299996	0.624524931897926	961	2.60774338097358	5.05892328502634
6	WGN36	5.16666666649987	0.624524931897941	961	3.94107671447346	6.39225661852628
7	WGN36	4.47955647922499	0.883441123765545	961	2.74586017793639	6.21325278051359
8	WGN36	4.83333333299993	0.624524931897926	961	3.60774338097355	6.05892328502631
9	WGN36	4.1871101867749	0.88344112376555	961	2.4534138854863	5.92080648806351
10	WGN36	4.83333333349991	0.624524931897934	961	3.60774338147351	6.0589232855263
11	WGN36	3.85377685377486	0.883441123765559	961	2.12008055248624	5.58747315506349
12	WGN36	4.16666666700001	0.624524931897914	961	2.94107671497365	5.39225661902637
13	WGN36	5.99999999999989	0.624524931897938	961	4.77441004797349	7.2255899520263
14	WGN36	3.66666666700004	0.624524931897917	961	2.44107671497367	4.8922566190264
15	WGN36	2.99999999999997	0.624524931897923	961	1.7744100479736	4.22558995202635
16	WGN36	4.99999999999994	0.624524931897924	961	3.77441004797356	6.22558995202631
17	WGN36	5.83333333299993	0.624524931897934	961	4.60774338097353	7.05892328502632
18	WGN36	5.52044352077487	0.883441123765567	961	3.78674721948623	7.2541398220635
19	WGN36	4.18711018677488	0.883441123765557	961	2.45341388548626	5.9208064880635
20	WGN36	5.16666666650002	0.624524931897915	961	3.94107671447366	6.39225661852638
21	WGN36	4.83333333299997	0.624524931897919	961	3.60774338097361	6.05892328502634
22	WGN36	5.49999999999996	0.624524931897923	961	4.27441004797358	6.72558995202633
23	WGN36	4.33333333349997	0.624524931897921	961	3.1077433814736	5.55892328552634
24	WGN36	4.49999999999994	0.624524931897929	961	3.27441004797355	5.72558995202633
26	WGN36	4.50000000000001	0.624524931897925	961	3.27441004797363	5.72558995202639
27	WGN36	5.33333333349995	0.624524931897925	961	4.10774338147357	6.55892328552633
28	WGN36	4.49999999999998	0.624524931897917	961	3.27441004797362	5.72558995202635
30	WGN36	5.6666666669999	0.62452493189793	961	4.44107671497351	6.89225661902629
31	WGN36	3.99999999999989	0.624524931897931	961	2.7744100479735	5.22558995202628
33	WGN36	3.66666666699991	0.624524931897927	961	2.44107671497353	4.89225661902629
34	WGN36	6.49999999999992	0.624524931897917	961	5.27441004797356	7.72558995202628
35	WGN36	4.16666666699998	0.624524931897924	961	2.9410767149736	5.39225661902635
36	WGN36	4.99999999999994	0.624524931897929	961	3.77441004797356	6.22558995202633
37	WGN36	6.146223146225	0.883441123765549	961	4.4125268449364	7.87991944751361
38	WGN36	4.81288981322499	0.883441123765556	961	3.07919351193638	6.54658611451361
39	WGN36	5.83333333349993	0.624524931897934	961	4.60774338147354	7.05892328552633
40	WGN36	4.83333333349998	0.624524931897917	961	3.60774338147361	6.05892328552634
41	WGN36	5.83333333299993	0.624524931897914	961	4.60774338097358	7.05892328502629
42	WGN36	6.83333333299992	0.624524931897932	961	5.60774338097353	8.05892328502631
43	WGN36	5.99999999999995	0.62452493189792	961	4.77441004797358	7.22558995202632
44	WGN36	3.83333333349993	0.624524931897926	961	2.60774338147355	5.05892328552631
45	WGN36	5.66666666649995	0.624524931897923	961	4.44107671447357	6.89225661852632
46	WGN36	4.16666666649988	0.62452493189793	961	2.9410767144735	5.39225661852627
47	WGN36	4.3333333335	0.624524931897916	961	3.10774338147364	5.55892328552636
48	WGN36	4.166666667	0.624524931897922	961	2.94107671497363	5.39225661902637
49	WGN36	4.66666666649996	0.624524931897921	961	3.44107671447359	5.89225661852633
51	WGN36	3.66666666649987	0.624524931897933	961	2.44107671447348	4.89225661852627
52	WGN36	4.66666666649995	0.624524931897922	961	3.44107671447358	5.89225661852633
53	WGN36	5.16666666699994	0.624524931897924	961	3.94107671497356	6.39225661902632
54	WGN36	6.16666666649995	0.62452493189792	961	4.94107671447358	7.39225661852632
55	WGN36	6.16666666649995	0.624524931897925	961	4.94107671447358	7.39225661852633
56	WGN36	4.16666666649992	0.624524931897925	961	2.94107671447354	5.3922566185263
57	WGN36	5.83333333349992	0.624524931897928	961	4.60774338147354	7.05892328552631
58	WGN36	4.33333333349994	0.624524931897926	961	3.10774338147356	5.55892328552632
59	WGN36	5.99999999999995	0.62452493189793	961	4.77441004797356	7.22558995202634
60	WGN36	5.83333333299996	0.624524931897919	961	4.60774338097359	7.05892328502633
62	WGN36	4.99999999999996	0.624524931897921	961	3.77441004797359	6.22558995202634
64	WGN36	4.16666666699994	0.624524931897924	961	2.94107671497356	5.39225661902631
65	WGN36	3.83333333349995	0.624524931897926	961	2.60774338147357	5.05892328552633
66	WGN36	5.66666666649993	0.624524931897925	961	4.44107671447355	6.89225661852631
68	WGN36	4.18711018677488	0.883441123765555	961	2.45341388548627	5.9208064880635
69	WGN36	5.52044352077491	0.883441123765555	961	3.78674721948629	7.25413982206352
70	WGN36	8.18711018677488	0.883441123765559	961	6.45341388548625	9.9208064880635
71	WGN36	3.66666666649992	0.624524931897929	961	2.44107671447354	4.89225661852631
72	WGN36	4.33333333349999	0.624524931897918	961	3.10774338147362	5.55892328552635
74	WGN36	4.33333333299993	0.624524931897927	961	3.10774338097355	5.55892328502632
75	WGN36	4.18711018677486	0.883441123765555	961	2.45341388548624	5.92080648806347
76	WGN36	4.83333333299991	0.624524931897928	961	3.60774338097353	6.0589232850263
77	WGN36	4.83333333349991	0.624524931897925	961	3.60774338147353	6.05892328552629
78	WGN36	4.99999999999992	0.62452493189793	961	3.77441004797353	6.22558995202631
79	WGN36	5.99999999999996	0.624524931897926	961	4.77441004797358	7.22558995202634
80	WGN36	6.479556479225	0.883441123765555	961	4.74586017793638	8.21325278051361
81	WGN36	5.33333333299995	0.624524931897924	961	4.10774338097357	6.55892328502632
82	WGN36	3.99999999999992	0.624524931897928	961	2.77441004797354	5.22558995202631
83	WGN36	5.85377685377487	0.883441123765554	961	4.12008055248626	7.58747315506348
84	WGN36	4.66666666699994	0.624524931897924	961	3.44107671497356	5.89225661902632
85	WGN36	4.33333333349995	0.624524931897924	961	3.10774338147357	5.55892328552633
86	WGN36	3.99999999999995	0.624524931897925	961	2.77441004797357	5.22558995202633
87	WGN36	3.99999999999993	0.624524931897929	961	2.77441004797354	5.22558995202631
88	WGN36	5.33333333349995	0.624524931897924	961	4.10774338147357	6.55892328552632
89	WGN36	4.33333333349994	0.624524931897927	961	3.10774338147356	5.55892328552633
90	WGN36	5.16666666649994	0.624524931897929	961	3.94107671447355	6.39225661852632
92	WGN36	4.49999999999994	0.624524931897928	961	3.27441004797356	5.72558995202633
93	WGN36	5.85377685377489	0.883441123765554	961	4.12008055248627	7.5874731550635
94	WGN36	5.66666666649994	0.624524931897928	961	4.44107671447356	6.89225661852633
95	WGN36	4.49999999999992	0.62452493189793	961	3.27441004797354	5.72558995202631
96	WGN36	4.16666666649995	0.624524931897926	961	2.94107671447357	5.39225661852633
97	WGN36	4.99999999999994	0.624524931897925	961	3.77441004797356	6.22558995202631
98	WGN36	5.83333333349994	0.624524931897927	961	4.60774338147356	7.05892328552632
99	WGN36	2.99999999999992	0.62452493189793	961	1.77441004797353	4.22558995202631
100	WGN36	4.99999999999995	0.624524931897929	961	3.77441004797357	6.22558995202634
102	WGN36	5.14622314622499	0.883441123765553	961	3.41252684493638	6.8799194475136
104	WGN36	3.33333333349993	0.624524931897929	961	2.10774338147354	4.55892328552632
105	WGN36	3.85377685377489	0.883441123765556	961	2.12008055248627	5.58747315506351
106	WGN36	4.66666666649995	0.624524931897925	961	3.44107671447357	5.89225661852633
107	WGN36	4.33333333349992	0.624524931897932	961	3.10774338147353	5.55892328552631
108	WGN36	5.85377685377489	0.883441123765558	961	4.12008055248627	7.58747315506351
109	WGN36	5.16666666649994	0.624524931897924	961	3.94107671447356	6.39225661852632
110	WGN36	5.49999999999994	0.624524931897923	961	4.27441004797357	6.72558995202631
112	WGN36	4.99999999999993	0.624524931897925	961	3.77441004797355	6.2255899520263
114	WGN36	4.16666666699994	0.624524931897924	961	2.94107671497356	5.39225661902632
116	WGN36	3.81288981322499	0.883441123765553	961	2.07919351193638	5.5465861145136
117	WGN36	4.83333333299994	0.624524931897927	961	3.60774338097356	6.05892328502632
118	WGN36	5.83333333299994	0.624524931897923	961	4.60774338097357	7.05892328502632
119	WGN36	5.52044352077489	0.883441123765552	961	3.78674721948628	7.2541398220635
120	WGN36	5.33333333349994	0.624524931897925	961	4.10774338147356	6.55892328552632
121	WGN36	5.33333333349993	0.624524931897923	961	4.10774338147356	6.55892328552631
122	WGN36	5.49999999999993	0.62452493189793	961	4.27441004797354	6.72558995202631
123	WGN36	4.66666666699993	0.624524931897925	961	3.44107671497355	5.89225661902631
124	WGN36	5.49999999999994	0.624524931897926	961	4.27441004797355	6.72558995202632
125	WGN36	5.33333333299993	0.624524931897925	961	4.10774338097355	6.55892328502631
126	WGN36	5.16666666649993	0.624524931897924	961	3.94107671447355	6.3922566185263
127	WGN36	5.33333333299993	0.624524931897923	961	4.10774338097356	6.55892328502631
128	WGN36	5.1871101867749	0.883441123765554	961	3.45341388548628	6.92080648806351
129	WGN36	8.146223146225	0.883441123765555	961	6.41252684493639	9.87991944751362
130	WGN36	4.33333333349994	0.624524931897926	961	3.10774338147356	5.55892328552632
1	WGN38	5.66666666649975	0.624524931897898	961	4.44107671447342	6.89225661852608
2	WGN38	4	0.624524931897922	961	2.77441004797363	5.22558995202637
3	WGN38	4.85377685377488	0.88344112376557	961	3.12008055248624	6.58747315506353
4	WGN38	5.49999999999996	0.624524931897924	961	4.27441004797358	6.72558995202634
5	WGN38	5.16666666699996	0.624524931897924	961	3.94107671497359	6.39225661902634
6	WGN38	6.16666666699999	0.624524931897925	961	4.94107671497362	7.39225661902637
7	WGN38	4.00000000000004	0.624524931897917	961	2.77441004797367	5.2255899520264
8	WGN38	4.99999999999999	0.624524931897933	961	3.77441004797359	6.22558995202638
10	WGN38	4.66666666649999	0.624524931897921	961	3.44107671447362	5.89225661852636
11	WGN38	4.85377685377492	0.88344112376556	961	3.12008055248629	6.58747315506355
12	WGN38	4.99999999999997	0.624524931897923	961	3.77441004797359	6.22558995202634
13	WGN38	6.16666666699997	0.624524931897923	961	4.94107671497359	7.39225661902634
14	WGN38	4.52044352077484	0.883441123765569	961	2.7867472194862	6.25413982206348
16	WGN38	5.49999999999998	0.62452493189793	961	4.27441004797359	6.72558995202637
18	WGN38	5.3333333335	0.624524931897922	961	4.10774338147363	6.55892328552637
19	WGN38	5.83333333349997	0.62452493189793	961	4.60774338147359	7.05892328552636
20	WGN38	5.18711018677495	0.883441123765546	961	3.45341388548635	6.92080648806355
21	WGN38	5.49999999999998	0.624524931897927	961	4.2744100479736	6.72558995202636
22	WGN38	4.66666666649996	0.624524931897929	961	3.44107671447358	5.89225661852635
23	WGN38	4.49999999999997	0.624524931897929	961	3.27441004797358	5.72558995202635
24	WGN38	6.66666666649997	0.624524931897927	961	5.44107671447359	7.89225661852635
26	WGN38	4.99999999999998	0.624524931897922	961	3.77441004797361	6.22558995202636
27	WGN38	5.99999999999997	0.624524931897922	961	4.7744100479736	7.22558995202635
28	WGN38	4.83333333349996	0.624524931897929	961	3.60774338147357	6.05892328552635
29	WGN38	5.49999999999998	0.624524931897926	961	4.27441004797359	6.72558995202636
30	WGN38	7.16666666649999	0.624524931897928	961	5.9410767144736	8.39225661852638
32	WGN38	5.33333333349998	0.624524931897916	961	4.10774338147362	6.55892328552634
33	WGN38	5.99999999999997	0.624524931897928	961	4.77441004797359	7.22558995202636
34	WGN38	5.33333333299999	0.624524931897919	961	4.10774338097362	6.55892328502636
35	WGN38	5.16666666649995	0.624524931897933	961	3.94107671447356	6.39225661852635
36	WGN38	5.33333333349997	0.624524931897919	961	4.1077433814736	6.55892328552634
37	WGN38	5.49999999999997	0.624524931897926	961	4.27441004797359	6.72558995202635
38	WGN38	4.99999999999996	0.624524931897921	961	3.77441004797359	6.22558995202633
39	WGN38	4.99999999999996	0.62452493189793	961	3.77441004797358	6.22558995202635
40	WGN38	4.99999999999996	0.624524931897926	961	3.77441004797358	6.22558995202634
41	WGN38	3.812889813225	0.883441123765555	961	2.07919351193639	5.54658611451362
42	WGN38	4.83333333299998	0.624524931897921	961	3.60774338097361	6.05892328502635
45	WGN38	4.66666666650001	0.624524931897917	961	3.44107671447364	5.89225661852637
46	WGN38	4.00000000000001	0.624524931897918	961	2.77441004797365	5.22558995202638
47	WGN38	5.16666666649995	0.624524931897936	961	3.94107671447355	6.39225661852635
48	WGN38	6.16666666649997	0.624524931897922	961	4.94107671447359	7.39225661852634
49	WGN38	2.52044352077485	0.883441123765563	961	0.786747219486221	4.25413982206348
50	WGN38	4.83333333349995	0.624524931897933	961	3.60774338147356	6.05892328552635
51	WGN38	4.18711018677494	0.883441123765549	961	2.45341388548633	5.92080648806354
52	WGN38	3.99999999999996	0.624524931897929	961	2.77441004797357	5.22558995202635
53	WGN38	6.99999999999995	0.624524931897923	961	5.77441004797358	8.22558995202633
54	WGN38	5.83333333299996	0.624524931897921	961	4.60774338097359	7.05892328502633
55	WGN38	2.853776853775	0.883441123765538	961	1.12008055248642	4.58747315506358
56	WGN38	5.16666666649997	0.624524931897924	961	3.94107671447359	6.39225661852635
59	WGN38	5.33333333349997	0.624524931897919	961	4.10774338147361	6.55892328552634
61	WGN38	4.49999999999997	0.624524931897919	961	3.2744100479736	5.72558995202633
63	WGN38	4.00000000000001	0.624524931897919	961	2.77441004797364	5.22558995202638
64	WGN38	5.16666666649996	0.624524931897925	961	3.94107671447358	6.39225661852634
65	WGN38	6.47955647922504	0.883441123765557	961	4.74586017793642	8.21325278051366
66	WGN38	4.52044352077493	0.88344112376555	961	2.78674721948632	6.25413982206353
67	WGN38	5.33333333299997	0.624524931897924	961	4.10774338097359	6.55892328502634
68	WGN38	3.99999999999997	0.624524931897926	961	2.77441004797359	5.22558995202636
69	WGN38	5.99999999999997	0.624524931897926	961	4.77441004797359	7.22558995202636
70	WGN38	3.85377685377491	0.883441123765557	961	2.12008055248629	5.58747315506353
72	WGN38	5.49999999999999	0.62452493189792	961	4.27441004797362	6.72558995202636
73	WGN38	4.83333333299997	0.624524931897923	961	3.6077433809736	6.05892328502635
74	WGN38	4.33333333349997	0.624524931897929	961	3.10774338147358	5.55892328552635
76	WGN38	3.99999999999999	0.624524931897924	961	2.77441004797361	5.22558995202636
77	WGN38	5.49999999999996	0.624524931897923	961	4.27441004797359	6.72558995202634
78	WGN38	4.33333333299996	0.624524931897927	961	3.10774338097358	5.55892328502635
80	WGN38	4.33333333349996	0.624524931897927	961	3.10774338147358	5.55892328552635
81	WGN38	6.66666666649998	0.624524931897929	961	5.4410767144736	7.89225661852637
82	WGN38	4.49999999999997	0.624524931897926	961	3.27441004797359	5.72558995202635
83	WGN38	5.66666666699998	0.624524931897928	961	4.4410767149736	6.89225661902637
84	WGN38	3.66666666649997	0.624524931897926	961	2.44107671447359	4.89225661852636
85	WGN38	4.52044352077492	0.883441123765555	961	2.78674721948631	6.25413982206354
86	WGN38	5.49999999999998	0.624524931897924	961	4.2744100479736	6.72558995202636
87	WGN38	5.33333333349998	0.624524931897924	961	4.1077433814736	6.55892328552635
88	WGN38	4.16666666649997	0.624524931897927	961	2.94107671447359	5.39225661852635
89	WGN38	4.66666666699997	0.624524931897925	961	3.44107671497359	5.89225661902635
90	WGN38	5.16666666649996	0.624524931897931	961	3.94107671447357	6.39225661852635
91	WGN38	5.33333333349998	0.624524931897927	961	4.1077433814736	6.55892328552636
92	WGN38	4.83333333349997	0.624524931897925	961	3.60774338147359	6.05892328552635
93	WGN38	7.52044352077491	0.883441123765549	961	5.78674721948631	9.25413982206351
94	WGN38	5.16666666649997	0.624524931897925	961	3.9410767144736	6.39225661852635
95	WGN38	4.66666666649998	0.624524931897925	961	3.4410767144736	5.89225661852636
96	WGN38	6.16666666649998	0.624524931897931	961	4.94107671447359	7.39225661852637
97	WGN38	7.18711018677492	0.883441123765552	961	5.45341388548631	8.92080648806353
98	WGN38	4.33333333349997	0.624524931897926	961	3.10774338147359	5.55892328552635
99	WGN38	5.66666666699997	0.624524931897928	961	4.44107671497359	6.89225661902636
100	WGN38	5.33333333349998	0.624524931897924	961	4.1077433814736	6.55892328552635
101	WGN38	4.16666666699998	0.624524931897925	961	2.9410767149736	5.39225661902636
102	WGN38	6.16666666699997	0.624524931897926	961	4.94107671497359	7.39225661902635
103	WGN38	4.83333333349998	0.624524931897925	961	3.6077433814736	6.05892328552636
104	WGN38	5.18711018677493	0.883441123765551	961	3.45341388548632	6.92080648806354
106	WGN38	4.66666666699997	0.624524931897926	961	3.44107671497359	5.89225661902635
107	WGN38	5.49999999999997	0.624524931897928	961	4.27441004797359	6.72558995202636
108	WGN38	4.99999999999997	0.624524931897926	961	3.77441004797359	6.22558995202635
109	WGN38	4.33333333299997	0.624524931897927	961	3.10774338097358	5.55892328502635
110	WGN38	5.83333333349998	0.624524931897928	961	4.6077433814736	7.05892328552637
111	WGN38	3.83333333349997	0.624524931897926	961	2.60774338147359	5.05892328552635
113	WGN38	5.16666666649997	0.624524931897926	961	3.94107671447359	6.39225661852635
114	WGN38	5.16666666699997	0.624524931897926	961	3.94107671497359	6.39225661902635
115	WGN38	4.99999999999997	0.624524931897927	961	3.77441004797359	6.22558995202635
1	WGN39	5.83333333300003	0.624524931897956	961	4.60774338097359	7.05892328502647
2	WGN39	5.16666666650006	0.624524931897925	961	3.94107671447368	6.39225661852644
3	WGN39	3.83333333350007	0.624524931897925	961	2.60774338147369	5.05892328552645
4	WGN39	5.16666666650009	0.624524931897915	961	3.94107671447373	6.39225661852645
5	WGN39	6.83333333350002	0.624524931897919	961	5.60774338147366	8.05892328552639
6	WGN39	5.50000000000003	0.624524931897938	961	4.27441004797362	6.72558995202643
7	WGN39	4.83333333350004	0.624524931897929	961	3.60774338147365	6.05892328552643
8	WGN39	5.52044352077501	0.883441123765554	961	3.7867472194864	7.25413982206362
9	WGN39	5.33333333350007	0.624524931897918	961	4.10774338147371	6.55892328552644
10	WGN39	5.50000000000001	0.624524931897934	961	4.27441004797361	6.7255899520264
11	WGN39	3.33333333350003	0.624524931897932	961	2.10774338147364	4.55892328552642
12	WGN39	4.66666666700005	0.62452493189793	961	3.44107671497366	5.89225661902644
13	WGN39	5.66666666650007	0.624524931897936	961	4.44107671447367	6.89225661852647
14	WGN39	4.33333333300001	0.624524931897931	961	3.10774338097362	5.5589232850264
15	WGN39	5.33333333350006	0.624524931897933	961	4.10774338147367	6.55892328552646
16	WGN39	4.33333333350006	0.624524931897929	961	3.10774338147368	5.55892328552645
17	WGN39	4.66666666650008	0.624524931897919	961	3.44107671447371	5.89225661852645
18	WGN39	4.50000000000006	0.624524931897926	961	3.27441004797368	5.72558995202644
19	WGN39	4.85377685377502	0.883441123765556	961	3.1200805524864	6.58747315506363
20	WGN39	4.52044352077504	0.88344112376555	961	2.78674721948643	6.25413982206364
21	WGN39	6.00000000000007	0.624524931897921	961	4.77441004797369	7.22558995202644
22	WGN39	5.16666666650007	0.62452493189792	961	3.9410767144737	6.39225661852644
24	WGN39	5.66666666700006	0.62452493189792	961	4.44107671497369	6.89225661902642
25	WGN39	5.33333333350004	0.624524931897932	961	4.10774338147365	6.55892328552644
26	WGN39	5.52044352077502	0.883441123765548	961	3.78674721948642	7.25413982206362
27	WGN39	3.52044352077507	0.883441123765541	961	1.78674721948648	5.25413982206366
28	WGN39	2.16666666650009	0.624524931897921	961	0.941076714473718	3.39225661852646
29	WGN39	4.16666666700001	0.624524931897932	961	2.94107671497362	5.39225661902641
30	WGN39	4.50000000000006	0.624524931897927	961	3.27441004797368	5.72558995202644
31	WGN39	4.66666666650008	0.624524931897921	961	3.4410767144737	5.89225661852645
32	WGN39	5.66666666650005	0.62452493189792	961	4.44107671447368	6.89225661852641
34	WGN39	5.00000000000006	0.624524931897932	961	3.77441004797367	6.22558995202646
35	WGN39	3.33333333300009	0.624524931897924	961	2.10774338097371	4.55892328502646
36	WGN39	4.66666666700007	0.624524931897928	961	3.44107671497369	5.89225661902646
37	WGN39	3.16666666650007	0.624524931897927	961	1.94107671447369	4.39225661852646
38	WGN39	3.18711018677498	0.883441123765569	961	1.45341388548634	4.92080648806362
39	WGN39	5.33333333350006	0.62452493189793	961	4.10774338147367	6.55892328552645
40	WGN39	6.00000000000008	0.62452493189793	961	4.77441004797369	7.22558995202647
41	WGN39	4.16666666650011	0.624524931897919	961	2.94107671447374	5.39225661852648
42	WGN39	4.66666666650006	0.624524931897925	961	3.44107671447368	5.89225661852644
43	WGN39	5.50000000000006	0.624524931897928	961	4.27441004797367	6.72558995202644
44	WGN39	5.16666666650005	0.624524931897929	961	3.94107671447367	6.39225661852644
45	WGN39	4.50000000000003	0.624524931897926	961	3.27441004797365	5.72558995202642
46	WGN39	4.47955647922509	0.883441123765555	961	2.74586017793648	6.21325278051371
47	WGN39	5.00000000000006	0.624524931897926	961	3.77441004797368	6.22558995202644
48	WGN39	6.853776853775	0.883441123765552	961	5.12008055248639	8.58747315506361
49	WGN39	4.50000000000003	0.62452493189793	961	3.27441004797364	5.72558995202642
50	WGN39	3.520443520775	0.883441123765563	961	1.78674721948637	5.25413982206363
51	WGN39	4.00000000000007	0.624524931897925	961	2.77441004797369	5.22558995202645
52	WGN39	5.66666666650005	0.624524931897926	961	4.44107671447367	6.89225661852643
53	WGN39	3.83333333350006	0.624524931897924	961	2.60774338147368	5.05892328552644
54	WGN39	5.00000000000008	0.62452493189792	961	3.77441004797371	6.22558995202645
55	WGN39	4.33333333350009	0.624524931897921	961	3.10774338147372	5.55892328552646
56	WGN39	5.18711018677503	0.883441123765554	961	3.45341388548642	6.92080648806365
57	WGN39	3.85377685377505	0.883441123765546	961	2.12008055248645	5.58747315506365
58	WGN39	4.66666666700006	0.624524931897927	961	3.44107671497368	5.89225661902644
59	WGN39	5.16666666700004	0.624524931897918	961	3.94107671497368	6.39225661902641
60	WGN39	3.33333333300005	0.624524931897926	961	2.10774338097367	4.55892328502643
61	WGN39	4.50000000000011	0.62452493189792	961	3.27441004797374	5.72558995202648
62	WGN39	4.5000000000001	0.624524931897918	961	3.27441004797374	5.72558995202647
63	WGN39	5.66666666700007	0.624524931897922	961	4.44107671497369	6.89225661902644
64	WGN39	5.33333333350007	0.624524931897925	961	4.10774338147369	6.55892328552645
65	WGN39	3.50000000000004	0.624524931897927	961	2.27441004797366	4.72558995202643
66	WGN39	5.50000000000004	0.624524931897922	961	4.27441004797367	6.72558995202642
67	WGN39	6.16666666700005	0.624524931897925	961	4.94107671497367	7.39225661902643
68	WGN39	4.14622314622509	0.883441123765558	961	2.41252684493647	5.87991944751371
69	WGN39	6.00000000000006	0.624524931897926	961	4.77441004797367	7.22558995202644
70	WGN39	8.47955647922511	0.883441123765552	961	6.7458601779365	10.2132527805137
71	WGN39	4.33333333350006	0.624524931897924	961	3.10774338147369	5.55892328552644
72	WGN39	3.83333333300008	0.624524931897922	961	2.6077433809737	5.05892328502645
73	WGN39	4.33333333300005	0.624524931897927	961	3.10774338097366	5.55892328502643
74	WGN39	5.187110186775	0.883441123765557	961	3.45341388548639	6.92080648806362
75	WGN39	4.50000000000006	0.624524931897926	961	3.27441004797367	5.72558995202644
76	WGN39	4.50000000000007	0.624524931897923	961	3.2744100479737	5.72558995202645
77	WGN39	3.83333333350004	0.624524931897926	961	2.60774338147366	5.05892328552642
78	WGN39	5.50000000000008	0.624524931897922	961	4.2744100479737	6.72558995202645
79	WGN39	5.66666666650006	0.624524931897925	961	4.44107671447368	6.89225661852644
80	WGN39	5.66666666650006	0.624524931897921	961	4.44107671447369	6.89225661852643
81	WGN39	5.83333333350005	0.624524931897924	961	4.60774338147367	7.05892328552643
82	WGN39	5.16666666650008	0.62452493189792	961	3.94107671447371	6.39225661852645
83	WGN39	3.66666666650004	0.624524931897928	961	2.44107671447365	4.89225661852642
84	WGN39	4.66666666650007	0.624524931897921	961	3.44107671447369	5.89225661852644
85	WGN39	7.50000000000006	0.624524931897923	961	6.27441004797369	8.72558995202644
86	WGN39	3.85377685377501	0.883441123765555	961	2.12008055248639	5.58747315506362
87	WGN39	4.66666666650006	0.624524931897926	961	3.44107671447368	5.89225661852644
89	WGN39	4.33333333350005	0.624524931897924	961	3.10774338147367	5.55892328552643
90	WGN39	4.50000000000006	0.624524931897925	961	3.27441004797368	5.72558995202644
91	WGN39	3.520443520775	0.883441123765558	961	1.78674721948638	5.25413982206362
92	WGN39	4.16666666700007	0.624524931897923	961	2.94107671497369	5.39225661902644
93	WGN39	3.83333333300005	0.624524931897926	961	2.60774338097367	5.05892328502643
94	WGN39	5.16666666650006	0.624524931897925	961	3.94107671447368	6.39225661852644
95	WGN39	4.33333333350006	0.624524931897924	961	3.10774338147369	5.55892328552644
96	WGN39	4.83333333350006	0.624524931897923	961	3.60774338147369	6.05892328552644
97	WGN39	4.00000000000006	0.624524931897925	961	2.77441004797368	5.22558995202644
98	WGN39	5.16666666650006	0.624524931897924	961	3.94107671447369	6.39225661852644
99	WGN39	2.33333333350006	0.624524931897925	961	1.10774338147368	3.55892328552644
100	WGN39	4.50000000000006	0.624524931897925	961	3.27441004797368	5.72558995202644
101	WGN39	5.66666666700006	0.624524931897923	961	4.44107671497368	6.89225661902644
102	WGN39	5.50000000000006	0.624524931897925	961	4.27441004797368	6.72558995202644
104	WGN39	6.33333333350006	0.624524931897923	961	5.10774338147368	7.55892328552643
106	WGN39	3.83333333350006	0.624524931897925	961	2.60774338147368	5.05892328552644
107	WGN39	5.187110186775	0.883441123765558	961	3.45341388548638	6.92080648806363
108	WGN39	5.16666666650006	0.624524931897926	961	3.94107671447368	6.39225661852644
109	WGN39	6.00000000000005	0.624524931897926	961	4.77441004797367	7.22558995202643
110	WGN39	5.16666666650006	0.624524931897925	961	3.94107671447368	6.39225661852644
111	WGN39	4.33333333350007	0.624524931897924	961	3.10774338147369	5.55892328552645
112	WGN39	5.50000000000006	0.624524931897924	961	4.27441004797369	6.72558995202644
113	WGN39	4.83333333350006	0.624524931897925	961	3.60774338147368	6.05892328552644
114	WGN39	3.85377685377501	0.883441123765555	961	2.12008055248639	5.58747315506362
115	WGN39	6.83333333350007	0.624524931897926	961	5.60774338147369	8.05892328552645
116	WGN39	4.66666666650006	0.624524931897926	961	3.44107671447368	5.89225661852644
117	WGN39	4.00000000000006	0.624524931897925	961	2.77441004797368	5.22558995202644
118	WGN39	4.66666666650006	0.624524931897926	961	3.44107671447367	5.89225661852644
120	WGN39	4.47955647922511	0.883441123765553	961	2.7458601779365	6.21325278051372
121	WGN39	4.16666666700007	0.624524931897925	961	2.94107671497369	5.39225661902644
122	WGN39	5.66666666700006	0.624524931897925	961	4.44107671497368	6.89225661902644
123	WGN39	3.83333333350006	0.624524931897925	961	2.60774338147368	5.05892328552644
124	WGN39	5.33333333300006	0.624524931897924	961	4.10774338097369	6.55892328502644
125	WGN39	4.50000000000007	0.624524931897923	961	3.27441004797369	5.72558995202644
126	WGN39	4.50000000000006	0.624524931897925	961	3.27441004797368	5.72558995202644
127	WGN39	6.33333333350006	0.624524931897925	961	5.10774338147368	7.55892328552644
128	WGN39	4.66666666650005	0.624524931897925	961	3.44107671447367	5.89225661852643
129	WGN39	3.8128898132251	0.883441123765554	961	2.07919351193649	5.54658611451372
130	WGN39	4.00000000000006	0.624524931897924	961	2.77441004797368	5.22558995202644
1	WGN45	3.66666666650008	0.624524931897899	961	2.44107671447375	4.8922566185264
2	WGN45	4.00000000000004	0.624524931897926	961	2.77441004797365	5.22558995202642
3	WGN45	4.14622314622512	0.883441123765555	961	2.4125268449365	5.87991944751373
4	WGN45	4.50000000000004	0.624524931897926	961	3.27441004797366	5.72558995202643
5	WGN45	5.33333333300004	0.624524931897926	961	4.10774338097366	6.55892328502642
6	WGN45	4.66666666700006	0.624524931897925	961	3.44107671497368	5.89225661902644
7	WGN45	5.33333333349998	0.624524931897917	961	4.10774338147362	6.55892328552634
8	WGN45	4.85377685377504	0.883441123765566	961	3.1200805524864	6.58747315506368
9	WGN45	4.16666666650003	0.624524931897924	961	2.94107671447366	5.39225661852641
10	WGN45	3.33333333350005	0.624524931897933	961	2.10774338147366	4.55892328552644
11	WGN45	4.00000000000003	0.624524931897912	961	2.77441004797368	5.22558995202638
12	WGN45	3.52044352077497	0.883441123765556	961	1.78674721948635	5.25413982206359
13	WGN45	4.66666666650003	0.624524931897924	961	3.44107671447365	5.8922566185264
14	WGN45	4.52044352077501	0.88344112376557	961	2.78674721948637	6.25413982206366
15	WGN45	3.52044352077502	0.883441123765561	961	1.78674721948639	5.25413982206365
16	WGN45	4.16666666700003	0.624524931897921	961	2.94107671497366	5.3922566190264
17	WGN45	3.50000000000005	0.624524931897923	961	2.27441004797368	4.72558995202643
18	WGN45	3.50000000000005	0.624524931897923	961	2.27441004797368	4.72558995202643
19	WGN45	4.18711018677501	0.883441123765553	961	2.4534138854864	5.92080648806362
20	WGN45	4.66666666700003	0.624524931897923	961	3.44107671497365	5.8922566190264
22	WGN45	4.83333333350003	0.624524931897925	961	3.60774338147365	6.05892328552641
23	WGN45	5.00000000000003	0.624524931897921	961	3.77441004797366	6.2255899520264
24	WGN45	4.00000000000005	0.624524931897927	961	2.77441004797366	5.22558995202643
25	WGN45	4.00000000000003	0.624524931897933	961	2.77441004797364	5.22558995202643
26	WGN45	5.00000000000003	0.624524931897919	961	3.77441004797366	6.22558995202639
28	WGN45	4.66666666650002	0.624524931897926	961	3.44107671447364	5.8922566185264
29	WGN45	4.16666666650003	0.624524931897921	961	2.94107671447366	5.3922566185264
31	WGN45	5.50000000000004	0.624524931897922	961	4.27441004797367	6.72558995202641
32	WGN45	5.49999999999999	0.624524931897919	961	4.27441004797362	6.72558995202636
33	WGN45	1.14622314622521	0.883441123765544	961	-0.587473155063387	2.8799194475138
34	WGN45	4.66666666650005	0.62452493189793	961	3.44107671447366	5.89225661852644
35	WGN45	4.50000000000003	0.624524931897918	961	3.27441004797366	5.72558995202639
36	WGN45	5.18711018677497	0.883441123765542	961	3.45341388548638	6.92080648806356
37	WGN45	5.33333333350009	0.624524931897932	961	4.1077433814737	6.55892328552649
38	WGN45	4.16666666700003	0.624524931897931	961	2.94107671497364	5.39225661902643
40	WGN45	4.66666666650005	0.624524931897923	961	3.44107671447368	5.89225661852643
41	WGN45	4.83333333300005	0.624524931897929	961	3.60774338097366	6.05892328502644
42	WGN45	3.52044352077498	0.883441123765564	961	1.78674721948635	5.25413982206361
43	WGN45	5.66666666700002	0.624524931897924	961	4.44107671497364	6.8922566190264
44	WGN45	4.50000000000002	0.624524931897923	961	3.27441004797365	5.7255899520264
45	WGN45	3.83333333350004	0.624524931897929	961	2.60774338147365	5.05892328552643
46	WGN45	4.66666666650004	0.624524931897926	961	3.44107671447366	5.89225661852642
47	WGN45	3.18711018677499	0.883441123765555	961	1.45341388548638	4.92080648806361
48	WGN45	4.83333333350006	0.624524931897929	961	3.60774338147367	6.05892328552644
49	WGN45	4.18711018677499	0.883441123765549	961	2.45341388548638	5.92080648806359
50	WGN45	5.33333333349998	0.62452493189792	961	4.10774338147361	6.55892328552635
52	WGN45	3.50000000000008	0.624524931897922	961	2.2744100479737	4.72558995202645
53	WGN45	7.00000000000002	0.624524931897923	961	5.77441004797364	8.22558995202639
54	WGN45	5.52044352077501	0.88344112376556	961	3.78674721948638	7.25413982206363
55	WGN45	5.50000000000004	0.624524931897923	961	4.27441004797367	6.72558995202642
56	WGN45	5.16666666700006	0.624524931897928	961	3.94107671497368	6.39225661902645
57	WGN45	5.00000000000005	0.624524931897926	961	3.77441004797367	6.22558995202644
58	WGN45	6.50000000000004	0.624524931897923	961	5.27441004797366	7.72558995202641
59	WGN45	3.66666666700005	0.624524931897926	961	2.44107671497367	4.89225661902643
60	WGN45	4.14622314622511	0.883441123765553	961	2.4125268449365	5.87991944751372
61	WGN45	6.52044352077502	0.883441123765557	961	4.7867472194864	8.25413982206364
62	WGN45	5.33333333350005	0.624524931897924	961	4.10774338147367	6.55892328552643
64	WGN45	6.83333333350008	0.624524931897929	961	5.60774338147369	8.05892328552646
65	WGN45	4.66666666650004	0.624524931897925	961	3.44107671447366	5.89225661852642
66	WGN45	3.83333333350004	0.624524931897919	961	2.60774338147367	5.05892328552641
67	WGN45	4.52044352077496	0.883441123765549	961	2.78674721948636	6.25413982206357
68	WGN45	3.83333333350004	0.624524931897926	961	2.60774338147366	5.05892328552642
69	WGN45	3.66666666700005	0.624524931897924	961	2.44107671497367	4.89225661902643
71	WGN45	5.33333333300001	0.624524931897919	961	4.10774338097364	6.55892328502638
72	WGN45	3.85377685377499	0.883441123765549	961	2.12008055248638	5.58747315506359
73	WGN45	3.81288981322509	0.883441123765546	961	2.07919351193649	5.54658611451369
74	WGN45	5.83333333350003	0.624524931897926	961	4.60774338147365	7.05892328552641
75	WGN45	4.16666666650004	0.624524931897927	961	2.94107671447366	5.39225661852642
76	WGN45	5.83333333350003	0.62452493189792	961	4.60774338147366	7.0589232855264
77	WGN45	4.16666666650006	0.624524931897928	961	2.94107671447367	5.39225661852644
78	WGN45	4.18711018677499	0.883441123765555	961	2.45341388548638	5.9208064880636
80	WGN45	5.50000000000005	0.624524931897923	961	4.27441004797367	6.72558995202642
81	WGN45	5.33333333300004	0.624524931897922	961	4.10774338097366	6.55892328502641
82	WGN45	6.00000000000005	0.624524931897926	961	4.77441004797367	7.22558995202643
84	WGN45	5.33333333350004	0.624524931897925	961	4.10774338147366	6.55892328552642
85	WGN45	4.8128898132251	0.883441123765553	961	3.07919351193648	6.54658611451371
86	WGN45	4.66666666650005	0.624524931897923	961	3.44107671447367	5.89225661852642
87	WGN45	3.33333333350004	0.624524931897923	961	2.10774338147367	4.55892328552642
88	WGN45	3.83333333300004	0.624524931897924	961	2.60774338097366	5.05892328502642
89	WGN45	4.83333333300006	0.624524931897924	961	3.60774338097368	6.05892328502643
90	WGN45	3.8128898132251	0.883441123765553	961	2.07919351193649	5.54658611451371
92	WGN45	5.33333333350005	0.624524931897925	961	4.10774338147367	6.55892328552643
93	WGN45	3.66666666700004	0.624524931897926	961	2.44107671497365	4.89225661902642
94	WGN45	4.33333333350005	0.624524931897927	961	3.10774338147367	5.55892328552643
95	WGN45	3.18711018677499	0.883441123765555	961	1.45341388548637	4.9208064880636
96	WGN45	4.50000000000006	0.624524931897928	961	3.27441004797367	5.72558995202644
98	WGN45	6.00000000000005	0.624524931897926	961	4.77441004797367	7.22558995202643
99	WGN45	3.187110186775	0.88344112376555	961	1.45341388548639	4.92080648806361
100	WGN45	4.33333333300005	0.624524931897926	961	3.10774338097367	5.55892328502643
101	WGN45	5.83333333350004	0.624524931897925	961	4.60774338147366	7.05892328552642
102	WGN45	4.66666666700004	0.624524931897924	961	3.44107671497366	5.89225661902642
103	WGN45	4.81288981322509	0.883441123765553	961	3.07919351193648	6.5465861145137
104	WGN45	5.50000000000005	0.624524931897927	961	4.27441004797367	6.72558995202643
105	WGN45	4.66666666700005	0.624524931897926	961	3.44107671497366	5.89225661902643
106	WGN45	4.50000000000004	0.624524931897925	961	3.27441004797366	5.72558995202642
107	WGN45	5.00000000000004	0.624524931897924	961	3.77441004797366	6.22558995202642
108	WGN45	3.83333333300005	0.624524931897925	961	2.60774338097367	5.05892328502643
109	WGN45	4.66666666700005	0.624524931897927	961	3.44107671497366	5.89225661902643
110	WGN45	4.00000000000005	0.624524931897926	961	2.77441004797367	5.22558995202643
111	WGN45	5.853776853775	0.883441123765554	961	4.12008055248639	7.58747315506362
112	WGN45	4.85377685377499	0.883441123765553	961	3.12008055248638	6.5874731550636
113	WGN45	5.66666666700004	0.624524931897926	961	4.44107671497366	6.89225661902642
114	WGN45	7.85377685377499	0.883441123765553	961	6.12008055248638	9.5874731550636
115	WGN45	3.520443520775	0.883441123765554	961	1.78674721948638	5.25413982206361
116	WGN45	4.33333333300004	0.624524931897926	961	3.10774338097366	5.55892328502643
117	WGN45	5.18711018677499	0.883441123765553	961	3.45341388548638	6.92080648806361
118	WGN45	5.18711018677499	0.883441123765554	961	3.45341388548638	6.92080648806361
119	WGN45	5.00000000000004	0.624524931897925	961	3.77441004797366	6.22558995202642
120	WGN45	4.00000000000005	0.624524931897925	961	2.77441004797367	5.22558995202642
121	WGN45	6.83333333300004	0.624524931897926	961	5.60774338097366	8.05892328502642
122	WGN45	5.50000000000004	0.624524931897925	961	4.27441004797366	6.72558995202642
123	WGN45	3.83333333350004	0.624524931897925	961	2.60774338147367	5.05892328552642
124	WGN45	3.33333333300005	0.624524931897925	961	2.10774338097367	4.55892328502642
126	WGN45	4.66666666650005	0.624524931897925	961	3.44107671447367	5.89225661852643
127	WGN45	4.50000000000004	0.624524931897925	961	3.27441004797366	5.72558995202642
128	WGN45	4.33333333350004	0.624524931897925	961	3.10774338147366	5.55892328552642
129	WGN45	4.00000000000005	0.624524931897925	961	2.77441004797367	5.22558995202643
130	WGN45	3.18711018677499	0.883441123765554	961	1.45341388548638	4.92080648806361
1	WGN46	5.50000000000001	0.624524931897941	961	4.2744100479736	6.72558995202642
2	WGN46	5.66666666699999	0.624524931897925	961	4.44107671497361	6.89225661902637
3	WGN46	5.33333333350001	0.624524931897917	961	4.10774338147365	6.55892328552638
4	WGN46	5.85377685377496	0.883441123765548	961	4.12008055248636	7.58747315506356
6	WGN46	5.52044352077498	0.883441123765545	961	3.78674721948638	7.25413982206357
7	WGN46	3.66666666650001	0.624524931897928	961	2.44107671447362	4.89225661852639
8	WGN46	7.1462231462251	0.883441123765564	961	5.41252684493647	8.87991944751373
9	WGN46	4.83333333350002	0.624524931897924	961	3.60774338147364	6.05892328552639
10	WGN46	5.50000000000001	0.624524931897928	961	4.27441004797363	6.7255899520264
11	WGN46	6.00000000000004	0.624524931897933	961	4.77441004797365	7.22558995202644
12	WGN46	5.66666666650003	0.624524931897923	961	4.44107671447366	6.89225661852641
13	WGN46	5.00000000000004	0.624524931897919	961	3.77441004797367	6.22558995202641
14	WGN46	7.33333333299995	0.624524931897922	961	6.10774338097358	8.55892328502632
15	WGN46	5.00000000000004	0.624524931897916	961	3.77441004797367	6.2255899520264
16	WGN46	5.33333333300001	0.624524931897923	961	4.10774338097363	6.55892328502638
17	WGN46	5.16666666650002	0.624524931897929	961	3.94107671447364	6.39225661852641
18	WGN46	7	0.62452493189792	961	5.77441004797364	8.22558995202637
19	WGN46	4.16666666650001	0.624524931897923	961	2.94107671447364	5.39225661852639
20	WGN46	5.52044352077495	0.883441123765549	961	3.78674721948634	7.25413982206355
21	WGN46	4.47955647922506	0.883441123765554	961	2.74586017793644	6.21325278051367
22	WGN46	5.8333333335	0.624524931897922	961	4.60774338147363	7.05892328552638
23	WGN46	4.83333333300004	0.624524931897912	961	3.60774338097368	6.05892328502639
24	WGN46	4.33333333350002	0.624524931897922	961	3.10774338147365	5.55892328552639
25	WGN46	4.49999999999999	0.624524931897929	961	3.27441004797361	5.72558995202638
26	WGN46	5.00000000000001	0.624524931897923	961	3.77441004797364	6.22558995202639
27	WGN46	4.52044352077496	0.883441123765553	961	2.78674721948635	6.25413982206357
28	WGN46	6.66666666649999	0.624524931897923	961	5.44107671447362	7.89225661852637
29	WGN46	5.00000000000001	0.624524931897932	961	3.77441004797362	6.2255899520264
30	WGN46	6.333333333	0.624524931897921	961	5.10774338097363	7.55892328502637
31	WGN46	5.52044352077496	0.883441123765569	961	3.78674721948632	7.2541398220636
32	WGN46	6.00000000000002	0.624524931897924	961	4.77441004797364	7.2255899520264
33	WGN46	4.33333333350003	0.624524931897922	961	3.10774338147366	5.55892328552641
34	WGN46	4.8333333335	0.624524931897927	961	3.60774338147362	6.05892328552638
36	WGN46	5.00000000000002	0.624524931897927	961	3.77441004797363	6.2255899520264
37	WGN46	5.6666666665	0.624524931897926	961	4.44107671447362	6.89225661852639
38	WGN46	5.33333333350002	0.62452493189792	961	4.10774338147365	6.55892328552639
39	WGN46	6.8128898132251	0.883441123765561	961	5.07919351193647	8.54658611451373
40	WGN46	5.52044352077495	0.883441123765561	961	3.78674721948633	7.25413982206358
41	WGN46	4.33333333350001	0.624524931897925	961	3.10774338147364	5.55892328552639
42	WGN46	4.52044352077496	0.883441123765555	961	2.78674721948634	6.25413982206357
43	WGN46	4.83333333300001	0.624524931897926	961	3.60774338097363	6.05892328502639
44	WGN46	6.85377685377497	0.883441123765554	961	5.12008055248636	8.58747315506359
45	WGN46	5.83333333300001	0.62452493189792	961	4.60774338097364	7.05892328502638
46	WGN46	5.83333333350001	0.624524931897929	961	4.60774338147363	7.0589232855264
47	WGN46	5.16666666700001	0.624524931897929	961	3.94107671497362	6.39225661902639
48	WGN46	4.83333333300001	0.62452493189793	961	3.60774338097362	6.0589232850264
49	WGN46	5.00000000000002	0.624524931897924	961	3.77441004797364	6.22558995202639
50	WGN46	4.66666666700003	0.624524931897917	961	3.44107671497367	5.89225661902639
52	WGN46	5.00000000000001	0.624524931897919	961	3.77441004797364	6.22558995202638
53	WGN46	4.85377685377496	0.883441123765549	961	3.12008055248636	6.58747315506357
54	WGN46	3.5	0.624524931897927	961	2.27441004797361	4.72558995202638
55	WGN46	7.187110186775	0.883441123765564	961	5.45341388548636	8.92080648806363
56	WGN46	6.33333333350004	0.624524931897927	961	5.10774338147365	7.55892328552642
57	WGN46	4.3333333335	0.624524931897926	961	3.10774338147362	5.55892328552638
58	WGN46	4.8333333335	0.624524931897929	961	3.60774338147361	6.05892328552639
59	WGN46	4.50000000000005	0.624524931897925	961	3.27441004797367	5.72558995202643
60	WGN46	5.00000000000002	0.624524931897924	961	3.77441004797365	6.2255899520264
61	WGN46	5.00000000000003	0.624524931897923	961	3.77441004797365	6.22558995202641
62	WGN46	5.6666666665	0.624524931897926	961	4.44107671447362	6.89225661852639
63	WGN46	6.16666666700001	0.624524931897924	961	4.94107671497363	7.39225661902638
64	WGN46	5.50000000000001	0.624524931897927	961	4.27441004797362	6.72558995202639
65	WGN46	5.66666666700001	0.624524931897925	961	4.44107671497363	6.89225661902639
66	WGN46	6.33333333350001	0.624524931897919	961	5.10774338147364	7.55892328552638
67	WGN46	3.81288981322507	0.883441123765555	961	2.07919351193645	5.54658611451368
68	WGN46	4.33333333349998	0.62452493189793	961	3.1077433814736	5.55892328552637
69	WGN46	4.83333333350001	0.624524931897926	961	3.60774338147363	6.05892328552639
70	WGN46	4	0.624524931897927	961	2.77441004797362	5.22558995202639
71	WGN46	6.33333333350001	0.624524931897925	961	5.10774338147363	7.55892328552639
72	WGN46	6.3333333335	0.62452493189792	961	5.10774338147363	7.55892328552637
73	WGN46	5.16666666700001	0.624524931897923	961	3.94107671497364	6.39225661902639
74	WGN46	5.00000000000001	0.624524931897925	961	3.77441004797363	6.22558995202639
75	WGN46	4.50000000000002	0.624524931897923	961	3.27441004797364	5.72558995202639
76	WGN46	4.83333333300001	0.624524931897926	961	3.60774338097362	6.05892328502639
78	WGN46	5.1666666665	0.624524931897927	961	3.94107671447362	6.39225661852639
79	WGN46	6.66666666700002	0.624524931897928	961	5.44107671497363	7.8922566190264
80	WGN46	4.00000000000002	0.624524931897924	961	2.77441004797364	5.2255899520264
81	WGN46	4.66666666650001	0.624524931897926	961	3.44107671447363	5.89225661852639
82	WGN46	4.16666666650002	0.624524931897923	961	2.94107671447365	5.3922566185264
83	WGN46	5.33333333350001	0.624524931897923	961	4.10774338147363	6.55892328552639
84	WGN46	5.50000000000002	0.624524931897924	961	4.27441004797364	6.72558995202639
85	WGN46	4.83333333300002	0.624524931897924	961	3.60774338097364	6.05892328502639
86	WGN46	5	0.624524931897928	961	3.77441004797362	6.22558995202639
87	WGN46	4.50000000000002	0.624524931897922	961	3.27441004797365	5.72558995202639
88	WGN46	6.6666666665	0.624524931897924	961	5.44107671447362	7.89225661852637
89	WGN46	4.666666667	0.624524931897924	961	3.44107671497363	5.89225661902638
90	WGN46	6.6666666665	0.624524931897921	961	5.44107671447363	7.89225661852637
91	WGN46	5.33333333350001	0.624524931897926	961	4.10774338147363	6.55892328552639
92	WGN46	4.50000000000002	0.624524931897923	961	3.27441004797364	5.72558995202639
93	WGN46	4.83333333350001	0.624524931897924	961	3.60774338147364	6.05892328552639
94	WGN46	5.16666666700001	0.624524931897926	961	3.94107671497363	6.39225661902639
95	WGN46	6.5	0.624524931897923	961	5.27441004797363	7.72558995202638
96	WGN46	4.66666666700001	0.624524931897927	961	3.44107671497362	5.89225661902639
98	WGN46	6.6666666665	0.624524931897923	961	5.44107671447363	7.89225661852638
101	WGN46	3.83333333350003	0.624524931897922	961	2.60774338147365	5.0589232855264
102	WGN46	6.33333333350001	0.624524931897924	961	5.10774338147363	7.55892328552639
103	WGN46	4.16666666650001	0.624524931897925	961	2.94107671447363	5.39225661852639
104	WGN46	4.83333333350001	0.624524931897923	961	3.60774338147364	6.05892328552639
106	WGN46	4.52044352077496	0.883441123765553	961	2.78674721948635	6.25413982206357
107	WGN46	5.52044352077496	0.883441123765553	961	3.78674721948635	7.25413982206357
108	WGN46	5.50000000000001	0.624524931897923	961	4.27441004797363	6.72558995202639
109	WGN46	4.66666666700001	0.624524931897925	961	3.44107671497363	5.89225661902639
110	WGN46	4.16666666650001	0.624524931897924	961	2.94107671447363	5.39225661852639
111	WGN46	4.16666666700001	0.624524931897925	961	2.94107671497363	5.39225661902639
112	WGN46	5.33333333350001	0.624524931897924	961	4.10774338147363	6.55892328552639
113	WGN46	5.83333333300001	0.624524931897926	961	4.60774338097363	7.0589232850264
114	WGN46	7.33333333300001	0.624524931897925	961	6.10774338097363	8.55892328502639
115	WGN46	4.50000000000001	0.624524931897925	961	3.27441004797363	5.72558995202639
116	WGN46	5.00000000000001	0.624524931897925	961	3.77441004797364	6.22558995202639
117	WGN46	5.00000000000001	0.624524931897926	961	3.77441004797363	6.22558995202639
118	WGN46	4.16666666650001	0.624524931897925	961	2.94107671447363	5.39225661852639
119	WGN46	3.16666666700001	0.624524931897925	961	1.94107671497363	4.39225661902639
120	WGN46	3.85377685377496	0.883441123765552	961	2.12008055248636	5.58747315506357
121	WGN46	6.00000000000001	0.624524931897925	961	4.77441004797363	7.22558995202639
122	WGN46	5.16666666650001	0.624524931897925	961	3.94107671447363	6.39225661852639
123	WGN46	5.83333333350001	0.624524931897926	961	4.60774338147363	7.0589232855264
124	WGN46	5.16666666700001	0.624524931897925	961	3.94107671497363	6.39225661902639
125	WGN46	5.16666666650001	0.624524931897925	961	3.94107671447363	6.39225661852639
126	WGN46	6.00000000000001	0.624524931897925	961	4.77441004797363	7.22558995202639
127	WGN46	5.18711018677496	0.883441123765553	961	3.45341388548635	6.92080648806357
128	WGN46	5.83333333300001	0.624524931897925	961	4.60774338097363	7.05892328502639
129	WGN46	5.66666666650001	0.624524931897925	961	4.44107671447363	6.89225661852639
130	WGN46	4.50000000000001	0.624524931897925	961	3.27441004797363	5.72558995202639
1	WGN55	4.33333333349996	0.624524931897915	961	3.1077433814736	5.55892328552632
2	WGN55	4.666666667	0.624524931897919	961	3.44107671497364	5.89225661902637
3	WGN55	5.52044352077495	0.883441123765561	961	3.78674721948632	7.25413982206357
4	WGN55	4.99999999999997	0.624524931897919	961	3.7744100479736	6.22558995202634
5	WGN55	4.18711018677493	0.883441123765553	961	2.45341388548632	5.92080648806354
6	WGN55	5.18711018677493	0.883441123765558	961	3.45341388548631	6.92080648806355
7	WGN55	4.83333333349999	0.624524931897927	961	3.60774338147361	6.05892328552637
8	WGN55	4.00000000000001	0.624524931897932	961	2.77441004797362	5.2255899520264
9	WGN55	4.85377685377495	0.883441123765552	961	3.12008055248634	6.58747315506356
10	WGN55	5.33333333349998	0.624524931897921	961	4.10774338147361	6.55892328552635
11	WGN55	4.8333333335	0.624524931897925	961	3.60774338147362	6.05892328552638
12	WGN55	4.83333333350004	0.624524931897926	961	3.60774338147366	6.05892328552642
13	WGN55	4.83333333300001	0.624524931897922	961	3.60774338097363	6.05892328502638
14	WGN55	3.33333333299997	0.624524931897932	961	2.10774338097357	4.55892328502636
15	WGN55	3.85377685377493	0.883441123765559	961	2.12008055248631	5.58747315506355
16	WGN55	4.66666666649999	0.62452493189793	961	3.4410767144736	5.89225661852638
17	WGN55	4.33333333349999	0.624524931897926	961	3.10774338147361	5.55892328552638
18	WGN55	4.33333333299999	0.624524931897925	961	3.10774338097362	5.55892328502637
19	WGN55	5.50000000000001	0.624524931897931	961	4.27441004797362	6.7255899520264
20	WGN55	4.16666666649997	0.624524931897931	961	2.94107671447358	5.39225661852636
21	WGN55	4.66666666649999	0.624524931897918	961	3.44107671447363	5.89225661852636
22	WGN55	5.16666666649999	0.624524931897925	961	3.94107671447361	6.39225661852637
23	WGN55	4.66666666649999	0.624524931897925	961	3.44107671447361	5.89225661852637
24	WGN55	4.66666666649999	0.624524931897924	961	3.44107671447361	5.89225661852637
25	WGN55	4.833333333	0.624524931897928	961	3.60774338097362	6.05892328502638
26	WGN55	3.66666666649998	0.62452493189793	961	2.44107671447359	4.89225661852637
27	WGN55	4.49999999999999	0.62452493189792	961	3.27441004797362	5.72558995202635
28	WGN55	5.18711018677493	0.883441123765553	961	3.45341388548632	6.92080648806354
29	WGN55	4.16666666649999	0.624524931897929	961	2.9410767144736	5.39225661852638
30	WGN55	4.66666666699997	0.624524931897929	961	3.44107671497358	5.89225661902635
31	WGN55	3.50000000000002	0.624524931897919	961	2.27441004797365	4.72558995202638
32	WGN55	6.50000000000002	0.624524931897929	961	5.27441004797364	7.72558995202641
33	WGN55	5.49999999999999	0.624524931897926	961	4.27441004797361	6.72558995202638
34	WGN55	4.66666666649998	0.624524931897926	961	3.4410767144736	5.89225661852636
35	WGN55	5	0.624524931897924	961	3.77441004797362	6.22558995202637
36	WGN55	4.3333333335	0.624524931897923	961	3.10774338147362	5.55892328552637
37	WGN55	4.99999999999999	0.624524931897922	961	3.77441004797361	6.22558995202636
38	WGN55	4.14622314622502	0.883441123765551	961	2.41252684493641	5.87991944751362
40	WGN55	5.49999999999999	0.624524931897926	961	4.27441004797361	6.72558995202637
41	WGN55	4.99999999999999	0.624524931897928	961	3.77441004797361	6.22558995202638
42	WGN55	5.49999999999999	0.624524931897924	961	4.27441004797362	6.72558995202637
43	WGN55	4.83333333299999	0.624524931897925	961	3.60774338097361	6.05892328502637
44	WGN55	4.833333333	0.62452493189793	961	3.60774338097361	6.05892328502638
45	WGN55	3.49999999999999	0.624524931897923	961	2.27441004797361	4.72558995202636
46	WGN55	5.52044352077494	0.883441123765552	961	3.78674721948633	7.25413982206354
47	WGN55	4.66666666649999	0.624524931897928	961	3.44107671447361	5.89225661852638
48	WGN55	4.33333333349999	0.624524931897924	961	3.10774338147361	5.55892328552637
49	WGN55	3.99999999999998	0.624524931897924	961	2.7744100479736	5.22558995202636
50	WGN55	4.49999999999998	0.624524931897925	961	3.2744100479736	5.72558995202636
52	WGN55	4.99999999999999	0.624524931897928	961	3.77441004797361	6.22558995202637
53	WGN55	4.66666666699998	0.624524931897925	961	3.4410767149736	5.89225661902636
54	WGN55	5	0.624524931897929	961	3.77441004797361	6.22558995202639
55	WGN55	5.49999999999997	0.624524931897922	961	4.2744100479736	6.72558995202634
56	WGN55	5.1666666665	0.624524931897924	961	3.94107671447363	6.39225661852638
57	WGN55	4.14622314622504	0.88344112376555	961	2.41252684493643	5.87991944751364
58	WGN55	3.85377685377494	0.883441123765551	961	2.12008055248633	5.58747315506355
59	WGN55	4.33333333299998	0.624524931897927	961	3.1077433809736	5.55892328502637
60	WGN55	6.00000000000001	0.624524931897927	961	4.77441004797362	7.22558995202639
61	WGN55	3.52044352077494	0.883441123765555	961	1.78674721948632	5.25413982206355
62	WGN55	3.83333333349999	0.624524931897924	961	2.60774338147361	5.05892328552636
63	WGN55	4.66666666699999	0.624524931897929	961	3.4410767149736	5.89225661902638
64	WGN55	5.6666666665	0.624524931897928	961	4.44107671447361	6.89225661852638
65	WGN55	4.49999999999999	0.624524931897926	961	3.27441004797361	5.72558995202637
66	WGN55	4.99999999999999	0.624524931897926	961	3.7744100479736	6.22558995202637
67	WGN55	3.18711018677496	0.883441123765546	961	1.45341388548636	4.92080648806355
68	WGN55	3.16666666649997	0.624524931897929	961	1.94107671447359	4.39225661852636
69	WGN55	5.99999999999998	0.624524931897925	961	4.77441004797361	7.22558995202636
70	WGN55	5.18711018677496	0.883441123765558	961	3.45341388548634	6.92080648806358
71	WGN55	4.33333333299999	0.624524931897926	961	3.10774338097361	5.55892328502637
72	WGN55	4.99999999999997	0.624524931897922	961	3.7744100479736	6.22558995202635
73	WGN55	4.49999999999998	0.624524931897925	961	3.27441004797361	5.72558995202636
74	WGN55	4.18711018677493	0.883441123765553	961	2.45341388548631	5.92080648806354
75	WGN55	4.66666666649999	0.624524931897927	961	3.4410767144736	5.89225661852637
76	WGN55	4.49999999999998	0.624524931897925	961	3.27441004797361	5.72558995202636
77	WGN55	4.52044352077493	0.883441123765555	961	2.78674721948632	6.25413982206355
78	WGN55	4.33333333349998	0.624524931897923	961	3.10774338147361	5.55892328552636
80	WGN55	4.99999999999998	0.624524931897924	961	3.77441004797361	6.22558995202636
81	WGN55	4.83333333349999	0.624524931897929	961	3.6077433814736	6.05892328552638
82	WGN55	3.99999999999998	0.624524931897926	961	2.7744100479736	5.22558995202636
83	WGN55	3.49999999999998	0.624524931897927	961	2.27441004797359	4.72558995202636
84	WGN55	5.52044352077493	0.883441123765554	961	3.78674721948632	7.25413982206355
85	WGN55	5.66666666649998	0.624524931897924	961	4.4410767144736	6.89225661852636
86	WGN55	4.33333333349998	0.624524931897925	961	3.1077433814736	5.55892328552636
87	WGN55	4.66666666649999	0.624524931897925	961	3.44107671447361	5.89225661852637
88	WGN55	3.33333333349999	0.624524931897926	961	2.10774338147361	4.55892328552637
89	WGN55	6	0.624524931897926	961	4.77441004797362	7.22558995202638
90	WGN55	4.33333333349999	0.624524931897926	961	3.1077433814736	5.55892328552637
91	WGN55	4.52044352077493	0.883441123765553	961	2.78674721948632	6.25413982206354
92	WGN55	5.49999999999999	0.624524931897927	961	4.27441004797361	6.72558995202637
93	WGN55	3.52044352077494	0.883441123765555	961	1.78674721948632	5.25413982206355
94	WGN55	3.83333333349999	0.624524931897925	961	2.60774338147361	5.05892328552637
95	WGN55	4.33333333299999	0.624524931897925	961	3.10774338097361	5.55892328502637
96	WGN55	6.33333333349999	0.624524931897926	961	5.1077433814736	7.55892328552637
97	WGN55	4.18711018677493	0.883441123765556	961	2.45341388548631	5.92080648806354
98	WGN55	4.33333333349999	0.624524931897927	961	3.1077433814736	5.55892328552637
99	WGN55	4.52044352077493	0.883441123765554	961	2.78674721948632	6.25413982206355
100	WGN55	5.16666666649999	0.624524931897925	961	3.94107671447361	6.39225661852636
101	WGN55	4.99999999999999	0.624524931897925	961	3.77441004797361	6.22558995202637
102	WGN55	4.83333333349999	0.624524931897925	961	3.60774338147361	6.05892328552636
103	WGN55	5.33333333349999	0.624524931897925	961	4.10774338147361	6.55892328552637
104	WGN55	4.33333333349998	0.624524931897926	961	3.1077433814736	5.55892328552636
105	WGN55	4.49999999999999	0.624524931897927	961	3.2744100479736	5.72558995202637
106	WGN55	4.49999999999999	0.624524931897925	961	3.27441004797361	5.72558995202637
107	WGN55	3.49999999999999	0.624524931897927	961	2.27441004797361	4.72558995202637
108	WGN55	4.49999999999999	0.624524931897926	961	3.2744100479736	5.72558995202637
109	WGN55	4.66666666699999	0.624524931897926	961	3.4410767149736	5.89225661902637
110	WGN55	4.83333333349999	0.624524931897926	961	3.60774338147361	6.05892328552637
111	WGN55	3.83333333349999	0.624524931897925	961	2.60774338147361	5.05892328552637
112	WGN55	3.16666666649999	0.624524931897927	961	1.9410767144736	4.39225661852637
113	WGN55	4.16666666649999	0.624524931897925	961	2.94107671447361	5.39225661852637
114	WGN55	6.49999999999998	0.624524931897926	961	5.2744100479736	7.72558995202636
115	WGN55	5.16666666649999	0.624524931897927	961	3.94107671447361	6.39225661852637
116	WGN55	5.16666666649999	0.624524931897925	961	3.94107671447361	6.39225661852637
117	WGN55	3.99999999999999	0.624524931897926	961	2.77441004797361	5.22558995202637
118	WGN55	4.66666666649999	0.624524931897926	961	3.44107671447361	5.89225661852637
119	WGN55	5.99999999999999	0.624524931897926	961	4.77441004797361	7.22558995202637
120	WGN55	5.52044352077494	0.883441123765555	961	3.78674721948632	7.25413982206355
121	WGN55	4.18711018677493	0.883441123765556	961	2.45341388548632	5.92080648806355
122	WGN55	5.16666666699999	0.624524931897926	961	3.94107671497361	6.39225661902637
123	WGN55	3.49999999999999	0.624524931897926	961	2.27441004797361	4.72558995202637
124	WGN55	6.49999999999999	0.624524931897926	961	5.27441004797361	7.72558995202637
125	WGN55	4.49999999999999	0.624524931897926	961	3.27441004797361	5.72558995202637
126	WGN55	4.66666666649999	0.624524931897926	961	3.44107671447361	5.89225661852637
128	WGN55	4.66666666649999	0.624524931897926	961	3.44107671447361	5.89225661852637
129	WGN55	5.83333333349999	0.624524931897926	961	4.60774338147361	7.05892328552637
130	WGN55	4.49999999999999	0.624524931897926	961	3.27441004797361	5.72558995202637
1	WGN63	5.83333333349998	0.624524931897918	961	4.60774338147361	7.05892328552634
2	WGN63	4.83333333349997	0.62452493189793	961	3.60774338147358	6.05892328552636
3	WGN63	5.16666666699995	0.624524931897929	961	3.94107671497357	6.39225661902634
4	WGN63	5.8537768537749	0.883441123765559	961	4.12008055248628	7.58747315506352
5	WGN63	5.66666666699997	0.624524931897925	961	4.44107671497359	6.89225661902635
6	WGN63	5.49999999999998	0.624524931897927	961	4.27441004797359	6.72558995202636
7	WGN63	3.66666666649999	0.624524931897922	961	2.44107671447362	4.89225661852636
8	WGN63	4.99999999999999	0.624524931897924	961	3.77441004797361	6.22558995202637
9	WGN63	4.49999999999998	0.624524931897925	961	3.2744100479736	5.72558995202636
10	WGN63	4.16666666699997	0.624524931897926	961	2.94107671497359	5.39225661902635
12	WGN63	4.33333333349997	0.624524931897926	961	3.10774338147359	5.55892328552635
13	WGN63	5.83333333349998	0.624524931897925	961	4.6077433814736	7.05892328552636
16	WGN63	4.49999999999995	0.62452493189793	961	3.27441004797357	5.72558995202634
17	WGN63	4.99999999999998	0.624524931897922	961	3.77441004797361	6.22558995202635
18	WGN63	4.66666666649999	0.624524931897923	961	3.44107671447361	5.89225661852636
19	WGN63	4.66666666649998	0.624524931897924	961	3.4410767144736	5.89225661852636
20	WGN63	4.66666666699997	0.624524931897926	961	3.44107671497359	5.89225661902635
21	WGN63	4.83333333299996	0.624524931897931	961	3.60774338097357	6.05892328502635
22	WGN63	4.33333333349998	0.624524931897922	961	3.10774338147361	5.55892328552635
23	WGN63	4.33333333349998	0.624524931897925	961	3.1077433814736	5.55892328552636
24	WGN63	3.49999999999998	0.624524931897924	961	2.2744100479736	4.72558995202635
25	WGN63	4.47955647922502	0.883441123765554	961	2.74586017793641	6.21325278051363
26	WGN63	4.66666666699997	0.624524931897925	961	3.44107671497359	5.89225661902635
27	WGN63	3.66666666649997	0.624524931897926	961	2.44107671447359	4.89225661852635
28	WGN63	5.99999999999997	0.624524931897928	961	4.77441004797358	7.22558995202635
29	WGN63	4.66666666699998	0.624524931897923	961	3.4410767149736	5.89225661902635
30	WGN63	4.83333333349998	0.624524931897926	961	3.6077433814736	6.05892328552637
31	WGN63	4.33333333349998	0.624524931897926	961	3.1077433814736	5.55892328552636
32	WGN63	2.49999999999993	0.624524931897927	961	1.27441004797355	3.72558995202632
33	WGN63	5.49999999999997	0.624524931897927	961	4.27441004797359	6.72558995202635
34	WGN63	3.83333333349994	0.624524931897926	961	2.60774338147356	5.05892328552633
35	WGN63	5.1871101867749	0.883441123765559	961	3.45341388548628	6.92080648806352
36	WGN63	4.33333333349998	0.624524931897925	961	3.1077433814736	5.55892328552636
37	WGN63	4.1871101867749	0.883441123765559	961	2.45341388548628	5.92080648806353
38	WGN63	5.85377685377491	0.883441123765562	961	4.12008055248629	7.58747315506354
39	WGN63	4.85377685377491	0.883441123765554	961	3.1200805524863	6.58747315506352
40	WGN63	3.83333333349996	0.624524931897927	961	2.60774338147357	5.05892328552634
41	WGN63	5.16666666699997	0.624524931897925	961	3.94107671497359	6.39225661902634
42	WGN63	4.33333333349997	0.624524931897925	961	3.10774338147359	5.55892328552635
44	WGN63	3.99999999999999	0.624524931897924	961	2.77441004797361	5.22558995202636
45	WGN63	3.52044352077492	0.883441123765555	961	1.7867472194863	5.25413982206353
46	WGN63	3.49999999999998	0.624524931897923	961	2.2744100479736	4.72558995202635
47	WGN63	3.66666666649994	0.624524931897929	961	2.44107671447356	4.89225661852633
48	WGN63	4.66666666649996	0.624524931897927	961	3.44107671447358	5.89225661852634
49	WGN63	4.49999999999999	0.624524931897922	961	3.27441004797362	5.72558995202636
50	WGN63	4.18711018677491	0.883441123765557	961	2.45341388548629	5.92080648806353
51	WGN63	4.33333333299998	0.624524931897925	961	3.1077433809736	5.55892328502636
52	WGN63	5.16666666699997	0.624524931897926	961	3.94107671497359	6.39225661902635
53	WGN63	5.33333333299997	0.624524931897925	961	4.10774338097359	6.55892328502635
54	WGN63	4.66666666699998	0.624524931897924	961	3.4410767149736	5.89225661902635
55	WGN63	4.99999999999997	0.624524931897924	961	3.7744100479736	6.22558995202635
56	WGN63	3.49999999999997	0.624524931897926	961	2.27441004797359	4.72558995202635
57	WGN63	3.66666666699997	0.624524931897926	961	2.44107671497359	4.89225661902635
58	WGN63	4.16666666699997	0.624524931897925	961	2.94107671497359	5.39225661902635
59	WGN63	3.85377685377491	0.883441123765558	961	2.12008055248629	5.58747315506353
60	WGN63	2.52044352077491	0.883441123765555	961	0.786747219486296	4.25413982206353
61	WGN63	5.16666666649997	0.624524931897925	961	3.94107671447359	6.39225661852635
62	WGN63	5.16666666699996	0.624524931897926	961	3.94107671497358	6.39225661902635
63	WGN63	5.47955647922502	0.883441123765559	961	3.74586017793639	7.21325278051364
64	WGN63	3.49999999999997	0.624524931897925	961	2.27441004797359	4.72558995202635
65	WGN63	4.16666666649996	0.624524931897925	961	2.94107671447358	5.39225661852634
66	WGN63	4.49999999999998	0.624524931897924	961	3.27441004797361	5.72558995202636
67	WGN63	3.85377685377491	0.883441123765557	961	2.12008055248629	5.58747315506353
68	WGN63	4.16666666649997	0.624524931897928	961	2.94107671447358	5.39225661852635
69	WGN63	4.85377685377491	0.883441123765558	961	3.12008055248629	6.58747315506353
70	WGN63	4.66666666699998	0.624524931897923	961	3.4410767149736	5.89225661902635
72	WGN63	4.49999999999996	0.624524931897927	961	3.27441004797358	5.72558995202634
73	WGN63	4.66666666649997	0.624524931897925	961	3.44107671447359	5.89225661852635
74	WGN63	3.99999999999996	0.624524931897926	961	2.77441004797357	5.22558995202634
75	WGN63	4.66666666649997	0.624524931897925	961	3.44107671447359	5.89225661852635
76	WGN63	3.49999999999998	0.624524931897925	961	2.2744100479736	4.72558995202636
77	WGN63	4.49999999999997	0.624524931897926	961	3.27441004797359	5.72558995202635
78	WGN63	6.16666666649997	0.624524931897924	961	4.94107671447359	7.39225661852635
79	WGN63	2.66666666649996	0.624524931897926	961	1.44107671447358	3.89225661852634
80	WGN63	4.66666666649997	0.624524931897926	961	3.44107671447359	5.89225661852635
81	WGN63	3.99999999999996	0.624524931897928	961	2.77441004797357	5.22558995202634
82	WGN63	4.33333333349996	0.624524931897926	961	3.10774338147358	5.55892328552634
83	WGN63	4.83333333349998	0.624524931897926	961	3.60774338147359	6.05892328552636
84	WGN63	4.66666666649997	0.624524931897925	961	3.44107671447359	5.89225661852635
85	WGN63	4.83333333349997	0.624524931897926	961	3.60774338147359	6.05892328552635
86	WGN63	4.52044352077491	0.883441123765553	961	2.78674721948629	6.25413982206352
87	WGN63	3.16666666699997	0.624524931897925	961	1.94107671497359	4.39225661902635
88	WGN63	4.66666666649997	0.624524931897925	961	3.44107671447359	5.89225661852635
89	WGN63	3.49999999999997	0.624524931897926	961	2.27441004797359	4.72558995202635
90	WGN63	3.5204435207749	0.883441123765556	961	1.78674721948629	5.25413982206352
91	WGN63	4.66666666699997	0.624524931897924	961	3.44107671497359	5.89225661902635
92	WGN63	4.66666666649996	0.624524931897926	961	3.44107671447358	5.89225661852634
93	WGN63	4.66666666649997	0.624524931897925	961	3.44107671447359	5.89225661852635
94	WGN63	4.83333333349997	0.624524931897925	961	3.60774338147359	6.05892328552635
95	WGN63	4.52044352077492	0.883441123765555	961	2.7867472194863	6.25413982206353
96	WGN63	5.99999999999997	0.624524931897925	961	4.77441004797359	7.22558995202635
97	WGN63	5.99999999999997	0.624524931897925	961	4.77441004797359	7.22558995202635
98	WGN63	5.81288981322502	0.883441123765552	961	4.07919351193642	7.54658611451363
99	WGN63	5.14622314622502	0.883441123765554	961	3.41252684493641	6.87991944751363
100	WGN63	4.83333333349997	0.624524931897925	961	3.60774338147359	6.05892328552635
101	WGN63	5.81288981322503	0.883441123765554	961	4.07919351193641	7.54658611451364
102	WGN63	4.83333333349997	0.624524931897926	961	3.60774338147359	6.05892328552635
103	WGN63	4.83333333349997	0.624524931897926	961	3.60774338147359	6.05892328552635
105	WGN63	4.66666666649997	0.624524931897925	961	3.44107671447359	5.89225661852635
106	WGN63	3.66666666699998	0.624524931897925	961	2.4410767149736	4.89225661902636
107	WGN63	4.16666666649997	0.624524931897925	961	2.94107671447359	5.39225661852635
109	WGN63	5.49999999999997	0.624524931897926	961	4.27441004797359	6.72558995202635
110	WGN63	4.85377685377492	0.883441123765557	961	3.1200805524863	6.58747315506353
111	WGN63	6.83333333299997	0.624524931897926	961	5.60774338097359	8.05892328502635
112	WGN63	3.83333333349997	0.624524931897925	961	2.60774338147359	5.05892328552635
114	WGN63	4.33333333299997	0.624524931897926	961	3.10774338097359	5.55892328502635
115	WGN63	4.66666666699997	0.624524931897926	961	3.44107671497359	5.89225661902635
116	WGN63	4.49999999999997	0.624524931897925	961	3.27441004797359	5.72558995202635
117	WGN63	3.99999999999997	0.624524931897925	961	2.77441004797359	5.22558995202635
118	WGN63	4.81288981322502	0.883441123765554	961	3.07919351193641	6.54658611451363
119	WGN63	5.33333333349997	0.624524931897925	961	4.10774338147359	6.55892328552635
121	WGN63	4.66666666699997	0.624524931897926	961	3.44107671497359	5.89225661902635
122	WGN63	3.49999999999997	0.624524931897925	961	2.27441004797359	4.72558995202635
123	WGN63	4.99999999999997	0.624524931897925	961	3.77441004797359	6.22558995202635
124	WGN63	3.52044352077492	0.883441123765555	961	1.78674721948631	5.25413982206354
125	WGN63	4.52044352077492	0.883441123765555	961	2.7867472194863	6.25413982206353
126	WGN63	4.49999999999997	0.624524931897925	961	3.27441004797359	5.72558995202635
127	WGN63	4.18711018677491	0.883441123765554	961	2.4534138854863	5.92080648806353
128	WGN63	5.49999999999997	0.624524931897925	961	4.27441004797359	6.72558995202635
129	WGN63	4.99999999999997	0.624524931897925	961	3.77441004797359	6.22558995202635
130	WGN63	4.49999999999997	0.624524931897925	961	3.27441004797359	5.72558995202635
