plantID3	famID	emmean	SE	df	lower.CL	upper.CL
1	WGN07	8.83333333350322	0.607853192844965	1111	7.64066365336963	10.0260030136368
2	WGN07	9.33333333300091	0.607853192844997	1111	8.14066365286725	10.5260030131346
3	WGN07	10.1666666650005	0.607853192845012	1111	8.97399698486683	11.3593363451342
4	WGN07	8.33333333350089	0.607853192845016	1111	7.1406636533672	9.52600301363459
5	WGN07	9.16666666650019	0.607853192845011	1111	7.9739969863665	10.3593363466339
6	WGN07	6.50000000000006	0.60785319284503	1111	5.30733031986634	7.69266968013379
7	WGN07	7.50000000000013	0.607853192845011	1111	6.30733031986644	8.69266968013381
8	WGN07	9.50000000000004	0.607853192845005	1111	8.30733031986636	10.6926696801337
9	WGN07	10.1666666650001	0.607853192845015	1111	8.97399698486642	11.3593363451338
10	WGN07	8.50000000000012	0.607853192845025	1111	7.3073303198664	9.69266968013383
11	WGN07	9.33333333350011	0.607853192845014	1111	8.14066365336642	10.5260030136338
12	WGN07	9.1666666665001	0.607853192845027	1111	7.97399698636638	10.3593363466338
13	WGN07	9.83333333150014	0.607853192845019	1111	8.64066365136644	11.0260030116338
14	WGN07	7.50000000000019	0.607853192845021	1111	6.30733031986648	8.69266968013389
15	WGN07	9.33333333350013	0.607853192845027	1111	8.14066365336642	10.5260030136338
16	WGN07	7.66666666650015	0.607853192844993	1111	6.4739969863665	8.8593363466338
17	WGN07	8.33333333350016	0.607853192845014	1111	7.14066365336647	9.52600301363385
18	WGN07	8.83333333350013	0.607853192845018	1111	7.64066365336643	10.0260030136338
20	WGN07	7.50000000000016	0.607853192845011	1111	6.30733031986647	8.69266968013384
21	WGN07	9.33333333350009	0.607853192845011	1111	8.1406636533664	10.5260030136338
22	WGN07	8.66666666650019	0.607853192845025	1111	7.47399698636648	9.8593363466339
23	WGN07	7.83333333300021	0.607853192845018	1111	6.64066365286651	9.02600301313391
24	WGN07	9.33333333350015	0.607853192845012	1111	8.14066365336646	10.5260030136338
25	WGN07	8.66666666700018	0.607853192845007	1111	7.4739969868665	9.85933634713386
26	WGN07	9.66666666700018	0.607853192845026	1111	8.47399698686647	10.8593363471339
27	WGN07	9.16666666500013	0.607853192845015	1111	7.97399698486644	10.3593363451338
28	WGN07	8.50000000000014	0.607853192844991	1111	7.3073303198665	9.69266968013379
29	WGN07	8.3333333335002	0.607853192845013	1111	7.14066365336652	9.52600301363389
30	WGN07	8.50000000000011	0.607853192845012	1111	7.30733031986643	9.6926696801338
31	WGN07	9.83333333350012	0.607853192845014	1111	8.64066365336643	11.0260030136338
32	WGN07	9.16666666650011	0.607853192845015	1111	7.97399698636642	10.3593363466338
33	WGN07	9.1666666665002	0.60785319284502	1111	7.97399698636649	10.3593363466339
34	WGN07	9.33333333300009	0.607853192845031	1111	8.14066365286637	10.5260030131338
35	WGN07	8.83333333350014	0.60785319284502	1111	7.64066365336644	10.0260030136338
36	WGN07	9.83333333350013	0.607853192845011	1111	8.64066365336645	11.0260030136338
37	WGN07	9.83333333350007	0.607853192845009	1111	8.64066365336638	11.0260030136337
38	WGN07	10.0000000000001	0.60785319284502	1111	8.80733031986645	11.1926696801339
39	WGN07	8.00000000000012	0.60785319284502	1111	6.80733031986642	9.19266968013383
40	WGN07	8.50000000000016	0.607853192845003	1111	7.30733031986649	9.69266968013383
41	WGN07	9.49999999850016	0.607853192845013	1111	8.30733031836647	10.6926696786339
42	WGN07	7.66666666700018	0.607853192845013	1111	6.47399698686649	8.85933634713387
44	WGN07	7.83333333350009	0.607853192845021	1111	6.64066365336639	9.0260030136338
46	WGN07	8.83333333300014	0.607853192845016	1111	7.64066365286644	10.0260030131338
47	WGN07	8.16666666650009	0.607853192845001	1111	6.97399698636642	9.35933634663376
48	WGN07	10.1666666685001	0.607853192845012	1111	8.97399698836641	11.3593363486338
49	WGN07	8.83333333300016	0.607853192845018	1111	7.64066365286646	10.0260030131339
50	WGN07	9.83333333500013	0.607853192845018	1111	8.64066365486643	11.0260030151338
51	WGN07	8.33333333350021	0.607853192845006	1111	7.14066365336653	9.52600301363388
52	WGN07	10.3333333335002	0.607853192845015	1111	9.14066365336646	11.5260030136338
53	WGN07	9.66666666700017	0.607853192845026	1111	8.47399698686645	10.8593363471339
54	WGN07	8.64306055187999	0.859827470624495	1111	6.95599175561334	10.3301293481466
55	WGN07	9.66666666650015	0.607853192845022	1111	8.47399698636644	10.8593363466339
56	WGN07	10.1666666650002	0.607853192845026	1111	8.97399698486646	11.3593363451339
57	WGN07	7.83333333350014	0.607853192845015	1111	6.64066365336645	9.02600301363384
58	WGN07	10.3333333300001	0.607853192845018	1111	9.14066364986645	11.5260030101338
59	WGN07	8.16666666700011	0.607853192845005	1111	6.97399698686644	9.35933634713378
60	WGN07	9.50000000000015	0.607853192845025	1111	8.30733031986643	10.6926696801339
61	WGN07	9.66666666850006	0.607853192845013	1111	8.47399698836637	10.8593363486338
63	WGN07	8.66666666650019	0.607853192845011	1111	7.47399698636651	9.85933634663388
64	WGN07	11.0000000000001	0.60785319284502	1111	9.80733031986643	12.1926696801338
66	WGN07	8.33333333300014	0.60785319284502	1111	7.14066365286644	9.52600301313385
67	WGN07	7.16666666700014	0.607853192845018	1111	5.97399698686644	8.35933634713384
68	WGN07	6.83333333350014	0.607853192845015	1111	5.64066365336645	8.02600301363383
69	WGN07	9.5000000000002	0.607853192845024	1111	8.30733031986649	10.6926696801339
71	WGN07	10.3333333335002	0.607853192845019	1111	9.14066365336646	11.5260030136339
73	WGN07	9.6666666665001	0.607853192845019	1111	8.47399698636639	10.8593363466338
74	WGN07	10.0000000015002	0.607853192845031	1111	8.80733032136643	11.1926696816339
75	WGN07	9.66666666500014	0.607853192845021	1111	8.47399698486643	10.8593363451338
76	WGN07	8.83333333350022	0.607853192845024	1111	7.64066365336651	10.0260030136339
77	WGN07	9.33333333300013	0.607853192845018	1111	8.14066365286643	10.5260030131338
78	WGN07	9.66666666700012	0.607853192845019	1111	8.47399698686642	10.8593363471338
79	WGN07	9.50000000000012	0.607853192845001	1111	8.30733031986645	10.6926696801338
80	WGN07	9.50000000000014	0.607853192845019	1111	8.30733031986644	10.6926696801338
81	WGN07	8.83333333300009	0.60785319284502	1111	7.64066365286639	10.0260030131338
82	WGN07	9.33333333350014	0.607853192845032	1111	8.14066365336641	10.5260030136339
83	WGN07	7.66666666650012	0.607853192845019	1111	6.47399698636642	8.85933634663382
84	WGN07	9.16666666650009	0.607853192845008	1111	7.97399698636641	10.3593363466338
85	WGN07	8.8333333335001	0.607853192845019	1111	7.6406636533664	10.0260030136338
86	WGN07	11	0.607853192844997	1111	9.80733031986636	12.1926696801337
87	WGN07	9.50000000000014	0.607853192845019	1111	8.30733031986644	10.6926696801338
88	WGN07	8.66666666650012	0.607853192845021	1111	7.47399698636642	9.85933634663383
89	WGN07	8.83333333350014	0.607853192845004	1111	7.64066365336647	10.0260030136338
90	WGN07	8.83333333300012	0.607853192845019	1111	7.64066365286642	10.0260030131338
91	WGN07	9.33333333350012	0.607853192845026	1111	8.14066365336641	10.5260030136338
92	WGN07	8.66666666650013	0.607853192845014	1111	7.47399698636644	9.85933634663382
93	WGN07	8.83333333350011	0.607853192845008	1111	7.64066365336643	10.0260030136338
94	WGN07	8.83333333300012	0.607853192845	1111	7.64066365286646	10.0260030131338
95	WGN07	8.50000000000016	0.607853192845017	1111	7.30733031986646	9.69266968013385
96	WGN07	9.33333333350009	0.607853192845023	1111	8.14066365336638	10.5260030136338
97	WGN07	10.1666666650001	0.607853192845018	1111	8.97399698486645	11.3593363451338
98	WGN07	9.00000000000016	0.607853192845025	1111	7.80733031986644	10.1926696801339
99	WGN07	9.33333333300015	0.607853192845019	1111	8.14066365286644	10.5260030131338
100	WGN07	9.16666666650013	0.607853192845017	1111	7.97399698636643	10.3593363466338
101	WGN07	9.66666666650014	0.607853192845014	1111	8.47399698636645	10.8593363466338
102	WGN07	10.3333333300001	0.607853192845014	1111	9.14066364986643	11.5260030101338
103	WGN07	8.16666666700016	0.607853192845011	1111	6.97399698686648	9.35933634713385
104	WGN07	8.66666666700014	0.607853192845015	1111	7.47399698686645	9.85933634713384
105	WGN07	9.50000000000011	0.607853192845019	1111	8.30733031986641	10.6926696801338
106	WGN07	8.3333333330001	0.607853192845011	1111	7.14066365286642	9.52600301313379
107	WGN07	8.83333333300014	0.607853192845046	1111	7.64066365286639	10.0260030131339
108	WGN07	8.50000000000013	0.607853192845002	1111	7.30733031986646	9.6926696801338
109	WGN07	8.50000000000012	0.607853192845003	1111	7.30733031986645	9.69266968013379
110	WGN07	10.1666666685001	0.607853192845017	1111	8.97399698836644	11.3593363486338
111	WGN07	9.1666666665001	0.607853192845006	1111	7.97399698636643	10.3593363466338
112	WGN07	9.66666666700014	0.607853192845024	1111	8.47399698686643	10.8593363471339
113	WGN07	8.16666666700011	0.607853192845014	1111	6.97399698686642	9.35933634713381
114	WGN07	11.0000000000001	0.607853192845017	1111	9.80733031986645	12.1926696801338
115	WGN07	9.00000000000013	0.607853192845004	1111	7.80733031986646	10.1926696801338
116	WGN07	7.33333333300012	0.60785319284502	1111	6.14066365286641	8.52600301313382
117	WGN07	9.33333333350011	0.60785319284501	1111	8.14066365336643	10.5260030136338
118	WGN07	9.33333333500014	0.60785319284501	1111	8.14066365486645	10.5260030151338
119	WGN07	9.50000000000009	0.607853192845009	1111	8.30733031986641	10.6926696801338
120	WGN07	9.33333333350014	0.607853192845017	1111	8.14066365336644	10.5260030136338
121	WGN07	7.50000000000012	0.607853192845022	1111	6.30733031986641	8.69266968013383
122	WGN07	9.35693944812013	0.85982747062445	1111	7.66987065185357	11.0440082443867
123	WGN07	9.16666666650011	0.60785319284501	1111	7.97399698636643	10.3593363466338
124	WGN07	10.5000000000001	0.60785319284502	1111	9.30733031986643	11.6926696801338
125	WGN07	7.33333333350012	0.607853192845019	1111	6.14066365336642	8.52600301363382
126	WGN07	9.16666666700016	0.607853192845018	1111	7.97399698686647	10.3593363471339
127	WGN07	9.16666666650012	0.60785319284502	1111	7.97399698636642	10.3593363466338
128	WGN07	9.1666666670001	0.607853192845011	1111	7.97399698686641	10.3593363471338
129	WGN07	10.5000000015002	0.607853192845018	1111	9.30733032136646	11.6926696816339
130	WGN07	8.16666666650016	0.607853192845008	1111	6.97399698636648	9.35933634663384
1	WGN15	9.16666666649978	0.607853192844974	1111	7.97399698636617	10.3593363466334
2	WGN15	8.66666666649999	0.607853192845028	1111	7.47399698636627	9.85933634663371
3	WGN15	8	0.607853192845026	1111	6.80733031986628	9.19266968013371
4	WGN15	9.00000000000004	0.607853192845026	1111	7.80733031986633	10.1926696801338
5	WGN15	9.00000000000004	0.607853192845002	1111	7.80733031986637	10.1926696801337
7	WGN15	8.66666666649999	0.607853192845025	1111	7.47399698636628	9.85933634663371
8	WGN15	10.33333333	0.60785319284502	1111	9.14066364986632	11.5260030101337
9	WGN15	8.16666666649997	0.607853192845033	1111	6.97399698636624	9.3593363466337
10	WGN15	7.99999999999996	0.607853192845038	1111	6.80733031986622	9.1926696801337
11	WGN15	8.16666666650002	0.607853192845022	1111	6.97399698636631	9.35933634663373
12	WGN15	7.83333333350006	0.607853192845014	1111	6.64066365336637	9.02600301363375
13	WGN15	8.33333333300001	0.607853192845019	1111	7.14066365286631	9.52600301313371
14	WGN15	8.16666666650002	0.607853192845014	1111	6.97399698636633	9.35933634663371
15	WGN15	9.16666666650004	0.60785319284503	1111	7.97399698636632	10.3593363466338
16	WGN15	7.66666666650006	0.607853192845011	1111	6.47399698636637	8.85933634663374
17	WGN15	7.69027278211998	0.859827470624506	1111	6.00320398585331	9.37734157838665
18	WGN15	9.16666666700003	0.607853192845037	1111	7.97399698686629	10.3593363471338
19	WGN15	10.30972721488	0.859827470624493	1111	8.62265841861336	11.9967960111466
20	WGN15	10.666666665	0.607853192845011	1111	9.47399698486631	11.8593363451337
21	WGN15	8.83333333300002	0.607853192845014	1111	7.64066365286633	10.0260030131337
22	WGN15	8.33333333300002	0.607853192845026	1111	7.1406636528663	9.52600301313373
23	WGN15	8.666666667	0.607853192845026	1111	7.47399698686629	9.85933634713372
24	WGN15	8.69027278212008	0.859827470624497	1111	7.00320398585342	10.3773415783867
25	WGN15	8.3333333335	0.607853192845027	1111	7.14066365336628	9.52600301363372
26	WGN15	9.33333333350003	0.607853192845024	1111	8.14066365336632	10.5260030136337
27	WGN15	10.0000000015	0.607853192845006	1111	8.80733032136631	11.1926696816337
28	WGN15	8.83333333300003	0.607853192845011	1111	7.64066365286634	10.0260030131337
29	WGN15	8.66666666650002	0.607853192845015	1111	7.47399698636633	9.85933634663371
30	WGN15	9.66666666650003	0.607853192845025	1111	8.47399698636632	10.8593363466337
31	WGN15	8.35693944812013	0.859827470624477	1111	6.66987065185352	10.0440082443867
32	WGN15	9.33333333150002	0.607853192845017	1111	8.14066365136632	10.5260030116337
33	WGN15	8.33333333300006	0.607853192845008	1111	7.14066365286638	9.52600301313374
34	WGN15	8.66666666700002	0.60785319284501	1111	7.47399698686634	9.85933634713371
35	WGN15	8.33333333350005	0.607853192845017	1111	7.14066365336635	9.52600301363375
36	WGN15	8.00000000000001	0.607853192845023	1111	6.8073303198663	9.19266968013372
37	WGN15	9	0.607853192845012	1111	7.80733031986632	10.1926696801337
38	WGN15	8.00000000000009	0.60785319284501	1111	6.8073303198664	9.19266968013377
39	WGN15	9.333333333	0.607853192845022	1111	8.14066365286629	10.5260030131337
40	WGN15	7.49999999999998	0.607853192845024	1111	6.30733031986627	8.69266968013369
41	WGN15	8.833333333	0.607853192845032	1111	7.64066365286627	10.0260030131337
43	WGN15	8.33333333349999	0.607853192845019	1111	7.14066365336629	9.52600301363369
44	WGN15	7.50000000000003	0.607853192845025	1111	6.30733031986632	8.69266968013375
45	WGN15	10.166666665	0.607853192845007	1111	8.9739969848663	11.3593363451337
46	WGN15	8.16666666650003	0.607853192845018	1111	6.97399698636633	9.35933634663373
47	WGN15	9.50000000000004	0.607853192845028	1111	8.30733031986633	10.6926696801338
48	WGN15	8.83333333350003	0.607853192845008	1111	7.64066365336635	10.0260030136337
50	WGN15	9.5	0.607853192845015	1111	8.30733031986631	10.6926696801337
51	WGN15	7.99999999999996	0.607853192845025	1111	6.80733031986625	9.19266968013368
52	WGN15	7.50000000000002	0.60785319284502	1111	6.30733031986631	8.69266968013372
53	WGN15	7.50000000000004	0.60785319284501	1111	6.30733031986636	8.69266968013373
54	WGN15	8.35693944812008	0.859827470624495	1111	6.66987065185343	10.0440082443867
55	WGN15	9.66666666650005	0.607853192845013	1111	8.47399698636636	10.8593363466337
56	WGN15	9.16666666650004	0.607853192845018	1111	7.97399698636634	10.3593363466337
57	WGN15	8.16666666650003	0.607853192845015	1111	6.97399698636634	9.35933634663372
58	WGN15	10.33333333	0.607853192845023	1111	9.14066364986631	11.5260030101337
59	WGN15	9.16666666650003	0.607853192845031	1111	7.97399698636631	10.3593363466338
60	WGN15	9.33333333350004	0.607853192845017	1111	8.14066365336634	10.5260030136337
61	WGN15	9.00000000000002	0.60785319284502	1111	7.80733031986632	10.1926696801337
62	WGN15	8.83333333350004	0.607853192845016	1111	7.64066365336635	10.0260030136337
63	WGN15	10.0000000015	0.607853192845019	1111	8.8073303213663	11.1926696816337
64	WGN15	7.66666666650003	0.607853192845012	1111	6.47399698636635	8.85933634663372
65	WGN15	9.50000000000002	0.607853192845017	1111	8.30733031986632	10.6926696801337
66	WGN15	7.50000000000008	0.607853192845	1111	6.30733031986642	8.69266968013375
67	WGN15	8.99999999999996	0.607853192845022	1111	7.80733031986626	10.1926696801337
69	WGN15	9.66666666650002	0.607853192845013	1111	8.47399698636633	10.8593363466337
70	WGN15	9.16666666500003	0.607853192845012	1111	7.97399698486634	10.3593363451337
71	WGN15	9.33333333350004	0.607853192845019	1111	8.14066365336634	10.5260030136337
72	WGN15	9.02360611512006	0.859827470624516	1111	7.33653731885337	10.7106749113868
73	WGN15	9.00000000000004	0.607853192845019	1111	7.80733031986634	10.1926696801337
74	WGN15	8.33333333350003	0.607853192845018	1111	7.14066365336633	9.52600301363373
75	WGN15	9.35693944812007	0.859827470624482	1111	7.66987065185345	11.0440082443867
77	WGN15	7.83333333300003	0.607853192845028	1111	6.64066365286631	9.02600301313374
78	WGN15	8.16666666650002	0.607853192845021	1111	6.97399698636631	9.35933634663372
79	WGN15	8.99999999999999	0.607853192845033	1111	7.80733031986626	10.1926696801337
80	WGN15	7.00000000000004	0.607853192845021	1111	5.80733031986633	8.19266968013374
81	WGN15	9.50000000150004	0.607853192845018	1111	8.30733032136634	10.6926696816337
82	WGN15	9.49999999850004	0.607853192845023	1111	8.30733031836633	10.6926696786337
83	WGN15	7.83333333300003	0.607853192845015	1111	6.64066365286634	9.02600301313372
84	WGN15	9.16666666650003	0.607853192845026	1111	7.97399698636631	10.3593363466337
85	WGN15	8.66666666650006	0.607853192845016	1111	7.47399698636636	9.85933634663375
86	WGN15	8.83333333350005	0.607853192845015	1111	7.64066365336635	10.0260030136337
87	WGN15	8.83333333350002	0.607853192845023	1111	7.64066365336631	10.0260030136337
88	WGN15	6.83333333350001	0.607853192845021	1111	5.6406636533663	8.02600301363371
89	WGN15	7.33333333350006	0.607853192845017	1111	6.14066365336636	8.52600301363375
90	WGN15	9.33333333150003	0.607853192845015	1111	8.14066365136634	10.5260030116337
91	WGN15	6.83333333350004	0.607853192845014	1111	5.64066365336635	8.02600301363373
92	WGN15	8.00000000000005	0.607853192845012	1111	6.80733031986636	9.19266968013373
93	WGN15	8.33333333300002	0.607853192845019	1111	7.14066365286632	9.52600301313372
94	WGN15	8.33333333350003	0.60785319284502	1111	7.14066365336633	9.52600301363374
95	WGN15	7.50000000000002	0.607853192845015	1111	6.30733031986633	8.69266968013372
96	WGN15	9.00000000000003	0.607853192845016	1111	7.80733031986633	10.1926696801337
97	WGN15	8.66666666650003	0.607853192845012	1111	7.47399698636634	9.85933634663372
98	WGN15	9.66666666500003	0.607853192845016	1111	8.47399698486633	10.8593363451337
99	WGN15	8.83333333300003	0.607853192845023	1111	7.64066365286632	10.0260030131337
100	WGN15	9.33333333350007	0.607853192845022	1111	8.14066365336636	10.5260030136338
101	WGN15	10.3333333335	0.607853192845018	1111	9.14066365336633	11.5260030136337
102	WGN15	9.33333333150005	0.607853192845017	1111	8.14066365136635	10.5260030116337
103	WGN15	8.00000000000004	0.607853192845027	1111	6.80733031986632	9.19266968013376
104	WGN15	8.33333333300003	0.607853192845015	1111	7.14066365286633	9.52600301313372
106	WGN15	9.00000000000004	0.607853192845017	1111	7.80733031986634	10.1926696801337
107	WGN15	9.00000000000001	0.60785319284502	1111	7.80733031986631	10.1926696801337
108	WGN15	7.66666666650002	0.607853192845019	1111	6.47399698636632	8.85933634663372
109	WGN15	10.5	0.607853192845016	1111	9.30733031986633	11.6926696801337
110	WGN15	7.1666666665	0.607853192845017	1111	5.9739969863663	8.35933634663369
111	WGN15	9.50000000000002	0.607853192845013	1111	8.30733031986633	10.6926696801337
112	WGN15	8.50000000000001	0.607853192845022	1111	7.3073303198663	9.69266968013372
113	WGN15	8.00000000000004	0.607853192845026	1111	6.80733031986632	9.19266968013375
114	WGN15	9.50000000000001	0.607853192845011	1111	8.30733031986633	10.6926696801337
115	WGN15	7.83333333300005	0.607853192845015	1111	6.64066365286636	9.02600301313374
116	WGN15	7.5	0.607853192845025	1111	6.30733031986629	8.69266968013372
117	WGN15	8.33333333350003	0.607853192845018	1111	7.14066365336633	9.52600301363373
118	WGN15	7.33333333300002	0.607853192845015	1111	6.14066365286632	8.52600301313371
119	WGN15	9.00000000000003	0.607853192845016	1111	7.80733031986634	10.1926696801337
120	WGN15	8.50000000000002	0.607853192845016	1111	7.30733031986633	9.69266968013372
121	WGN15	8.00000000000003	0.607853192845015	1111	6.80733031986634	9.19266968013373
122	WGN15	8.83333333350001	0.607853192845015	1111	7.64066365336631	10.0260030136337
123	WGN15	7.333333333	0.607853192845023	1111	6.14066365286629	8.52600301313371
124	WGN15	8.66666666650002	0.607853192845017	1111	7.47399698636632	9.85933634663372
125	WGN15	8.16666666650003	0.607853192845014	1111	6.97399698636634	9.35933634663372
126	WGN15	9.16666666850002	0.607853192845017	1111	7.97399698836632	10.3593363486337
127	WGN15	8.00000000000001	0.607853192845021	1111	6.80733031986631	9.19266968013372
128	WGN15	9.00000000000004	0.607853192845017	1111	7.80733031986634	10.1926696801337
129	WGN15	8.33333333350003	0.607853192845008	1111	7.14066365336635	9.52600301363371
130	WGN15	9.83333333349998	0.607853192845015	1111	8.64066365336629	11.0260030136337
3	WGN26	9.33333333300006	0.607853192845015	1111	8.14066365286637	10.5260030131338
4	WGN26	8.66666666700003	0.607853192845033	1111	7.4739969868663	9.85933634713376
5	WGN26	7.83333333350011	0.607853192845009	1111	6.64066365336643	9.0260030136338
6	WGN26	8.33333333300006	0.607853192845008	1111	7.14066365286639	9.52600301313374
7	WGN26	8.83333333350006	0.607853192845015	1111	7.64066365336637	10.0260030136338
9	WGN26	8.33333333350003	0.607853192845021	1111	7.14066365336632	9.52600301363373
10	WGN26	8.83333333350002	0.607853192845024	1111	7.64066365336631	10.0260030136337
11	WGN26	8.35693944812012	0.859827470624464	1111	6.66987065185353	10.0440082443867
12	WGN26	8.50000000000002	0.607853192845029	1111	7.3073303198663	9.69266968013374
13	WGN26	7.83333333300009	0.607853192845011	1111	6.6406636528664	9.02600301313377
14	WGN26	8.50000000000006	0.607853192845014	1111	7.30733031986637	9.69266968013375
15	WGN26	7.66666666700009	0.60785319284501	1111	6.47399698686641	8.85933634713377
17	WGN26	8.83333333300005	0.607853192845019	1111	7.64066365286635	10.0260030131338
18	WGN26	8.69027278212011	0.859827470624474	1111	7.00320398585351	10.3773415783867
19	WGN26	9.64306055188001	0.859827470624503	1111	7.95599175561335	11.3301293481467
20	WGN26	8.02360611512011	0.859827470624482	1111	6.33653731885349	9.71067491138673
21	WGN26	8.50000000000001	0.607853192845027	1111	7.3073303198663	9.69266968013373
22	WGN26	9.33333333300005	0.607853192845023	1111	8.14066365286634	10.5260030131338
23	WGN26	8.00000000000002	0.607853192845023	1111	6.80733031986631	9.19266968013373
25	WGN26	8.83333333350001	0.607853192845034	1111	7.64066365336628	10.0260030136337
26	WGN26	8.16666666650006	0.607853192845013	1111	6.97399698636637	9.35933634663375
27	WGN26	8.83333333350001	0.607853192845028	1111	7.6406636533663	10.0260030136337
28	WGN26	8.83333333350003	0.607853192845018	1111	7.64066365336634	10.0260030136337
29	WGN26	7.83333333350011	0.607853192845007	1111	6.64066365336643	9.02600301363379
30	WGN26	7.66666666650006	0.607853192845015	1111	6.47399698636637	8.85933634663376
31	WGN26	8.66666666650001	0.607853192845026	1111	7.4739969863663	9.85933634663373
32	WGN26	8.16666666650004	0.607853192845019	1111	6.97399698636634	9.35933634663374
33	WGN26	8.35693944812007	0.859827470624492	1111	6.66987065185343	10.0440082443867
34	WGN26	9.00000000000002	0.60785319284503	1111	7.8073303198663	10.1926696801337
35	WGN26	8.83333333350006	0.60785319284501	1111	7.64066365336638	10.0260030136337
36	WGN26	8.00000000000008	0.607853192845009	1111	6.80733031986639	9.19266968013376
38	WGN26	9.00000000000003	0.607853192845006	1111	7.80733031986635	10.1926696801337
39	WGN26	8.50000000000008	0.60785319284501	1111	7.30733031986639	9.69266968013376
40	WGN26	8.50000000000007	0.607853192845011	1111	7.30733031986638	9.69266968013375
41	WGN26	6.64306055187997	0.85982747062449	1111	4.95599175561333	8.33012934814661
42	WGN26	9.50000000000004	0.60785319284503	1111	8.30733031986632	10.6926696801338
43	WGN26	8.16666666650004	0.607853192845018	1111	6.97399698636634	9.35933634663374
44	WGN26	10.3333333335	0.607853192845016	1111	9.1406636533663	11.5260030136337
45	WGN26	8.50000000000003	0.607853192845016	1111	7.30733031986633	9.69266968013372
46	WGN26	8.16666666700005	0.607853192845018	1111	6.97399698686635	9.35933634713375
47	WGN26	8.16666666700008	0.607853192845008	1111	6.9739969868664	9.35933634713376
48	WGN26	8.33333333300002	0.60785319284502	1111	7.14066365286632	9.52600301313372
49	WGN26	9.33333333350004	0.607853192845015	1111	8.14066365336635	10.5260030136337
50	WGN26	9.33333333350004	0.607853192845021	1111	8.14066365336633	10.5260030136337
51	WGN26	7.33333333300002	0.607853192845019	1111	6.14066365286632	8.52600301313373
52	WGN26	8.66666666650003	0.607853192845021	1111	7.47399698636633	9.85933634663374
53	WGN26	7.1666666665001	0.607853192845011	1111	5.97399698636642	8.35933634663379
54	WGN26	7.50000000000005	0.607853192845016	1111	6.30733031986635	8.69266968013374
55	WGN26	6.83333333350003	0.607853192845021	1111	5.64066365336632	8.02600301363373
56	WGN26	9.16666666650004	0.607853192845021	1111	7.97399698636634	10.3593363466337
57	WGN26	7.00000000000003	0.607853192845018	1111	5.80733031986633	8.19266968013373
58	WGN26	9.50000000000005	0.607853192845015	1111	8.30733031986635	10.6926696801337
59	WGN26	8.30972721788	0.859827470624482	1111	6.62265842161338	9.99679601414662
60	WGN26	8.83333333300005	0.60785319284501	1111	7.64066365286637	10.0260030131337
61	WGN26	10	0.607853192845017	1111	8.80733031986634	11.1926696801337
62	WGN26	8.83333333350004	0.607853192845019	1111	7.64066365336634	10.0260030136337
64	WGN26	10	0.607853192845017	1111	8.80733031986634	11.1926696801337
65	WGN26	8.166666667	0.607853192845026	1111	6.97399698686629	9.35933634713372
66	WGN26	8.16666666650004	0.607853192845018	1111	6.97399698636634	9.35933634663374
67	WGN26	9.00000000000002	0.607853192845023	1111	7.80733031986632	10.1926696801337
68	WGN26	8.3333333335	0.60785319284502	1111	7.1406636533663	9.5260030136337
69	WGN26	8.83333333350003	0.607853192845022	1111	7.64066365336632	10.0260030136337
70	WGN26	9.49999999850004	0.60785319284502	1111	8.30733031836633	10.6926696786337
71	WGN26	9.00000000000003	0.607853192845024	1111	7.80733031986632	10.1926696801337
73	WGN26	7.333333333	0.60785319284503	1111	6.14066365286627	8.52600301313372
74	WGN26	8.83333333300014	0.607853192845013	1111	7.64066365286646	10.0260030131338
75	WGN26	10.333333335	0.607853192845015	1111	9.14066365486634	11.5260030151337
76	WGN26	8.83333333350004	0.607853192845017	1111	7.64066365336634	10.0260030136337
77	WGN26	7.64306055187999	0.859827470624487	1111	5.95599175561336	9.33012934814662
78	WGN26	9.16666666700002	0.607853192845019	1111	7.97399698686632	10.3593363471337
79	WGN26	11.3569394451201	0.859827470624483	1111	9.66987064885344	13.0440082413867
80	WGN26	8.83333333300004	0.607853192845015	1111	7.64066365286635	10.0260030131337
81	WGN26	8.16666666700005	0.607853192845013	1111	6.97399698686636	9.35933634713374
82	WGN26	9.00000000000007	0.607853192845018	1111	7.80733031986637	10.1926696801338
83	WGN26	7.66666666650003	0.607853192845021	1111	6.47399698636633	8.85933634663374
85	WGN26	11.30972721488	0.859827470624475	1111	9.62265841861336	12.9967960111466
86	WGN26	5.97639388488002	0.859827470624482	1111	4.28932508861339	7.66346268114664
87	WGN26	9.00000000000005	0.607853192845021	1111	7.80733031986634	10.1926696801338
88	WGN26	8.00000000000006	0.607853192845012	1111	6.80733031986637	9.19266968013375
89	WGN26	8.66666666650004	0.607853192845016	1111	7.47399698636634	9.85933634663373
90	WGN26	8.66666666650007	0.607853192845015	1111	7.47399698636637	9.85933634663376
91	WGN26	8.99999999850004	0.607853192845018	1111	7.80733031836634	10.1926696786337
92	WGN26	8.33333333350007	0.607853192845016	1111	7.14066365336638	9.52600301363377
93	WGN26	9.50000000000005	0.607853192845021	1111	8.30733031986634	10.6926696801338
94	WGN26	10.6666666650001	0.607853192845015	1111	9.47399698486636	11.8593363451337
95	WGN26	8.00000000000006	0.607853192845014	1111	6.80733031986637	9.19266968013375
96	WGN26	8.66666666650006	0.607853192845018	1111	7.47399698636636	9.85933634663376
97	WGN26	8.16666666650003	0.607853192845014	1111	6.97399698636634	9.35933634663372
98	WGN26	9.49999999850004	0.607853192845016	1111	8.30733031836635	10.6926696786337
99	WGN26	8.83333333300007	0.607853192845015	1111	7.64066365286638	10.0260030131338
101	WGN26	10.1666666650001	0.607853192845019	1111	8.97399698486635	11.3593363451338
102	WGN26	10.1666666685	0.607853192845012	1111	8.97399698836634	11.3593363486337
103	WGN26	9.33333333300004	0.607853192845022	1111	8.14066365286634	10.5260030131338
104	WGN26	9.16666666500005	0.607853192845019	1111	7.97399698486635	10.3593363451337
105	WGN26	8.66666666650004	0.60785319284502	1111	7.47399698636633	9.85933634663374
106	WGN26	8.00000000000007	0.607853192845014	1111	6.80733031986638	9.19266968013377
108	WGN26	9.00000000000004	0.607853192845017	1111	7.80733031986635	10.1926696801337
109	WGN26	9.16666666650005	0.607853192845019	1111	7.97399698636634	10.3593363466337
111	WGN26	8.00000000000004	0.607853192845017	1111	6.80733031986635	9.19266968013374
112	WGN26	10.333333335	0.607853192845015	1111	9.14066365486634	11.5260030151337
113	WGN26	5.66666666649997	0.60785319284503	1111	4.47399698636625	6.8593363466337
115	WGN26	9.16666666650003	0.607853192845018	1111	7.97399698636633	10.3593363466337
116	WGN26	9.16666666650004	0.607853192845018	1111	7.97399698636634	10.3593363466337
117	WGN26	7.30972721787999	0.859827470624487	1111	5.62265842161336	8.99679601414663
118	WGN26	8.66666666650005	0.607853192845018	1111	7.47399698636635	9.85933634663375
119	WGN26	9.16666666650004	0.607853192845012	1111	7.97399698636635	10.3593363466337
121	WGN26	8.83333333500004	0.607853192845019	1111	7.64066365486634	10.0260030151337
122	WGN26	8.66666666650002	0.60785319284502	1111	7.47399698636632	9.85933634663373
123	WGN26	9.50000000000003	0.60785319284502	1111	8.30733031986633	10.6926696801337
125	WGN26	9.00000000000004	0.607853192845019	1111	7.80733031986634	10.1926696801337
127	WGN26	9.16666666850004	0.607853192845019	1111	7.97399698836634	10.3593363486337
128	WGN26	7.66666666650003	0.607853192845021	1111	6.47399698636632	8.85933634663373
129	WGN26	7.02360611512008	0.859827470624483	1111	5.33653731885345	8.7106749113867
130	WGN26	9.33333333149993	0.607853192844991	1111	8.14066365136628	10.5260030116336
1	WGN36	9.00000000000001	0.607853192845053	1111	7.80733031986624	10.1926696801338
2	WGN36	9.00000000000001	0.607853192845008	1111	7.80733031986633	10.1926696801337
4	WGN36	8.33333333350007	0.607853192845013	1111	7.14066365336638	9.52600301363375
5	WGN36	9.83333333150007	0.607853192845038	1111	8.64066365136633	11.0260030116338
6	WGN36	10.5	0.607853192845018	1111	9.30733031986633	11.6926696801337
7	WGN36	8.83333333300004	0.607853192845018	1111	7.64066365286634	10.0260030131337
8	WGN36	9.16666666700002	0.607853192845029	1111	7.9739969868663	10.3593363471337
9	WGN36	9.69027278212009	0.859827470624495	1111	8.00320398585344	11.3773415783867
10	WGN36	9.66666666699998	0.607853192845011	1111	8.4739969868663	10.8593363471337
11	WGN36	8.33333333300007	0.607853192845004	1111	7.1406636528664	9.52600301313374
12	WGN36	10.0236061151201	0.8598274706245	1111	8.33653731885344	11.7106749113868
13	WGN36	8.66666666650003	0.607853192845015	1111	7.47399698636634	9.85933634663373
14	WGN36	8.16666666650001	0.607853192845015	1111	6.97399698636632	9.35933634663371
15	WGN36	8.33333333300001	0.607853192845027	1111	7.14066365286629	9.52600301313372
16	WGN36	9.50000000000003	0.607853192845014	1111	8.30733031986634	10.6926696801337
17	WGN36	8.50000000000004	0.60785319284502	1111	7.30733031986633	9.69266968013374
18	WGN36	8.33333333300003	0.607853192845016	1111	7.14066365286634	9.52600301313373
19	WGN36	9.16666666650004	0.607853192845028	1111	7.97399698636632	10.3593363466338
20	WGN36	10.166666665	0.607853192845006	1111	8.97399698486632	11.3593363451337
21	WGN36	9.33333333350003	0.607853192845015	1111	8.14066365336634	10.5260030136337
22	WGN36	8.50000000000004	0.607853192845017	1111	7.30733031986634	9.69266968013373
23	WGN36	8.66666666650003	0.607853192845022	1111	7.47399698636632	9.85933634663373
24	WGN36	8.33333333300002	0.607853192845011	1111	7.14066365286634	9.52600301313371
26	WGN36	9.8333333335	0.60785319284501	1111	8.64066365336632	11.0260030136337
27	WGN36	9.49999999850002	0.607853192845013	1111	8.30733031836634	10.6926696786337
28	WGN36	8.50000000000003	0.607853192845022	1111	7.30733031986632	9.69266968013374
30	WGN36	8.66666666650003	0.607853192845021	1111	7.47399698636632	9.85933634663374
31	WGN36	8.50000000000002	0.607853192845023	1111	7.30733031986632	9.69266968013373
32	WGN36	9.50000000150004	0.607853192845013	1111	8.30733032136635	10.6926696816337
33	WGN36	8.33333333300004	0.607853192845015	1111	7.14066365286634	9.52600301313373
34	WGN36	9.49999999850004	0.607853192845017	1111	8.30733031836634	10.6926696786337
35	WGN36	9.16666666700003	0.607853192845013	1111	7.97399698686634	10.3593363471337
36	WGN36	9.00000000000002	0.607853192845016	1111	7.80733031986633	10.1926696801337
37	WGN36	9.69027278212011	0.859827470624492	1111	8.00320398585347	11.3773415783868
38	WGN36	9.69027278212006	0.85982747062447	1111	8.00320398585346	11.3773415783867
39	WGN36	9.66666666650003	0.607853192845016	1111	8.47399698636634	10.8593363466337
40	WGN36	8.66666666650003	0.60785319284502	1111	7.47399698636633	9.85933634663373
41	WGN36	9.66666666500004	0.607853192845019	1111	8.47399698486634	10.8593363451337
42	WGN36	9.99999999850001	0.607853192845012	1111	8.80733031836632	11.1926696786337
43	WGN36	9.16666666700003	0.607853192845017	1111	7.97399698686633	10.3593363471337
44	WGN36	9.99999999850005	0.607853192845021	1111	8.80733031836635	11.1926696786338
45	WGN36	9.16666666700003	0.60785319284502	1111	7.97399698686633	10.3593363471337
46	WGN36	8.83333333300003	0.607853192845021	1111	7.64066365286632	10.0260030131337
47	WGN36	9.00000000000003	0.607853192845014	1111	7.80733031986634	10.1926696801337
48	WGN36	10.5	0.607853192845014	1111	9.30733031986632	11.6926696801337
49	WGN36	7.83333333300002	0.607853192845017	1111	6.64066365286633	9.02600301313372
51	WGN36	7.33333333350004	0.607853192845015	1111	6.14066365336635	8.52600301363374
52	WGN36	9.16666666700003	0.607853192845013	1111	7.97399698686634	10.3593363471337
53	WGN36	9.16666666650003	0.607853192845018	1111	7.97399698636633	10.3593363466337
54	WGN36	10.333333335	0.607853192845014	1111	9.14066365486632	11.5260030151337
55	WGN36	8.83333333350003	0.60785319284502	1111	7.64066365336632	10.0260030136337
56	WGN36	9.50000000000003	0.607853192845017	1111	8.30733031986634	10.6926696801337
57	WGN36	9.66666666500003	0.607853192845017	1111	8.47399698486633	10.8593363451337
58	WGN36	8.00000000000003	0.607853192845017	1111	6.80733031986633	9.19266968013373
59	WGN36	8.33333333350004	0.607853192845014	1111	7.14066365336635	9.52600301363373
60	WGN36	8.50000000000003	0.607853192845015	1111	7.30733031986634	9.69266968013373
62	WGN36	8.50000000000004	0.607853192845016	1111	7.30733031986634	9.69266968013373
64	WGN36	9.33333333350002	0.607853192845013	1111	8.14066365336633	10.5260030136337
65	WGN36	8.83333333300003	0.607853192845019	1111	7.64066365286633	10.0260030131337
66	WGN36	9.50000000000002	0.607853192845014	1111	8.30733031986633	10.6926696801337
68	WGN36	9.66666666650003	0.607853192845018	1111	8.47399698636633	10.8593363466337
69	WGN36	8.00000000000004	0.607853192845018	1111	6.80733031986634	9.19266968013374
70	WGN36	9.50000000000004	0.607853192845019	1111	8.30733031986633	10.6926696801337
71	WGN36	8.16666666650003	0.607853192845016	1111	6.97399698636634	9.35933634663373
72	WGN36	10.166666665	0.607853192845017	1111	8.97399698486633	11.3593363451337
74	WGN36	10.5	0.607853192845016	1111	9.30733031986632	11.6926696801337
75	WGN36	9.00000000000003	0.607853192845018	1111	7.80733031986633	10.1926696801337
76	WGN36	8.50000000000003	0.607853192845017	1111	7.30733031986633	9.69266968013373
77	WGN36	9.00000000000003	0.607853192845012	1111	7.80733031986634	10.1926696801337
78	WGN36	8.50000000000002	0.60785319284502	1111	7.30733031986632	9.69266968013372
79	WGN36	9.66666666500003	0.607853192845017	1111	8.47399698486633	10.8593363451337
80	WGN36	8.50000000000003	0.607853192845017	1111	7.30733031986633	9.69266968013372
81	WGN36	9.33333333350003	0.607853192845018	1111	8.14066365336633	10.5260030136337
82	WGN36	9.66666666650003	0.607853192845015	1111	8.47399698636634	10.8593363466337
83	WGN36	10.166666665	0.607853192845017	1111	8.97399698486633	11.3593363451337
84	WGN36	9.50000000000003	0.607853192845016	1111	8.30733031986633	10.6926696801337
85	WGN36	7.00000000000003	0.607853192845014	1111	5.80733031986634	8.19266968013372
86	WGN36	9.83333333150004	0.607853192845017	1111	8.64066365136634	11.0260030116337
87	WGN36	9.66666666650003	0.607853192845017	1111	8.47399698636634	10.8593363466337
88	WGN36	8.66666666650003	0.607853192845017	1111	7.47399698636633	9.85933634663373
89	WGN36	8.00000000000004	0.607853192845016	1111	6.80733031986634	9.19266968013373
90	WGN36	7.50000000000003	0.607853192845018	1111	6.30733031986633	8.69266968013373
92	WGN36	7.83333333350003	0.607853192845016	1111	6.64066365336634	9.02600301363373
93	WGN36	10.1666666685	0.607853192845017	1111	8.97399698836633	11.3593363486337
94	WGN36	7.50000000000005	0.607853192845018	1111	6.30733031986635	8.69266968013375
95	WGN36	8.83333333350003	0.607853192845016	1111	7.64066365336633	10.0260030136337
96	WGN36	9.99999999850003	0.60785319284502	1111	8.80733031836633	11.1926696786337
97	WGN36	10.4999999985	0.607853192845016	1111	9.30733031836631	11.6926696786337
98	WGN36	8.50000000000004	0.607853192845012	1111	7.30733031986635	9.69266968013373
99	WGN36	8.16666666650004	0.607853192845014	1111	6.97399698636635	9.35933634663374
100	WGN36	8.00000000000004	0.607853192845018	1111	6.80733031986634	9.19266968013374
102	WGN36	10.6666666685	0.607853192845018	1111	9.47399698836634	11.8593363486337
104	WGN36	8.50000000000004	0.607853192845016	1111	7.30733031986634	9.69266968013373
105	WGN36	8.66666666650003	0.607853192845016	1111	7.47399698636633	9.85933634663373
106	WGN36	9.66666666850004	0.607853192845022	1111	8.47399698836633	10.8593363486337
107	WGN36	10.3333333335	0.607853192845015	1111	9.14066365336633	11.5260030136337
108	WGN36	10.166666665	0.607853192845016	1111	8.97399698486633	11.3593363451337
109	WGN36	7.66666666700004	0.607853192845017	1111	6.47399698686634	8.85933634713373
110	WGN36	9.50000000150004	0.60785319284502	1111	8.30733032136634	10.6926696816337
112	WGN36	10.66666667	0.607853192845014	1111	9.47399698986633	11.8593363501337
114	WGN36	8.83333333150003	0.607853192845017	1111	7.64066365136634	10.0260030116337
116	WGN36	8.83333333350003	0.607853192845016	1111	7.64066365336634	10.0260030136337
117	WGN36	9.50000000000003	0.607853192845012	1111	8.30733031986634	10.6926696801337
118	WGN36	9.83333333350005	0.607853192845017	1111	8.64066365336635	11.0260030136337
119	WGN36	8.16666666650004	0.607853192845019	1111	6.97399698636634	9.35933634663374
120	WGN36	7.33333333300003	0.607853192845016	1111	6.14066365286634	8.52600301313373
121	WGN36	9.33333333350003	0.607853192845021	1111	8.14066365336633	10.5260030136337
122	WGN36	10.0000000015	0.607853192845019	1111	8.80733032136633	11.1926696816337
123	WGN36	9.16666666700002	0.607853192845016	1111	7.97399698686632	10.3593363471337
124	WGN36	9.66666666500002	0.607853192845016	1111	8.47399698486633	10.8593363451337
125	WGN36	7.66666666650003	0.607853192845017	1111	6.47399698636633	8.85933634663373
126	WGN36	9.00000000000003	0.607853192845017	1111	7.80733031986633	10.1926696801337
127	WGN36	10.5	0.607853192845016	1111	9.30733031986633	11.6926696801337
128	WGN36	10.0000000015	0.607853192845015	1111	8.80733032136634	11.1926696816337
129	WGN36	11.333333335	0.607853192845018	1111	10.1406636548663	12.5260030151337
130	WGN36	9.50000000000003	0.607853192845016	1111	8.30733031986634	10.6926696801337
1	WGN38	10.3333333334999	0.60785319284503	1111	9.14066365336614	11.5260030136336
2	WGN38	10.5000000000001	0.607853192845023	1111	9.30733031986641	11.6926696801338
3	WGN38	8.33333333350015	0.607853192845014	1111	7.14066365336646	9.52600301363384
4	WGN38	10.5000000000001	0.607853192845012	1111	9.30733031986643	11.6926696801338
5	WGN38	9.00000000000008	0.607853192845019	1111	7.80733031986638	10.1926696801338
6	WGN38	10.0236061151202	0.859827470624486	1111	8.33653731885356	11.7106749113868
7	WGN38	9.00000000000014	0.607853192845013	1111	7.80733031986645	10.1926696801338
8	WGN38	9.1666666665001	0.607853192845024	1111	7.97399698636639	10.3593363466338
10	WGN38	9.1666666665001	0.607853192845025	1111	7.97399698636638	10.3593363466338
11	WGN38	10.3333333350001	0.607853192845016	1111	9.14066365486642	11.5260030151338
12	WGN38	8.02360611512021	0.859827470624481	1111	6.33653731885359	9.71067491138684
13	WGN38	10.8333333335001	0.607853192845018	1111	9.64066365336642	12.0260030136338
14	WGN38	9.1666666665001	0.607853192845023	1111	7.97399698636639	10.3593363466338
16	WGN38	9.33333333300014	0.607853192845014	1111	8.14066365286644	10.5260030131338
18	WGN38	9.00000000150012	0.607853192845018	1111	7.80733032136642	10.1926696816338
19	WGN38	10.0000000000001	0.607853192845015	1111	8.80733031986643	11.1926696801338
20	WGN38	9.83333333500014	0.607853192845012	1111	8.64066365486645	11.0260030151338
21	WGN38	9.00000000000012	0.607853192845016	1111	7.80733031986643	10.1926696801338
22	WGN38	9.0000000000001	0.607853192845021	1111	7.8073303198664	10.1926696801338
23	WGN38	9.50000000000012	0.60785319284502	1111	8.30733031986642	10.6926696801338
24	WGN38	9.83333333500012	0.607853192845013	1111	8.64066365486643	11.0260030151338
26	WGN38	9.66666666500012	0.607853192845017	1111	8.47399698486642	10.8593363451338
27	WGN38	8.6666666665001	0.607853192845021	1111	7.4739969863664	9.85933634663381
28	WGN38	9.83333333150011	0.607853192845021	1111	8.64066365136641	11.0260030116338
29	WGN38	10.3333333300001	0.607853192845021	1111	9.14066364986642	11.5260030101338
30	WGN38	9.33333333350013	0.607853192845015	1111	8.14066365336643	10.5260030136338
32	WGN38	10.0000000000001	0.607853192845014	1111	8.80733031986643	11.1926696801338
33	WGN38	8.50000000000012	0.607853192845018	1111	7.30733031986642	9.69266968013382
34	WGN38	9.49999999850013	0.607853192845016	1111	8.30733031836644	10.6926696786338
35	WGN38	9.83333333150013	0.607853192845014	1111	8.64066365136644	11.0260030116338
36	WGN38	9.00000000000013	0.607853192845019	1111	7.80733031986643	10.1926696801338
37	WGN38	10.1666666665001	0.607853192845014	1111	8.97399698636644	11.3593363466338
38	WGN38	10.1666666685001	0.607853192845021	1111	8.97399698836642	11.3593363486338
39	WGN38	9.83333333350012	0.607853192845018	1111	8.64066365336642	11.0260030136338
40	WGN38	9.00000000000012	0.607853192845017	1111	7.80733031986642	10.1926696801338
41	WGN38	9.83333333350012	0.607853192845018	1111	8.64066365336642	11.0260030136338
42	WGN38	9.33333333350013	0.607853192845015	1111	8.14066365336643	10.5260030136338
45	WGN38	9.33333333150013	0.607853192845015	1111	8.14066365136644	10.5260030116338
46	WGN38	9.16666666650013	0.607853192845017	1111	7.97399698636643	10.3593363466338
47	WGN38	7.83333333300015	0.607853192845014	1111	6.64066365286646	9.02600301313384
48	WGN38	9.83333333150012	0.60785319284502	1111	8.64066365136642	11.0260030116338
49	WGN38	9.99999999850012	0.607853192845014	1111	8.80733031836643	11.1926696786338
50	WGN38	10.5000000000001	0.607853192845019	1111	9.30733031986642	11.6926696801338
51	WGN38	7.83333333300011	0.607853192845019	1111	6.64066365286641	9.02600301313382
52	WGN38	9.16666666650011	0.60785319284502	1111	7.97399698636641	10.3593363466338
53	WGN38	10.0000000015001	0.607853192845017	1111	8.80733032136643	11.1926696816338
54	WGN38	10.5000000000001	0.607853192845018	1111	9.30733031986643	11.6926696801338
55	WGN38	9.50000000000013	0.607853192845016	1111	8.30733031986643	10.6926696801338
56	WGN38	10.1666666650001	0.607853192845019	1111	8.97399698486642	11.3593363451338
59	WGN38	7.83333333350013	0.607853192845017	1111	6.64066365336643	9.02600301363382
61	WGN38	10.3333333300001	0.607853192845019	1111	9.14066364986643	11.5260030101338
63	WGN38	8.99999999850012	0.607853192845018	1111	7.80733031836643	10.1926696786338
64	WGN38	9.66666666850012	0.60785319284502	1111	8.47399698836642	10.8593363486338
65	WGN38	10.6666666650001	0.607853192845016	1111	9.47399698486642	11.8593363451338
66	WGN38	8.66666666650013	0.607853192845017	1111	7.47399698636643	9.85933634663382
67	WGN38	9.50000000150012	0.607853192845017	1111	8.30733032136642	10.6926696816338
68	WGN38	8.66666666650012	0.607853192845019	1111	7.47399698636642	9.85933634663382
69	WGN38	10.3333333315001	0.607853192845018	1111	9.14066365136643	11.5260030116338
70	WGN38	9.33333333500012	0.607853192845019	1111	8.14066365486642	10.5260030151338
72	WGN38	9.66666666650012	0.607853192845018	1111	8.47399698636642	10.8593363466338
73	WGN38	9.83333333500013	0.607853192845016	1111	8.64066365486643	11.0260030151338
74	WGN38	9.16666666700013	0.607853192845016	1111	7.97399698686643	10.3593363471338
76	WGN38	10.5000000000001	0.607853192845016	1111	9.30733031986643	11.6926696801338
77	WGN38	9.33333333350012	0.607853192845018	1111	8.14066365336642	10.5260030136338
78	WGN38	9.00000000000014	0.607853192845016	1111	7.80733031986644	10.1926696801338
80	WGN38	7.83333333300011	0.607853192845019	1111	6.64066365286641	9.02600301313381
81	WGN38	9.16666666650013	0.607853192845017	1111	7.97399698636643	10.3593363466338
82	WGN38	8.83333333300012	0.607853192845016	1111	7.64066365286643	10.0260030131338
83	WGN38	8.66666666700013	0.607853192845016	1111	7.47399698686643	9.85933634713382
84	WGN38	8.83333333350012	0.607853192845017	1111	7.64066365336643	10.0260030136338
85	WGN38	9.00000000000013	0.607853192845016	1111	7.80733031986643	10.1926696801338
86	WGN38	9.83333333350012	0.607853192845018	1111	8.64066365336642	11.0260030136338
87	WGN38	8.33333333350012	0.607853192845017	1111	7.14066365336642	9.52600301363382
88	WGN38	9.99999999850012	0.607853192845019	1111	8.80733031836642	11.1926696786338
89	WGN38	9.33333333350012	0.607853192845017	1111	8.14066365336642	10.5260030136338
90	WGN38	9.08333333350011	0.607853192845019	1111	7.89066365336641	10.2760030136338
91	WGN38	9.83333333150012	0.607853192845018	1111	8.64066365136642	11.0260030116338
92	WGN38	7.66666666700012	0.607853192845018	1111	6.47399698686642	8.85933634713382
93	WGN38	10.0000000000001	0.607853192845018	1111	8.80733031986643	11.1926696801338
94	WGN38	9.99999999850012	0.607853192845017	1111	8.80733031836643	11.1926696786338
95	WGN38	9.66666666650012	0.607853192845019	1111	8.47399698636642	10.8593363466338
96	WGN38	10.1666666665001	0.607853192845018	1111	8.97399698636642	11.3593363466338
97	WGN38	9.66666666650012	0.607853192845018	1111	8.47399698636642	10.8593363466338
98	WGN38	9.50000000000012	0.607853192845018	1111	8.30733031986642	10.6926696801338
99	WGN38	9.66666666700012	0.607853192845017	1111	8.47399698686642	10.8593363471338
100	WGN38	9.50000000000012	0.607853192845018	1111	8.30733031986642	10.6926696801338
101	WGN38	8.50000000000013	0.607853192845017	1111	7.30733031986643	9.69266968013382
102	WGN38	9.50000000000013	0.607853192845017	1111	8.30733031986643	10.6926696801338
103	WGN38	8.50000000000012	0.607853192845019	1111	7.30733031986642	9.69266968013382
104	WGN38	9.16666666700013	0.607853192845016	1111	7.97399698686644	10.3593363471338
106	WGN38	8.35693944812019	0.859827470624484	1111	6.66987065185356	10.0440082443868
107	WGN38	10.1666666650001	0.607853192845019	1111	8.97399698486642	11.3593363451338
108	WGN38	8.97639388488006	0.859827470624488	1111	7.28932508861343	10.6634626811467
109	WGN38	9.97639388488008	0.859827470624488	1111	8.28932508861344	11.6634626811467
110	WGN38	9.50000000000012	0.607853192845018	1111	8.30733031986642	10.6926696801338
111	WGN38	8.33333333300013	0.607853192845018	1111	7.14066365286643	9.52600301313383
112	WGN38	8.69027278212018	0.859827470624486	1111	7.00320398585354	10.3773415783868
113	WGN38	8.50000000000013	0.607853192845017	1111	7.30733031986643	9.69266968013383
114	WGN38	9.99999999850012	0.607853192845017	1111	8.80733031836643	11.1926696786338
115	WGN38	7.66666666700013	0.607853192845018	1111	6.47399698686643	8.85933634713383
1	WGN39	9.9999999984996	0.607853192844994	1111	8.80733031836595	11.1926696786332
2	WGN39	6.83333333350016	0.607853192845008	1111	5.64066365336648	8.02600301363384
3	WGN39	7.50000000000007	0.60785319284501	1111	6.30733031986638	8.69266968013375
4	WGN39	6.49999999999999	0.607853192845022	1111	5.30733031986628	7.6926696801337
5	WGN39	9.66666666650003	0.607853192845024	1111	8.47399698636632	10.8593363466337
6	WGN39	7.33333333350005	0.607853192845012	1111	6.14066365336636	8.52600301363374
7	WGN39	7.50000000000015	0.607853192845005	1111	6.30733031986648	8.69266968013382
8	WGN39	7.83333333350008	0.607853192845013	1111	6.64066365336639	9.02600301363377
9	WGN39	9.16666666650006	0.607853192845009	1111	7.97399698636638	10.3593363466337
10	WGN39	7.83333333350003	0.607853192845017	1111	6.64066365336633	9.02600301363372
11	WGN39	7.16666666700008	0.607853192845012	1111	5.97399698686639	8.35933634713377
12	WGN39	8.3333333335	0.607853192845022	1111	7.14066365336629	9.52600301363371
13	WGN39	7.33333333350005	0.607853192845013	1111	6.14066365336636	8.52600301363373
14	WGN39	9.33333333349999	0.607853192845018	1111	8.14066365336629	10.5260030136337
15	WGN39	9.4999999985	0.607853192845024	1111	8.30733031836629	10.6926696786337
16	WGN39	8.83333333350006	0.607853192845014	1111	7.64066365336637	10.0260030136338
17	WGN39	8.49999999999993	0.607853192845022	1111	7.30733031986622	9.69266968013364
18	WGN39	8.66666666650005	0.607853192845016	1111	7.47399698636635	9.85933634663374
19	WGN39	7.833333333	0.607853192845025	1111	6.64066365286629	9.02600301313371
20	WGN39	8.5	0.607853192845026	1111	7.30733031986628	9.69266968013371
21	WGN39	7.83333333300005	0.607853192845014	1111	6.64066365286636	9.02600301313374
22	WGN39	7.69027278212005	0.859827470624484	1111	6.00320398585342	9.37734157838667
24	WGN39	8.49999999849995	0.607853192845026	1111	7.30733031836624	9.69266967863367
25	WGN39	9.50000000000003	0.607853192845014	1111	8.30733031986634	10.6926696801337
26	WGN39	8.833333333	0.60785319284502	1111	7.6406636528663	10.0260030131337
27	WGN39	9.99999999850003	0.607853192845004	1111	8.80733031836636	11.1926696786337
28	WGN39	7.00000000000001	0.607853192845018	1111	5.80733031986631	8.19266968013371
29	WGN39	6.49999999999995	0.607853192845025	1111	5.30733031986624	7.69266968013366
30	WGN39	9.33333333300001	0.607853192845019	1111	8.14066365286631	10.5260030131337
31	WGN39	8.16666666650005	0.607853192845015	1111	6.97399698636636	9.35933634663375
32	WGN39	9.33333333349999	0.607853192845016	1111	8.1406636533663	10.5260030136337
34	WGN39	7.49999999999998	0.607853192845021	1111	6.30733031986628	8.69266968013368
35	WGN39	7.83333333300006	0.607853192845015	1111	6.64066365286636	9.02600301313375
36	WGN39	7.49999999999999	0.607853192845022	1111	6.30733031986628	8.69266968013369
37	WGN39	8.50000000000003	0.607853192845014	1111	7.30733031986634	9.69266968013372
38	WGN39	7.35693944812005	0.859827470624485	1111	5.66987065185342	9.04400824438668
39	WGN39	8.5	0.607853192845022	1111	7.30733031986629	9.6926696801337
40	WGN39	9.00000000000003	0.607853192845018	1111	7.80733031986633	10.1926696801337
41	WGN39	9.00000000000002	0.607853192845023	1111	7.80733031986631	10.1926696801337
42	WGN39	6.83333333350006	0.607853192845014	1111	5.64066365336637	8.02600301363375
43	WGN39	9.16666666700002	0.607853192845018	1111	7.97399698686632	10.3593363471337
44	WGN39	7.50000000000005	0.607853192845015	1111	6.30733031986636	8.69266968013375
45	WGN39	8.16666666700006	0.607853192845012	1111	6.97399698686638	9.35933634713375
46	WGN39	7.66666666700005	0.607853192845016	1111	6.47399698686635	8.85933634713374
47	WGN39	8.16666666650002	0.607853192845021	1111	6.97399698636631	9.35933634663372
48	WGN39	8.83333333350004	0.60785319284502	1111	7.64066365336633	10.0260030136337
49	WGN39	8.16666666650005	0.607853192845013	1111	6.97399698636636	9.35933634663374
50	WGN39	8.83333333350003	0.607853192845017	1111	7.64066365336634	10.0260030136337
51	WGN39	8.33333333300001	0.607853192845021	1111	7.1406636528663	9.52600301313372
52	WGN39	9.33333333350001	0.607853192845021	1111	8.14066365336631	10.5260030136337
53	WGN39	8	0.607853192845021	1111	6.80733031986629	9.1926696801337
54	WGN39	8.33333333350004	0.607853192845015	1111	7.14066365336635	9.52600301363374
55	WGN39	9.33333333350003	0.607853192845014	1111	8.14066365336634	10.5260030136337
56	WGN39	8.66666666650003	0.607853192845018	1111	7.47399698636633	9.85933634663373
57	WGN39	8.66666666650003	0.607853192845015	1111	7.47399698636634	9.85933634663373
58	WGN39	8.50000000000004	0.607853192845014	1111	7.30733031986635	9.69266968013373
59	WGN39	8.50000000000002	0.607853192845019	1111	7.30733031986632	9.69266968013372
60	WGN39	7.83333333350005	0.607853192845014	1111	6.64066365336636	9.02600301363374
61	WGN39	9.33333333300003	0.60785319284502	1111	8.14066365286632	10.5260030131337
62	WGN39	10	0.607853192845018	1111	8.80733031986632	11.1926696801337
63	WGN39	8.33333333150002	0.607853192845017	1111	7.14066365136632	9.52600301163372
64	WGN39	8.33333333350002	0.607853192845017	1111	7.14066365336632	9.52600301363372
65	WGN39	7.83333333350005	0.607853192845015	1111	6.64066365336636	9.02600301363374
66	WGN39	8.33333333350005	0.607853192845015	1111	7.14066365336635	9.52600301363374
67	WGN39	9.50000000000003	0.607853192845017	1111	8.30733031986633	10.6926696801337
68	WGN39	5.99999999999998	0.607853192845021	1111	4.80733031986628	7.19266968013369
69	WGN39	8.83333333300003	0.607853192845019	1111	7.64066365286633	10.0260030131337
70	WGN39	8.00000000000001	0.607853192845021	1111	6.8073303198663	9.19266968013371
71	WGN39	8.50000000000002	0.607853192845018	1111	7.30733031986632	9.69266968013372
72	WGN39	6.83333333350002	0.607853192845019	1111	5.64066365336631	8.02600301363372
73	WGN39	9.16666666650002	0.607853192845019	1111	7.97399698636632	10.3593363466337
74	WGN39	8.33333333300003	0.607853192845017	1111	7.14066365286634	9.52600301313373
75	WGN39	6.66666666700004	0.607853192845017	1111	5.47399698686634	7.85933634713374
76	WGN39	8.33333333300004	0.607853192845016	1111	7.14066365286635	9.52600301313374
77	WGN39	7.16666666700003	0.607853192845018	1111	5.97399698686633	8.35933634713373
78	WGN39	8.83333333300003	0.607853192845017	1111	7.64066365286633	10.0260030131337
79	WGN39	8.83333333300002	0.607853192845019	1111	7.64066365286632	10.0260030131337
80	WGN39	9.00000000000003	0.607853192845017	1111	7.80733031986633	10.1926696801337
81	WGN39	8.50000000000001	0.60785319284502	1111	7.30733031986631	9.69266968013371
82	WGN39	8.50000000000004	0.607853192845016	1111	7.30733031986634	9.69266968013373
83	WGN39	8.66666666650003	0.607853192845016	1111	7.47399698636634	9.85933634663373
84	WGN39	8.66666666700003	0.607853192845017	1111	7.47399698686633	9.85933634713373
85	WGN39	8.83333333350002	0.607853192845019	1111	7.64066365336632	10.0260030136337
86	WGN39	8.33333333350003	0.607853192845018	1111	7.14066365336633	9.52600301363373
87	WGN39	8.50000000000002	0.607853192845018	1111	7.30733031986632	9.69266968013372
88	WGN39	9.16666666650003	0.607853192845018	1111	7.97399698636633	10.3593363466337
89	WGN39	8.50000000000004	0.607853192845015	1111	7.30733031986635	9.69266968013374
90	WGN39	9.66666666500003	0.607853192845019	1111	8.47399698486633	10.8593363451337
91	WGN39	9.00000000000003	0.607853192845015	1111	7.80733031986634	10.1926696801337
92	WGN39	7.66666666650003	0.607853192845017	1111	6.47399698636633	8.85933634663373
93	WGN39	9.83333333150003	0.607853192845019	1111	8.64066365136632	11.0260030116337
94	WGN39	8.66666666700002	0.607853192845018	1111	7.47399698686632	9.85933634713372
95	WGN39	8.33333333350003	0.607853192845017	1111	7.14066365336633	9.52600301363373
96	WGN39	8.83333333300004	0.607853192845016	1111	7.64066365286634	10.0260030131337
97	WGN39	8.16666666700002	0.607853192845019	1111	6.97399698686632	9.35933634713372
98	WGN39	6.66666666700004	0.607853192845017	1111	5.47399698686634	7.85933634713373
99	WGN39	6.83333333350001	0.607853192845019	1111	5.64066365336631	8.02600301363371
100	WGN39	7.16666666700002	0.607853192845017	1111	5.97399698686633	8.35933634713372
101	WGN39	6.33333333350005	0.607853192845016	1111	5.14066365336635	7.52600301363374
102	WGN39	8.16666666700003	0.607853192845018	1111	6.97399698686633	9.35933634713373
104	WGN39	10	0.607853192845017	1111	8.80733031986633	11.1926696801337
105	WGN39	7.97639388488	0.859827470624482	1111	6.28932508861338	9.66346268114663
106	WGN39	9.00000000000003	0.607853192845017	1111	7.80733031986633	10.1926696801337
107	WGN39	7.16666666650001	0.607853192845018	1111	5.97399698636631	8.35933634663371
108	WGN39	7.69027278212008	0.859827470624485	1111	6.00320398585345	9.37734157838671
109	WGN39	8.83333333350003	0.607853192845017	1111	7.64066365336633	10.0260030136337
110	WGN39	7.66666666700002	0.607853192845018	1111	6.47399698686632	8.85933634713372
111	WGN39	9.00000000000002	0.607853192845017	1111	7.80733031986633	10.1926696801337
112	WGN39	8.83333333350002	0.607853192845017	1111	7.64066365336632	10.0260030136337
113	WGN39	7.50000000000002	0.607853192845018	1111	6.30733031986632	8.69266968013372
114	WGN39	8.33333333350003	0.607853192845017	1111	7.14066365336633	9.52600301363373
115	WGN39	8.33333333300003	0.607853192845017	1111	7.14066365286633	9.52600301313372
116	WGN39	9.33333333350003	0.607853192845018	1111	8.14066365336633	10.5260030136337
117	WGN39	8.33333333350002	0.607853192845018	1111	7.14066365336632	9.52600301363372
118	WGN39	8.50000000000003	0.607853192845017	1111	7.30733031986633	9.69266968013373
120	WGN39	8.33333333350003	0.607853192845017	1111	7.14066365336633	9.52600301363373
121	WGN39	9.35693944812008	0.859827470624486	1111	7.66987065185345	11.0440082443867
122	WGN39	9.83333333350002	0.607853192845016	1111	8.64066365336633	11.0260030136337
123	WGN39	8.83333333350003	0.607853192845017	1111	7.64066365336633	10.0260030136337
124	WGN39	9.66666666700002	0.607853192845019	1111	8.47399698686632	10.8593363471337
125	WGN39	7.66666666650002	0.607853192845018	1111	6.47399698636633	8.85933634663372
126	WGN39	7.83333333350003	0.607853192845017	1111	6.64066365336633	9.02600301363373
127	WGN39	9.50000000000003	0.607853192845017	1111	8.30733031986633	10.6926696801337
128	WGN39	9.64306055187997	0.859827470624486	1111	7.95599175561334	11.3301293481466
129	WGN39	9.83333333350002	0.607853192845017	1111	8.64066365336632	11.0260030136337
130	WGN39	7.00000000000003	0.607853192845017	1111	5.80733031986634	8.19266968013373
1	WGN45	8.16666666649995	0.607853192845041	1111	6.97399698636621	9.3593363466337
2	WGN45	9.66666666850012	0.60785319284502	1111	8.47399698836642	10.8593363486338
3	WGN45	7.66666666700008	0.607853192845014	1111	6.47399698686639	8.85933634713377
4	WGN45	8.33333333350009	0.607853192845025	1111	7.14066365336638	9.5260030136338
5	WGN45	9.16666666700002	0.607853192845	1111	7.97399698686635	10.3593363471337
6	WGN45	8.00000000000008	0.60785319284503	1111	6.80733031986635	9.1926696801338
7	WGN45	9.33333333500008	0.607853192845017	1111	8.14066365486638	10.5260030151338
8	WGN45	8.50000000000009	0.607853192845018	1111	7.30733031986639	9.69266968013379
9	WGN45	8.00000000000007	0.607853192845021	1111	6.80733031986637	9.19266968013378
10	WGN45	8.83333333350009	0.60785319284502	1111	7.64066365336639	10.0260030136338
11	WGN45	9.0000000000001	0.607853192845019	1111	7.8073303198664	10.1926696801338
12	WGN45	7.66666666700009	0.607853192845025	1111	6.47399698686638	8.85933634713381
13	WGN45	8.83333333350008	0.607853192845018	1111	7.64066365336638	10.0260030136338
14	WGN45	8.00000000000009	0.607853192845014	1111	6.8073303198664	9.19266968013378
15	WGN45	7.0000000000001	0.607853192845017	1111	5.80733031986641	8.1926696801338
16	WGN45	9.83333333150008	0.607853192845015	1111	8.64066365136638	11.0260030116338
17	WGN45	7.66666666650004	0.607853192845024	1111	6.47399698636633	8.85933634663376
18	WGN45	5.33333333300006	0.60785319284502	1111	4.14066365286635	6.52600301313376
19	WGN45	8.5000000000001	0.607853192845023	1111	7.30733031986639	9.69266968013381
20	WGN45	8.66666666700008	0.607853192845024	1111	7.47399698686637	9.85933634713379
22	WGN45	5.00000000000008	0.607853192845019	1111	3.80733031986638	6.19266968013378
23	WGN45	10.0000000000001	0.607853192845014	1111	8.80733031986638	11.1926696801338
24	WGN45	7.30972721788002	0.859827470624497	1111	5.62265842161336	8.99679601414667
26	WGN45	7.69027278212012	0.859827470624495	1111	6.00320398585347	9.37734157838677
28	WGN45	8.16666666650008	0.607853192845016	1111	6.97399698636638	9.35933634663377
29	WGN45	8.33333333350008	0.607853192845015	1111	7.14066365336639	9.52600301363378
31	WGN45	9.00000000000007	0.607853192845011	1111	7.80733031986639	10.1926696801338
32	WGN45	9.16666666650008	0.607853192845018	1111	7.97399698636639	10.3593363466338
33	WGN45	7.33333333300009	0.60785319284502	1111	6.14066365286638	8.52600301313379
34	WGN45	7.16666666700009	0.607853192845015	1111	5.97399698686639	8.35933634713378
35	WGN45	9.83333333150013	0.607853192845026	1111	8.64066365136642	11.0260030116338
36	WGN45	8.66666666650007	0.60785319284502	1111	7.47399698636637	9.85933634663377
37	WGN45	9.3333333330001	0.607853192845024	1111	8.14066365286639	10.5260030131338
40	WGN45	9.50000000000008	0.607853192845015	1111	8.30733031986639	10.6926696801338
41	WGN45	8.66666666650009	0.607853192845009	1111	7.47399698636641	9.85933634663377
42	WGN45	7.50000000000009	0.60785319284502	1111	6.30733031986638	8.69266968013379
43	WGN45	10.4999999985001	0.607853192845024	1111	9.30733031836642	11.6926696786338
44	WGN45	9.66666666650009	0.607853192845015	1111	8.4739969863664	10.8593363466338
45	WGN45	7.83333333350007	0.607853192845023	1111	6.64066365336637	9.02600301363378
46	WGN45	8.00000000000007	0.607853192845014	1111	6.80733031986637	9.19266968013376
49	WGN45	9.33333333300008	0.607853192845018	1111	8.14066365286638	10.5260030131338
52	WGN45	7.64306055188004	0.859827470624485	1111	5.95599175561341	9.33012934814667
53	WGN45	9.99999999850008	0.607853192845017	1111	8.80733031836638	11.1926696786338
54	WGN45	8.50000000000009	0.607853192845014	1111	7.3073303198664	9.69266968013378
55	WGN45	10.0000000000001	0.607853192845019	1111	8.80733031986639	11.1926696801338
56	WGN45	9.16666666650009	0.607853192845017	1111	7.97399698636639	10.3593363466338
57	WGN45	8.83333333350008	0.607853192845016	1111	7.64066365336639	10.0260030136338
58	WGN45	8.33333333350008	0.607853192845015	1111	7.14066365336639	9.52600301363378
59	WGN45	7.66666666700008	0.607853192845013	1111	6.47399698686639	8.85933634713377
60	WGN45	8.30972721788002	0.859827470624487	1111	6.62265842161339	9.99679601414665
61	WGN45	9.00000000000009	0.607853192845021	1111	7.80733031986638	10.1926696801338
62	WGN45	8.83333333300009	0.607853192845017	1111	7.64066365286639	10.0260030131338
64	WGN45	9.00000000000008	0.607853192845018	1111	7.80733031986638	10.1926696801338
65	WGN45	8.33333333300009	0.607853192845013	1111	7.1406636528664	9.52600301313378
66	WGN45	7.0000000000001	0.607853192845012	1111	5.80733031986641	8.19266968013379
68	WGN45	8.50000000000008	0.607853192845019	1111	7.30733031986638	9.69266968013378
69	WGN45	9.16666666650007	0.607853192845014	1111	7.97399698636638	10.3593363466338
70	WGN45	6.83333333300008	0.60785319284502	1111	5.64066365286637	8.02600301313378
71	WGN45	8.66666666650007	0.607853192845014	1111	7.47399698636638	9.85933634663376
72	WGN45	8.66666666650008	0.607853192845016	1111	7.47399698636639	9.85933634663378
73	WGN45	7.97639388488003	0.859827470624496	1111	6.28932508861338	9.66346268114668
74	WGN45	8.35693944812013	0.859827470624482	1111	6.66987065185351	10.0440082443868
75	WGN45	8.35693944812014	0.859827470624485	1111	6.66987065185351	10.0440082443868
76	WGN45	9.66666666650008	0.607853192845019	1111	8.47399698636638	10.8593363466338
78	WGN45	7.30972721788002	0.859827470624492	1111	5.62265842161337	8.99679601414666
80	WGN45	8.50000000000008	0.607853192845019	1111	7.30733031986638	9.69266968013378
81	WGN45	9.83333333350009	0.607853192845018	1111	8.64066365336639	11.0260030136338
82	WGN45	11.3097272148801	0.859827470624489	1111	9.62265841861341	12.9967960111467
84	WGN45	9.83333333350008	0.607853192845016	1111	8.64066365336638	11.0260030136338
85	WGN45	12.0000000000001	0.607853192845017	1111	10.8073303198664	13.1926696801338
86	WGN45	7.83333333300009	0.607853192845016	1111	6.64066365286639	9.02600301313378
88	WGN45	8.83333333350009	0.607853192845019	1111	7.64066365336639	10.0260030136338
89	WGN45	8.00000000000009	0.607853192845017	1111	6.80733031986639	9.19266968013378
90	WGN45	8.50000000000008	0.607853192845016	1111	7.30733031986639	9.69266968013378
92	WGN45	9.50000000000008	0.607853192845016	1111	8.30733031986638	10.6926696801338
93	WGN45	6.97639388488004	0.859827470624485	1111	5.28932508861341	8.66346268114667
94	WGN45	8.83333333350009	0.607853192845014	1111	7.64066365336639	10.0260030136338
95	WGN45	8.16666666700008	0.607853192845018	1111	6.97399698686638	9.35933634713378
96	WGN45	4.97639388488002	0.859827470624485	1111	3.28932508861339	6.66346268114665
98	WGN45	9.66666666650007	0.607853192845015	1111	8.47399698636638	10.8593363466338
99	WGN45	7.02360611512013	0.859827470624487	1111	5.3365373188535	8.71067491138677
100	WGN45	8.16666666650009	0.607853192845016	1111	6.97399698636639	9.35933634663378
101	WGN45	9.16666666650009	0.607853192845017	1111	7.97399698636639	10.3593363466338
102	WGN45	8.83333333350008	0.607853192845015	1111	7.64066365336639	10.0260030136338
103	WGN45	8.66666666650009	0.60785319284502	1111	7.47399698636639	9.8593363466338
104	WGN45	8.50000000000009	0.607853192845019	1111	7.30733031986639	9.69266968013379
105	WGN45	8.83333333350009	0.607853192845017	1111	7.64066365336639	10.0260030136338
106	WGN45	8.83333333350009	0.607853192845017	1111	7.64066365336639	10.0260030136338
107	WGN45	9.33333333350009	0.607853192845018	1111	8.14066365336639	10.5260030136338
108	WGN45	8.83333333500009	0.607853192845017	1111	7.64066365486639	10.0260030151338
109	WGN45	9.00000000000009	0.607853192845017	1111	7.80733031986639	10.1926696801338
110	WGN45	7.50000000000009	0.607853192845015	1111	6.3073303198664	8.69266968013378
111	WGN45	8.83333333300008	0.607853192845016	1111	7.64066365286639	10.0260030131338
114	WGN45	8.16666666650009	0.607853192845017	1111	6.97399698636639	9.35933634663378
116	WGN45	8.50000000000008	0.607853192845014	1111	7.30733031986639	9.69266968013377
117	WGN45	7.69027278212014	0.859827470624484	1111	6.00320398585351	9.37734157838677
118	WGN45	7.50000000000008	0.607853192845017	1111	6.30733031986639	8.69266968013378
119	WGN45	9.33333333350008	0.607853192845016	1111	8.14066365336639	10.5260030136338
120	WGN45	9.00000000000008	0.607853192845017	1111	7.80733031986639	10.1926696801338
121	WGN45	9.00000000000009	0.607853192845016	1111	7.80733031986639	10.1926696801338
122	WGN45	9.30972721788003	0.859827470624486	1111	7.6226584216134	10.9967960141467
123	WGN45	10.0236061151201	0.859827470624486	1111	8.33653731885351	11.7106749113868
124	WGN45	9.00000000000008	0.607853192845016	1111	7.80733031986639	10.1926696801338
126	WGN45	8.83333333350008	0.607853192845016	1111	7.64066365336639	10.0260030136338
127	WGN45	8.16666666700008	0.607853192845016	1111	6.97399698686639	9.35933634713378
128	WGN45	8.00000000000009	0.607853192845016	1111	6.80733031986639	9.19266968013378
129	WGN45	8.33333333300008	0.607853192845016	1111	7.14066365286639	9.52600301313378
1	WGN46	10.8333333299998	0.607853192844999	1111	9.6406636498661	12.0260030101334
2	WGN46	10.166666665	0.607853192845017	1111	8.97399698486635	11.3593363451337
3	WGN46	9.66666666500004	0.607853192845022	1111	8.47399698486634	10.8593363451337
4	WGN46	8.5	0.607853192845022	1111	7.3073303198663	9.69266968013371
6	WGN46	9.33333333349999	0.607853192845025	1111	8.14066365336628	10.5260030136337
7	WGN46	8.83333333150008	0.607853192845016	1111	7.64066365136638	10.0260030116338
8	WGN46	9.66666666700007	0.607853192845012	1111	8.47399698686638	10.8593363471338
9	WGN46	9.33333333300008	0.607853192845016	1111	8.14066365286638	10.5260030131338
10	WGN46	9.33333333300008	0.607853192845012	1111	8.14066365286639	10.5260030131338
11	WGN46	9.99999999850002	0.607853192845011	1111	8.80733031836634	11.1926696786337
12	WGN46	9.83333333350005	0.607853192845011	1111	8.64066365336637	11.0260030136337
13	WGN46	8.66666666699999	0.607853192845025	1111	7.47399698686627	9.8593363471337
14	WGN46	10.166666665	0.607853192845016	1111	8.97399698486635	11.3593363451337
15	WGN46	9.33333333350006	0.607853192845012	1111	8.14066365336638	10.5260030136337
16	WGN46	9.00000000000006	0.607853192845014	1111	7.80733031986637	10.1926696801337
17	WGN46	8.30972721787998	0.859827470624488	1111	6.62265842161335	9.99679601414662
18	WGN46	10.166666665	0.607853192845023	1111	8.97399698486633	11.3593363451338
19	WGN46	8.50000000000007	0.607853192845014	1111	7.30733031986638	9.69266968013376
20	WGN46	9.33333333300003	0.607853192845019	1111	8.14066365286633	10.5260030131337
21	WGN46	8.64306055188	0.859827470624491	1111	6.95599175561336	10.3301293481466
22	WGN46	8.50000000000003	0.607853192845018	1111	7.30733031986633	9.69266968013373
23	WGN46	9.02360611512008	0.859827470624488	1111	7.33653731885344	10.7106749113867
24	WGN46	9.16666666700006	0.607853192845016	1111	7.97399698686636	10.3593363471338
25	WGN46	8.33333333300006	0.607853192845017	1111	7.14066365286636	9.52600301313375
26	WGN46	9.66666666650003	0.607853192845021	1111	8.47399698636632	10.8593363466337
27	WGN46	8.50000000000011	0.607853192845012	1111	7.30733031986642	9.69266968013379
28	WGN46	8.50000000000001	0.607853192845022	1111	7.3073303198663	9.69266968013372
29	WGN46	9.33333333350001	0.607853192845023	1111	8.1406636533663	10.5260030136337
30	WGN46	8.83333333350004	0.607853192845019	1111	7.64066365336634	10.0260030136337
31	WGN46	9.66666666650005	0.607853192845015	1111	8.47399698636636	10.8593363466337
32	WGN46	10.333333335	0.607853192845015	1111	9.14066365486635	11.5260030151337
33	WGN46	7.66666666650004	0.607853192845019	1111	6.47399698636634	8.85933634663374
34	WGN46	8.16666666650002	0.607853192845021	1111	6.97399698636632	9.35933634663373
36	WGN46	9.66666666500003	0.607853192845022	1111	8.47399698486632	10.8593363451337
37	WGN46	10.1666666650001	0.607853192845018	1111	8.97399698486637	11.3593363451338
38	WGN46	9.99999999850005	0.607853192845022	1111	8.80733031836634	11.1926696786338
39	WGN46	9.66666666650007	0.607853192845013	1111	8.47399698636638	10.8593363466338
40	WGN46	9.83333333500005	0.607853192845018	1111	8.64066365486635	11.0260030151337
41	WGN46	11.3333333300001	0.607853192845014	1111	10.1406636498664	12.5260030101337
42	WGN46	9.83333333150008	0.607853192845012	1111	8.64066365136639	11.0260030116338
43	WGN46	7.83333333350007	0.607853192845016	1111	6.64066365336638	9.02600301363377
44	WGN46	10.6666666650001	0.60785319284502	1111	9.47399698486636	11.8593363451338
45	WGN46	8.16666666650005	0.607853192845019	1111	6.97399698636635	9.35933634663375
46	WGN46	7.33333333350012	0.607853192845012	1111	6.14066365336643	8.5260030136338
47	WGN46	8.50000000000006	0.607853192845016	1111	7.30733031986636	9.69266968013375
48	WGN46	9.66666666650003	0.607853192845021	1111	8.47399698636633	10.8593363466337
49	WGN46	9.00000000000003	0.60785319284502	1111	7.80733031986633	10.1926696801337
50	WGN46	9.33333333350003	0.607853192845021	1111	8.14066365336632	10.5260030136337
51	WGN46	10.3569394451201	0.859827470624478	1111	8.66987064885351	12.0440082413867
52	WGN46	8.33333333300004	0.607853192845016	1111	7.14066365286634	9.52600301313373
53	WGN46	8.66666666650006	0.607853192845016	1111	7.47399698636637	9.85933634663376
54	WGN46	8.83333333350004	0.607853192845016	1111	7.64066365336634	10.0260030136337
55	WGN46	9.66666666650006	0.607853192845017	1111	8.47399698636637	10.8593363466338
56	WGN46	8.33333333350003	0.607853192845021	1111	7.14066365336632	9.52600301363373
57	WGN46	9.49999999850003	0.607853192845019	1111	8.30733031836633	10.6926696786337
58	WGN46	9.66666666700007	0.607853192845015	1111	8.47399698686638	10.8593363471338
59	WGN46	8.33333333350008	0.607853192845016	1111	7.14066365336639	9.52600301363378
60	WGN46	10.6666666700001	0.607853192845016	1111	9.47399698986638	11.8593363501338
61	WGN46	8.00000000000006	0.607853192845016	1111	6.80733031986637	9.19266968013376
62	WGN46	9.00000000000005	0.607853192845015	1111	7.80733031986635	10.1926696801337
63	WGN46	9.83333333500005	0.607853192845021	1111	8.64066365486635	11.0260030151338
64	WGN46	9.83333333350003	0.607853192845017	1111	8.64066365336633	11.0260030136337
65	WGN46	11.3569394451201	0.859827470624491	1111	9.66987064885349	13.0440082413868
66	WGN46	8.33333333350001	0.60785319284502	1111	7.14066365336631	9.52600301363371
67	WGN46	9.33333333150002	0.60785319284502	1111	8.14066365136632	10.5260030116337
68	WGN46	9.00000000000005	0.607853192845015	1111	7.80733031986636	10.1926696801337
69	WGN46	9.00000000150006	0.607853192845015	1111	7.80733032136637	10.1926696816338
70	WGN46	9.50000000000005	0.607853192845018	1111	8.30733031986635	10.6926696801338
71	WGN46	9.49999999850008	0.607853192845015	1111	8.30733031836638	10.6926696786338
72	WGN46	10.333333335	0.60785319284502	1111	9.14066365486634	11.5260030151338
73	WGN46	9.50000000000006	0.607853192845015	1111	8.30733031986637	10.6926696801338
74	WGN46	9.33333333350004	0.607853192845018	1111	8.14066365336634	10.5260030136337
75	WGN46	9.83333333150003	0.607853192845021	1111	8.64066365136633	11.0260030116337
76	WGN46	8.50000000000006	0.607853192845016	1111	7.30733031986637	9.69266968013376
78	WGN46	9.16666666650007	0.607853192845015	1111	7.97399698636637	10.3593363466338
79	WGN46	9.66666666650005	0.607853192845017	1111	8.47399698636636	10.8593363466338
80	WGN46	8.33333333300006	0.607853192845017	1111	7.14066365286636	9.52600301313375
81	WGN46	7.33333333300003	0.60785319284502	1111	6.14066365286632	8.52600301313373
82	WGN46	9.50000000000003	0.607853192845019	1111	8.30733031986633	10.6926696801337
83	WGN46	9.33333333300004	0.607853192845019	1111	8.14066365286633	10.5260030131337
84	WGN46	8.50000000000002	0.60785319284502	1111	7.30733031986632	9.69266968013372
85	WGN46	8.33333333350007	0.607853192845015	1111	7.14066365336638	9.52600301363377
86	WGN46	9.66666666650005	0.607853192845016	1111	8.47399698636635	10.8593363466337
87	WGN46	9.33333333350006	0.607853192845015	1111	8.14066365336637	10.5260030136338
88	WGN46	10.5000000000001	0.607853192845017	1111	9.30733031986636	11.6926696801338
89	WGN46	8.50000000000003	0.60785319284502	1111	7.30733031986633	9.69266968013373
90	WGN46	9.50000000000005	0.607853192845017	1111	8.30733031986636	10.6926696801337
91	WGN46	7.97639388488004	0.859827470624482	1111	6.28932508861342	9.66346268114666
93	WGN46	10.1666666650001	0.607853192845017	1111	8.97399698486636	11.3593363451338
94	WGN46	8.16666666700006	0.607853192845016	1111	6.97399698686637	9.35933634713376
95	WGN46	9.66666666700004	0.607853192845019	1111	8.47399698686634	10.8593363471337
96	WGN46	7.33333333300006	0.607853192845016	1111	6.14066365286636	8.52600301313375
98	WGN46	10.0000000000001	0.607853192845013	1111	8.80733031986637	11.1926696801338
100	WGN46	10.5000000000001	0.607853192845017	1111	9.30733031986635	11.6926696801337
101	WGN46	10	0.607853192845018	1111	8.80733031986635	11.1926696801337
102	WGN46	9.66666666850005	0.607853192845017	1111	8.47399698836635	10.8593363486337
103	WGN46	9.33333333300004	0.607853192845018	1111	8.14066365286634	10.5260030131337
104	WGN46	9.66666666650006	0.607853192845016	1111	8.47399698636636	10.8593363466338
106	WGN46	7.83333333350006	0.607853192845016	1111	6.64066365336636	9.02600301363376
107	WGN46	8.33333333350004	0.607853192845018	1111	7.14066365336634	9.52600301363374
108	WGN46	9.00000000000005	0.607853192845017	1111	7.80733031986635	10.1926696801337
109	WGN46	9.16666666650006	0.607853192845016	1111	7.97399698636636	10.3593363466338
110	WGN46	9.50000000000005	0.607853192845017	1111	8.30733031986635	10.6926696801337
111	WGN46	8.33333333350005	0.607853192845017	1111	7.14066365336635	9.52600301363375
112	WGN46	9.16666666650004	0.607853192845018	1111	7.97399698636634	10.3593363466337
113	WGN46	9.00000000000005	0.607853192845018	1111	7.80733031986635	10.1926696801337
114	WGN46	11.0000000000001	0.607853192845016	1111	9.80733031986636	12.1926696801338
115	WGN46	9.00000000000006	0.607853192845017	1111	7.80733031986636	10.1926696801338
116	WGN46	9.50000000150005	0.607853192845017	1111	8.30733032136635	10.6926696816337
117	WGN46	9.33333333350005	0.607853192845017	1111	8.14066365336635	10.5260030136337
118	WGN46	9.97639388488	0.859827470624485	1111	8.28932508861337	11.6634626811466
119	WGN46	9.50000000000006	0.607853192845017	1111	8.30733031986636	10.6926696801338
120	WGN46	9.83333333150006	0.607853192845017	1111	8.64066365136636	11.0260030116338
121	WGN46	9.16666666650005	0.607853192845018	1111	7.97399698636635	10.3593363466337
122	WGN46	10.1666666650001	0.607853192845018	1111	8.97399698486636	11.3593363451338
123	WGN46	8.66666666650005	0.607853192845017	1111	7.47399698636635	9.85933634663375
124	WGN46	10.3333333350001	0.607853192845017	1111	9.14066365486636	11.5260030151338
125	WGN46	8.33333333350006	0.607853192845017	1111	7.14066365336636	9.52600301363375
126	WGN46	9.66666666650005	0.607853192845017	1111	8.47399698636636	10.8593363466338
127	WGN46	11.0000000000001	0.607853192845017	1111	9.80733031986636	12.1926696801338
128	WGN46	8.66666666650005	0.607853192845018	1111	7.47399698636635	9.85933634663375
129	WGN46	9.33333333350005	0.607853192845017	1111	8.14066365336636	10.5260030136338
130	WGN46	9.83333333150006	0.607853192845018	1111	8.64066365136636	11.0260030116338
1	WGN55	9.33333333350012	0.607853192845021	1111	8.14066365336641	10.5260030136338
2	WGN55	8.66666666650013	0.607853192845014	1111	7.47399698636644	9.85933634663382
3	WGN55	8.16666666650015	0.607853192845012	1111	6.97399698636646	9.35933634663383
4	WGN55	9.33333333300014	0.607853192845021	1111	8.14066365286643	10.5260030131338
5	WGN55	10.1666666650001	0.607853192845013	1111	8.97399698486645	11.3593363451338
6	WGN55	9.33333333300012	0.607853192845018	1111	8.14066365286643	10.5260030131338
7	WGN55	7.83333333300018	0.607853192845007	1111	6.6406636528665	9.02600301313386
8	WGN55	9.33333333350013	0.607853192845022	1111	8.14066365336642	10.5260030136338
9	WGN55	8.50000000000015	0.607853192845017	1111	7.30733031986645	9.69266968013384
10	WGN55	10.5000000000001	0.607853192845018	1111	9.30733031986645	11.6926696801338
11	WGN55	8.50000000000014	0.607853192845018	1111	7.30733031986644	9.69266968013384
12	WGN55	7.0236061151202	0.859827470624484	1111	5.33653731885358	8.71067491138683
13	WGN55	8.00000000000018	0.607853192845007	1111	6.8073303198665	9.19266968013386
14	WGN55	8.83333333350011	0.607853192845018	1111	7.64066365336641	10.0260030136338
15	WGN55	8.66666666700013	0.607853192845019	1111	7.47399698686643	9.85933634713384
16	WGN55	9.16666666650013	0.607853192845021	1111	7.97399698636642	10.3593363466338
17	WGN55	8.0236061151202	0.859827470624489	1111	6.33653731885356	9.71067491138684
18	WGN55	8.83333333350014	0.607853192845018	1111	7.64066365336644	10.0260030136338
19	WGN55	7.50000000000011	0.607853192845019	1111	6.30733031986641	8.69266968013381
20	WGN55	9.33333333350015	0.607853192845024	1111	8.14066365336644	10.5260030136339
21	WGN55	8.66666666700015	0.607853192845015	1111	7.47399698686645	9.85933634713384
22	WGN55	9.66666666650015	0.607853192845024	1111	8.47399698636644	10.8593363466339
23	WGN55	7.83333333350015	0.607853192845014	1111	6.64066365336646	9.02600301363384
24	WGN55	6.50000000000011	0.607853192845019	1111	5.30733031986641	7.69266968013382
25	WGN55	9.16666666700013	0.607853192845018	1111	7.97399698686643	10.3593363471338
26	WGN55	9.16666666500015	0.607853192845011	1111	7.97399698486646	10.3593363451338
27	WGN55	8.50000000000014	0.607853192845016	1111	7.30733031986645	9.69266968013384
28	WGN55	8.02360611512019	0.859827470624485	1111	6.33653731885356	9.71067491138682
29	WGN55	9.33333333350012	0.607853192845017	1111	8.14066365336642	10.5260030136338
30	WGN55	9.50000000000014	0.607853192845023	1111	8.30733031986643	10.6926696801339
31	WGN55	8.50000000000013	0.607853192845019	1111	7.30733031986643	9.69266968013383
32	WGN55	9.00000000000014	0.607853192845013	1111	7.80733031986645	10.1926696801338
33	WGN55	9.00000000000014	0.60785319284501	1111	7.80733031986646	10.1926696801338
34	WGN55	8.33333333350015	0.607853192845013	1111	7.14066365336646	9.52600301363384
35	WGN55	9.50000000000014	0.607853192845019	1111	8.30733031986644	10.6926696801338
36	WGN55	9.00000000000011	0.607853192845022	1111	7.8073303198664	10.1926696801338
37	WGN55	8.50000000000017	0.607853192845012	1111	7.30733031986648	9.69266968013385
38	WGN55	8.16666666650013	0.607853192845016	1111	6.97399698636644	9.35933634663383
40	WGN55	8.66666666700013	0.607853192845016	1111	7.47399698686644	9.85933634713382
41	WGN55	8.50000000000017	0.607853192845013	1111	7.30733031986648	9.69266968013386
42	WGN55	9.66666666650013	0.607853192845016	1111	8.47399698636644	10.8593363466338
43	WGN55	9.33333333350013	0.607853192845017	1111	8.14066365336644	10.5260030136338
44	WGN55	8.33333333300012	0.607853192845015	1111	7.14066365286642	9.52600301313381
45	WGN55	8.66666666650014	0.607853192845018	1111	7.47399698636644	9.85933634663384
46	WGN55	9.50000000000013	0.607853192845018	1111	8.30733031986643	10.6926696801338
47	WGN55	8.33333333350012	0.60785319284502	1111	7.14066365336642	9.52600301363383
48	WGN55	8.33333333350012	0.607853192845021	1111	7.14066365336641	9.52600301363382
49	WGN55	10.0000000015001	0.607853192845014	1111	8.80733032136642	11.1926696816338
50	WGN55	8.50000000000013	0.607853192845022	1111	7.30733031986643	9.69266968013384
52	WGN55	8.16666666650012	0.607853192845021	1111	6.97399698636642	9.35933634663383
53	WGN55	7.33333333300013	0.607853192845019	1111	6.14066365286643	8.52600301313383
54	WGN55	8.33333333350013	0.607853192845018	1111	7.14066365336643	9.52600301363383
55	WGN55	8.83333333350014	0.607853192845014	1111	7.64066365336645	10.0260030136338
56	WGN55	9.16666666650014	0.60785319284502	1111	7.97399698636644	10.3593363466338
57	WGN55	9.16666666500015	0.607853192845013	1111	7.97399698486646	10.3593363451338
58	WGN55	8.83333333350014	0.607853192845016	1111	7.64066365336645	10.0260030136338
59	WGN55	8.16666666700013	0.607853192845019	1111	6.97399698686643	9.35933634713383
60	WGN55	9.33333333500014	0.607853192845016	1111	8.14066365486645	10.5260030151338
61	WGN55	7.83333333300012	0.607853192845019	1111	6.64066365286642	9.02600301313382
62	WGN55	8.83333333350013	0.607853192845018	1111	7.64066365336643	10.0260030136338
63	WGN55	9.16666666500014	0.607853192845021	1111	7.97399698486643	10.3593363451338
64	WGN55	8.66666666650014	0.607853192845019	1111	7.47399698636644	9.85933634663384
65	WGN55	9.83333333150013	0.607853192845018	1111	8.64066365136643	11.0260030116338
66	WGN55	7.83333333350014	0.607853192845017	1111	6.64066365336644	9.02600301363383
67	WGN55	9.33333333350014	0.607853192845017	1111	8.14066365336645	10.5260030136338
68	WGN55	8.50000000000013	0.607853192845021	1111	7.30733031986643	9.69266968013384
69	WGN55	10.0000000015001	0.607853192845017	1111	8.80733032136644	11.1926696816338
70	WGN55	8.50000000000015	0.607853192845015	1111	7.30733031986645	9.69266968013384
71	WGN55	8.66666666650014	0.607853192845015	1111	7.47399698636644	9.85933634663383
72	WGN55	8.83333333300014	0.607853192845019	1111	7.64066365286644	10.0260030131338
73	WGN55	8.00000000000013	0.607853192845017	1111	6.80733031986643	9.19266968013383
74	WGN55	7.66666666700014	0.607853192845016	1111	6.47399698686645	8.85933634713384
75	WGN55	8.66666666650014	0.607853192845017	1111	7.47399698636644	9.85933634663384
76	WGN55	9.00000000000013	0.607853192845017	1111	7.80733031986644	10.1926696801338
77	WGN55	9.33333333300014	0.607853192845019	1111	8.14066365286644	10.5260030131338
78	WGN55	8.00000000000016	0.607853192845012	1111	6.80733031986647	9.19266968013385
80	WGN55	9.00000000000014	0.607853192845016	1111	7.80733031986644	10.1926696801338
81	WGN55	7.50000000000013	0.607853192845017	1111	6.30733031986643	8.69266968013383
82	WGN55	9.33333333300014	0.607853192845018	1111	8.14066365286644	10.5260030131338
83	WGN55	7.66666666650015	0.607853192845016	1111	6.47399698636645	8.85933634663384
84	WGN55	7.00000000000015	0.607853192845016	1111	5.80733031986645	8.19266968013384
85	WGN55	9.16666666650014	0.607853192845018	1111	7.97399698636644	10.3593363466338
86	WGN55	8.33333333300013	0.60785319284502	1111	7.14066365286643	9.52600301313383
87	WGN55	7.00000000000016	0.607853192845014	1111	5.80733031986647	8.19266968013385
88	WGN55	8.66666666700014	0.607853192845016	1111	7.47399698686644	9.85933634713383
89	WGN55	9.50000000000014	0.607853192845016	1111	8.30733031986644	10.6926696801338
90	WGN55	8.66666666700014	0.607853192845015	1111	7.47399698686645	9.85933634713384
91	WGN55	8.00000000000014	0.607853192845017	1111	6.80733031986645	9.19266968013384
92	WGN55	6.16666666650011	0.607853192845019	1111	4.97399698636641	7.35933634663381
93	WGN55	8.66666666650014	0.607853192845018	1111	7.47399698636644	9.85933634663384
94	WGN55	8.00000000000013	0.607853192845019	1111	6.80733031986643	9.19266968013383
95	WGN55	9.33333333350014	0.607853192845015	1111	8.14066365336645	10.5260030136338
96	WGN55	8.16666666700012	0.607853192845019	1111	6.97399698686642	9.35933634713382
97	WGN55	7.66666666700013	0.607853192845018	1111	6.47399698686643	8.85933634713382
98	WGN55	9.66666666650014	0.607853192845019	1111	8.47399698636644	10.8593363466338
99	WGN55	8.16666666650014	0.607853192845016	1111	6.97399698636644	9.35933634663384
100	WGN55	8.33333333300014	0.607853192845016	1111	7.14066365286644	9.52600301313383
101	WGN55	8.50000000000014	0.607853192845016	1111	7.30733031986644	9.69266968013383
102	WGN55	8.50000000000014	0.607853192845015	1111	7.30733031986645	9.69266968013384
103	WGN55	7.83333333350013	0.607853192845017	1111	6.64066365336644	9.02600301363383
104	WGN55	8.83333333350014	0.607853192845017	1111	7.64066365336644	10.0260030136338
105	WGN55	9.33333333300014	0.607853192845017	1111	8.14066365286644	10.5260030131338
106	WGN55	8.00000000000014	0.607853192845017	1111	6.80733031986644	9.19266968013384
107	WGN55	8.16666666650013	0.607853192845017	1111	6.97399698636644	9.35933634663383
108	WGN55	9.00000000000013	0.607853192845018	1111	7.80733031986643	10.1926696801338
109	WGN55	8.83333333300014	0.607853192845018	1111	7.64066365286644	10.0260030131338
110	WGN55	8.66666666650014	0.607853192845016	1111	7.47399698636644	9.85933634663383
111	WGN55	9.50000000000014	0.607853192845018	1111	8.30733031986644	10.6926696801338
112	WGN55	8.33333333300014	0.607853192845018	1111	7.14066365286644	9.52600301313383
113	WGN55	8.66666666650014	0.607853192845016	1111	7.47399698636644	9.85933634663384
114	WGN55	10.6666666650001	0.607853192845018	1111	9.47399698486644	11.8593363451338
115	WGN55	9.16666666700014	0.607853192845018	1111	7.97399698686644	10.3593363471338
116	WGN55	7.97639388488009	0.859827470624486	1111	6.28932508861345	9.66346268114672
117	WGN55	7.33333333350015	0.607853192845017	1111	6.14066365336645	8.52600301363384
118	WGN55	9.66666666500014	0.607853192845017	1111	8.47399698486644	10.8593363451338
119	WGN55	9.33333333350014	0.607853192845017	1111	8.14066365336644	10.5260030136338
120	WGN55	7.66666666650014	0.607853192845017	1111	6.47399698636644	8.85933634663384
121	WGN55	8.66666666700014	0.607853192845017	1111	7.47399698686644	9.85933634713383
122	WGN55	10.1666666650001	0.607853192845017	1111	8.97399698486644	11.3593363451338
123	WGN55	8.33333333350014	0.607853192845017	1111	7.14066365336644	9.52600301363384
124	WGN55	8.83333333350014	0.607853192845017	1111	7.64066365336644	10.0260030136338
125	WGN55	6.66666666650014	0.607853192845017	1111	5.47399698636645	7.85933634663384
126	WGN55	8.83333333350014	0.607853192845017	1111	7.64066365336644	10.0260030136338
128	WGN55	7.00000000000013	0.607853192845017	1111	5.80733031986644	8.19266968013383
129	WGN55	9.33333333350014	0.607853192845017	1111	8.14066365336644	10.5260030136338
130	WGN55	8.33333333350014	0.607853192845017	1111	7.14066365336644	9.52600301363384
1	WGN63	8.0000000000001	0.60785319284502	1111	6.80733031986639	9.1926696801338
2	WGN63	8.83333333350013	0.607853192845019	1111	7.64066365336643	10.0260030136338
3	WGN63	9.16666666700014	0.607853192845019	1111	7.97399698686644	10.3593363471338
4	WGN63	9.66666666700013	0.607853192845019	1111	8.47399698686643	10.8593363471338
5	WGN63	8.16666666700012	0.607853192845014	1111	6.97399698686643	9.35933634713381
6	WGN63	10.3569394451202	0.859827470624486	1111	8.66987064885356	12.0440082413868
7	WGN63	7.83333333300012	0.607853192845014	1111	6.64066365286643	9.02600301313381
8	WGN63	8.16666666700012	0.607853192845012	1111	6.97399698686643	9.35933634713381
9	WGN63	9.33333333350012	0.607853192845017	1111	8.14066365336642	10.5260030136338
10	WGN63	9.16666666650015	0.607853192845021	1111	7.97399698636644	10.3593363466338
12	WGN63	8.0000000000001	0.607853192845014	1111	6.80733031986641	9.19266968013379
13	WGN63	9.00000000000019	0.607853192845019	1111	7.80733031986649	10.1926696801339
14	WGN63	9.00000000000013	0.607853192845017	1111	7.80733031986643	10.1926696801338
16	WGN63	9.00000000000013	0.607853192845016	1111	7.80733031986643	10.1926696801338
17	WGN63	8.66666666700012	0.607853192845015	1111	7.47399698686642	9.85933634713381
18	WGN63	7.50000000000012	0.607853192845019	1111	6.30733031986642	8.69266968013382
19	WGN63	9.16666666650013	0.607853192845018	1111	7.97399698636643	10.3593363466338
20	WGN63	8.83333333300011	0.607853192845015	1111	7.64066365286641	10.0260030131338
21	WGN63	8.33333333350012	0.607853192845015	1111	7.14066365336643	9.52600301363381
22	WGN63	8.66666666650012	0.607853192845017	1111	7.47399698636643	9.85933634663382
23	WGN63	8.00000000000014	0.60785319284502	1111	6.80733031986643	9.19266968013384
24	WGN63	8.66666666700014	0.607853192845015	1111	7.47399698686645	9.85933634713383
25	WGN63	8.33333333350013	0.607853192845012	1111	7.14066365336645	9.52600301363382
26	WGN63	9.33333333150011	0.607853192845016	1111	8.14066365136642	10.5260030116338
27	WGN63	9.00000000000013	0.607853192845019	1111	7.80733031986643	10.1926696801338
28	WGN63	8.50000000000013	0.607853192845023	1111	7.30733031986642	9.69266968013384
29	WGN63	9.33333333350011	0.607853192845015	1111	8.14066365336642	10.5260030136338
30	WGN63	8.83333333300013	0.607853192845018	1111	7.64066365286643	10.0260030131338
31	WGN63	8.33333333300012	0.607853192845023	1111	7.14066365286642	9.52600301313383
32	WGN63	7.66666666650012	0.607853192845016	1111	6.47399698636642	8.85933634663381
33	WGN63	8.33333333300012	0.607853192845018	1111	7.14066365286642	9.52600301313382
34	WGN63	8.50000000000013	0.607853192845013	1111	7.30733031986644	9.69266968013382
35	WGN63	7.50000000000012	0.607853192845017	1111	6.30733031986642	8.69266968013382
36	WGN63	7.8333333335001	0.607853192845018	1111	6.6406636533664	9.0260030136338
37	WGN63	8.83333333300014	0.607853192845019	1111	7.64066365286644	10.0260030131338
38	WGN63	8.66666666700011	0.607853192845018	1111	7.47399698686641	9.85933634713381
39	WGN63	8.83333333350013	0.60785319284502	1111	7.64066365336643	10.0260030136338
40	WGN63	8.33333333350011	0.607853192845015	1111	7.14066365336642	9.5260030136338
41	WGN63	6.69027278212018	0.859827470624483	1111	5.00320398585356	8.37734157838681
42	WGN63	8.50000000000012	0.607853192845013	1111	7.30733031986643	9.69266968013381
43	WGN63	9.83333333500012	0.607853192845016	1111	8.64066365486642	11.0260030151338
44	WGN63	8.00000000000012	0.607853192845021	1111	6.80733031986642	9.19266968013383
45	WGN63	8.00000000000013	0.60785319284502	1111	6.80733031986643	9.19266968013383
46	WGN63	8.16666666650012	0.607853192845013	1111	6.97399698636643	9.35933634663381
47	WGN63	7.83333333350013	0.607853192845017	1111	6.64066365336643	9.02600301363382
48	WGN63	7.50000000000012	0.607853192845022	1111	6.30733031986641	8.69266968013383
49	WGN63	8.83333333350013	0.607853192845021	1111	7.64066365336643	10.0260030136338
50	WGN63	7.66666666700012	0.607853192845022	1111	6.47399698686642	8.85933634713383
51	WGN63	8.64306055188008	0.859827470624491	1111	6.95599175561344	10.3301293481467
52	WGN63	8.50000000000012	0.607853192845019	1111	7.30733031986642	9.69266968013382
53	WGN63	9.16666666650012	0.607853192845017	1111	7.97399698636642	10.3593363466338
54	WGN63	8.33333333350012	0.607853192845015	1111	7.14066365336643	9.52600301363382
55	WGN63	8.16666666650012	0.60785319284502	1111	6.97399698636642	9.35933634663383
56	WGN63	9.00000000000011	0.607853192845015	1111	7.80733031986642	10.1926696801338
57	WGN63	7.83333333350013	0.607853192845017	1111	6.64066365336643	9.02600301363382
58	WGN63	7.16666666700013	0.607853192845014	1111	5.97399698686644	8.35933634713382
59	WGN63	8.00000000000012	0.607853192845021	1111	6.80733031986641	9.19266968013382
60	WGN63	9.00000000000012	0.607853192845017	1111	7.80733031986643	10.1926696801338
61	WGN63	8.66666666650012	0.607853192845018	1111	7.47399698636642	9.85933634663382
62	WGN63	9.16666666650013	0.607853192845018	1111	7.97399698636643	10.3593363466338
63	WGN63	10.1666666685001	0.607853192845017	1111	8.97399698836642	11.3593363486338
64	WGN63	8.66666666650012	0.607853192845016	1111	7.47399698636642	9.85933634663382
65	WGN63	7.33333333350013	0.607853192845015	1111	6.14066365336643	8.52600301363382
66	WGN63	7.83333333350012	0.607853192845018	1111	6.64066365336643	9.02600301363382
67	WGN63	8.83333333300013	0.607853192845017	1111	7.64066365286643	10.0260030131338
68	WGN63	6.83333333350011	0.607853192845017	1111	5.64066365336641	8.0260030136338
69	WGN63	9.00000000000012	0.607853192845017	1111	7.80733031986643	10.1926696801338
70	WGN63	8.16666666650012	0.607853192845019	1111	6.97399698636642	9.35933634663382
72	WGN63	9.83333333350012	0.607853192845017	1111	8.64066365336642	11.0260030136338
73	WGN63	7.50000000000013	0.607853192845016	1111	6.30733031986643	8.69266968013383
74	WGN63	10.0000000015001	0.607853192845019	1111	8.80733032136643	11.1926696816338
75	WGN63	7.50000000000013	0.607853192845016	1111	6.30733031986643	8.69266968013382
76	WGN63	9.16666666700012	0.607853192845017	1111	7.97399698686643	10.3593363471338
77	WGN63	8.83333333350012	0.607853192845018	1111	7.64066365336642	10.0260030136338
78	WGN63	9.00000000000012	0.607853192845016	1111	7.80733031986642	10.1926696801338
79	WGN63	7.83333333350012	0.60785319284502	1111	6.64066365336642	9.02600301363382
80	WGN63	8.00000000000012	0.607853192845018	1111	6.80733031986643	9.19266968013382
81	WGN63	9.00000000000012	0.607853192845018	1111	7.80733031986643	10.1926696801338
82	WGN63	10.0000000000001	0.607853192845017	1111	8.80733031986642	11.1926696801338
83	WGN63	8.33333333300013	0.607853192845019	1111	7.14066365286643	9.52600301313383
84	WGN63	8.33333333300012	0.607853192845019	1111	7.14066365286642	9.52600301313382
85	WGN63	8.33333333350013	0.607853192845018	1111	7.14066365336643	9.52600301363383
86	WGN63	7.50000000000013	0.607853192845017	1111	6.30733031986643	8.69266968013382
87	WGN63	6.50000000000013	0.607853192845017	1111	5.30733031986643	7.69266968013383
88	WGN63	8.33333333300012	0.607853192845017	1111	7.14066365286642	9.52600301313382
89	WGN63	8.83333333300012	0.607853192845018	1111	7.64066365286643	10.0260030131338
90	WGN63	8.64306055188007	0.859827470624487	1111	6.95599175561343	10.3301293481467
91	WGN63	8.50000000000012	0.607853192845017	1111	7.30733031986642	9.69266968013382
92	WGN63	8.50000000000012	0.607853192845018	1111	7.30733031986642	9.69266968013382
93	WGN63	8.00000000000012	0.607853192845018	1111	6.80733031986642	9.19266968013383
94	WGN63	8.66666666700012	0.607853192845016	1111	7.47399698686642	9.85933634713381
95	WGN63	8.35693944812017	0.859827470624484	1111	6.66987065185354	10.0440082443868
96	WGN63	8.83333333350012	0.607853192845017	1111	7.64066365336642	10.0260030136338
97	WGN63	6.83333333350012	0.607853192845017	1111	5.64066365336643	8.02600301363382
98	WGN63	8.16666666700012	0.607853192845018	1111	6.97399698686642	9.35933634713382
99	WGN63	8.66666666700012	0.607853192845018	1111	7.47399698686642	9.85933634713382
100	WGN63	10.3333333315001	0.607853192845018	1111	9.14066365136643	11.5260030116338
101	WGN63	9.16666666650012	0.607853192845017	1111	7.97399698636642	10.3593363466338
102	WGN63	9.50000000000012	0.607853192845018	1111	8.30733031986643	10.6926696801338
103	WGN63	8.33333333300012	0.607853192845016	1111	7.14066365286643	9.52600301313382
105	WGN63	9.16666666650013	0.607853192845017	1111	7.97399698636643	10.3593363466338
106	WGN63	8.35693944812017	0.859827470624486	1111	6.66987065185354	10.0440082443868
107	WGN63	8.00000000000012	0.607853192845018	1111	6.80733031986642	9.19266968013382
109	WGN63	6.83333333350012	0.607853192845018	1111	5.64066365336642	8.02600301363382
110	WGN63	8.16666666700012	0.607853192845016	1111	6.97399698686643	9.35933634713382
111	WGN63	8.33333333300012	0.607853192845016	1111	7.14066365286643	9.52600301313382
112	WGN63	7.66666666650012	0.607853192845018	1111	6.47399698636642	8.85933634663382
114	WGN63	8.50000000000012	0.607853192845017	1111	7.30733031986643	9.69266968013382
115	WGN63	8.00000000000012	0.607853192845018	1111	6.80733031986642	9.19266968013382
116	WGN63	7.33333333350013	0.607853192845017	1111	6.14066365336643	8.52600301363382
117	WGN63	9.33333333350012	0.607853192845018	1111	8.14066365336643	10.5260030136338
118	WGN63	7.83333333350012	0.607853192845017	1111	6.64066365336643	9.02600301363382
119	WGN63	7.33333333350012	0.607853192845017	1111	6.14066365336643	8.52600301363382
121	WGN63	10.3333333315001	0.607853192845017	1111	9.14066365136642	11.5260030116338
122	WGN63	10.3333333335001	0.607853192845017	1111	9.14066365336642	11.5260030136338
123	WGN63	8.00000000000012	0.607853192845017	1111	6.80733031986643	9.19266968013382
124	WGN63	9.49999999850012	0.607853192845017	1111	8.30733031836642	10.6926696786338
125	WGN63	10.1666666685001	0.607853192845017	1111	8.97399698836642	11.3593363486338
126	WGN63	8.83333333300012	0.607853192845017	1111	7.64066365286642	10.0260030131338
127	WGN63	9.00000000000012	0.607853192845017	1111	7.80733031986642	10.1926696801338
128	WGN63	9.33333333350012	0.607853192845017	1111	8.14066365336643	10.5260030136338
129	WGN63	8.50000000000012	0.607853192845017	1111	7.30733031986642	9.69266968013382
130	WGN63	7.66666666650012	0.607853192845017	1111	6.47399698636643	8.85933634663382
