plantID3	famID	emmean	SE	df	lower.CL	upper.CL
1	WGN07	5.33333333300169	0.582807119551237	1089	4.18978139688917	6.47688526911422
2	WGN07	6.00000000000067	0.582807119551519	1089	4.85644806388759	7.14355193611375
3	WGN07	6.33333333300065	0.582807119551574	1089	5.18978139688746	7.47688526911383
4	WGN07	5.99999999999987	0.582807119551445	1089	4.85644806388694	7.1435519361128
5	WGN07	6.49999999999984	0.582807119551472	1089	5.35644806388686	7.64355193611283
6	WGN07	4.33333333300009	0.58280711955151	1089	3.18978139688703	5.47688526911316
7	WGN07	5.83333333350009	0.582807119551505	1089	4.68978139738704	6.97688526961314
8	WGN07	6.5000000000001	0.582807119551511	1089	5.35644806388704	7.64355193611317
9	WGN07	6.50000000000006	0.582807119551495	1089	5.35644806388702	7.64355193611309
10	WGN07	6.50000000000003	0.582807119551498	1089	5.35644806388699	7.64355193611306
11	WGN07	7.0000000000001	0.582807119551519	1089	5.85644806388702	8.14355193611318
12	WGN07	5.66666666650009	0.582807119551518	1089	4.52311473038702	6.81021860261317
13	WGN07	6.50000000000015	0.582807119551512	1089	5.35644806388709	7.64355193611322
14	WGN07	5.00000000000009	0.582807119551503	1089	3.85644806388705	6.14355193611314
15	WGN07	6.66666666650008	0.582807119551503	1089	5.52311473038703	7.81021860261312
16	WGN07	6.16666666700015	0.582807119551521	1089	5.02311473088706	7.31021860311323
17	WGN07	6.66666666700007	0.582807119551514	1089	5.523114730887	7.81021860311314
18	WGN07	6.50000000000005	0.582807119551508	1089	5.35644806388699	7.64355193611311
20	WGN07	4.83333333350006	0.582807119551511	1089	3.689781397387	5.97688526961312
21	WGN07	6.50000000000013	0.582807119551514	1089	5.35644806388706	7.64355193611319
22	WGN07	5.83333333350022	0.582807119551515	1089	4.68978139738715	6.97688526961329
23	WGN07	5.5000000000001	0.582807119551517	1089	4.35644806388702	6.64355193611317
24	WGN07	6.83333333300012	0.582807119551512	1089	5.68978139688705	7.97688526911318
25	WGN07	6.33333333350013	0.582807119551518	1089	5.18978139738705	7.47688526961321
26	WGN07	6.33333333300012	0.582807119551525	1089	5.18978139688703	7.47688526911321
27	WGN07	7.33333333350012	0.582807119551507	1089	6.18978139738707	8.47688526961318
28	WGN07	7.16666666650015	0.582807119551522	1089	6.02311473038707	8.31021860261324
29	WGN07	5.50000000000009	0.582807119551518	1089	4.35644806388701	6.64355193611317
30	WGN07	5.83333333300008	0.582807119551509	1089	4.68978139688702	6.97688526911314
31	WGN07	6.66666666650001	0.582807119551504	1089	5.52311473038696	7.81021860261306
32	WGN07	4.83333333350015	0.582807119551496	1089	3.68978139738711	5.97688526961318
33	WGN07	5.83333333350007	0.582807119551516	1089	4.689781397387	6.97688526961314
34	WGN07	7.00000000000008	0.582807119551513	1089	5.85644806388701	8.14355193611314
35	WGN07	6.77316513795283	0.824402750890389	1089	5.15556759960582	8.39076267629985
36	WGN07	6.00000000000011	0.582807119551519	1089	4.85644806388703	7.14355193611319
37	WGN07	5.83333333300011	0.582807119551498	1089	4.68978139688707	6.97688526911314
38	WGN07	6.50000000000006	0.582807119551505	1089	5.35644806388701	7.64355193611311
39	WGN07	4.66666666650012	0.582807119551508	1089	3.52311473038706	5.81021860261317
40	WGN07	5.83333333300012	0.582807119551527	1089	4.68978139688702	6.97688526911321
41	WGN07	6.66666666650013	0.582807119551506	1089	5.52311473038708	7.81021860261319
42	WGN07	6.00000000000008	0.582807119551515	1089	4.85644806388701	7.14355193611316
44	WGN07	5.3333333330001	0.582807119551515	1089	4.18978139688703	6.47688526911317
46	WGN07	6.66666666700011	0.58280711955151	1089	5.52311473088705	7.81021860311317
47	WGN07	5.66666666700009	0.582807119551513	1089	4.52311473088702	6.81021860311315
48	WGN07	6.16666666650013	0.582807119551516	1089	5.02311473038706	7.31021860261321
49	WGN07	6.50000000000008	0.582807119551525	1089	5.35644806388699	7.64355193611318
50	WGN07	7.33333333300009	0.58280711955152	1089	6.18978139688701	8.47688526911317
51	WGN07	6.00000000000011	0.582807119551504	1089	4.85644806388706	7.14355193611316
52	WGN07	5.6666666665001	0.582807119551512	1089	4.52311473038703	6.81021860261316
53	WGN07	6.00000000000028	0.582807119551512	1089	4.85644806388722	7.14355193611335
54	WGN07	7.10649847095287	0.824402750890409	1089	5.48890093260582	8.72409600929993
55	WGN07	5.66666666650009	0.582807119551506	1089	4.52311473038704	6.81021860261315
56	WGN07	6.16666666650007	0.582807119551507	1089	5.02311473038701	7.31021860261312
57	WGN07	6.66666666650011	0.582807119551501	1089	5.52311473038707	7.81021860261315
58	WGN07	7.16666666650007	0.582807119551497	1089	6.02311473038704	8.31021860261311
59	WGN07	6.33333333300013	0.582807119551497	1089	5.18978139688709	7.47688526911316
60	WGN07	7.00000000000015	0.582807119551519	1089	5.85644806388707	8.14355193611323
61	WGN07	7.33333333350005	0.582807119551507	1089	6.189781397387	8.47688526961311
62	WGN07	5.22683486204735	0.824402750890354	1089	3.6092373237004	6.8444324003943
63	WGN07	5.16666666700003	0.582807119551486	1089	4.02311473088702	6.31021860311305
64	WGN07	6.66666666650007	0.582807119551516	1089	5.523114730387	7.81021860261314
66	WGN07	5.66666666700008	0.582807119551527	1089	4.52311473088698	6.81021860311318
67	WGN07	6.1666666665001	0.582807119551513	1089	5.02311473038703	7.31021860261317
68	WGN07	4.66666666650013	0.582807119551516	1089	3.52311473038706	5.81021860261321
69	WGN07	7.16666666650015	0.58280711955152	1089	6.02311473038706	8.31021860261323
71	WGN07	6.83333333350008	0.582807119551502	1089	5.68978139738704	7.97688526961313
73	WGN07	6.33333333350009	0.582807119551513	1089	5.18978139738703	7.47688526961316
74	WGN07	6.66666666650011	0.582807119551517	1089	5.52311473038704	7.81021860261319
75	WGN07	6.66666666650009	0.582807119551505	1089	5.52311473038704	7.81021860261314
76	WGN07	6.56016819604735	0.824402750890376	1089	4.94257065770036	8.17776573439434
77	WGN07	5.33333333300009	0.582807119551509	1089	4.18978139688703	6.47688526911315
78	WGN07	5.3333333330001	0.582807119551507	1089	4.18978139688704	6.47688526911316
79	WGN07	5.5000000000001	0.582807119551507	1089	4.35644806388705	6.64355193611316
80	WGN07	6.8333333335001	0.582807119551514	1089	5.68978139738703	7.97688526961317
81	WGN07	5.83333333300022	0.582807119551521	1089	4.68978139688714	6.97688526911331
82	WGN07	6.66666666650009	0.582807119551513	1089	5.52311473038702	7.81021860261315
83	WGN07	5.6666666665001	0.582807119551507	1089	4.52311473038704	6.81021860261315
84	WGN07	7.1666666665001	0.582807119551506	1089	6.02311473038704	8.31021860261315
85	WGN07	6.16666666700018	0.582807119551523	1089	5.02311473088709	7.31021860311326
86	WGN07	5.66666666650011	0.582807119551516	1089	4.52311473038704	6.81021860261319
87	WGN07	6.50000000000009	0.582807119551505	1089	5.35644806388703	7.64355193611314
88	WGN07	6.66666666650011	0.582807119551519	1089	5.52311473038703	7.81021860261318
89	WGN07	6.66666666650013	0.582807119551515	1089	5.52311473038705	7.8102186026132
90	WGN07	6.8333333330001	0.582807119551508	1089	5.68978139688704	7.97688526911316
91	WGN07	7.16666666650008	0.582807119551503	1089	6.02311473038703	8.31021860261313
92	WGN07	6.50000000000008	0.582807119551507	1089	5.35644806388703	7.64355193611314
93	WGN07	7.0000000000001	0.582807119551514	1089	5.85644806388703	8.14355193611317
94	WGN07	6.00000000000006	0.582807119551508	1089	4.85644806388701	7.14355193611312
95	WGN07	7.00000000000007	0.582807119551519	1089	5.85644806388699	8.14355193611315
96	WGN07	4.83333333350001	0.582807119551518	1089	3.68978139738693	5.97688526961309
97	WGN07	5.83333333350012	0.582807119551508	1089	4.68978139738707	6.97688526961318
98	WGN07	6.16666666650008	0.582807119551497	1089	5.02311473038704	7.31021860261311
99	WGN07	6.1666666665001	0.582807119551513	1089	5.02311473038703	7.31021860261317
100	WGN07	6.83333333300007	0.582807119551496	1089	5.68978139688703	7.9768852691131
101	WGN07	5.83333333350009	0.582807119551515	1089	4.68978139738702	6.97688526961316
102	WGN07	5.83333333350009	0.582807119551513	1089	4.68978139738702	6.97688526961316
103	WGN07	6.00000000000011	0.58280711955152	1089	4.85644806388703	7.14355193611319
104	WGN07	8.16666666650006	0.582807119551497	1089	7.02311473038703	9.3102186026131
105	WGN07	7.50000000000003	0.582807119551495	1089	6.356448063887	8.64355193611306
106	WGN07	5.83333333350009	0.582807119551506	1089	4.68978139738703	6.97688526961314
107	WGN07	6.66666666650012	0.582807119551518	1089	5.52311473038704	7.81021860261319
108	WGN07	7.1666666670001	0.582807119551505	1089	6.02311473088705	8.31021860311316
109	WGN07	5.83333333300004	0.582807119551498	1089	4.689781396887	6.97688526911308
110	WGN07	7.00000000000009	0.582807119551497	1089	5.85644806388706	8.14355193611313
111	WGN07	6.83333333350014	0.582807119551524	1089	5.68978139738705	7.97688526961323
112	WGN07	7.50000000000011	0.582807119551503	1089	6.35644806388706	8.64355193611316
113	WGN07	6.56016819604734	0.824402750890386	1089	4.94257065770033	8.17776573439435
114	WGN07	6.50000000000009	0.582807119551517	1089	5.35644806388701	7.64355193611317
115	WGN07	7.66666666650011	0.58280711955151	1089	6.52311473038705	8.81021860261317
116	WGN07	5.83333333350012	0.582807119551512	1089	4.68978139738705	6.97688526961318
117	WGN07	6.66666666700009	0.582807119551513	1089	5.52311473088702	7.81021860311316
118	WGN07	7.00000000000009	0.582807119551509	1089	5.85644806388703	8.14355193611315
119	WGN07	7.33333333350009	0.582807119551507	1089	6.18978139738703	8.47688526961314
120	WGN07	6.66666666650009	0.582807119551516	1089	5.52311473038702	7.81021860261317
121	WGN07	4.77316513795284	0.824402750890362	1089	3.15556759960587	6.3907626762998
122	WGN07	6.22683486204734	0.824402750890399	1089	4.6092373237003	7.84443240039438
123	WGN07	5.33333333350012	0.582807119551521	1089	4.18978139738703	6.4768852696132
124	WGN07	6.83333333300009	0.582807119551502	1089	5.68978139688705	7.97688526911314
125	WGN07	5.00000000000009	0.582807119551518	1089	3.85644806388702	6.14355193611317
126	WGN07	5.8333333335001	0.582807119551512	1089	4.68978139738704	6.97688526961317
127	WGN07	6.16666666700011	0.58280711955151	1089	5.02311473088704	7.31021860311317
128	WGN07	5.3333333335001	0.582807119551503	1089	4.18978139738705	6.47688526961315
129	WGN07	6.33333333350001	0.582807119551498	1089	5.18978139738697	7.47688526961305
130	WGN07	4.66666666700011	0.582807119551508	1089	3.52311473088706	5.81021860311317
1	WGN15	6.66666666650027	0.582807119551508	1089	5.52311473038721	7.81021860261332
2	WGN15	5.83333333350004	0.582807119551523	1089	4.68978139738695	6.97688526961312
3	WGN15	7.00000000000013	0.582807119551506	1089	5.85644806388708	8.14355193611319
4	WGN15	5.66666666700013	0.582807119551503	1089	4.52311473088708	6.81021860311318
5	WGN15	6.00000000000004	0.582807119551514	1089	4.85644806388697	7.14355193611311
7	WGN15	6.66666666700008	0.582807119551505	1089	5.52311473088703	7.81021860311313
8	WGN15	7.00000000000006	0.582807119551501	1089	5.85644806388701	8.1435519361131
9	WGN15	6.00000000000008	0.582807119551519	1089	4.856448063887	7.14355193611316
10	WGN15	6.16666666700013	0.582807119551513	1089	5.02311473088706	7.31021860311319
11	WGN15	6.00000000000015	0.582807119551481	1089	4.85644806388715	7.14355193611316
12	WGN15	5.83333333300005	0.582807119551525	1089	4.68978139688696	6.97688526911314
13	WGN15	7.16666666650012	0.582807119551514	1089	6.02311473038705	8.31021860261319
14	WGN15	6.00000000000011	0.5828071195515	1089	4.85644806388707	7.14355193611315
15	WGN15	6.50000000000007	0.58280711955152	1089	5.35644806388699	7.64355193611315
16	WGN15	4.66666666700018	0.582807119551498	1089	3.52311473088714	5.81021860311322
17	WGN15	5.56016819604736	0.824402750890375	1089	3.94257065770037	7.17776573439434
18	WGN15	5.83333333300007	0.582807119551511	1089	4.68978139688701	6.97688526911313
19	WGN15	6.5000000000001	0.582807119551511	1089	5.35644806388704	7.64355193611317
20	WGN15	5.66666666650007	0.582807119551512	1089	4.523114730387	6.81021860261314
21	WGN15	6.50000000000011	0.582807119551511	1089	5.35644806388705	7.64355193611317
22	WGN15	6.16666666700009	0.582807119551507	1089	5.02311473088704	7.31021860311315
23	WGN15	6.16666666650011	0.582807119551504	1089	5.02311473038706	7.31021860261316
24	WGN15	6.56016819604736	0.824402750890392	1089	4.94257065770034	8.17776573439438
25	WGN15	7.16666666700009	0.582807119551513	1089	6.02311473088702	8.31021860311315
26	WGN15	6.33333333350008	0.582807119551509	1089	5.18978139738702	7.47688526961314
27	WGN15	5.83333333300007	0.582807119551514	1089	4.689781396887	6.97688526911314
28	WGN15	6.66666666650008	0.582807119551504	1089	5.52311473038703	7.81021860261313
29	WGN15	6.16666666700007	0.582807119551516	1089	5.023114730887	7.31021860311315
30	WGN15	6.5000000000001	0.582807119551514	1089	5.35644806388703	7.64355193611317
31	WGN15	3.89350152904729	0.824402750890394	1089	2.27590399070027	5.51109906739432
32	WGN15	6.50000000000009	0.582807119551507	1089	5.35644806388703	7.64355193611314
33	WGN15	7.33333333300008	0.582807119551511	1089	6.18978139688702	8.47688526911315
34	WGN15	5.66666666700012	0.582807119551511	1089	4.52311473088706	6.81021860311318
35	WGN15	6.16666666650014	0.582807119551493	1089	5.02311473038711	7.31021860261316
36	WGN15	4.66666666700007	0.58280711955149	1089	3.52311473088705	5.81021860311309
37	WGN15	6.83333333300003	0.582807119551499	1089	5.68978139688699	7.97688526911307
38	WGN15	5.50000000000009	0.582807119551504	1089	4.35644806388704	6.64355193611314
39	WGN15	5.16666666650009	0.582807119551523	1089	4.023114730387	6.31021860261318
40	WGN15	6.16666666650006	0.582807119551507	1089	5.02311473038701	7.31021860261312
41	WGN15	5.83333333300009	0.582807119551508	1089	4.68978139688703	6.97688526911315
43	WGN15	5.83333333300011	0.582807119551502	1089	4.68978139688706	6.97688526911315
44	WGN15	6.5000000000001	0.582807119551514	1089	5.35644806388703	7.64355193611317
45	WGN15	5.83333333350008	0.582807119551517	1089	4.689781397387	6.97688526961315
46	WGN15	5.6666666670001	0.582807119551506	1089	4.52311473088705	6.81021860311315
47	WGN15	6.16666666700007	0.582807119551521	1089	5.02311473088699	7.31021860311315
48	WGN15	6.00000000000011	0.582807119551511	1089	4.85644806388705	7.14355193611318
50	WGN15	6.16666666650009	0.582807119551499	1089	5.02311473038705	7.31021860261313
51	WGN15	5.33333333350006	0.58280711955152	1089	4.18978139738698	6.47688526961314
52	WGN15	5.00000000000012	0.5828071195515	1089	3.85644806388708	6.14355193611316
53	WGN15	5.22683486204731	0.824402750890385	1089	3.60923732370031	6.84443240039432
54	WGN15	6.89350152904736	0.824402750890381	1089	5.27590399070035	8.51109906739436
55	WGN15	5.50000000000008	0.582807119551512	1089	4.35644806388702	6.64355193611315
56	WGN15	6.16666666650006	0.582807119551518	1089	5.02311473038699	7.31021860261314
57	WGN15	4.83333333350016	0.582807119551498	1089	3.68978139738712	5.97688526961319
58	WGN15	8.50000000000008	0.582807119551511	1089	7.35644806388701	9.64355193611314
59	WGN15	6.50000000000008	0.582807119551518	1089	5.356448063887	7.64355193611316
60	WGN15	6.16666666700008	0.582807119551511	1089	5.02311473088702	7.31021860311315
61	WGN15	6.1666666665001	0.58280711955152	1089	5.02311473038702	7.31021860261318
62	WGN15	5.33333333350006	0.582807119551509	1089	4.189781397387	6.47688526961312
63	WGN15	5.83333333350011	0.582807119551503	1089	4.68978139738706	6.97688526961315
64	WGN15	6.16666666700011	0.582807119551509	1089	5.02311473088705	7.31021860311317
65	WGN15	5.3333333330001	0.582807119551513	1089	4.18978139688704	6.47688526911317
66	WGN15	5.5000000000001	0.582807119551513	1089	4.35644806388703	6.64355193611316
67	WGN15	6.16666666650008	0.58280711955152	1089	5.023114730387	7.31021860261316
69	WGN15	5.50000000000004	0.582807119551513	1089	4.35644806388697	6.64355193611311
70	WGN15	6.66666666650009	0.582807119551507	1089	5.52311473038704	7.81021860261315
71	WGN15	6.8333333330001	0.582807119551508	1089	5.68978139688704	7.97688526911316
72	WGN15	5.66666666700009	0.58280711955151	1089	4.52311473088703	6.81021860311315
73	WGN15	5.83333333350008	0.582807119551517	1089	4.68978139738701	6.97688526961316
74	WGN15	5.00000000000009	0.582807119551513	1089	3.85644806388702	6.14355193611315
75	WGN15	7.16666666650009	0.582807119551509	1089	6.02311473038703	8.31021860261315
77	WGN15	5.8333333335001	0.5828071195515	1089	4.68978139738706	6.97688526961315
78	WGN15	5.50000000000006	0.582807119551513	1089	4.35644806388699	6.64355193611312
79	WGN15	5.3333333330001	0.582807119551504	1089	4.18978139688705	6.47688526911315
80	WGN15	5.3333333335001	0.582807119551508	1089	4.18978139738704	6.47688526961316
81	WGN15	6.50000000000009	0.582807119551511	1089	5.35644806388702	7.64355193611315
82	WGN15	5.50000000000011	0.582807119551513	1089	4.35644806388705	6.64355193611318
83	WGN15	6.5000000000001	0.582807119551506	1089	5.35644806388705	7.64355193611315
84	WGN15	6.0000000000001	0.582807119551507	1089	4.85644806388704	7.14355193611315
85	WGN15	5.33333333350008	0.582807119551508	1089	4.18978139738703	6.47688526961314
86	WGN15	5.5000000000001	0.582807119551514	1089	4.35644806388703	6.64355193611316
87	WGN15	5.16666666700005	0.582807119551514	1089	4.02311473088699	6.31021860311312
88	WGN15	5.66666666650007	0.58280711955151	1089	4.52311473038701	6.81021860261314
89	WGN15	5.16666666650006	0.582807119551516	1089	4.02311473038699	6.31021860261314
90	WGN15	6.89350152904732	0.824402750890386	1089	5.27590399070031	8.51109906739433
91	WGN15	6.00000000000008	0.582807119551507	1089	4.85644806388703	7.14355193611314
92	WGN15	5.22683486204738	0.82440275089038	1089	3.60923732370038	6.84443240039437
93	WGN15	5.66666666700006	0.582807119551511	1089	4.523114730887	6.81021860311312
94	WGN15	6.00000000000009	0.582807119551511	1089	4.85644806388703	7.14355193611316
95	WGN15	6.33333333350009	0.582807119551516	1089	5.18978139738701	7.47688526961316
96	WGN15	6.33333333350007	0.582807119551503	1089	5.18978139738702	7.47688526961312
97	WGN15	5.33333333300008	0.582807119551512	1089	4.18978139688701	6.47688526911314
98	WGN15	6.50000000000008	0.582807119551504	1089	5.35644806388703	7.64355193611313
99	WGN15	5.6666666670001	0.582807119551515	1089	4.52311473088703	6.81021860311317
100	WGN15	7.22683486204734	0.824402750890396	1089	5.6092373237003	8.84443240039437
101	WGN15	6.66666666650005	0.582807119551519	1089	5.52311473038697	7.81021860261313
102	WGN15	6.66666666650006	0.582807119551514	1089	5.52311473038699	7.81021860261313
103	WGN15	5.66666666700007	0.582807119551506	1089	4.52311473088702	6.81021860311312
104	WGN15	6.16666666650008	0.582807119551514	1089	5.02311473038701	7.31021860261315
106	WGN15	6.66666666650008	0.582807119551521	1089	5.523114730387	7.81021860261316
107	WGN15	6.33333333300009	0.582807119551509	1089	5.18978139688703	7.47688526911315
108	WGN15	5.83333333350008	0.582807119551506	1089	4.68978139738703	6.97688526961314
109	WGN15	6.66666666700006	0.582807119551506	1089	5.52311473088701	7.81021860311312
110	WGN15	5.16666666650006	0.58280711955151	1089	4.023114730387	6.31021860261313
111	WGN15	6.8333333335001	0.582807119551511	1089	5.68978139738703	7.97688526961316
112	WGN15	5.66666666650007	0.582807119551516	1089	4.523114730387	6.81021860261314
113	WGN15	6.66666666650008	0.582807119551515	1089	5.52311473038701	7.81021860261315
114	WGN15	6.33333333350011	0.582807119551511	1089	5.18978139738705	7.47688526961318
115	WGN15	6.33333333300009	0.582807119551514	1089	5.18978139688702	7.47688526911316
116	WGN15	6.00000000000008	0.582807119551505	1089	4.85644806388703	7.14355193611313
117	WGN15	6.0000000000001	0.582807119551506	1089	4.85644806388704	7.14355193611315
118	WGN15	5.16666666700007	0.582807119551513	1089	4.02311473088701	6.31021860311314
119	WGN15	5.83333333350007	0.582807119551514	1089	4.689781397387	6.97688526961314
120	WGN15	6.5000000000001	0.58280711955151	1089	5.35644806388703	7.64355193611316
121	WGN15	6.16666666650012	0.582807119551502	1089	5.02311473038707	7.31021860261316
122	WGN15	5.16666666650007	0.58280711955151	1089	4.023114730387	6.31021860261313
123	WGN15	5.66666666650009	0.58280711955152	1089	4.52311473038701	6.81021860261317
124	WGN15	6.3333333335001	0.582807119551506	1089	5.18978139738704	7.47688526961315
125	WGN15	6.0000000000001	0.582807119551511	1089	4.85644806388703	7.14355193611316
126	WGN15	5.5000000000001	0.582807119551506	1089	4.35644806388704	6.64355193611315
127	WGN15	7.16666666700008	0.582807119551506	1089	6.02311473088703	8.31021860311314
128	WGN15	6.33333333300014	0.582807119551513	1089	5.18978139688707	7.4768852691132
129	WGN15	6.00000000000009	0.582807119551508	1089	4.85644806388703	7.14355193611315
130	WGN15	5.50000000000007	0.58280711955151	1089	4.35644806388701	6.64355193611313
3	WGN26	7.00000000000006	0.582807119551502	1089	5.85644806388701	8.1435519361131
4	WGN26	6.83333333350005	0.582807119551504	1089	5.689781397387	7.9768852696131
5	WGN26	7.16666666699999	0.582807119551497	1089	6.02311473088695	8.31021860311303
6	WGN26	5.16666666650009	0.582807119551508	1089	4.02311473038703	6.31021860261314
7	WGN26	7.00000000000019	0.582807119551525	1089	5.8564480638871	8.14355193611328
8	WGN26	6.66666666700008	0.582807119551511	1089	5.52311473088702	7.81021860311315
9	WGN26	5.16666666650007	0.582807119551505	1089	4.02311473038702	6.31021860261313
10	WGN26	6.5000000000001	0.582807119551505	1089	5.35644806388705	7.64355193611315
11	WGN26	5.83333333300006	0.582807119551521	1089	4.68978139688697	6.97688526911314
12	WGN26	6.00000000000013	0.582807119551509	1089	4.85644806388707	7.14355193611319
13	WGN26	4.83333333300008	0.582807119551509	1089	3.68978139688703	5.97688526911314
14	WGN26	6.66666666700009	0.582807119551512	1089	5.52311473088703	7.81021860311315
15	WGN26	5.6666666665001	0.58280711955152	1089	4.52311473038702	6.81021860261318
17	WGN26	5.83333333300009	0.582807119551497	1089	4.68978139688705	6.97688526911312
18	WGN26	7.33333333350016	0.582807119551526	1089	6.18978139738707	8.47688526961325
19	WGN26	6.1064984709528	0.824402750890373	1089	4.48890093260581	7.72409600929978
20	WGN26	6.33333333350004	0.582807119551511	1089	5.18978139738697	7.4768852696131
21	WGN26	4.83333333350003	0.582807119551509	1089	3.68978139738697	5.97688526961309
22	WGN26	7.00000000000014	0.58280711955152	1089	5.85644806388706	8.14355193611322
23	WGN26	5.00000000000008	0.582807119551508	1089	3.85644806388703	6.14355193611314
24	WGN26	6.22683486204733	0.824402750890382	1089	4.60923732370033	7.84443240039433
25	WGN26	6.6666666670001	0.582807119551513	1089	5.52311473088703	7.81021860311317
26	WGN26	7.16666666650012	0.582807119551515	1089	6.02311473038705	8.31021860261319
27	WGN26	5.8333333335001	0.582807119551512	1089	4.68978139738703	6.97688526961316
28	WGN26	7.16666666650007	0.582807119551506	1089	6.02311473038701	8.31021860261312
29	WGN26	6.16666666700007	0.582807119551499	1089	5.02311473088703	7.31021860311311
30	WGN26	5.66666666650008	0.582807119551511	1089	4.52311473038702	6.81021860261314
31	WGN26	7.16666666700012	0.582807119551519	1089	6.02311473088705	8.3102186031132
32	WGN26	5.89350152904733	0.824402750890382	1089	4.27590399070032	7.51109906739433
33	WGN26	7.56016819604739	0.824402750890397	1089	5.94257065770035	9.17776573439442
34	WGN26	5.83333333350008	0.582807119551507	1089	4.68978139738702	6.97688526961314
35	WGN26	6.33333333300008	0.582807119551505	1089	5.18978139688702	7.47688526911313
36	WGN26	6.33333333350008	0.582807119551509	1089	5.18978139738703	7.47688526961314
38	WGN26	5.50000000000009	0.582807119551513	1089	4.35644806388702	6.64355193611315
39	WGN26	6.50000000000009	0.582807119551512	1089	5.35644806388703	7.64355193611316
40	WGN26	6.83333333350007	0.582807119551505	1089	5.68978139738701	7.97688526961312
41	WGN26	4.66666666700008	0.58280711955151	1089	3.52311473088702	5.81021860311315
42	WGN26	6.83333333350011	0.582807119551514	1089	5.68978139738704	7.97688526961318
43	WGN26	7.8333333330001	0.582807119551514	1089	6.68978139688704	8.97688526911317
44	WGN26	7.66666666650011	0.582807119551514	1089	6.52311473038704	8.81021860261318
45	WGN26	6.66666666650008	0.582807119551508	1089	5.52311473038702	7.81021860261313
46	WGN26	5.16666666700009	0.582807119551507	1089	4.02311473088703	6.31021860311315
47	WGN26	3.83333333350008	0.58280711955151	1089	2.68978139738701	4.97688526961314
48	WGN26	6.33333333300008	0.582807119551508	1089	5.18978139688702	7.47688526911314
49	WGN26	6.5601681960473	0.824402750890379	1089	4.9425706577003	8.1777657343943
50	WGN26	7.83333333350011	0.582807119551512	1089	6.68978139738705	8.97688526961318
51	WGN26	6.0000000000001	0.582807119551515	1089	4.85644806388703	7.14355193611317
52	WGN26	6.00000000000008	0.582807119551509	1089	4.85644806388702	7.14355193611314
53	WGN26	6.50000000000009	0.582807119551509	1089	5.35644806388703	7.64355193611315
54	WGN26	7.66666666650009	0.582807119551511	1089	6.52311473038703	8.81021860261315
55	WGN26	4.83333333350009	0.582807119551517	1089	3.68978139738701	5.97688526961316
56	WGN26	6.83333333300009	0.582807119551511	1089	5.68978139688702	7.97688526911315
57	WGN26	5.33333333350008	0.582807119551512	1089	4.18978139738701	6.47688526961314
58	WGN26	6.50000000000009	0.582807119551511	1089	5.35644806388703	7.64355193611316
59	WGN26	6.77316513795283	0.824402750890387	1089	5.15556759960582	8.39076267629984
60	WGN26	6.33333333350008	0.582807119551506	1089	5.18978139738702	7.47688526961313
61	WGN26	7.83333333350009	0.582807119551512	1089	6.68978139738703	8.97688526961316
62	WGN26	6.00000000000008	0.582807119551507	1089	4.85644806388702	7.14355193611313
64	WGN26	6.00000000000007	0.582807119551504	1089	4.85644806388702	7.14355193611312
65	WGN26	6.16666666650007	0.58280711955151	1089	5.02311473038701	7.31021860261313
66	WGN26	5.50000000000007	0.582807119551509	1089	4.35644806388701	6.64355193611313
67	WGN26	7.33333333350009	0.582807119551513	1089	6.18978139738702	8.47688526961315
68	WGN26	5.89350152904732	0.824402750890396	1089	4.27590399070029	7.51109906739435
69	WGN26	5.66666666650008	0.582807119551507	1089	4.52311473038703	6.81021860261314
70	WGN26	6.00000000000009	0.582807119551514	1089	4.85644806388702	7.14355193611316
71	WGN26	6.00000000000009	0.58280711955151	1089	4.85644806388703	7.14355193611315
73	WGN26	5.83333333350009	0.582807119551514	1089	4.68978139738702	6.97688526961316
74	WGN26	6.00000000000008	0.582807119551506	1089	4.85644806388703	7.14355193611314
75	WGN26	6.1666666665001	0.582807119551518	1089	5.02311473038702	7.31021860261317
76	WGN26	6.66666666650006	0.582807119551505	1089	5.52311473038701	7.81021860261311
77	WGN26	5.83333333300011	0.582807119551508	1089	4.68978139688705	6.97688526911317
78	WGN26	6.00000000000007	0.582807119551509	1089	4.85644806388701	7.14355193611313
79	WGN26	7.56016819604733	0.82440275089039	1089	5.94257065770031	9.17776573439435
80	WGN26	5.33333333350009	0.582807119551509	1089	4.18978139738703	6.47688526961315
81	WGN26	5.22683486204732	0.824402750890385	1089	3.60923732370031	6.84443240039433
82	WGN26	6.00000000000008	0.582807119551504	1089	4.85644806388703	7.14355193611313
83	WGN26	6.00000000000008	0.582807119551509	1089	4.85644806388702	7.14355193611314
85	WGN26	6.50000000000008	0.582807119551508	1089	5.35644806388703	7.64355193611314
86	WGN26	5.77316513795284	0.824402750890379	1089	4.15556759960584	7.39076267629983
87	WGN26	6.0000000000001	0.582807119551511	1089	4.85644806388704	7.14355193611316
88	WGN26	6.16666666650008	0.582807119551512	1089	5.02311473038702	7.31021860261315
89	WGN26	6.00000000000011	0.582807119551511	1089	4.85644806388704	7.14355193611317
90	WGN26	6.33333333300007	0.582807119551508	1089	5.18978139688701	7.47688526911313
91	WGN26	6.6666666665001	0.582807119551508	1089	5.52311473038704	7.81021860261315
92	WGN26	6.1666666665001	0.582807119551515	1089	5.02311473038703	7.31021860261318
93	WGN26	5.33333333350007	0.582807119551508	1089	4.18978139738702	6.47688526961313
94	WGN26	6.50000000000008	0.582807119551508	1089	5.35644806388702	7.64355193611313
95	WGN26	8.33333333350006	0.582807119551505	1089	7.18978139738701	9.47688526961311
96	WGN26	6.66666666650008	0.582807119551509	1089	5.52311473038702	7.81021860261314
97	WGN26	5.00000000000007	0.582807119551502	1089	3.85644806388702	6.14355193611312
98	WGN26	6.33333333350009	0.582807119551508	1089	5.18978139738703	7.47688526961315
99	WGN26	6.33333333300008	0.582807119551511	1089	5.18978139688701	7.47688526911314
100	WGN26	6.10649847095281	0.824402750890383	1089	4.4889009326058	7.72409600929981
101	WGN26	7.16666666650011	0.582807119551511	1089	6.02311473038705	8.31021860261318
102	WGN26	7.16666666650008	0.582807119551508	1089	6.02311473038702	8.31021860261314
103	WGN26	5.33333333350008	0.582807119551509	1089	4.18978139738703	6.47688526961314
104	WGN26	6.50000000000006	0.58280711955151	1089	5.356448063887	7.64355193611313
105	WGN26	7.3333333330001	0.582807119551515	1089	6.18978139688703	8.47688526911317
106	WGN26	6.50000000000006	0.58280711955151	1089	5.356448063887	7.64355193611313
108	WGN26	6.16666666650008	0.58280711955151	1089	5.02311473038702	7.31021860261314
109	WGN26	5.66666666650007	0.582807119551509	1089	4.52311473038701	6.81021860261313
111	WGN26	6.16666666650008	0.582807119551512	1089	5.02311473038702	7.31021860261315
112	WGN26	6.66666666700007	0.582807119551511	1089	5.52311473088701	7.81021860311314
113	WGN26	4.33333333350006	0.58280711955151	1089	3.189781397387	5.47688526961313
115	WGN26	6.33333333350009	0.582807119551514	1089	5.18978139738702	7.47688526961316
116	WGN26	6.33333333350007	0.582807119551511	1089	5.189781397387	7.47688526961313
117	WGN26	5.43983180395284	0.824402750890383	1089	3.82223426560583	7.05742934229984
118	WGN26	6.33333333300007	0.582807119551505	1089	5.18978139688702	7.47688526911312
119	WGN26	5.8333333330001	0.582807119551516	1089	4.68978139688703	6.97688526911317
120	WGN26	7.00000000000008	0.58280711955151	1089	5.85644806388702	8.14355193611314
121	WGN26	4.50000000000008	0.582807119551508	1089	3.35644806388702	5.64355193611313
122	WGN26	6.66666666650008	0.58280711955151	1089	5.52311473038701	7.81021860261314
123	WGN26	6.00000000000009	0.582807119551508	1089	4.85644806388703	7.14355193611315
124	WGN26	7.56016819604733	0.824402750890389	1089	5.94257065770032	9.17776573439435
125	WGN26	6.56016819604733	0.824402750890385	1089	4.94257065770032	8.17776573439434
126	WGN26	5.77316513795284	0.824402750890382	1089	4.15556759960583	7.39076267629984
127	WGN26	5.50000000000008	0.582807119551509	1089	4.35644806388702	6.64355193611314
128	WGN26	6.33333333350009	0.582807119551509	1089	5.18978139738703	7.47688526961315
129	WGN26	5.43983180395284	0.824402750890388	1089	3.82223426560582	7.05742934229985
130	WGN26	5.4999999999999	0.582807119551527	1089	4.35644806388681	6.64355193611299
2	WGN36	7.16666666650006	0.5828071195515	1089	6.02311473038702	8.31021860261311
4	WGN36	5.50000000000008	0.582807119551509	1089	4.35644806388702	6.64355193611314
5	WGN36	5.50000000000004	0.582807119551511	1089	4.35644806388697	6.6435519361131
6	WGN36	5.66666666700009	0.582807119551503	1089	4.52311473088704	6.81021860311314
7	WGN36	5.89350152904723	0.8244027508904	1089	4.27590399070019	7.51109906739427
8	WGN36	5.50000000000003	0.582807119551515	1089	4.35644806388696	6.6435519361131
9	WGN36	7.56016819604729	0.824402750890384	1089	5.94257065770029	9.1777657343943
10	WGN36	7.00000000000005	0.582807119551502	1089	5.85644806388701	8.1435519361131
11	WGN36	6.00000000000005	0.582807119551505	1089	4.856448063887	7.1435519361131
12	WGN36	6.89350152904724	0.824402750890409	1089	5.27590399070018	8.5110990673943
13	WGN36	7.00000000000005	0.582807119551503	1089	5.856448063887	8.1435519361131
14	WGN36	6.50000000000004	0.58280711955151	1089	5.35644806388697	7.6435519361131
15	WGN36	6.66666666650006	0.58280711955151	1089	5.523114730387	7.81021860261312
16	WGN36	6.166666667	0.582807119551513	1089	5.02311473088694	7.31021860311307
17	WGN36	6.83333333350007	0.582807119551517	1089	5.68978139738699	7.97688526961314
18	WGN36	6.5	0.582807119551517	1089	5.35644806388693	7.64355193611308
19	WGN36	6.33333333300005	0.58280711955151	1089	5.18978139688699	7.47688526911311
20	WGN36	7.00000000000006	0.582807119551509	1089	5.856448063887	8.14355193611312
21	WGN36	6.33333333350005	0.582807119551514	1089	5.18978139738698	7.47688526961312
22	WGN36	7.16666666650004	0.582807119551518	1089	6.02311473038697	8.31021860261312
23	WGN36	6.66666666700003	0.582807119551514	1089	5.52311473088696	7.81021860311309
24	WGN36	7.00000000000004	0.582807119551505	1089	5.85644806388699	8.1435519361131
26	WGN36	5.83333333300008	0.582807119551509	1089	4.68978139688702	6.97688526911314
27	WGN36	5.83333333300001	0.582807119551514	1089	4.68978139688694	6.97688526911308
28	WGN36	5.66666666650006	0.58280711955151	1089	4.523114730387	6.81021860261313
30	WGN36	6.83333333350006	0.58280711955151	1089	5.68978139738699	7.97688526961312
31	WGN36	5.83333333350007	0.582807119551503	1089	4.68978139738702	6.97688526961311
32	WGN36	6.50000000000007	0.582807119551513	1089	5.356448063887	7.64355193611313
33	WGN36	5.33333333299997	0.582807119551523	1089	4.18978139688689	6.47688526911306
34	WGN36	6.33333333300004	0.582807119551512	1089	5.18978139688697	7.4768852691131
35	WGN36	7.16666666700005	0.582807119551509	1089	6.02311473088699	8.31021860311311
36	WGN36	5.50000000000004	0.582807119551513	1089	4.35644806388697	6.64355193611311
37	WGN36	6.16666666650003	0.58280711955151	1089	5.02311473038697	7.31021860261309
38	WGN36	5.56016819604728	0.824402750890384	1089	3.94257065770027	7.17776573439428
39	WGN36	5.33333333350006	0.582807119551504	1089	4.18978139738701	6.47688526961311
40	WGN36	6.50000000000007	0.582807119551507	1089	5.35644806388701	7.64355193611312
41	WGN36	8.16666666650004	0.58280711955151	1089	7.02311473038698	9.3102186026131
42	WGN36	7.00000000000003	0.582807119551504	1089	5.85644806388698	8.14355193611308
43	WGN36	6.83333333350003	0.582807119551513	1089	5.68978139738696	7.9768852696131
44	WGN36	5.66666666650004	0.582807119551514	1089	4.52311473038697	6.81021860261311
45	WGN36	6.50000000000004	0.58280711955151	1089	5.35644806388698	7.6435519361131
46	WGN36	7.2268348620473	0.824402750890378	1089	5.6092373237003	8.84443240039429
47	WGN36	6.66666666700006	0.582807119551503	1089	5.52311473088701	7.8102186031131
48	WGN36	7.16666666700004	0.582807119551509	1089	6.02311473088698	8.3102186031131
49	WGN36	6.16666666650006	0.582807119551504	1089	5.02311473038701	7.31021860261311
51	WGN36	6.83333333350005	0.582807119551511	1089	5.68978139738699	7.97688526961312
52	WGN36	6.16666666650007	0.582807119551504	1089	5.02311473038702	7.31021860261312
53	WGN36	6.33333333350009	0.582807119551496	1089	5.18978139738705	7.47688526961312
54	WGN36	6.50000000000006	0.582807119551501	1089	5.35644806388702	7.64355193611311
55	WGN36	5.83333333350006	0.582807119551508	1089	4.68978139738701	6.97688526961312
56	WGN36	6.50000000000006	0.582807119551503	1089	5.35644806388701	7.64355193611311
57	WGN36	6.66666666700007	0.5828071195515	1089	5.52311473088703	7.81021860311311
58	WGN36	4.5	0.582807119551515	1089	3.35644806388693	5.64355193611307
59	WGN36	5.33333333350008	0.582807119551506	1089	4.18978139738702	6.47688526961313
60	WGN36	6.33333333350008	0.582807119551507	1089	5.18978139738702	7.47688526961313
62	WGN36	5.50000000000004	0.582807119551511	1089	4.35644806388698	6.64355193611311
64	WGN36	6.83333333350003	0.582807119551515	1089	5.68978139738696	7.9768852696131
65	WGN36	7.16666666650004	0.582807119551516	1089	6.02311473038697	8.31021860261312
66	WGN36	6.00000000000003	0.582807119551515	1089	4.85644806388696	7.1435519361131
68	WGN36	8.66666666650005	0.582807119551508	1089	7.52311473038699	9.81021860261311
69	WGN36	5.50000000000009	0.582807119551501	1089	4.35644806388705	6.64355193611314
70	WGN36	7.33333333300005	0.582807119551516	1089	6.18978139688698	8.47688526911312
71	WGN36	6.16666666650005	0.582807119551509	1089	5.02311473038699	7.31021860261311
72	WGN36	7.00000000000004	0.582807119551506	1089	5.85644806388699	8.1435519361131
74	WGN36	7.00000000000003	0.58280711955151	1089	5.85644806388697	8.1435519361131
75	WGN36	5.83333333350004	0.582807119551512	1089	4.68978139738697	6.9768852696131
76	WGN36	6.66666666650005	0.582807119551509	1089	5.52311473038699	7.81021860261311
77	WGN36	5.33333333300006	0.582807119551508	1089	4.189781396887	6.47688526911312
78	WGN36	6.66666666650004	0.582807119551509	1089	5.52311473038698	7.8102186026131
79	WGN36	7.00000000000003	0.582807119551514	1089	5.85644806388696	8.1435519361131
80	WGN36	5.50000000000006	0.582807119551506	1089	4.35644806388701	6.64355193611311
81	WGN36	6.83333333300005	0.582807119551512	1089	5.68978139688699	7.97688526911312
82	WGN36	6.83333333350005	0.582807119551511	1089	5.68978139738699	7.97688526961311
83	WGN36	6.16666666650004	0.582807119551512	1089	5.02311473038697	7.3102186026131
84	WGN36	5.66666666700004	0.582807119551511	1089	4.52311473088698	6.8102186031131
85	WGN36	5.16666666650006	0.58280711955151	1089	4.02311473038699	6.31021860261312
86	WGN36	5.83333333350005	0.582807119551512	1089	4.68978139738698	6.97688526961311
87	WGN36	6.66666666650006	0.582807119551506	1089	5.523114730387	7.81021860261311
88	WGN36	6.33333333300005	0.582807119551511	1089	5.18978139688698	7.47688526911311
89	WGN36	5.83333333300005	0.58280711955151	1089	4.68978139688699	6.97688526911311
90	WGN36	5.83333333350003	0.582807119551514	1089	4.68978139738696	6.9768852696131
92	WGN36	6.33333333350004	0.582807119551511	1089	5.18978139738698	7.47688526961311
93	WGN36	6.33333333350005	0.58280711955151	1089	5.18978139738699	7.47688526961311
94	WGN36	6.16666666700004	0.582807119551514	1089	5.02311473088697	7.31021860311311
95	WGN36	6.83333333300005	0.582807119551514	1089	5.68978139688698	7.97688526911312
96	WGN36	6.83333333350005	0.582807119551509	1089	5.68978139738699	7.97688526961311
97	WGN36	8.16666666650005	0.582807119551512	1089	7.02311473038698	9.31021860261311
98	WGN36	6.50000000000005	0.582807119551512	1089	5.35644806388698	7.64355193611311
99	WGN36	5.50000000000004	0.582807119551512	1089	4.35644806388697	6.6435519361131
100	WGN36	6.33333333350005	0.582807119551512	1089	5.18978139738698	7.47688526961311
102	WGN36	7.50000000000006	0.582807119551512	1089	6.356448063887	8.64355193611313
104	WGN36	5.33333333350005	0.58280711955151	1089	4.18978139738699	6.47688526961311
105	WGN36	6.83333333350005	0.582807119551509	1089	5.68978139738699	7.97688526961311
106	WGN36	7.00000000000006	0.582807119551507	1089	5.85644806388701	8.14355193611312
107	WGN36	6.83333333300004	0.582807119551512	1089	5.68978139688697	7.9768852691131
108	WGN36	6.2268348620473	0.824402750890381	1089	4.6092373237003	7.8444324003943
109	WGN36	6.00000000000004	0.582807119551511	1089	4.85644806388698	7.14355193611311
110	WGN36	5.50000000000004	0.582807119551512	1089	4.35644806388698	6.64355193611311
112	WGN36	7.50000000000006	0.58280711955151	1089	6.356448063887	8.64355193611312
114	WGN36	5.66666666650006	0.582807119551507	1089	4.52311473038701	6.81021860261312
116	WGN36	7.00000000000005	0.582807119551507	1089	5.85644806388699	8.1435519361131
117	WGN36	6.50000000000005	0.582807119551508	1089	5.35644806388699	7.64355193611311
118	WGN36	5.00000000000005	0.582807119551512	1089	3.85644806388698	6.14355193611311
119	WGN36	6.00000000000006	0.582807119551507	1089	4.856448063887	7.14355193611311
120	WGN36	6.00000000000005	0.582807119551511	1089	4.85644806388698	7.14355193611311
121	WGN36	5.83333333300005	0.58280711955151	1089	4.68978139688699	6.97688526911312
122	WGN36	6.50000000000005	0.582807119551509	1089	5.35644806388699	7.64355193611311
123	WGN36	5.00000000000005	0.582807119551511	1089	3.85644806388699	6.14355193611312
124	WGN36	7.33333333350006	0.582807119551509	1089	6.189781397387	8.47688526961312
125	WGN36	5.83333333300006	0.582807119551509	1089	4.689781396887	6.97688526911312
126	WGN36	6.66666666700006	0.582807119551508	1089	5.523114730887	7.81021860311311
127	WGN36	6.50000000000005	0.582807119551508	1089	5.35644806388699	7.64355193611311
128	WGN36	7.00000000000006	0.582807119551509	1089	5.856448063887	8.14355193611312
129	WGN36	9.00000000000005	0.582807119551511	1089	7.85644806388698	10.1435519361131
130	WGN36	7.22683486204689	0.824402750890349	1089	5.60923732369995	8.84443240039383
1	WGN38	6.83333333350003	0.582807119551542	1089	5.68978139738691	7.97688526961315
2	WGN38	6.33333333350009	0.582807119551504	1089	5.18978139738705	7.47688526961314
3	WGN38	7.1666666665001	0.582807119551502	1089	6.02311473038705	8.31021860261314
4	WGN38	7.16666666700009	0.582807119551513	1089	6.02311473088702	8.31021860311316
5	WGN38	6.16666666650009	0.582807119551512	1089	5.02311473038703	7.31021860261316
6	WGN38	7.22683486204731	0.824402750890391	1089	5.60923732370029	8.84443240039433
7	WGN38	6.16666666650005	0.582807119551524	1089	5.02311473038696	7.31021860261314
8	WGN38	6.16666666650011	0.582807119551506	1089	5.02311473038705	7.31021860261316
10	WGN38	5.83333333300016	0.582807119551496	1089	4.68978139688712	6.97688526911319
11	WGN38	7.16666666700012	0.582807119551521	1089	6.02311473088703	8.3102186031132
12	WGN38	6.50000000000008	0.582807119551518	1089	5.356448063887	7.64355193611315
13	WGN38	5.83333333350008	0.582807119551517	1089	4.689781397387	6.97688526961315
14	WGN38	5.50000000000012	0.582807119551506	1089	4.35644806388706	6.64355193611317
16	WGN38	5.83333333350009	0.58280711955152	1089	4.68978139738701	6.97688526961317
18	WGN38	6.66666666650009	0.58280711955151	1089	5.52311473038703	7.81021860261315
19	WGN38	7.50000000000005	0.582807119551498	1089	6.35644806388701	8.64355193611308
20	WGN38	6.83333333350008	0.582807119551504	1089	5.68978139738703	7.97688526961313
21	WGN38	7.66666666700009	0.582807119551507	1089	6.52311473088704	8.81021860311315
22	WGN38	6.3333333335001	0.582807119551518	1089	5.18978139738702	7.47688526961318
23	WGN38	6.5000000000001	0.58280711955151	1089	5.35644806388704	7.64355193611316
24	WGN38	7.50000000000009	0.58280711955151	1089	6.35644806388703	8.64355193611316
26	WGN38	7.33333333350009	0.582807119551509	1089	6.18978139738703	8.47688526961315
27	WGN38	6.00000000000009	0.582807119551512	1089	4.85644806388702	7.14355193611315
28	WGN38	7.16666666650013	0.582807119551516	1089	6.02311473038706	8.3102186026132
29	WGN38	8.00000000000009	0.58280711955151	1089	6.85644806388703	9.14355193611315
30	WGN38	7.3333333335001	0.582807119551515	1089	6.18978139738702	8.47688526961317
32	WGN38	6.6666666665001	0.582807119551509	1089	5.52311473038704	7.81021860261316
33	WGN38	6.66666666700009	0.582807119551512	1089	5.52311473088703	7.81021860311316
34	WGN38	5.89350152904732	0.824402750890394	1089	4.27590399070029	7.51109906739435
35	WGN38	6.1666666665001	0.582807119551507	1089	5.02311473038705	7.31021860261316
36	WGN38	5.50000000000009	0.582807119551512	1089	4.35644806388702	6.64355193611315
37	WGN38	6.00000000000009	0.582807119551507	1089	4.85644806388704	7.14355193611315
38	WGN38	6.83333333300009	0.582807119551513	1089	5.68978139688702	7.97688526911316
39	WGN38	7.1666666665001	0.582807119551511	1089	6.02311473038703	8.31021860261316
40	WGN38	7.1666666670001	0.58280711955151	1089	6.02311473088703	8.31021860311316
41	WGN38	7.3333333335001	0.582807119551511	1089	6.18978139738703	8.47688526961316
42	WGN38	7.0000000000001	0.582807119551508	1089	5.85644806388704	8.14355193611315
43	WGN38	6.77316513795286	0.824402750890387	1089	5.15556759960585	8.39076267629987
45	WGN38	7.00000000000009	0.582807119551516	1089	5.85644806388701	8.14355193611316
46	WGN38	6.6666666665001	0.582807119551512	1089	5.52311473038703	7.81021860261316
47	WGN38	5.66666666650007	0.582807119551514	1089	4.52311473038701	6.81021860261314
48	WGN38	8.00000000000008	0.582807119551508	1089	6.85644806388703	9.14355193611314
49	WGN38	6.16666666650011	0.58280711955151	1089	5.02311473038705	7.31021860261317
50	WGN38	7.00000000000008	0.582807119551505	1089	5.85644806388702	8.14355193611313
51	WGN38	6.33333333350008	0.582807119551518	1089	5.18978139738701	7.47688526961316
52	WGN38	5.50000000000009	0.582807119551513	1089	4.35644806388702	6.64355193611316
53	WGN38	6.3333333335001	0.582807119551506	1089	5.18978139738705	7.47688526961316
54	WGN38	6.33333333350008	0.582807119551513	1089	5.18978139738701	7.47688526961315
55	WGN38	6.3333333330001	0.582807119551513	1089	5.18978139688703	7.47688526911316
56	WGN38	5.6666666670001	0.582807119551508	1089	4.52311473088704	6.81021860311316
59	WGN38	6.00000000000011	0.582807119551505	1089	4.85644806388706	7.14355193611317
61	WGN38	6.16666666650008	0.582807119551516	1089	5.023114730387	7.31021860261315
63	WGN38	6.8333333335001	0.582807119551505	1089	5.68978139738705	7.97688526961315
64	WGN38	7.50000000000008	0.582807119551509	1089	6.35644806388702	8.64355193611314
65	WGN38	6.00000000000008	0.582807119551512	1089	4.85644806388702	7.14355193611314
66	WGN38	7.3333333330001	0.582807119551509	1089	6.18978139688705	8.47688526911316
67	WGN38	7.00000000000009	0.58280711955151	1089	5.85644806388703	8.14355193611316
68	WGN38	6.00000000000007	0.582807119551514	1089	4.856448063887	7.14355193611314
69	WGN38	5.8333333335001	0.582807119551509	1089	4.68978139738704	6.97688526961316
70	WGN38	5.66666666700007	0.582807119551516	1089	4.523114730887	6.81021860311314
72	WGN38	6.33333333350011	0.58280711955151	1089	5.18978139738705	7.47688526961317
73	WGN38	6.0000000000001	0.582807119551509	1089	4.85644806388704	7.14355193611315
74	WGN38	6.22683486204734	0.824402750890383	1089	4.60923732370033	7.84443240039435
76	WGN38	6.6666666670001	0.582807119551509	1089	5.52311473088704	7.81021860311316
77	WGN38	6.5000000000001	0.582807119551511	1089	5.35644806388703	7.64355193611316
78	WGN38	6.5000000000001	0.582807119551509	1089	5.35644806388704	7.64355193611315
80	WGN38	6.3333333335001	0.582807119551508	1089	5.18978139738704	7.47688526961316
81	WGN38	7.1666666665001	0.582807119551511	1089	6.02311473038704	8.31021860261316
82	WGN38	5.6666666665001	0.58280711955151	1089	4.52311473038704	6.81021860261316
83	WGN38	6.3333333335001	0.582807119551509	1089	5.18978139738704	7.47688526961316
84	WGN38	6.1666666670001	0.58280711955151	1089	5.02311473088704	7.31021860311316
85	WGN38	7.5000000000001	0.582807119551509	1089	6.35644806388704	8.64355193611316
86	WGN38	7.0000000000001	0.582807119551511	1089	5.85644806388704	8.14355193611316
87	WGN38	6.0000000000001	0.58280711955151	1089	4.85644806388704	7.14355193611316
88	WGN38	5.5000000000001	0.58280711955151	1089	4.35644806388704	6.64355193611316
89	WGN38	7.00000000000009	0.582807119551511	1089	5.85644806388703	8.14355193611316
90	WGN38	6.0000000000001	0.58280711955151	1089	4.85644806388703	7.14355193611316
91	WGN38	7.5000000000001	0.582807119551511	1089	6.35644806388703	8.64355193611316
92	WGN38	6.00000000000009	0.582807119551511	1089	4.85644806388703	7.14355193611316
93	WGN38	7.0000000000001	0.582807119551511	1089	5.85644806388703	8.14355193611316
94	WGN38	5.83333333350009	0.58280711955151	1089	4.68978139738703	6.97688526961315
95	WGN38	5.8333333335001	0.58280711955151	1089	4.68978139738703	6.97688526961316
96	WGN38	7.1666666670001	0.58280711955151	1089	6.02311473088703	8.31021860311316
97	WGN38	6.33333333300009	0.58280711955151	1089	5.18978139688703	7.47688526911316
98	WGN38	5.8333333335001	0.58280711955151	1089	4.68978139738704	6.97688526961316
99	WGN38	6.5000000000001	0.582807119551511	1089	5.35644806388703	7.64355193611316
100	WGN38	7.3333333335001	0.582807119551511	1089	6.18978139738703	8.47688526961316
101	WGN38	6.0000000000001	0.58280711955151	1089	4.85644806388703	7.14355193611316
102	WGN38	6.83333333350009	0.58280711955151	1089	5.68978139738703	7.97688526961316
103	WGN38	6.16666666650009	0.582807119551511	1089	5.02311473038703	7.31021860261315
104	WGN38	6.0000000000001	0.58280711955151	1089	4.85644806388704	7.14355193611316
106	WGN38	7.89350152904734	0.824402750890386	1089	6.27590399070033	9.51109906739435
107	WGN38	6.0000000000001	0.582807119551508	1089	4.85644806388705	7.14355193611316
108	WGN38	7.10649847095285	0.824402750890384	1089	5.48890093260584	8.72409600929985
109	WGN38	6.10649847095285	0.824402750890385	1089	4.48890093260584	7.72409600929986
110	WGN38	6.33333333350009	0.582807119551512	1089	5.18978139738703	7.47688526961316
111	WGN38	6.16666666700009	0.58280711955151	1089	5.02311473088703	7.31021860311316
112	WGN38	6.22683486204734	0.824402750890385	1089	4.60923732370033	7.84443240039435
113	WGN38	6.6666666665001	0.582807119551509	1089	5.52311473038704	7.81021860261316
114	WGN38	7.3333333330001	0.582807119551511	1089	6.18978139688704	8.47688526911316
115	WGN38	5.8333333335001	0.58280711955151	1089	4.68978139738704	6.97688526961316
1	WGN39	6.66666666650008	0.582807119551486	1089	5.52311473038707	7.8102186026131
2	WGN39	6.33333333350006	0.582807119551507	1089	5.18978139738701	7.47688526961312
3	WGN39	6.0000000000001	0.582807119551503	1089	4.85644806388705	7.14355193611314
4	WGN39	5.66666666700008	0.582807119551511	1089	4.52311473088701	6.81021860311314
5	WGN39	6.83333333350004	0.582807119551517	1089	5.68978139738697	7.97688526961312
6	WGN39	5.83333333350013	0.582807119551503	1089	4.68978139738708	6.97688526961318
7	WGN39	6.50000000000006	0.582807119551512	1089	5.356448063887	7.64355193611313
8	WGN39	6.83333333300008	0.582807119551512	1089	5.68978139688701	7.97688526911315
9	WGN39	5.16666666650007	0.582807119551507	1089	4.02311473038702	6.31021860261313
10	WGN39	6.16666666700009	0.582807119551503	1089	5.02311473088705	7.31021860311314
11	WGN39	6.33333333350008	0.582807119551513	1089	5.18978139738702	7.47688526961315
12	WGN39	5.16666666700007	0.58280711955151	1089	4.02311473088701	6.31021860311313
13	WGN39	5.66666666700007	0.582807119551509	1089	4.52311473088701	6.81021860311313
14	WGN39	6.16666666700007	0.582807119551516	1089	5.023114730887	7.31021860311315
15	WGN39	5.83333333350007	0.582807119551513	1089	4.689781397387	6.97688526961314
16	WGN39	6.83333333300007	0.582807119551511	1089	5.68978139688701	7.97688526911314
17	WGN39	5.83333333300009	0.582807119551506	1089	4.68978139688703	6.97688526911314
18	WGN39	7.00000000000004	0.582807119551505	1089	5.85644806388699	8.1435519361131
19	WGN39	6.00000000000008	0.582807119551512	1089	4.85644806388702	7.14355193611315
20	WGN39	5.16666666650005	0.582807119551508	1089	4.023114730387	6.31021860261311
21	WGN39	6.66666666650006	0.582807119551515	1089	5.52311473038699	7.81021860261313
22	WGN39	5.83333333300007	0.582807119551513	1089	4.689781396887	6.97688526911313
24	WGN39	5.83333333350007	0.58280711955151	1089	4.68978139738701	6.97688526961313
25	WGN39	6.16666666700006	0.582807119551509	1089	5.023114730887	7.31021860311312
26	WGN39	6.50000000000006	0.582807119551504	1089	5.35644806388701	7.64355193611311
27	WGN39	6.66666666650008	0.582807119551512	1089	5.52311473038702	7.81021860261315
28	WGN39	6.83333333350007	0.582807119551502	1089	5.68978139738702	7.97688526961312
29	WGN39	4.66666666650007	0.582807119551508	1089	3.52311473038702	5.81021860261313
30	WGN39	6.1666666665001	0.582807119551504	1089	5.02311473038705	7.31021860261315
31	WGN39	5.00000000000005	0.58280711955151	1089	3.85644806388699	6.14355193611311
32	WGN39	5.83333333350003	0.582807119551517	1089	4.68978139738696	6.97688526961311
34	WGN39	6.16666666650006	0.582807119551506	1089	5.023114730387	7.31021860261311
35	WGN39	4.83333333350007	0.582807119551506	1089	3.68978139738702	5.97688526961312
36	WGN39	6.50000000000003	0.58280711955151	1089	5.35644806388697	7.64355193611309
37	WGN39	4.83333333300004	0.58280711955151	1089	3.68978139688698	5.97688526911311
38	WGN39	7.22683486204735	0.824402750890393	1089	5.60923732370032	8.84443240039437
39	WGN39	5.83333333350004	0.582807119551514	1089	4.68978139738697	6.97688526961311
40	WGN39	6.66666666650007	0.582807119551511	1089	5.523114730387	7.81021860261313
41	WGN39	6.33333333300004	0.582807119551508	1089	5.18978139688699	7.4768852691131
42	WGN39	6.33333333350004	0.582807119551512	1089	5.18978139738698	7.47688526961311
43	WGN39	7.00000000000007	0.582807119551521	1089	5.85644806388699	8.14355193611315
44	WGN39	5.83333333350008	0.582807119551503	1089	4.68978139738703	6.97688526961312
45	WGN39	5.83333333350004	0.582807119551516	1089	4.68978139738696	6.97688526961311
46	WGN39	6.83333333350008	0.582807119551516	1089	5.68978139738701	7.97688526961315
47	WGN39	5.50000000000006	0.582807119551508	1089	4.35644806388701	6.64355193611312
48	WGN39	6.00000000000008	0.582807119551503	1089	4.85644806388703	7.14355193611313
49	WGN39	5.50000000000009	0.582807119551508	1089	4.35644806388703	6.64355193611314
50	WGN39	6.00000000000003	0.582807119551513	1089	4.85644806388696	7.1435519361131
51	WGN39	5.66666666650008	0.582807119551507	1089	4.52311473038702	6.81021860261313
52	WGN39	5.83333333350005	0.582807119551514	1089	4.68978139738699	6.97688526961312
53	WGN39	6.66666666700005	0.582807119551512	1089	5.52311473088698	7.81021860311311
54	WGN39	6.1064984709528	0.824402750890388	1089	4.48890093260578	7.72409600929981
55	WGN39	5.50000000000005	0.582807119551506	1089	4.356448063887	6.64355193611311
56	WGN39	5.83333333350004	0.58280711955151	1089	4.68978139738697	6.9768852696131
57	WGN39	5.33333333350005	0.582807119551514	1089	4.18978139738698	6.47688526961312
58	WGN39	5.66666666650008	0.582807119551504	1089	4.52311473038703	6.81021860261313
59	WGN39	5.83333333300006	0.582807119551511	1089	4.68978139688699	6.97688526911312
60	WGN39	6.16666666700005	0.582807119551509	1089	5.02311473088699	7.31021860311311
61	WGN39	6.83333333300007	0.582807119551512	1089	5.689781396887	7.97688526911313
62	WGN39	7.16666666650005	0.582807119551517	1089	6.02311473038698	8.31021860261313
63	WGN39	5.66666666650003	0.582807119551514	1089	4.52311473038696	6.8102186026131
64	WGN39	6.33333333300005	0.582807119551514	1089	5.18978139688698	7.47688526911312
65	WGN39	4.83333333350007	0.582807119551509	1089	3.68978139738701	5.97688526961313
66	WGN39	5.16666666650007	0.582807119551508	1089	4.02311473038701	6.31021860261313
67	WGN39	6.33333333300006	0.582807119551509	1089	5.18978139688701	7.47688526911312
68	WGN39	6.00000000000006	0.582807119551507	1089	4.856448063887	7.14355193611311
69	WGN39	7.00000000000004	0.58280711955151	1089	5.85644806388698	8.1435519361131
70	WGN39	6.89350152904731	0.824402750890384	1089	5.2759039907003	8.51109906739431
71	WGN39	6.00000000000005	0.582807119551514	1089	4.85644806388698	7.14355193611312
72	WGN39	5.50000000000005	0.582807119551512	1089	4.35644806388698	6.64355193611312
73	WGN39	6.33333333350004	0.58280711955151	1089	5.18978139738698	7.47688526961311
74	WGN39	5.16666666650006	0.582807119551511	1089	4.023114730387	6.31021860261312
75	WGN39	5.89350152904731	0.824402750890388	1089	4.27590399070029	7.51109906739432
76	WGN39	5.16666666650002	0.582807119551515	1089	4.02311473038695	6.3102186026131
77	WGN39	5.16666666700003	0.582807119551513	1089	4.02311473088697	6.3102186031131
78	WGN39	6.33333333300006	0.582807119551508	1089	5.189781396887	7.47688526911312
79	WGN39	6.16666666650006	0.582807119551508	1089	5.023114730387	7.31021860261312
80	WGN39	5.16666666650006	0.582807119551509	1089	4.023114730387	6.31021860261312
81	WGN39	5.83333333300004	0.582807119551515	1089	4.68978139688697	6.97688526911311
82	WGN39	6.16666666700004	0.582807119551515	1089	5.02311473088697	7.31021860311311
83	WGN39	6.50000000000005	0.582807119551512	1089	5.35644806388698	7.64355193611312
84	WGN39	6.16666666650005	0.582807119551511	1089	5.02311473038699	7.31021860261312
85	WGN39	3.89350152904732	0.824402750890384	1089	2.27590399070031	5.51109906739433
86	WGN39	6.83333333300005	0.58280711955151	1089	5.68978139688699	7.97688526911312
87	WGN39	7.16666666700005	0.582807119551509	1089	6.02311473088699	8.31021860311311
88	WGN39	6.16666666700006	0.582807119551511	1089	5.02311473088699	7.31021860311312
89	WGN39	6.66666666700005	0.582807119551511	1089	5.52311473088699	7.81021860311312
90	WGN39	6.33333333350006	0.58280711955151	1089	5.189781397387	7.47688526961312
91	WGN39	5.66666666650006	0.582807119551511	1089	4.523114730387	6.81021860261313
92	WGN39	5.66666666700006	0.582807119551509	1089	4.523114730887	6.81021860311312
93	WGN39	6.33333333350005	0.582807119551508	1089	5.189781397387	7.47688526961311
94	WGN39	6.16666666700006	0.582807119551508	1089	5.023114730887	7.31021860311311
95	WGN39	5.33333333350006	0.58280711955151	1089	4.189781397387	6.47688526961312
96	WGN39	6.33333333300005	0.582807119551509	1089	5.18978139688699	7.47688526911311
97	WGN39	6.50000000000005	0.582807119551512	1089	5.35644806388698	7.64355193611311
98	WGN39	6.16666666700006	0.58280711955151	1089	5.023114730887	7.31021860311312
99	WGN39	5.66666666650005	0.582807119551512	1089	4.52311473038699	6.81021860261312
100	WGN39	5.83333333300005	0.582807119551511	1089	4.68978139688699	6.97688526911312
101	WGN39	5.33333333350007	0.582807119551508	1089	4.18978139738701	6.47688526961313
102	WGN39	5.16666666650005	0.582807119551512	1089	4.02311473038698	6.31021860261311
104	WGN39	7.33333333350006	0.582807119551512	1089	6.18978139738699	8.47688526961313
105	WGN39	6.00000000000006	0.582807119551509	1089	4.856448063887	7.14355193611312
106	WGN39	5.66666666700005	0.582807119551512	1089	4.52311473088698	6.81021860311311
107	WGN39	5.66666666650005	0.58280711955151	1089	4.52311473038699	6.81021860261312
108	WGN39	5.83333333350006	0.582807119551509	1089	4.689781397387	6.97688526961312
109	WGN39	5.50000000000006	0.582807119551509	1089	4.356448063887	6.64355193611312
110	WGN39	6.33333333300005	0.58280711955151	1089	5.18978139688699	7.47688526911311
111	WGN39	5.33333333350005	0.582807119551511	1089	4.18978139738699	6.47688526961312
112	WGN39	4.89350152904729	0.82440275089039	1089	3.27590399070027	6.51109906739431
113	WGN39	5.50000000000006	0.58280711955151	1089	4.356448063887	6.64355193611312
114	WGN39	5.66666666650006	0.58280711955151	1089	4.523114730387	6.81021860261312
115	WGN39	7.00000000000006	0.582807119551511	1089	5.856448063887	8.14355193611313
116	WGN39	6.50000000000006	0.582807119551509	1089	5.356448063887	7.64355193611312
117	WGN39	5.66666666650006	0.582807119551511	1089	4.52311473038699	6.81021860261312
118	WGN39	5.83333333350006	0.58280711955151	1089	4.689781397387	6.97688526961312
120	WGN39	5.83333333350005	0.582807119551511	1089	4.68978139738699	6.97688526961312
121	WGN39	3.56016819604732	0.824402750890386	1089	1.9425706577003	5.17776573439433
122	WGN39	6.66666666700006	0.58280711955151	1089	5.523114730887	7.81021860311312
123	WGN39	5.83333333350006	0.58280711955151	1089	4.689781397387	6.97688526961312
125	WGN39	5.83333333350006	0.58280711955151	1089	4.689781397387	6.97688526961312
126	WGN39	5.66666666650006	0.58280711955151	1089	4.523114730387	6.81021860261312
127	WGN39	5.83333333300006	0.58280711955151	1089	4.689781396887	6.97688526911312
128	WGN39	6.66666666650006	0.58280711955151	1089	5.523114730387	7.81021860261312
129	WGN39	5.8935015290473	0.824402750890389	1089	4.27590399070028	7.51109906739432
130	WGN39	5.66666666650005	0.58280711955151	1089	4.52311473038699	6.81021860261312
1	WGN45	5.83333333350028	0.582807119551522	1089	4.6897813973872	6.97688526961337
2	WGN45	6.16666666700012	0.582807119551506	1089	5.02311473088707	7.31021860311317
3	WGN45	6.50000000000018	0.582807119551521	1089	5.3564480638871	7.64355193611326
4	WGN45	6.16666666650017	0.582807119551517	1089	5.02311473038709	7.31021860261325
5	WGN45	6.00000000000011	0.582807119551509	1089	4.85644806388705	7.14355193611317
6	WGN45	5.33333333350013	0.582807119551513	1089	4.18978139738706	6.4768852696132
7	WGN45	8.00000000000014	0.58280711955151	1089	6.85644806388708	9.1435519361132
8	WGN45	6.50000000000015	0.582807119551512	1089	5.35644806388709	7.64355193611322
9	WGN45	5.16666666650014	0.582807119551509	1089	4.02311473038709	6.3102186026132
10	WGN45	5.83333333350015	0.582807119551502	1089	4.68978139738711	6.9768852696132
11	WGN45	6.50000000000013	0.582807119551506	1089	5.35644806388707	7.64355193611318
12	WGN45	4.56016819604746	0.824402750890372	1089	2.94257065770048	6.17776573439444
13	WGN45	4.66666666700014	0.58280711955151	1089	3.52311473088708	5.8102186031132
14	WGN45	6.00000000000016	0.582807119551506	1089	4.8564480638871	7.14355193611321
15	WGN45	5.50000000000016	0.582807119551508	1089	4.3564480638871	6.64355193611321
16	WGN45	7.33333333350013	0.582807119551511	1089	6.18978139738707	8.4768852696132
17	WGN45	4.8333333330002	0.582807119551503	1089	3.68978139688715	5.97688526911325
18	WGN45	6.50000000000015	0.582807119551513	1089	5.35644806388708	7.64355193611322
19	WGN45	6.8935015290474	0.824402750890384	1089	5.27590399070039	8.5110990673944
20	WGN45	5.89350152904739	0.824402750890383	1089	4.27590399070038	7.51109906739439
22	WGN45	6.16666666700012	0.58280711955151	1089	5.02311473088706	7.31021860311318
23	WGN45	6.00000000000014	0.582807119551509	1089	4.85644806388708	7.1435519361132
24	WGN45	5.5601681960474	0.824402750890375	1089	3.94257065770041	7.17776573439439
25	WGN45	5.1064984709529	0.824402750890387	1089	3.48890093260589	6.72409600929991
26	WGN45	5.16666666650016	0.582807119551511	1089	4.0231147303871	6.31021860261322
28	WGN45	6.50000000000015	0.582807119551508	1089	5.35644806388709	7.6435519361132
29	WGN45	5.66666666700015	0.582807119551509	1089	4.52311473088709	6.81021860311321
30	WGN45	3.89350152904733	0.824402750890396	1089	2.2759039907003	5.51109906739436
31	WGN45	6.66666666650015	0.582807119551511	1089	5.52311473038709	7.81021860261322
32	WGN45	5.50000000000015	0.582807119551504	1089	4.3564480638871	6.6435519361132
33	WGN45	5.50000000000014	0.582807119551509	1089	4.35644806388708	6.6435519361132
34	WGN45	5.50000000000014	0.582807119551512	1089	4.35644806388708	6.64355193611321
35	WGN45	7.16666666650017	0.582807119551516	1089	6.0231147303871	8.31021860261324
36	WGN45	6.00000000000015	0.582807119551518	1089	4.85644806388707	7.14355193611323
37	WGN45	6.33333333300014	0.582807119551509	1089	5.18978139688708	7.4768852691132
40	WGN45	5.83333333300015	0.582807119551503	1089	4.6897813968871	6.9768852691132
41	WGN45	5.83333333350014	0.582807119551518	1089	4.68978139738707	6.97688526961322
42	WGN45	5.33333333350015	0.58280711955151	1089	4.18978139738709	6.47688526961321
43	WGN45	6.00000000000014	0.582807119551509	1089	4.85644806388708	7.1435519361132
44	WGN45	7.00000000000015	0.582807119551511	1089	5.85644806388708	8.14355193611321
45	WGN45	5.83333333350014	0.582807119551508	1089	4.68978139738708	6.97688526961319
46	WGN45	5.83333333350014	0.582807119551506	1089	4.68978139738708	6.97688526961319
48	WGN45	4.43983180395286	0.824402750890396	1089	2.82223426560583	6.05742934229989
49	WGN45	6.50000000000014	0.582807119551506	1089	5.35644806388708	7.64355193611319
50	WGN45	4.56016819604743	0.824402750890373	1089	2.94257065770044	6.17776573439441
52	WGN45	5.00000000000015	0.582807119551509	1089	3.85644806388709	6.14355193611321
53	WGN45	5.22683486204738	0.824402750890388	1089	3.60923732370037	6.8444324003944
54	WGN45	6.00000000000012	0.582807119551506	1089	4.85644806388706	7.14355193611317
55	WGN45	6.66666666700017	0.582807119551515	1089	5.5231147308871	7.81021860311324
56	WGN45	5.66666666650015	0.58280711955151	1089	4.52311473038709	6.81021860261321
57	WGN45	6.16666666700014	0.582807119551508	1089	5.02311473088708	7.3102186031132
58	WGN45	5.16666666650016	0.582807119551506	1089	4.0231147303871	6.31021860261321
59	WGN45	5.33333333300015	0.582807119551508	1089	4.18978139688709	6.4768852691132
60	WGN45	6.33333333350012	0.582807119551508	1089	5.18978139738707	7.47688526961318
61	WGN45	6.50000000000014	0.582807119551513	1089	5.35644806388708	7.64355193611321
62	WGN45	6.16666666700014	0.582807119551508	1089	5.02311473088708	7.3102186031132
64	WGN45	6.00000000000014	0.582807119551507	1089	4.85644806388709	7.1435519361132
65	WGN45	6.33333333300014	0.582807119551505	1089	5.18978139688708	7.47688526911319
66	WGN45	4.66666666650013	0.582807119551513	1089	3.52311473038706	5.81021860261319
68	WGN45	4.33333333350016	0.582807119551508	1089	3.1897813973871	5.47688526961321
69	WGN45	5.16666666650014	0.582807119551511	1089	4.02311473038708	6.3102186026132
70	WGN45	5.50000000000013	0.58280711955151	1089	4.35644806388707	6.64355193611319
71	WGN45	6.50000000000014	0.582807119551508	1089	5.35644806388708	7.6435519361132
72	WGN45	6.00000000000015	0.582807119551507	1089	4.85644806388709	7.1435519361132
73	WGN45	5.33333333350013	0.582807119551509	1089	4.18978139738708	6.47688526961319
74	WGN45	5.56016819604739	0.82440275089038	1089	3.94257065770039	7.17776573439439
75	WGN45	5.83333333350014	0.582807119551508	1089	4.68978139738708	6.9768852696132
76	WGN45	6.16666666650014	0.582807119551508	1089	5.02311473038708	7.3102186026132
78	WGN45	4.66666666700014	0.582807119551509	1089	3.52311473088708	5.8102186031132
80	WGN45	4.66666666700013	0.582807119551511	1089	3.52311473088707	5.8102186031132
81	WGN45	5.66666666700015	0.58280711955151	1089	4.52311473088708	6.81021860311321
82	WGN45	6.10649847095289	0.824402750890383	1089	4.48890093260588	7.7240960092999
84	WGN45	7.00000000000016	0.582807119551511	1089	5.85644806388709	8.14355193611322
85	WGN45	6.66666666650013	0.582807119551506	1089	5.52311473038708	7.81021860261319
86	WGN45	5.83333333300014	0.582807119551511	1089	4.68978139688708	6.9768852691132
87	WGN45	5.22683486204739	0.824402750890386	1089	3.60923732370038	6.84443240039441
88	WGN45	5.33333333300014	0.582807119551508	1089	4.18978139688709	6.4768852691132
89	WGN45	5.66666666700014	0.582807119551509	1089	4.52311473088708	6.8102186031132
90	WGN45	6.16666666650014	0.582807119551508	1089	5.02311473038708	7.3102186026132
92	WGN45	5.83333333300014	0.582807119551511	1089	4.68978139688708	6.97688526911321
93	WGN45	4.33333333300015	0.582807119551509	1089	3.18978139688709	5.47688526911321
94	WGN45	5.50000000000014	0.582807119551508	1089	4.35644806388708	6.6435519361132
95	WGN45	5.16666666700015	0.582807119551508	1089	4.02311473088709	6.3102186031132
96	WGN45	5.1064984709529	0.824402750890385	1089	3.48890093260589	6.7240960092999
98	WGN45	8.00000000000014	0.58280711955151	1089	6.85644806388707	9.1435519361132
99	WGN45	5.50000000000014	0.58280711955151	1089	4.35644806388708	6.6435519361132
100	WGN45	6.66666666650014	0.582807119551509	1089	5.52311473038708	7.8102186026132
101	WGN45	6.16666666650014	0.582807119551508	1089	5.02311473038708	7.3102186026132
102	WGN45	5.00000000000014	0.582807119551512	1089	3.85644806388707	6.1435519361132
103	WGN45	7.00000000000014	0.582807119551509	1089	5.85644806388708	8.14355193611321
104	WGN45	5.83333333350015	0.582807119551508	1089	4.68978139738709	6.97688526961321
105	WGN45	5.33333333300015	0.582807119551507	1089	4.18978139688709	6.4768852691132
106	WGN45	5.16666666650014	0.582807119551511	1089	4.02311473038708	6.31021860261321
107	WGN45	6.33333333350014	0.582807119551509	1089	5.18978139738708	7.4768852696132
108	WGN45	6.00000000000015	0.582807119551508	1089	4.85644806388709	7.1435519361132
109	WGN45	6.66666666700014	0.582807119551509	1089	5.52311473088708	7.8102186031132
110	WGN45	5.00000000000015	0.582807119551509	1089	3.85644806388709	6.14355193611321
111	WGN45	6.16666666700014	0.58280711955151	1089	5.02311473088708	7.3102186031132
112	WGN45	4.22683486204739	0.824402750890385	1089	2.60923732370038	5.8444324003944
114	WGN45	6.83333333350014	0.582807119551509	1089	5.68978139738708	7.9768852696132
115	WGN45	5.66666666700014	0.582807119551509	1089	4.52311473088708	6.8102186031132
116	WGN45	5.66666666650014	0.582807119551509	1089	4.52311473038708	6.8102186026132
117	WGN45	6.7731651379529	0.824402750890387	1089	5.15556759960589	8.39076267629991
118	WGN45	5.66666666700015	0.582807119551509	1089	4.52311473088709	6.81021860311321
119	WGN45	6.50000000000014	0.582807119551511	1089	5.35644806388708	7.64355193611321
120	WGN45	5.66666666650014	0.58280711955151	1089	4.52311473038708	6.8102186026132
121	WGN45	7.00000000000015	0.58280711955151	1089	5.85644806388708	8.14355193611321
122	WGN45	6.83333333350014	0.582807119551508	1089	5.68978139738708	7.97688526961319
123	WGN45	7.22683486204738	0.824402750890383	1089	5.60923732370038	8.84443240039439
124	WGN45	6.33333333300014	0.582807119551509	1089	5.18978139688708	7.4768852691132
126	WGN45	5.83333333350014	0.582807119551509	1089	4.68978139738708	6.9768852696132
127	WGN45	7.00000000000014	0.582807119551509	1089	5.85644806388708	8.1435519361132
128	WGN45	5.00000000000014	0.582807119551509	1089	3.85644806388708	6.1435519361132
129	WGN45	5.66666666650014	0.582807119551509	1089	4.52311473038708	6.8102186026132
1	WGN46	6.1666666665002	0.582807119551503	1089	5.02311473038715	7.31021860261325
2	WGN46	5.83333333350014	0.582807119551499	1089	4.6897813973871	6.97688526961318
3	WGN46	6.66666666650014	0.582807119551516	1089	5.52311473038707	7.81021860261321
4	WGN46	6.83333333350012	0.582807119551508	1089	5.68978139738706	7.97688526961317
6	WGN46	6.33333333350012	0.582807119551508	1089	5.18978139738706	7.47688526961318
7	WGN46	6.33333333350014	0.582807119551507	1089	5.18978139738708	7.47688526961319
8	WGN46	7.50000000000011	0.582807119551502	1089	6.35644806388706	8.64355193611316
9	WGN46	6.66666666650012	0.582807119551508	1089	5.52311473038706	7.81021860261318
10	WGN46	7.66666666650012	0.582807119551512	1089	6.52311473038706	8.81021860261319
11	WGN46	6.66666666650013	0.582807119551514	1089	5.52311473038706	7.8102186026132
12	WGN46	7.0000000000001	0.582807119551503	1089	5.85644806388705	8.14355193611315
13	WGN46	6.16666666650011	0.582807119551511	1089	5.02311473038704	7.31021860261317
14	WGN46	7.33333333300014	0.582807119551515	1089	6.18978139688707	8.47688526911321
15	WGN46	6.66666666650013	0.582807119551504	1089	5.52311473038708	7.81021860261318
16	WGN46	7.00000000000012	0.582807119551507	1089	5.85644806388706	8.14355193611317
17	WGN46	6.50000000000013	0.582807119551506	1089	5.35644806388708	7.64355193611319
18	WGN46	6.83333333350013	0.582807119551508	1089	5.68978139738707	7.97688526961318
19	WGN46	6.50000000000013	0.582807119551506	1089	5.35644806388708	7.64355193611318
20	WGN46	6.16666666650014	0.582807119551509	1089	5.02311473038708	7.31021860261319
21	WGN46	6.7731651379529	0.824402750890384	1089	5.15556759960589	8.39076267629991
22	WGN46	6.16666666700009	0.582807119551519	1089	5.02311473088701	7.31021860311317
23	WGN46	5.56016819604738	0.824402750890382	1089	3.94257065770038	7.17776573439438
24	WGN46	6.16666666650012	0.582807119551511	1089	5.02311473038706	7.31021860261319
25	WGN46	7.16666666650012	0.582807119551507	1089	6.02311473038706	8.31021860261317
26	WGN46	5.00000000000014	0.582807119551506	1089	3.85644806388709	6.1435519361132
27	WGN46	5.33333333300016	0.582807119551509	1089	4.1897813968871	6.47688526911322
28	WGN46	6.66666666650014	0.582807119551512	1089	5.52311473038707	7.81021860261321
29	WGN46	6.00000000000013	0.582807119551513	1089	4.85644806388706	7.1435519361132
30	WGN46	7.00000000000012	0.58280711955151	1089	5.85644806388705	8.14355193611318
31	WGN46	6.66666666650011	0.582807119551504	1089	5.52311473038706	7.81021860261316
32	WGN46	7.66666666650013	0.58280711955151	1089	6.52311473038707	8.81021860261319
33	WGN46	6.43983180395289	0.824402750890394	1089	4.82223426560586	8.05742934229992
34	WGN46	6.66666666700013	0.582807119551512	1089	5.52311473088706	7.81021860311319
36	WGN46	5.66666666650014	0.582807119551503	1089	4.52311473038709	6.81021860261318
37	WGN46	6.33333333300012	0.582807119551507	1089	5.18978139688706	7.47688526911317
38	WGN46	7.00000000000012	0.582807119551511	1089	5.85644806388705	8.14355193611318
39	WGN46	6.83333333350014	0.582807119551512	1089	5.68978139738707	7.9768852696132
40	WGN46	6.50000000000013	0.582807119551505	1089	5.35644806388708	7.64355193611318
41	WGN46	5.83333333350013	0.582807119551507	1089	4.68978139738708	6.97688526961319
42	WGN46	7.00000000000011	0.582807119551507	1089	5.85644806388706	8.14355193611317
43	WGN46	7.56016819604737	0.824402750890385	1089	5.94257065770036	9.17776573439438
44	WGN46	7.66666666700011	0.582807119551506	1089	6.52311473088705	8.81021860311316
45	WGN46	6.83333333350013	0.582807119551509	1089	5.68978139738707	7.97688526961319
46	WGN46	6.83333333350012	0.58280711955151	1089	5.68978139738705	7.97688526961318
47	WGN46	6.00000000000011	0.582807119551513	1089	4.85644806388705	7.14355193611318
48	WGN46	6.16666666700012	0.582807119551506	1089	5.02311473088707	7.31021860311318
49	WGN46	7.16666666650013	0.582807119551511	1089	6.02311473038707	8.31021860261319
50	WGN46	6.33333333300012	0.582807119551509	1089	5.18978139688706	7.47688526911318
51	WGN46	7.8935015290474	0.824402750890395	1089	6.27590399070037	9.51109906739443
52	WGN46	4.66666666650008	0.582807119551513	1089	3.52311473038702	5.81021860261315
53	WGN46	6.00000000000013	0.582807119551505	1089	4.85644806388708	7.14355193611318
54	WGN46	6.83333333350012	0.582807119551507	1089	5.68978139738706	7.97688526961318
55	WGN46	5.83333333300012	0.582807119551512	1089	4.68978139688705	6.97688526911318
56	WGN46	5.83333333300012	0.582807119551508	1089	4.68978139688707	6.97688526911318
57	WGN46	7.66666666650014	0.582807119551514	1089	6.52311473038707	8.81021860261321
58	WGN46	6.66666666650011	0.582807119551509	1089	5.52311473038705	7.81021860261317
59	WGN46	8.16666666700011	0.582807119551509	1089	7.02311473088705	9.31021860311317
60	WGN46	5.83333333350011	0.582807119551516	1089	4.68978139738704	6.97688526961319
61	WGN46	6.16666666650013	0.582807119551509	1089	5.02311473038707	7.31021860261319
62	WGN46	7.00000000000013	0.582807119551513	1089	5.85644806388706	8.1435519361132
63	WGN46	6.33333333300013	0.582807119551507	1089	5.18978139688707	7.47688526911318
64	WGN46	6.33333333350011	0.582807119551511	1089	5.18978139738705	7.47688526961317
65	WGN46	7.22683486204736	0.824402750890386	1089	5.60923732370035	8.84443240039437
66	WGN46	6.00000000000012	0.582807119551509	1089	4.85644806388706	7.14355193611318
67	WGN46	5.89350152904736	0.824402750890385	1089	4.27590399070035	7.51109906739437
68	WGN46	5.50000000000012	0.582807119551511	1089	4.35644806388705	6.64355193611318
69	WGN46	6.50000000000012	0.582807119551511	1089	5.35644806388705	7.64355193611318
70	WGN46	6.66666666650013	0.582807119551512	1089	5.52311473038707	7.81021860261319
71	WGN46	6.00000000000012	0.582807119551509	1089	4.85644806388706	7.14355193611318
72	WGN46	6.00000000000012	0.58280711955151	1089	4.85644806388706	7.14355193611318
73	WGN46	7.16666666650012	0.582807119551508	1089	6.02311473038706	8.31021860261317
74	WGN46	6.66666666650012	0.582807119551511	1089	5.52311473038706	7.81021860261319
75	WGN46	7.00000000000012	0.582807119551509	1089	5.85644806388706	8.14355193611318
76	WGN46	5.50000000000012	0.582807119551511	1089	4.35644806388706	6.64355193611318
78	WGN46	6.33333333350012	0.58280711955151	1089	5.18978139738706	7.47688526961318
79	WGN46	7.66666666650013	0.582807119551512	1089	6.52311473038706	8.81021860261319
80	WGN46	5.56016819604738	0.824402750890386	1089	3.94257065770037	7.17776573439439
81	WGN46	5.50000000000013	0.582807119551509	1089	4.35644806388707	6.64355193611319
82	WGN46	6.16666666700012	0.582807119551509	1089	5.02311473088706	7.31021860311318
83	WGN46	7.00000000000011	0.582807119551509	1089	5.85644806388705	8.14355193611317
84	WGN46	5.56016819604736	0.824402750890385	1089	3.94257065770035	7.17776573439437
85	WGN46	6.50000000000012	0.582807119551511	1089	5.35644806388705	7.64355193611318
86	WGN46	6.66666666700013	0.582807119551509	1089	5.52311473088707	7.81021860311319
87	WGN46	5.16666666650011	0.582807119551514	1089	4.02311473038705	6.31021860261318
88	WGN46	6.50000000000013	0.582807119551513	1089	5.35644806388706	7.6435519361132
89	WGN46	6.16666666650012	0.582807119551511	1089	5.02311473038706	7.31021860261319
90	WGN46	5.50000000000012	0.582807119551512	1089	4.35644806388705	6.64355193611318
91	WGN46	6.10649847095288	0.824402750890385	1089	4.48890093260587	7.72409600929989
93	WGN46	6.83333333350012	0.582807119551511	1089	5.68978139738706	7.97688526961319
94	WGN46	5.33333333350012	0.582807119551511	1089	4.18978139738706	6.47688526961319
95	WGN46	7.00000000000013	0.582807119551511	1089	5.85644806388706	8.14355193611319
96	WGN46	6.33333333350012	0.582807119551508	1089	5.18978139738706	7.47688526961318
98	WGN46	7.50000000000012	0.58280711955151	1089	6.35644806388706	8.64355193611318
100	WGN46	7.66666666650013	0.582807119551512	1089	6.52311473038707	8.8102186026132
101	WGN46	6.50000000000012	0.582807119551509	1089	5.35644806388706	7.64355193611318
102	WGN46	7.00000000000013	0.582807119551511	1089	5.85644806388706	8.14355193611319
103	WGN46	6.33333333300013	0.58280711955151	1089	5.18978139688706	7.47688526911319
104	WGN46	6.41666666650013	0.58280711955151	1089	5.27311473038706	7.56021860261319
106	WGN46	6.66666666650013	0.582807119551512	1089	5.52311473038706	7.81021860261319
107	WGN46	6.16666666700013	0.582807119551509	1089	5.02311473088707	7.31021860311319
108	WGN46	7.33333333300012	0.58280711955151	1089	6.18978139688706	8.47688526911319
109	WGN46	7.33333333350012	0.58280711955151	1089	6.18978139738706	8.47688526961318
110	WGN46	6.83333333300012	0.58280711955151	1089	5.68978139688706	7.97688526911318
111	WGN46	5.83333333350013	0.582807119551511	1089	4.68978139738706	6.97688526961319
112	WGN46	7.00000000000012	0.582807119551511	1089	5.85644806388706	8.14355193611319
113	WGN46	5.00000000000013	0.582807119551509	1089	3.85644806388707	6.14355193611319
114	WGN46	6.66666666650012	0.582807119551511	1089	5.52311473038706	7.81021860261318
115	WGN46	6.33333333300013	0.58280711955151	1089	5.18978139688706	7.47688526911319
116	WGN46	6.16666666650012	0.582807119551509	1089	5.02311473038706	7.31021860261318
117	WGN46	6.50000000000013	0.58280711955151	1089	5.35644806388706	7.64355193611319
118	WGN46	6.10649847095287	0.824402750890387	1089	4.48890093260586	7.72409600929989
119	WGN46	7.00000000000012	0.582807119551511	1089	5.85644806388706	8.14355193611319
120	WGN46	5.83333333350012	0.582807119551511	1089	4.68978139738706	6.97688526961319
121	WGN46	6.33333333300012	0.58280711955151	1089	5.18978139688706	7.47688526911318
122	WGN46	7.00000000000012	0.582807119551511	1089	5.85644806388706	8.14355193611319
123	WGN46	6.00000000000012	0.58280711955151	1089	4.85644806388706	7.14355193611318
124	WGN46	7.33333333350012	0.58280711955151	1089	6.18978139738706	8.47688526961318
125	WGN46	7.00000000000012	0.58280711955151	1089	5.85644806388706	8.14355193611319
126	WGN46	7.33333333350013	0.58280711955151	1089	6.18978139738706	8.47688526961319
127	WGN46	8.16666666650013	0.58280711955151	1089	7.02311473038707	9.31021860261319
128	WGN46	6.83333333350012	0.58280711955151	1089	5.68978139738706	7.97688526961319
129	WGN46	7.00000000000012	0.58280711955151	1089	5.85644806388706	8.14355193611319
130	WGN46	6.33333333350012	0.58280711955151	1089	5.18978139738706	7.47688526961319
1	WGN55	7.16666666650015	0.582807119551514	1089	6.02311473038708	8.31021860261322
2	WGN55	6.00000000000012	0.582807119551507	1089	4.85644806388706	7.14355193611317
3	WGN55	5.83333333350009	0.582807119551522	1089	4.68978139738701	6.97688526961318
4	WGN55	6.66666666650016	0.582807119551513	1089	5.52311473038709	7.81021860261323
5	WGN55	5.66666666650014	0.582807119551509	1089	4.52311473038708	6.8102186026132
6	WGN55	5.83333333350013	0.582807119551508	1089	4.68978139738707	6.97688526961319
7	WGN55	6.00000000000015	0.582807119551505	1089	4.8564480638871	7.1435519361132
8	WGN55	6.16666666700018	0.582807119551504	1089	5.02311473088713	7.31021860311323
9	WGN55	6.1666666670001	0.58280711955151	1089	5.02311473088704	7.31021860311316
10	WGN55	7.5000000000001	0.582807119551507	1089	6.35644806388704	8.64355193611315
11	WGN55	5.5000000000002	0.582807119551499	1089	4.35644806388716	6.64355193611324
12	WGN55	5.56016819604733	0.824402750890387	1089	3.94257065770031	7.17776573439434
13	WGN55	5.50000000000016	0.582807119551506	1089	4.35644806388711	6.64355193611321
14	WGN55	6.33333333350013	0.582807119551511	1089	5.18978139738707	7.4768852696132
15	WGN55	5.5000000000001	0.582807119551515	1089	4.35644806388703	6.64355193611317
16	WGN55	5.66666666650013	0.582807119551509	1089	4.52311473038707	6.81021860261319
17	WGN55	3.5601681960474	0.824402750890385	1089	1.94257065770039	5.1777657343944
18	WGN55	6.33333333300012	0.582807119551507	1089	5.18978139688707	7.47688526911318
19	WGN55	5.33333333350013	0.582807119551511	1089	4.18978139738707	6.4768852696132
20	WGN55	6.33333333350013	0.582807119551513	1089	5.18978139738707	7.4768852696132
21	WGN55	6.50000000000013	0.582807119551511	1089	5.35644806388707	7.64355193611319
22	WGN55	6.66666666650014	0.582807119551508	1089	5.52311473038708	7.81021860261319
23	WGN55	6.33333333300014	0.582807119551509	1089	5.18978139688708	7.4768852691132
24	WGN55	6.66666666700012	0.582807119551511	1089	5.52311473088706	7.81021860311318
25	WGN55	7.00000000000014	0.582807119551519	1089	5.85644806388706	8.14355193611321
26	WGN55	5.8333333330001	0.582807119551514	1089	4.68978139688703	6.97688526911317
27	WGN55	6.16666666700012	0.582807119551514	1089	5.02311473088705	7.31021860311319
28	WGN55	7.33333333350014	0.582807119551513	1089	6.18978139738707	8.47688526961321
29	WGN55	6.3333333335001	0.582807119551519	1089	5.18978139738702	7.47688526961318
30	WGN55	5.16666666700014	0.582807119551509	1089	4.02311473088708	6.31021860311319
31	WGN55	7.16666666650014	0.582807119551512	1089	6.02311473038708	8.31021860261321
32	WGN55	6.50000000000013	0.582807119551509	1089	5.35644806388707	7.64355193611319
33	WGN55	5.16666666650014	0.58280711955151	1089	4.02311473038707	6.3102186026132
34	WGN55	6.00000000000015	0.582807119551509	1089	4.85644806388709	7.14355193611321
35	WGN55	7.16666666650015	0.582807119551508	1089	6.02311473038709	8.31021860261321
36	WGN55	5.50000000000013	0.582807119551511	1089	4.35644806388707	6.6435519361132
37	WGN55	6.56016819604738	0.824402750890392	1089	4.94257065770035	8.1777657343944
38	WGN55	5.00000000000009	0.582807119551516	1089	3.85644806388702	6.14355193611316
40	WGN55	6.50000000000014	0.582807119551507	1089	5.35644806388709	7.6435519361132
41	WGN55	6.50000000000013	0.582807119551511	1089	5.35644806388707	7.6435519361132
42	WGN55	6.66666666650013	0.582807119551508	1089	5.52311473038707	7.81021860261319
43	WGN55	5.33333333350016	0.582807119551506	1089	4.18978139738711	6.47688526961321
44	WGN55	7.77316513795289	0.824402750890386	1089	6.15556759960588	9.3907626762999
45	WGN55	5.83333333350012	0.58280711955151	1089	4.68978139738706	6.97688526961318
46	WGN55	7.00000000000013	0.582807119551506	1089	5.85644806388708	8.14355193611319
47	WGN55	5.83333333350015	0.58280711955151	1089	4.68978139738709	6.97688526961321
48	WGN55	6.22683486204738	0.824402750890388	1089	4.60923732370036	7.84443240039439
49	WGN55	4.83333333350013	0.58280711955151	1089	3.68978139738707	5.97688526961319
50	WGN55	6.50000000000013	0.582807119551514	1089	5.35644806388706	7.6435519361132
52	WGN55	6.66666666650013	0.582807119551514	1089	5.52311473038706	7.8102186026132
53	WGN55	6.33333333300012	0.582807119551514	1089	5.18978139688705	7.47688526911319
54	WGN55	6.33333333350015	0.582807119551508	1089	5.18978139738709	7.4768852696132
55	WGN55	6.33333333300014	0.582807119551507	1089	5.18978139688709	7.4768852691132
56	WGN55	6.66666666650014	0.582807119551511	1089	5.52311473038708	7.8102186026132
57	WGN55	4.8935015290474	0.824402750890382	1089	3.2759039907004	6.51109906739441
58	WGN55	5.83333333350013	0.582807119551509	1089	4.68978139738707	6.97688526961319
59	WGN55	6.1064984709529	0.824402750890387	1089	4.48890093260588	7.72409600929991
60	WGN55	6.66666666700013	0.582807119551512	1089	5.52311473088707	7.8102186031132
61	WGN55	6.16666666650015	0.582807119551507	1089	5.02311473038709	7.3102186026132
62	WGN55	6.33333333350012	0.582807119551513	1089	5.18978139738705	7.47688526961319
63	WGN55	5.83333333350014	0.582807119551511	1089	4.68978139738708	6.9768852696132
64	WGN55	6.00000000000014	0.58280711955151	1089	4.85644806388708	7.1435519361132
65	WGN55	6.33333333300014	0.582807119551511	1089	5.18978139688708	7.47688526911321
66	WGN55	5.56016819604737	0.824402750890387	1089	3.94257065770036	7.17776573439439
67	WGN55	6.83333333300013	0.582807119551513	1089	5.68978139688707	7.9768852691132
68	WGN55	5.00000000000016	0.582807119551507	1089	3.85644806388711	6.14355193611322
69	WGN55	5.00000000000013	0.582807119551511	1089	3.85644806388707	6.14355193611319
70	WGN55	6.33333333350013	0.582807119551511	1089	5.18978139738707	7.4768852696132
71	WGN55	5.66666666700015	0.582807119551507	1089	4.52311473088709	6.8102186031132
72	WGN55	5.66666666700014	0.58280711955151	1089	4.52311473088707	6.8102186031132
73	WGN55	6.33333333350013	0.582807119551508	1089	5.18978139738707	7.47688526961318
74	WGN55	6.16666666650014	0.58280711955151	1089	5.02311473038707	7.3102186026132
75	WGN55	5.66666666650014	0.582807119551511	1089	4.52311473038707	6.8102186026132
76	WGN55	6.83333333350013	0.582807119551513	1089	5.68978139738706	7.9768852696132
77	WGN55	6.00000000000013	0.582807119551509	1089	4.85644806388707	7.14355193611319
78	WGN55	5.83333333300014	0.58280711955151	1089	4.68978139688707	6.9768852691132
80	WGN55	6.50000000000014	0.582807119551511	1089	5.35644806388707	7.6435519361132
81	WGN55	5.00000000000014	0.582807119551509	1089	3.85644806388708	6.1435519361132
82	WGN55	5.83333333350012	0.582807119551513	1089	4.68978139738705	6.97688526961319
83	WGN55	5.33333333350013	0.582807119551509	1089	4.18978139738707	6.47688526961319
84	WGN55	5.16666666700014	0.58280711955151	1089	4.02311473088708	6.3102186031132
85	WGN55	6.66666666650013	0.582807119551511	1089	5.52311473038706	7.81021860261319
86	WGN55	6.16666666650014	0.582807119551509	1089	5.02311473038708	7.3102186026132
87	WGN55	6.00000000000013	0.582807119551511	1089	4.85644806388706	7.14355193611319
88	WGN55	6.16666666700014	0.58280711955151	1089	5.02311473088708	7.3102186031132
89	WGN55	5.83333333300014	0.582807119551508	1089	4.68978139688708	6.9768852691132
90	WGN55	4.66666666650014	0.582807119551509	1089	3.52311473038708	5.8102186026132
91	WGN55	5.83333333350014	0.582807119551511	1089	4.68978139738708	6.9768852696132
92	WGN55	5.83333333350013	0.582807119551509	1089	4.68978139738707	6.97688526961319
93	WGN55	6.16666666700015	0.58280711955151	1089	5.02311473088709	7.31021860311321
94	WGN55	5.83333333300014	0.582807119551509	1089	4.68978139688708	6.9768852691132
95	WGN55	4.66666666650012	0.582807119551512	1089	3.52311473038706	5.81021860261319
96	WGN55	6.33333333350013	0.582807119551511	1089	5.18978139738707	7.4768852696132
97	WGN55	5.83333333300013	0.582807119551509	1089	4.68978139688707	6.97688526911319
98	WGN55	5.83333333350014	0.58280711955151	1089	4.68978139738708	6.9768852696132
99	WGN55	4.83333333350013	0.582807119551511	1089	3.68978139738706	5.97688526961319
100	WGN55	6.16666666650014	0.58280711955151	1089	5.02311473038708	7.3102186026132
101	WGN55	6.83333333300014	0.582807119551512	1089	5.68978139688707	7.9768852691132
102	WGN55	5.50000000000014	0.582807119551509	1089	4.35644806388708	6.6435519361132
103	WGN55	5.16666666650014	0.582807119551509	1089	4.02311473038708	6.3102186026132
104	WGN55	5.00000000000013	0.582807119551511	1089	3.85644806388707	6.14355193611319
105	WGN55	6.50000000000013	0.582807119551508	1089	5.35644806388708	7.64355193611319
106	WGN55	5.66666666700014	0.582807119551509	1089	4.52311473088708	6.8102186031132
107	WGN55	6.50000000000014	0.582807119551509	1089	5.35644806388708	7.6435519361132
108	WGN55	5.83333333350013	0.582807119551511	1089	4.68978139738706	6.97688526961319
109	WGN55	6.00000000000014	0.58280711955151	1089	4.85644806388707	7.1435519361132
110	WGN55	6.50000000000013	0.582807119551511	1089	5.35644806388707	7.6435519361132
111	WGN55	6.83333333350014	0.582807119551511	1089	5.68978139738707	7.9768852696132
112	WGN55	5.16666666650014	0.58280711955151	1089	4.02311473038708	6.3102186026132
113	WGN55	6.50000000000013	0.58280711955151	1089	5.35644806388707	7.64355193611319
114	WGN55	6.83333333350013	0.58280711955151	1089	5.68978139738707	7.9768852696132
115	WGN55	6.16666666700014	0.58280711955151	1089	5.02311473088707	7.3102186031132
116	WGN55	5.10649847095289	0.824402750890386	1089	3.48890093260588	6.7240960092999
117	WGN55	4.50000000000014	0.58280711955151	1089	3.35644806388708	5.6435519361132
118	WGN55	6.33333333300013	0.58280711955151	1089	5.18978139688707	7.47688526911319
119	WGN55	7.33333333300013	0.58280711955151	1089	6.18978139688707	8.47688526911319
120	WGN55	6.16666666650013	0.58280711955151	1089	5.02311473038707	7.31021860261319
121	WGN55	5.66666666650013	0.58280711955151	1089	4.52311473038707	6.81021860261319
122	WGN55	6.66666666650013	0.58280711955151	1089	5.52311473038707	7.81021860261319
123	WGN55	5.00000000000014	0.58280711955151	1089	3.85644806388707	6.1435519361132
124	WGN55	6.33333333350013	0.58280711955151	1089	5.18978139738707	7.47688526961319
125	WGN55	5.83333333350013	0.58280711955151	1089	4.68978139738707	6.97688526961319
126	WGN55	6.83333333300013	0.58280711955151	1089	5.68978139688707	7.97688526911319
128	WGN55	4.50000000000014	0.58280711955151	1089	3.35644806388707	5.6435519361132
129	WGN55	7.16666666700013	0.58280711955151	1089	6.02311473088707	8.3102186031132
130	WGN55	6.16666666650013	0.58280711955151	1089	5.02311473038707	7.31021860261319
1	WGN63	5.83333333300002	0.582807119551502	1089	4.68978139688697	6.97688526911306
2	WGN63	5.83333333350014	0.58280711955151	1089	4.68978139738708	6.9768852696132
3	WGN63	5.83333333350009	0.582807119551508	1089	4.68978139738703	6.97688526961315
4	WGN63	6.00000000000011	0.582807119551508	1089	4.85644806388705	7.14355193611316
5	WGN63	6.83333333350011	0.582807119551509	1089	5.68978139738705	7.97688526961316
6	WGN63	7.22683486204738	0.82440275089039	1089	5.60923732370036	8.84443240039439
7	WGN63	5.66666666650011	0.58280711955151	1089	4.52311473038705	6.81021860261317
8	WGN63	6.16666666700011	0.582807119551509	1089	5.02311473088706	7.31021860311317
9	WGN63	6.00000000000011	0.582807119551509	1089	4.85644806388705	7.14355193611317
10	WGN63	6.00000000000011	0.582807119551506	1089	4.85644806388706	7.14355193611316
12	WGN63	5.83333333350011	0.582807119551509	1089	4.68978139738705	6.97688526961317
13	WGN63	7.00000000000009	0.58280711955151	1089	5.85644806388703	8.14355193611315
14	WGN63	6.00000000000013	0.582807119551507	1089	4.85644806388708	7.14355193611319
16	WGN63	6.5000000000001	0.582807119551511	1089	5.35644806388703	7.64355193611316
17	WGN63	6.8333333335001	0.58280711955151	1089	5.68978139738704	7.97688526961316
18	WGN63	6.66666666700011	0.582807119551507	1089	5.52311473088705	7.81021860311316
19	WGN63	6.50000000000013	0.582807119551511	1089	5.35644806388707	7.64355193611319
20	WGN63	6.8333333330001	0.582807119551508	1089	5.68978139688704	7.97688526911316
21	WGN63	5.8333333335001	0.582807119551505	1089	4.68978139738705	6.97688526961315
22	WGN63	6.00000000000011	0.582807119551509	1089	4.85644806388705	7.14355193611317
23	WGN63	6.16666666700012	0.582807119551508	1089	5.02311473088706	7.31021860311318
24	WGN63	6.16666666700012	0.582807119551513	1089	5.02311473088705	7.31021860311319
25	WGN63	6.8333333335001	0.582807119551508	1089	5.68978139738704	7.97688526961316
26	WGN63	5.00000000000011	0.582807119551508	1089	3.85644806388706	6.14355193611317
27	WGN63	6.33333333300011	0.582807119551512	1089	5.18978139688704	7.47688526911318
28	WGN63	4.66666666650011	0.582807119551506	1089	3.52311473038706	5.81021860261317
29	WGN63	6.33333333350014	0.582807119551514	1089	5.18978139738707	7.47688526961321
30	WGN63	6.16666666700011	0.582807119551512	1089	5.02311473088705	7.31021860311318
31	WGN63	5.33333333300011	0.58280711955151	1089	4.18978139688705	6.47688526911317
32	WGN63	5.0000000000001	0.58280711955151	1089	3.85644806388704	6.14355193611316
33	WGN63	5.3333333330001	0.582807119551509	1089	4.18978139688704	6.47688526911316
34	WGN63	5.3333333330001	0.582807119551513	1089	4.18978139688704	6.47688526911317
35	WGN63	6.50000000000013	0.582807119551513	1089	5.35644806388706	7.64355193611319
36	WGN63	6.43983180395287	0.824402750890391	1089	4.82223426560585	8.05742934229989
37	WGN63	5.16666666650011	0.582807119551505	1089	4.02311473038706	6.31021860261316
38	WGN63	4.50000000000013	0.582807119551507	1089	3.35644806388707	5.64355193611318
39	WGN63	6.3333333335001	0.582807119551509	1089	5.18978139738704	7.47688526961316
40	WGN63	6.16666666650012	0.582807119551511	1089	5.02311473038706	7.31021860261319
41	WGN63	5.89350152904735	0.824402750890382	1089	4.27590399070035	7.51109906739435
42	WGN63	6.50000000000012	0.582807119551514	1089	5.35644806388705	7.64355193611319
43	WGN63	6.33333333350011	0.582807119551509	1089	5.18978139738705	7.47688526961317
44	WGN63	5.33333333300011	0.582807119551509	1089	4.18978139688705	6.47688526911317
45	WGN63	5.66666666700011	0.582807119551507	1089	4.52311473088706	6.81021860311317
46	WGN63	5.16666666650012	0.582807119551506	1089	4.02311473038706	6.31021860261317
47	WGN63	5.6666666670001	0.582807119551511	1089	4.52311473088704	6.81021860311316
48	WGN63	6.22683486204735	0.824402750890383	1089	4.60923732370035	7.84443240039436
49	WGN63	5.1666666665001	0.582807119551512	1089	4.02311473038703	6.31021860261317
50	WGN63	5.83333333350011	0.58280711955151	1089	4.68978139738705	6.97688526961317
51	WGN63	6.10649847095286	0.824402750890383	1089	4.48890093260585	7.72409600929986
52	WGN63	6.00000000000011	0.582807119551509	1089	4.85644806388705	7.14355193611317
53	WGN63	6.83333333350013	0.582807119551512	1089	5.68978139738706	7.9768852696132
54	WGN63	6.0000000000001	0.58280711955151	1089	4.85644806388704	7.14355193611316
55	WGN63	6.0000000000001	0.582807119551509	1089	4.85644806388704	7.14355193611316
56	WGN63	5.50000000000011	0.582807119551512	1089	4.35644806388704	6.64355193611317
57	WGN63	5.33333333350011	0.58280711955151	1089	4.18978139738705	6.47688526961317
58	WGN63	6.1666666665001	0.582807119551508	1089	5.02311473038704	7.31021860261315
59	WGN63	6.16666666650011	0.582807119551511	1089	5.02311473038705	7.31021860261318
60	WGN63	6.6666666670001	0.582807119551511	1089	5.52311473088704	7.81021860311317
61	WGN63	6.5000000000001	0.582807119551507	1089	5.35644806388704	7.64355193611315
62	WGN63	6.33333333350011	0.582807119551509	1089	5.18978139738705	7.47688526961316
63	WGN63	7.00000000000011	0.58280711955151	1089	5.85644806388705	8.14355193611317
64	WGN63	6.5000000000001	0.582807119551507	1089	5.35644806388704	7.64355193611316
65	WGN63	6.16666666650011	0.582807119551511	1089	5.02311473038704	7.31021860261317
66	WGN63	5.66666666650011	0.582807119551509	1089	4.52311473038705	6.81021860261317
67	WGN63	5.50000000000011	0.58280711955151	1089	4.35644806388705	6.64355193611317
68	WGN63	4.66666666650012	0.582807119551508	1089	3.52311473038706	5.81021860261317
69	WGN63	5.0000000000001	0.582807119551512	1089	3.85644806388704	6.14355193611317
70	WGN63	6.16666666650011	0.58280711955151	1089	5.02311473038705	7.31021860261317
72	WGN63	6.5000000000001	0.582807119551508	1089	5.35644806388705	7.64355193611316
73	WGN63	7.1666666665001	0.582807119551509	1089	6.02311473038704	8.31021860261316
74	WGN63	5.66666666650011	0.582807119551511	1089	4.52311473038705	6.81021860261318
75	WGN63	5.66666666700011	0.582807119551509	1089	4.52311473088705	6.81021860311317
76	WGN63	5.50000000000011	0.58280711955151	1089	4.35644806388704	6.64355193611317
77	WGN63	5.83333333300011	0.582807119551511	1089	4.68978139688705	6.97688526911317
78	WGN63	7.83333333300011	0.58280711955151	1089	6.68978139688705	8.97688526911318
79	WGN63	5.00000000000011	0.582807119551509	1089	3.85644806388705	6.14355193611317
80	WGN63	5.5000000000001	0.58280711955151	1089	4.35644806388704	6.64355193611316
81	WGN63	5.50000000000011	0.582807119551509	1089	4.35644806388705	6.64355193611317
82	WGN63	6.50000000000011	0.582807119551509	1089	5.35644806388705	7.64355193611317
83	WGN63	7.00000000000011	0.582807119551509	1089	5.85644806388705	8.14355193611317
84	WGN63	6.00000000000011	0.582807119551509	1089	4.85644806388705	7.14355193611317
85	WGN63	5.66666666700011	0.582807119551508	1089	4.52311473088705	6.81021860311317
86	WGN63	6.33333333300011	0.58280711955151	1089	5.18978139688705	7.47688526911317
87	WGN63	5.50000000000011	0.582807119551509	1089	4.35644806388705	6.64355193611317
88	WGN63	4.56016819604735	0.824402750890387	1089	2.94257065770033	6.17776573439436
89	WGN63	5.3333333330001	0.582807119551509	1089	4.18978139688704	6.47688526911316
90	WGN63	5.43983180395286	0.824402750890383	1089	3.82223426560586	7.05742934229987
91	WGN63	6.16666666650011	0.582807119551508	1089	5.02311473038705	7.31021860261316
92	WGN63	5.50000000000011	0.58280711955151	1089	4.35644806388705	6.64355193611317
93	WGN63	5.66666666650012	0.582807119551509	1089	4.52311473038706	6.81021860261318
94	WGN63	6.50000000000012	0.582807119551509	1089	5.35644806388706	7.64355193611318
95	WGN63	5.89350152904736	0.824402750890387	1089	4.27590399070035	7.51109906739437
96	WGN63	5.66666666650011	0.582807119551508	1089	4.52311473038706	6.81021860261317
97	WGN63	5.83333333350011	0.582807119551509	1089	4.68978139738705	6.97688526961317
98	WGN63	5.5000000000001	0.58280711955151	1089	4.35644806388704	6.64355193611316
99	WGN63	6.83333333300011	0.582807119551509	1089	5.68978139688705	7.97688526911316
100	WGN63	5.50000000000011	0.582807119551509	1089	4.35644806388705	6.64355193611317
101	WGN63	7.00000000000011	0.58280711955151	1089	5.85644806388705	8.14355193611317
102	WGN63	6.89350152904735	0.824402750890385	1089	5.27590399070034	8.51109906739436
103	WGN63	5.83333333350011	0.58280711955151	1089	4.68978139738705	6.97688526961317
105	WGN63	6.16666666650011	0.582807119551509	1089	5.02311473038705	7.31021860261317
106	WGN63	6.22683486204735	0.824402750890386	1089	4.60923732370034	7.84443240039436
107	WGN63	6.22683486204735	0.824402750890385	1089	4.60923732370034	7.84443240039436
109	WGN63	5.50000000000011	0.582807119551509	1089	4.35644806388705	6.64355193611317
110	WGN63	6.00000000000011	0.582807119551509	1089	4.85644806388705	7.14355193611317
111	WGN63	6.33333333350011	0.582807119551509	1089	5.18978139738705	7.47688526961317
112	WGN63	5.66666666650011	0.582807119551509	1089	4.52311473038705	6.81021860261317
114	WGN63	4.66666666650011	0.58280711955151	1089	3.52311473038704	5.81021860261317
115	WGN63	6.00000000000011	0.582807119551509	1089	4.85644806388705	7.14355193611317
116	WGN63	5.33333333350011	0.582807119551509	1089	4.18978139738705	6.47688526961317
117	WGN63	6.00000000000011	0.582807119551509	1089	4.85644806388705	7.14355193611317
118	WGN63	5.22683486204736	0.824402750890384	1089	3.60923732370035	6.84443240039436
119	WGN63	6.50000000000011	0.58280711955151	1089	5.35644806388705	7.64355193611317
121	WGN63	6.66666666650011	0.582807119551509	1089	5.52311473038705	7.81021860261317
122	WGN63	6.00000000000011	0.582807119551509	1089	4.85644806388705	7.14355193611317
123	WGN63	6.00000000000011	0.582807119551509	1089	4.85644806388705	7.14355193611317
124	WGN63	4.16666666700011	0.58280711955151	1089	3.02311473088705	5.31021860311317
125	WGN63	6.22683486204735	0.824402750890385	1089	4.60923732370035	7.84443240039436
126	WGN63	6.33333333350011	0.582807119551509	1089	5.18978139738705	7.47688526961317
127	WGN63	5.83333333350011	0.582807119551509	1089	4.68978139738705	6.97688526961317
128	WGN63	7.56016819604735	0.824402750890385	1089	5.94257065770034	9.17776573439436
129	WGN63	4.66666666700011	0.582807119551509	1089	3.52311473088705	5.81021860311317
130	WGN63	7.22683486204735	0.824402750890385	1089	5.60923732370034	8.84443240039436
