plantID3	famID	emmean	SE	df	lower.CL	upper.CL
1	WGN07	8.00000000000152	0.636524765144182	1116	6.75107988635702	9.24892011364602
2	WGN07	9.99999999849897	0.636524765144686	1116	8.75107988485348	11.2489201121445
3	WGN07	10.333333335	0.636524765144675	1116	9.0844132213545	11.5822534486454
4	WGN07	7.33333333350009	0.636524765144634	1116	6.0844132198547	8.58225344714548
5	WGN07	10.4999999999998	0.636524765144602	1116	9.25107988635446	11.7489201136451
6	WGN07	6.00000000000003	0.636524765144596	1116	4.75107988635472	7.24892011364534
7	WGN07	9.16666666699999	0.636524765144631	1116	7.91774655335461	10.4155867806454
8	WGN07	8.16666666650005	0.636524765144607	1116	6.91774655285471	9.41558678014538
9	WGN07	8.00000000000002	0.636524765144611	1116	6.75107988635468	9.24892011364536
10	WGN07	7.8333333335	0.636524765144598	1116	6.58441321985468	9.08225344714531
11	WGN07	9.33333333349997	0.636524765144614	1116	8.08441321985462	10.5822534471453
12	WGN07	8.00000000000003	0.636524765144626	1116	6.75107988635466	9.2489201136454
13	WGN07	10.3333333335	0.636524765144607	1116	9.08441321985463	11.5822534471453
14	WGN07	7.99999999999999	0.636524765144609	1116	6.75107988635465	9.24892011364533
15	WGN07	9.99999999850004	0.636524765144615	1116	8.75107988485469	11.2489201121454
16	WGN07	8.00000000000004	0.636524765144603	1116	6.75107988635471	9.24892011364536
17	WGN07	8.16666666650001	0.636524765144631	1116	6.91774655285463	9.41558678014539
18	WGN07	9.3333333335	0.636524765144628	1116	8.08441321985463	10.5822534471454
20	WGN07	7.16666666650002	0.636524765144596	1116	5.91774655285471	8.41558678014534
21	WGN07	10.3333333335001	0.636524765144618	1116	9.0844132198547	11.5822534471454
22	WGN07	7.99999999999994	0.636524765144621	1116	6.75107988635458	9.2489201136453
23	WGN07	7.36093703339706	0.900383406245102	1116	5.59430200577714	9.12757206101698
24	WGN07	10.3333333314999	0.636524765144588	1116	9.08441321785462	11.5822534451452
25	WGN07	7.99999999999998	0.636524765144598	1116	6.75107988635466	9.24892011364529
26	WGN07	9.8333333335	0.636524765144612	1116	8.58441321985466	11.0822534471453
27	WGN07	9.33333333350007	0.636524765144629	1116	8.0844132198547	10.5822534471454
28	WGN07	8.66666666649991	0.636524765144607	1116	7.41774655285458	9.91558678014525
29	WGN07	9.66666666850002	0.636524765144608	1116	8.41774655485468	10.9155867821454
30	WGN07	8.16666666649997	0.636524765144606	1116	6.91774655285464	9.41558678014531
31	WGN07	9.16666666649998	0.636524765144611	1116	7.91774655285464	10.4155867801453
32	WGN07	9.66666666649997	0.6365247651446	1116	8.41774655285465	10.9155867801453
33	WGN07	7.66666666650003	0.636524765144613	1116	6.41774655285469	8.91558678014538
34	WGN07	9.5	0.636524765144616	1116	8.25107988635465	10.7489201136454
35	WGN07	9	0.636524765144593	1116	7.75107988635469	10.2489201136453
36	WGN07	8.66666666700002	0.636524765144603	1116	7.41774655335469	9.91558678064534
37	WGN07	8.50000000000014	0.636524765144624	1116	7.25107988635477	9.74892011364551
38	WGN07	8.16666666649993	0.636524765144592	1116	6.91774655285462	9.41558678014523
39	WGN07	6.50000000000002	0.636524765144592	1116	5.25107988635472	7.74892011364533
40	WGN07	7.49999999999999	0.636524765144606	1116	6.25107988635466	8.74892011364532
41	WGN07	9.50000000000009	0.636524765144633	1116	8.2510798863547	10.7489201136455
42	WGN07	8.66666666649999	0.636524765144622	1116	7.41774655285463	9.91558678014536
44	WGN07	8.83333333350007	0.636524765144616	1116	7.58441321985472	10.0822534471454
46	WGN07	9.33333333300003	0.63652476514461	1116	8.08441321935469	10.5822534466454
47	WGN07	9.5	0.636524765144621	1116	8.25107988635464	10.7489201136454
48	WGN07	9.99999999999999	0.636524765144602	1116	8.75107988635467	11.2489201136453
49	WGN07	8.333333333	0.636524765144607	1116	7.08441321935467	9.58225344664533
50	WGN07	10.166666665	0.636524765144616	1116	8.91774655135469	11.4155867786454
51	WGN07	8.66666666650001	0.636524765144614	1116	7.41774655285466	9.91558678014536
52	WGN07	9.33333333150002	0.636524765144615	1116	8.08441321785467	10.5822534451454
53	WGN07	9.33333333300003	0.636524765144616	1116	8.08441321935468	10.5822534466454
54	WGN07	9.66666666699998	0.636524765144615	1116	8.41774655335463	10.9155867806453
55	WGN07	9.83333333349986	0.636524765144603	1116	8.58441321985453	11.0822534471452
56	WGN07	10.666666665	0.636524765144617	1116	9.41774655135469	11.9155867786454
57	WGN07	9.16666666650001	0.636524765144604	1116	7.91774655285468	10.4155867801453
58	WGN07	9	0.636524765144616	1116	7.75107988635465	10.2489201136453
59	WGN07	8.8333333335	0.636524765144614	1116	7.58441321985465	10.0822534471453
60	WGN07	10.33333333	0.636524765144611	1116	9.08441321635467	11.5822534436454
61	WGN07	9.00000000000001	0.636524765144609	1116	7.75107988635467	10.2489201136453
63	WGN07	7.1666666665	0.636524765144603	1116	5.91774655285468	8.41558678014533
64	WGN07	9.16666666650001	0.636524765144607	1116	7.91774655285468	10.4155867801453
66	WGN07	8.16666666650003	0.636524765144627	1116	6.91774655285466	9.41558678014541
67	WGN07	7.00000000000002	0.636524765144597	1116	5.75107988635471	8.24892011364533
68	WGN07	7.33333333349998	0.636524765144619	1116	6.08441321985463	8.58225344714534
69	WGN07	8.02760370039704	0.900383406245087	1116	6.26096867277715	9.79423872801693
71	WGN07	10.5	0.636524765144611	1116	9.25107988635463	11.7489201136453
73	WGN07	9.50000000000005	0.63652476514462	1116	8.25107988635469	10.7489201136454
74	WGN07	10.333333335	0.63652476514461	1116	9.08441322135466	11.5822534486453
75	WGN07	10.1666666685	0.636524765144611	1116	8.91774655485464	11.4155867821453
76	WGN07	9.33333333349999	0.636524765144616	1116	8.08441321985464	10.5822534471453
77	WGN07	9.66666666700003	0.636524765144614	1116	8.41774655335468	10.9155867806454
78	WGN07	7.50000000000001	0.636524765144615	1116	6.25107988635466	8.74892011364536
79	WGN07	7.66666666650001	0.636524765144614	1116	6.41774655285466	8.91558678014536
80	WGN07	10.666666665	0.636524765144614	1116	9.41774655135465	11.9155867786453
81	WGN07	9.50000000000001	0.636524765144616	1116	8.25107988635465	10.7489201136454
82	WGN07	10.3333333335	0.636524765144611	1116	9.08441321985467	11.5822534471454
83	WGN07	8.00000000000001	0.636524765144603	1116	6.75107988635469	9.24892011364534
84	WGN07	9.6666666665	0.636524765144614	1116	8.41774655285465	10.9155867801453
85	WGN07	8.49999999999993	0.636524765144597	1116	7.25107988635461	9.74892011364524
86	WGN07	9.49999999999994	0.63652476514461	1116	8.2510798863546	10.7489201136453
87	WGN07	9.00000000000002	0.636524765144613	1116	7.75107988635468	10.2489201136454
88	WGN07	10.0000000015	0.636524765144621	1116	8.75107988785466	11.2489201151454
89	WGN07	7.99999999999996	0.63652476514462	1116	6.7510798863546	9.24892011364532
90	WGN07	8.99999999849998	0.63652476514462	1116	7.75107988485462	10.2489201121453
91	WGN07	9.49999999850003	0.636524765144603	1116	8.2510798848547	10.7489201121454
92	WGN07	7.972396299603	0.900383406245102	1116	6.20576127198308	9.73903132722292
93	WGN07	8.16666666649999	0.636524765144607	1116	6.91774655285465	9.41558678014532
94	WGN07	8.49999999999998	0.636524765144607	1116	7.25107988635465	9.74892011364532
95	WGN07	9.6666666665	0.636524765144589	1116	8.41774655285471	10.9155867801453
96	WGN07	8.33333333349999	0.636524765144623	1116	7.08441321985462	9.58225344714535
97	WGN07	7.69427036739703	0.900383406245116	1116	5.92763533977708	9.46090539501697
98	WGN07	7.49999999999998	0.636524765144621	1116	6.25107988635462	8.74892011364534
99	WGN07	10.4999999985	0.636524765144617	1116	9.25107988485465	11.7489201121454
100	WGN07	9.83333333150001	0.636524765144616	1116	8.58441321785465	11.0822534451454
101	WGN07	9.00000000000002	0.636524765144607	1116	7.75107988635468	10.2489201136454
102	WGN07	9.83333333149996	0.636524765144608	1116	8.58441321785463	11.0822534451453
103	WGN07	8.16666666649998	0.636524765144609	1116	6.91774655285464	9.41558678014532
104	WGN07	8.99999999999998	0.636524765144615	1116	7.75107988635463	10.2489201136453
105	WGN07	10.3333333335	0.63652476514461	1116	9.08441321985467	11.5822534471453
106	WGN07	10.1666666685001	0.636524765144627	1116	8.91774655485471	11.4155867821455
107	WGN07	8.83333333300001	0.636524765144619	1116	7.58441321935465	10.0822534466454
108	WGN07	10	0.636524765144616	1116	8.75107988635466	11.2489201136454
109	WGN07	8.63906296660291	0.900383406245055	1116	6.87242793898308	10.4056979942227
110	WGN07	8.49999999999992	0.636524765144618	1116	7.25107988635456	9.74892011364527
112	WGN07	9.99999999849998	0.636524765144612	1116	8.75107988485463	11.2489201121453
113	WGN07	8.99999999999999	0.636524765144612	1116	7.75107988635465	10.2489201136453
114	WGN07	9.33333333349999	0.63652476514461	1116	8.08441321985465	10.5822534471453
115	WGN07	9.66666666649999	0.636524765144613	1116	8.41774655285464	10.9155867801453
116	WGN07	7.33333333300002	0.636524765144607	1116	6.08441321935468	8.58225344664535
117	WGN07	8.49999999999997	0.636524765144611	1116	7.25107988635463	9.74892011364532
118	WGN07	10.9999999985	0.636524765144613	1116	9.75107988485463	12.2489201121453
119	WGN07	9.99999999850001	0.636524765144617	1116	8.75107988485465	11.2489201121454
120	WGN07	10.333333335	0.636524765144616	1116	9.0844132213547	11.5822534486454
121	WGN07	7.66666666649998	0.636524765144617	1116	6.41774655285463	8.91558678014533
122	WGN07	10.3609370303971	0.900383406245123	1116	8.59430200277712	12.127572058017
123	WGN07	8.16666666649997	0.636524765144604	1116	6.91774655285465	9.4155867801453
124	WGN07	9.5	0.636524765144613	1116	8.25107988635465	10.7489201136453
125	WGN07	7.83333333300002	0.636524765144625	1116	6.58441321935465	9.08225344664538
126	WGN07	7.83333333350003	0.636524765144614	1116	6.58441321985468	9.08225344714538
127	WGN07	8.6666666665	0.636524765144611	1116	7.41774655285466	9.91558678014534
128	WGN07	9.33333333350002	0.636524765144613	1116	8.08441321985467	10.5822534471454
129	WGN07	8.8333333335	0.63652476514461	1116	7.58441321985466	10.0822534471453
130	WGN07	7.50000000000002	0.636524765144595	1116	6.25107988635471	8.74892011364533
1	WGN15	7.66666666699998	0.636524765144647	1116	6.41774655335457	8.91558678064539
2	WGN15	7.99999999999995	0.636524765144594	1116	6.75107988635464	9.24892011364526
3	WGN15	8.16666666649998	0.636524765144612	1116	6.91774655285463	9.41558678014532
4	WGN15	7.5	0.636524765144604	1116	6.25107988635467	8.74892011364533
5	WGN15	6.99999999999995	0.63652476514461	1116	5.75107988635461	8.24892011364529
7	WGN15	8.99999999999999	0.636524765144618	1116	7.75107988635463	10.2489201136453
8	WGN15	8.33333333300004	0.636524765144621	1116	7.08441321935468	9.5822534466454
9	WGN15	8.66666666699989	0.636524765144607	1116	7.41774655335456	9.91558678064523
10	WGN15	8.49999999999991	0.636524765144606	1116	7.25107988635457	9.74892011364524
11	WGN15	7.33333333349998	0.636524765144607	1116	6.08441321985465	8.58225344714531
12	WGN15	8.99999999999995	0.63652476514461	1116	7.75107988635461	10.2489201136453
13	WGN15	9.33333333349998	0.636524765144622	1116	8.08441321985462	10.5822534471453
14	WGN15	7.83333333349997	0.636524765144608	1116	6.58441321985463	9.0822534471453
15	WGN15	9.16666666649998	0.636524765144613	1116	7.91774655285464	10.4155867801453
16	WGN15	8.83333333349997	0.636524765144613	1116	7.58441321985462	10.0822534471453
17	WGN15	8.66666666650004	0.636524765144632	1116	7.41774655285465	9.91558678014542
18	WGN15	7.99999999999995	0.636524765144617	1116	6.7510798863546	9.2489201136453
19	WGN15	7.99999999999996	0.636524765144621	1116	6.75107988635459	9.24892011364532
20	WGN15	9.83333333349994	0.636524765144609	1116	8.58441321985461	11.0822534471453
21	WGN15	8.99999999999991	0.636524765144604	1116	7.75107988635458	10.2489201136452
22	WGN15	7.99999999999998	0.636524765144618	1116	6.75107988635462	9.24892011364533
23	WGN15	8.49999999999998	0.636524765144617	1116	7.25107988635463	9.74892011364533
24	WGN15	6.99999999999998	0.636524765144617	1116	5.75107988635462	8.24892011364533
25	WGN15	9.16666666699996	0.63652476514461	1116	7.91774655335462	10.4155867806453
26	WGN15	8.16666666699996	0.636524765144614	1116	6.91774655335461	9.4155867806453
27	WGN15	8.49999999999994	0.636524765144604	1116	7.25107988635461	9.74892011364527
28	WGN15	8.49999999999999	0.63652476514461	1116	7.25107988635465	9.74892011364533
29	WGN15	8.83333333349995	0.636524765144612	1116	7.58441321985461	10.0822534471453
30	WGN15	7.49999999999997	0.636524765144607	1116	6.25107988635464	8.7489201136453
31	WGN15	8.50000000000001	0.636524765144625	1116	7.25107988635464	9.74892011364538
32	WGN15	8.16666666649994	0.636524765144611	1116	6.9177465528546	9.41558678014529
33	WGN15	8.33333333299994	0.636524765144597	1116	7.08441321935463	9.58225344664525
34	WGN15	7.49999999999997	0.636524765144606	1116	6.25107988635464	8.7489201136453
35	WGN15	8.99999999999999	0.636524765144603	1116	7.75107988635467	10.2489201136453
36	WGN15	7.83333333349993	0.636524765144609	1116	6.58441321985459	9.08225344714526
37	WGN15	8.66666666699996	0.636524765144602	1116	7.41774655335463	9.91558678064528
38	WGN15	8.66666666649996	0.636524765144611	1116	7.41774655285462	9.9155867801453
39	WGN15	9.33333333149996	0.636524765144606	1116	8.08441321785463	10.5822534451453
40	WGN15	7.49999999999995	0.636524765144606	1116	6.25107988635462	8.74892011364528
41	WGN15	6.5	0.636524765144606	1116	5.25107988635467	7.74892011364533
43	WGN15	7.99999999999996	0.636524765144611	1116	6.75107988635462	9.2489201136453
44	WGN15	8.16666666699997	0.636524765144614	1116	6.91774655335462	9.41558678064531
45	WGN15	7.99999999999999	0.636524765144619	1116	6.75107988635464	9.24892011364535
46	WGN15	8.33333333349994	0.63652476514461	1116	7.0844132198546	9.58225344714528
47	WGN15	8.83333333299994	0.636524765144607	1116	7.58441321935461	10.0822534466453
48	WGN15	8.49999999999998	0.63652476514462	1116	7.25107988635462	9.74892011364533
50	WGN15	8.99999999999997	0.636524765144616	1116	7.75107988635462	10.2489201136453
51	WGN15	6.83333333349994	0.636524765144615	1116	5.58441321985459	8.08225344714529
52	WGN15	7.83333333349995	0.636524765144606	1116	6.58441321985462	9.08225344714528
53	WGN15	7.99999999999993	0.636524765144613	1116	6.75107988635459	9.24892011364527
54	WGN15	9.16666666699994	0.636524765144606	1116	7.91774655335461	10.4155867806453
55	WGN15	9.16666666649991	0.636524765144603	1116	7.91774655285459	10.4155867801452
56	WGN15	8.66666666649999	0.636524765144614	1116	7.41774655285464	9.91558678014534
57	WGN15	7.16666666699998	0.636524765144616	1116	5.91774655335463	8.41558678064533
58	WGN15	9.49999999849995	0.636524765144617	1116	8.2510798848546	10.7489201121453
59	WGN15	9.66666666649997	0.636524765144615	1116	8.41774655285462	10.9155867801453
60	WGN15	7.83333333350003	0.636524765144613	1116	6.58441321985469	9.08225344714538
61	WGN15	9.49999999999997	0.636524765144615	1116	8.25107988635462	10.7489201136453
62	WGN15	8.66666666649996	0.636524765144608	1116	7.41774655285462	9.9155867801453
63	WGN15	7.99999999999997	0.63652476514461	1116	6.75107988635463	9.24892011364531
64	WGN15	6.83333333349997	0.636524765144608	1116	5.58441321985463	8.0822534471453
65	WGN15	8.16666666649993	0.636524765144624	1116	6.91774655285456	9.4155867801453
66	WGN15	6.99999999999996	0.636524765144608	1116	5.75107988635463	8.2489201136453
67	WGN15	7.99999999999997	0.63652476514462	1116	6.75107988635461	9.24892011364533
68	WGN15	5.66666666649994	0.636524765144618	1116	4.41774655285458	6.91558678014529
69	WGN15	8.83333333350003	0.636524765144611	1116	7.58441321985469	10.0822534471454
70	WGN15	8.33333333349995	0.636524765144613	1116	7.08441321985461	9.5822534471453
71	WGN15	9.49999999999998	0.636524765144608	1116	8.25107988635464	10.7489201136453
72	WGN15	8.66666666649996	0.636524765144606	1116	7.41774655285463	9.91558678014529
73	WGN15	8.49999999999995	0.636524765144607	1116	7.25107988635461	9.74892011364528
74	WGN15	7.99999999999999	0.636524765144605	1116	6.75107988635466	9.24892011364532
75	WGN15	8.33333333349994	0.636524765144603	1116	7.08441321985461	9.58225344714527
77	WGN15	8.16666666649995	0.636524765144611	1116	6.91774655285461	9.41558678014529
78	WGN15	7.99999999999994	0.636524765144612	1116	6.7510798863546	9.24892011364528
79	WGN15	7.50000000000002	0.636524765144616	1116	6.25107988635467	8.74892011364537
80	WGN15	8.33333333349997	0.636524765144615	1116	7.08441321985462	9.58225344714532
81	WGN15	8.99999999999996	0.636524765144615	1116	7.75107988635461	10.2489201136453
82	WGN15	7.99999999999998	0.63652476514461	1116	6.75107988635464	9.24892011364532
83	WGN15	7.66666666649998	0.636524765144607	1116	6.41774655285464	8.91558678014531
84	WGN15	6.33333333349998	0.636524765144612	1116	5.08441321985464	7.58225344714532
85	WGN15	6.83333333350001	0.636524765144607	1116	5.58441321985467	8.08225344714534
86	WGN15	7.99999999999996	0.636524765144604	1116	6.75107988635463	9.24892011364529
87	WGN15	7.99999999999996	0.63652476514461	1116	6.75107988635462	9.2489201136453
88	WGN15	8.33333333299996	0.636524765144607	1116	7.08441321935462	9.58225344664529
89	WGN15	7.49999999999994	0.636524765144596	1116	6.25107988635463	8.74892011364525
90	WGN15	7.16666666649996	0.636524765144622	1116	5.9177465528546	8.41558678014532
91	WGN15	8.16666666649997	0.636524765144612	1116	6.91774655285462	9.41558678014531
92	WGN15	7.49999999999997	0.636524765144621	1116	6.25107988635461	8.74892011364533
93	WGN15	8.49999999999999	0.636524765144617	1116	7.25107988635464	9.74892011364534
94	WGN15	9.1666666665	0.636524765144613	1116	7.91774655285466	10.4155867801454
95	WGN15	7.33333333349996	0.636524765144616	1116	6.0844132198546	8.58225344714531
96	WGN15	8.02760370039704	0.900383406245085	1116	6.26096867277715	9.79423872801693
97	WGN15	8.99999999999996	0.636524765144609	1116	7.75107988635462	10.2489201136453
98	WGN15	9.16666666649997	0.636524765144613	1116	7.91774655285463	10.4155867801453
99	WGN15	9.16666666649998	0.636524765144615	1116	7.91774655285463	10.4155867801453
100	WGN15	8.99999999999996	0.636524765144615	1116	7.75107988635462	10.2489201136453
101	WGN15	9.33333333349995	0.63652476514461	1116	8.08441321985461	10.5822534471453
102	WGN15	9.66666666499994	0.636524765144612	1116	8.4177465513546	10.9155867786453
103	WGN15	8.66666666699996	0.636524765144617	1116	7.41774655335461	9.91558678064532
104	WGN15	7.83333333299995	0.636524765144608	1116	6.58441321935461	9.08225344664529
106	WGN15	8.16666666699992	0.636524765144619	1116	6.91774655335456	9.41558678064527
107	WGN15	9.33333333349996	0.636524765144611	1116	8.08441321985462	10.5822534471453
108	WGN15	7.83333333349999	0.636524765144615	1116	6.58441321985464	9.08225344714534
109	WGN15	8.83333333349999	0.63652476514462	1116	7.58441321985463	10.0822534471454
110	WGN15	8.49999999999995	0.636524765144602	1116	7.25107988635463	9.74892011364527
111	WGN15	8.66666666699996	0.636524765144616	1116	7.41774655335461	9.91558678064531
112	WGN15	7.99999999999997	0.636524765144615	1116	6.75107988635462	9.24892011364532
113	WGN15	6.99999999999996	0.636524765144616	1116	5.75107988635461	8.24892011364531
114	WGN15	6.83333333349996	0.636524765144612	1116	5.58441321985462	8.08225344714531
115	WGN15	7.6666666665	0.636524765144616	1116	6.41774655285465	8.91558678014535
116	WGN15	8.66666666649999	0.636524765144624	1116	7.41774655285463	9.91558678014536
117	WGN15	7.66666666649996	0.636524765144608	1116	6.41774655285463	8.9155867801453
118	WGN15	8.16666666699994	0.636524765144616	1116	6.91774655335459	9.4155867806453
119	WGN15	7.49999999999994	0.636524765144616	1116	6.25107988635459	8.7489201136453
120	WGN15	8.49999999999998	0.636524765144617	1116	7.25107988635463	9.74892011364533
121	WGN15	8.3333333335	0.636524765144626	1116	7.08441321985463	9.58225344714537
122	WGN15	7.66666666649995	0.63652476514461	1116	6.41774655285462	8.9155867801453
123	WGN15	8.00000000000001	0.636524765144619	1116	6.75107988635465	9.24892011364536
124	WGN15	8.49999999999996	0.636524765144615	1116	7.25107988635461	9.74892011364531
125	WGN15	9.99999999849998	0.636524765144615	1116	8.75107988485463	11.2489201121453
126	WGN15	8.49999999999995	0.636524765144627	1116	7.25107988635458	9.74892011364532
127	WGN15	8.33333333349998	0.636524765144608	1116	7.08441321985464	9.58225344714531
128	WGN15	8.83333333350001	0.636524765144623	1116	7.58441321985464	10.0822534471454
129	WGN15	7.16666666649997	0.636524765144613	1116	5.91774655285463	8.41558678014532
130	WGN15	8.66666666649996	0.636524765144613	1116	7.41774655285462	9.91558678014531
1	WGN26	6.99999999999969	0.636524765144556	1116	5.75107988635446	8.24892011364493
3	WGN26	9.33333333150009	0.636524765144619	1116	8.08441321785473	10.5822534451454
4	WGN26	7.5000000000001	0.636524765144612	1116	6.25107988635475	8.74892011364544
5	WGN26	8.33333333350008	0.636524765144604	1116	7.08441321985475	9.58225344714541
6	WGN26	7.83333333350008	0.636524765144619	1116	6.58441321985473	9.08225344714544
7	WGN26	8.16666666650013	0.636524765144608	1116	6.91774655285479	9.41558678014546
8	WGN26	9.83333333149996	0.6365247651446	1116	8.58441321785464	11.0822534451453
9	WGN26	7.33333333350007	0.636524765144603	1116	6.08441321985475	8.5822534471454
10	WGN26	8.50000000000011	0.636524765144621	1116	7.25107988635475	9.74892011364547
11	WGN26	7.8333333335001	0.636524765144607	1116	6.58441321985477	9.08225344714544
12	WGN26	9.50000000000016	0.636524765144625	1116	8.25107988635479	10.7489201136455
13	WGN26	8.33333333350011	0.636524765144614	1116	7.08441321985476	9.58225344714546
14	WGN26	7.33333333350005	0.63652476514461	1116	6.08441321985471	8.58225344714539
15	WGN26	8.00000000000007	0.636524765144609	1116	6.75107988635473	9.24892011364541
17	WGN26	7.83333333350013	0.636524765144612	1116	6.58441321985479	9.08225344714547
18	WGN26	8.66666666650009	0.636524765144613	1116	7.41774655285475	9.91558678014544
19	WGN26	9.50000000000009	0.636524765144617	1116	8.25107988635474	10.7489201136454
20	WGN26	7.36093703339718	0.900383406245104	1116	5.59430200577726	9.1275720610171
21	WGN26	7.50000000000003	0.636524765144614	1116	6.25107988635468	8.74892011364538
22	WGN26	9.99999999850012	0.636524765144617	1116	8.75107988485477	11.2489201121455
23	WGN26	8.50000000000011	0.636524765144606	1116	7.25107988635478	9.74892011364544
24	WGN26	8.50000000000006	0.636524765144606	1116	7.25107988635473	9.7489201136454
25	WGN26	7.66666666650012	0.636524765144613	1116	6.41774655285478	8.91558678014547
26	WGN26	8.16666666650008	0.636524765144611	1116	6.91774655285473	9.41558678014542
27	WGN26	8.66666666650006	0.636524765144605	1116	7.41774655285473	9.91558678014539
28	WGN26	8.66666666700005	0.636524765144607	1116	7.41774655335472	9.91558678064539
29	WGN26	8.00000000000013	0.636524765144624	1116	6.75107988635476	9.2489201136455
30	WGN26	8.00000000000014	0.636524765144616	1116	6.75107988635479	9.24892011364549
31	WGN26	9.16666666650016	0.636524765144619	1116	7.91774655285481	10.4155867801455
32	WGN26	8.16666666700013	0.636524765144618	1116	6.91774655335477	9.41558678064548
33	WGN26	8.63906296660313	0.900383406245114	1116	6.87242793898319	10.4056979942231
34	WGN26	9.6666666650001	0.636524765144615	1116	8.41774655135475	10.9155867786454
35	WGN26	8.00000000000012	0.636524765144608	1116	6.75107988635478	9.24892011364546
36	WGN26	8.33333333350008	0.636524765144611	1116	7.08441321985474	9.58225344714542
38	WGN26	8.16666666650016	0.636524765144625	1116	6.91774655285479	9.41558678014552
39	WGN26	8.83333333350006	0.636524765144607	1116	7.58441321985473	10.0822534471454
40	WGN26	8.33333333350015	0.636524765144624	1116	7.08441321985479	9.58225344714552
41	WGN26	7.50000000000012	0.636524765144621	1116	6.25107988635476	8.74892011364548
42	WGN26	7.83333333350009	0.636524765144609	1116	6.58441321985476	9.08225344714543
43	WGN26	8.16666666650013	0.636524765144621	1116	6.91774655285477	9.41558678014549
44	WGN26	9.66666666650016	0.636524765144617	1116	8.4177465528548	10.9155867801455
45	WGN26	7.50000000000007	0.636524765144615	1116	6.25107988635473	8.74892011364542
46	WGN26	8.33333333300012	0.636524765144615	1116	7.08441321935477	9.58225344664547
47	WGN26	8.33333333350007	0.636524765144612	1116	7.08441321985473	9.58225344714542
48	WGN26	7.83333333300009	0.63652476514461	1116	6.58441321935475	9.08225344664543
49	WGN26	8.16666666650008	0.636524765144613	1116	6.91774655285474	9.41558678014543
50	WGN26	10.0000000000001	0.636524765144617	1116	8.75107988635479	11.2489201136455
51	WGN26	7.5000000000001	0.636524765144615	1116	6.25107988635475	8.74892011364545
52	WGN26	8.33333333350009	0.636524765144614	1116	7.08441321985474	9.58225344714544
53	WGN26	7.33333333300009	0.636524765144616	1116	6.08441321935473	8.58225344664544
54	WGN26	8.50000000000009	0.636524765144609	1116	7.25107988635475	9.74892011364543
55	WGN26	7.00000000000009	0.636524765144625	1116	5.75107988635472	8.24892011364546
56	WGN26	8.66666666650011	0.636524765144608	1116	7.41774655285478	9.91558678014545
57	WGN26	7.0000000000001	0.636524765144611	1116	5.75107988635476	8.24892011364544
58	WGN26	9.83333333350014	0.636524765144618	1116	8.58441321985478	11.0822534471455
59	WGN26	8.3057296326031	0.900383406245095	1116	6.53909460498319	10.072364660223
60	WGN26	8.83333333350012	0.636524765144614	1116	7.58441321985477	10.0822534471455
61	WGN26	8.69427036739721	0.900383406245108	1116	6.92763533977728	10.4609053950171
62	WGN26	8.83333333350003	0.636524765144603	1116	7.5844132198547	10.0822534471454
64	WGN26	10.0000000000001	0.636524765144616	1116	8.75107988635476	11.2489201136455
65	WGN26	7.63906296660304	0.900383406245093	1116	5.87242793898314	9.40569799422295
66	WGN26	7.6666666670001	0.636524765144617	1116	6.41774655335474	8.91558678064545
67	WGN26	9.00000000000012	0.636524765144613	1116	7.75107988635478	10.2489201136455
68	WGN26	8.5000000000001	0.63652476514461	1116	7.25107988635476	9.74892011364543
69	WGN26	7.16666666700008	0.636524765144612	1116	5.91774655335474	8.41558678064543
70	WGN26	8.66666666650005	0.636524765144608	1116	7.41774655285471	9.91558678014539
71	WGN26	8.6666666670001	0.636524765144617	1116	7.41774655335475	9.91558678064545
72	WGN26	7.3333333335001	0.636524765144617	1116	6.08441321985475	8.58225344714546
73	WGN26	8.6666666665001	0.636524765144615	1116	7.41774655285476	9.91558678014545
74	WGN26	9.50000000000008	0.636524765144614	1116	8.25107988635474	10.7489201136454
75	WGN26	9.6666666665001	0.636524765144611	1116	8.41774655285476	10.9155867801454
76	WGN26	9.02760370039714	0.900383406245092	1116	7.26096867277723	10.794238728017
77	WGN26	7.83333333350009	0.636524765144615	1116	6.58441321985474	9.08225344714544
78	WGN26	8.66666666650007	0.636524765144609	1116	7.41774655285474	9.91558678014541
79	WGN26	6.66666666650014	0.636524765144614	1116	5.41774655285479	7.91558678014549
80	WGN26	8.3333333335001	0.636524765144612	1116	7.08441321985475	9.58225344714544
81	WGN26	8.99999999850012	0.636524765144613	1116	7.75107988485477	10.2489201121455
82	WGN26	8.8333333335001	0.636524765144616	1116	7.58441321985475	10.0822534471455
83	WGN26	8.33333333350009	0.636524765144617	1116	7.08441321985473	9.58225344714544
85	WGN26	8.5000000000001	0.636524765144611	1116	7.25107988635476	9.74892011364544
86	WGN26	6.3333333335001	0.636524765144617	1116	5.08441321985474	7.58225344714545
87	WGN26	8.33333333350011	0.636524765144613	1116	7.08441321985476	9.58225344714545
88	WGN26	7.83333333350011	0.636524765144617	1116	6.58441321985476	9.08225344714547
89	WGN26	8.66666666650007	0.636524765144607	1116	7.41774655285473	9.9155867801454
90	WGN26	8.16666666650011	0.636524765144619	1116	6.91774655285475	9.41558678014546
91	WGN26	7.83333333350009	0.636524765144611	1116	6.58441321985474	9.08225344714543
92	WGN26	8.50000000000008	0.636524765144611	1116	7.25107988635474	9.74892011364542
93	WGN26	9.00000000000008	0.636524765144611	1116	7.75107988635474	10.2489201136454
94	WGN26	8.83333333350011	0.63652476514461	1116	7.58441321985477	10.0822534471455
95	WGN26	7.5000000000001	0.636524765144613	1116	6.25107988635476	8.74892011364545
96	WGN26	9.50000000000015	0.636524765144618	1116	8.25107988635479	10.7489201136455
97	WGN26	8.50000000000011	0.636524765144616	1116	7.25107988635476	9.74892011364546
98	WGN26	8.66666666650012	0.636524765144612	1116	7.41774655285477	9.91558678014546
99	WGN26	8.50000000000013	0.636524765144618	1116	7.25107988635478	9.74892011364548
100	WGN26	12.3333333350001	0.636524765144616	1116	11.0844132213548	13.5822534486455
101	WGN26	9.33333333350008	0.636524765144609	1116	8.08441321985474	10.5822534471454
102	WGN26	7.1666666665001	0.636524765144609	1116	5.91774655285476	8.41558678014544
103	WGN26	8.66666666700011	0.636524765144607	1116	7.41774655335478	9.91558678064545
104	WGN26	7.8333333330001	0.636524765144613	1116	6.58441321935475	9.08225344664545
105	WGN26	7.69427036739715	0.900383406245099	1116	5.92763533977723	9.46090539501706
106	WGN26	6.97239629960302	0.900383406245105	1116	5.20576127198309	8.73903132722295
108	WGN26	7.02760370039714	0.900383406245092	1116	5.26096867277724	8.79423872801704
109	WGN26	7.66666666700011	0.636524765144614	1116	6.41774655335476	8.91558678064546
111	WGN26	7.00000000000011	0.636524765144616	1116	5.75107988635475	8.24892011364546
112	WGN26	10.0000000015001	0.636524765144612	1116	8.75107988785475	11.2489201151454
113	WGN26	7.1666666665001	0.636524765144615	1116	5.91774655285475	8.41558678014544
114	WGN26	10.6390629696031	0.900383406245088	1116	8.87242794198317	12.405697997223
115	WGN26	8.66666666700008	0.63652476514461	1116	7.41774655335474	9.91558678064542
116	WGN26	6.30572963260303	0.900383406245098	1116	4.53909460498312	8.07236466022295
117	WGN26	6.33333333350008	0.636524765144613	1116	5.08441321985474	7.58225344714543
118	WGN26	7.6666666665001	0.636524765144615	1116	6.41774655285475	8.91558678014545
119	WGN26	7.5000000000001	0.636524765144618	1116	6.25107988635474	8.74892011364545
120	WGN26	7.16666666650009	0.636524765144611	1116	5.91774655285475	8.41558678014543
121	WGN26	7.50000000000011	0.636524765144616	1116	6.25107988635476	8.74892011364546
122	WGN26	8.66666666650009	0.636524765144611	1116	7.41774655285475	9.91558678014543
123	WGN26	9.16666666700009	0.63652476514461	1116	7.91774655335475	10.4155867806454
124	WGN26	8.02760370039715	0.900383406245093	1116	6.26096867277725	9.79423872801705
125	WGN26	9.33333333350009	0.636524765144612	1116	8.08441321985475	10.5822534471454
126	WGN26	9.30572963260306	0.900383406245082	1116	7.53909460498318	11.0723646602229
127	WGN26	8.66666666650011	0.636524765144618	1116	7.41774655285476	9.91558678014547
128	WGN26	6.97239629960304	0.900383406245094	1116	5.20576127198314	8.73903132722295
129	WGN26	8.1666666665001	0.636524765144615	1116	6.91774655285475	9.41558678014545
130	WGN26	8.1666666665001	0.636524765144616	1116	6.91774655285474	9.41558678014545
1	WGN36	9.63906296660263	0.900383406245135	1116	7.87242793898265	11.4056979942226
2	WGN36	9.33333333350006	0.636524765144616	1116	8.08441321985471	10.5822534471454
4	WGN36	8.50000000000005	0.636524765144608	1116	7.25107988635472	9.74892011364539
5	WGN36	9.0276037003971	0.900383406245092	1116	7.2609686727772	10.794238728017
6	WGN36	10.4999999985001	0.636524765144612	1116	9.25107988485474	11.7489201121454
7	WGN36	9.16666666650003	0.636524765144617	1116	7.91774655285468	10.4155867801454
8	WGN36	9.00000000000002	0.636524765144618	1116	7.75107988635466	10.2489201136454
9	WGN36	9.0276037003971	0.900383406245096	1116	7.26096867277719	10.794238728017
10	WGN36	9.16666666700007	0.63652476514461	1116	7.91774655335473	10.4155867806454
11	WGN36	9.02760370039713	0.900383406245091	1116	7.26096867277723	10.794238728017
12	WGN36	10.5000000000001	0.636524765144611	1116	9.25107988635471	11.7489201136454
13	WGN36	9.83333333150007	0.636524765144612	1116	8.58441321785473	11.0822534451454
14	WGN36	8.66666666650004	0.636524765144617	1116	7.41774655285468	9.91558678014539
15	WGN36	7.6666666665001	0.636524765144606	1116	6.41774655285477	8.91558678014543
16	WGN36	9.33333333350005	0.636524765144618	1116	8.0844132198547	10.5822534471454
17	WGN36	8.33333333300009	0.636524765144606	1116	7.08441321935476	9.58225344664542
18	WGN36	8.69427036739705	0.900383406245107	1116	6.92763533977712	10.460905395017
19	WGN36	8.00000000000009	0.636524765144607	1116	6.75107988635476	9.24892011364543
20	WGN36	9.66666666650007	0.63652476514461	1116	8.41774655285473	10.9155867801454
21	WGN36	8.50000000000012	0.636524765144603	1116	7.2510798863548	9.74892011364545
22	WGN36	7.33333333300007	0.636524765144612	1116	6.08441321935472	8.58225344664541
23	WGN36	8.83333333350006	0.636524765144617	1116	7.5844132198547	10.0822534471454
24	WGN36	9.50000000000009	0.636524765144597	1116	8.25107988635478	10.7489201136454
26	WGN36	9.50000000000004	0.636524765144611	1116	8.2510798863547	10.7489201136454
27	WGN36	9.33333333150006	0.636524765144619	1116	8.08441321785471	10.5822534451454
28	WGN36	9.66666666700006	0.636524765144619	1116	8.4177465533547	10.9155867806454
30	WGN36	9.66666666650006	0.636524765144618	1116	8.41774655285471	10.9155867801454
31	WGN36	8.00000000000002	0.636524765144616	1116	6.75107988635467	9.24892011364537
32	WGN36	10.0276037003971	0.9003834062451	1116	8.26096867277719	11.794238728017
33	WGN36	6.8333333330001	0.636524765144606	1116	5.58441321935477	8.08225344664543
34	WGN36	10.5000000015001	0.636524765144627	1116	9.25107988785471	11.7489201151455
35	WGN36	9.00000000000006	0.636524765144608	1116	7.75107988635472	10.2489201136454
36	WGN36	8.16666666650004	0.636524765144615	1116	6.91774655285469	9.41558678014539
37	WGN36	7.30572963260305	0.900383406245092	1116	5.53909460498316	9.07236466022295
38	WGN36	7.97239629960299	0.900383406245102	1116	6.20576127198308	9.73903132722291
39	WGN36	9.00000000000006	0.636524765144617	1116	7.7510798863547	10.2489201136454
40	WGN36	8.16666666650005	0.636524765144617	1116	6.91774655285469	9.4155867801454
41	WGN36	9.16666666650006	0.636524765144617	1116	7.9177465528547	10.4155867801454
42	WGN36	10.8333333350001	0.63652476514461	1116	9.58441322135472	12.0822534486454
43	WGN36	8.83333333350007	0.636524765144609	1116	7.58441321985473	10.0822534471454
44	WGN36	8.83333333300005	0.636524765144614	1116	7.58441321935471	10.0822534466454
45	WGN36	8.66666666650007	0.63652476514461	1116	7.41774655285472	9.91558678014541
46	WGN36	7.83333333350007	0.636524765144609	1116	6.58441321985473	9.08225344714541
47	WGN36	8.50000000000005	0.636524765144614	1116	7.25107988635471	9.7489201136454
48	WGN36	9.16666666650007	0.636524765144609	1116	7.91774655285473	10.4155867801454
49	WGN36	8.00000000000003	0.636524765144616	1116	6.75107988635468	9.24892011364538
51	WGN36	8.66666666650005	0.636524765144613	1116	7.41774655285471	9.9155867801454
52	WGN36	8.50000000000006	0.636524765144613	1116	7.25107988635471	9.7489201136454
53	WGN36	8.66666666700007	0.636524765144613	1116	7.41774655335472	9.91558678064541
54	WGN36	10.6666666700001	0.63652476514461	1116	9.41774655635471	11.9155867836454
55	WGN36	9.00000000000006	0.63652476514461	1116	7.75107988635472	10.2489201136454
56	WGN36	8.00000000000007	0.636524765144612	1116	6.75107988635472	9.24892011364541
57	WGN36	8.83333333350007	0.636524765144609	1116	7.58441321985473	10.0822534471454
58	WGN36	8.83333333350006	0.636524765144615	1116	7.58441321985471	10.0822534471454
59	WGN36	7.66666666700008	0.636524765144609	1116	6.41774655335474	8.91558678064542
60	WGN36	8.66666666650006	0.636524765144614	1116	7.41774655285471	9.9155867801454
62	WGN36	8.00000000000004	0.636524765144615	1116	6.75107988635469	9.24892011364539
64	WGN36	9.66666666850006	0.636524765144615	1116	8.41774655485471	10.9155867821454
65	WGN36	9.00000000000006	0.636524765144612	1116	7.75107988635472	10.2489201136454
66	WGN36	9.16666666650006	0.636524765144613	1116	7.91774655285471	10.4155867801454
68	WGN36	9.99999999850006	0.636524765144611	1116	8.75107988485472	11.2489201121454
69	WGN36	7.3609370333971	0.900383406245092	1116	5.5943020057772	9.127572061017
70	WGN36	10.0000000015001	0.636524765144611	1116	8.75107988785472	11.2489201151454
71	WGN36	7.33333333350002	0.636524765144617	1116	6.08441321985467	8.58225344714537
72	WGN36	9.49999999850008	0.636524765144612	1116	8.25107988485473	10.7489201121454
74	WGN36	9.16666666650007	0.636524765144613	1116	7.91774655285472	10.4155867801454
75	WGN36	9.36093703339711	0.900383406245095	1116	7.5943020057772	11.127572061017
76	WGN36	9.83333333150006	0.636524765144609	1116	8.58441321785472	11.0822534451454
77	WGN36	9.33333333350006	0.636524765144619	1116	8.0844132198547	10.5822534471454
78	WGN36	8.639062966603	0.900383406245101	1116	6.87242793898309	10.4056979942229
79	WGN36	9.16666666850006	0.63652476514461	1116	7.91774655485472	10.4155867821454
80	WGN36	8.30572963260303	0.900383406245091	1116	6.53909460498313	10.0723646602229
81	WGN36	10.3333333350001	0.636524765144611	1116	9.08441322135471	11.5822534486454
82	WGN36	9.33333333300006	0.636524765144616	1116	8.08441321935471	10.5822534466454
83	WGN36	7.83333333350006	0.636524765144612	1116	6.58441321985472	9.0822534471454
84	WGN36	10.1666666685001	0.636524765144614	1116	8.91774655485471	11.4155867821454
85	WGN36	8.16666666700007	0.636524765144612	1116	6.91774655335473	9.41558678064541
86	WGN36	9.16666666650005	0.636524765144616	1116	7.9177465528547	10.4155867801454
87	WGN36	7.16666666700006	0.636524765144613	1116	5.91774655335472	8.41558678064541
88	WGN36	8.50000000000006	0.636524765144614	1116	7.25107988635471	9.7489201136454
89	WGN36	8.99999999850006	0.636524765144616	1116	7.75107988485471	10.2489201121454
90	WGN36	8.83333333350006	0.63652476514461	1116	7.58441321985472	10.0822534471454
92	WGN36	8.66666666700007	0.636524765144609	1116	7.41774655335473	9.9155867806454
93	WGN36	9.0276037003971	0.900383406245092	1116	7.26096867277721	10.794238728017
94	WGN36	8.33333333350006	0.636524765144615	1116	7.08441321985471	9.58225344714541
95	WGN36	8.33333333350007	0.636524765144611	1116	7.08441321985473	9.58225344714541
96	WGN36	8.16666666650008	0.636524765144611	1116	6.91774655285473	9.41558678014542
97	WGN36	10.5000000000001	0.636524765144616	1116	9.25107988635471	11.7489201136454
98	WGN36	8.33333333300005	0.636524765144615	1116	7.0844132193547	9.5822534466454
99	WGN36	7.33333333350005	0.636524765144614	1116	6.0844132198547	8.58225344714539
100	WGN36	8.66666666650006	0.636524765144611	1116	7.41774655285472	9.9155867801454
102	WGN36	8.97239629960302	0.900383406245099	1116	7.20576127198311	10.7390313272229
104	WGN36	8.00000000000007	0.636524765144608	1116	6.75107988635473	9.2489201136454
105	WGN36	8.36093703339712	0.900383406245089	1116	6.59430200577723	10.127572061017
106	WGN36	8.83333333350005	0.636524765144613	1116	7.5844132198547	10.0822534471454
107	WGN36	7.83333333350007	0.636524765144613	1116	6.58441321985473	9.08225344714542
108	WGN36	10.1666666650001	0.636524765144615	1116	8.91774655135472	11.4155867786454
109	WGN36	8.50000000000007	0.636524765144612	1116	7.25107988635473	9.74892011364541
110	WGN36	9.83333333500006	0.636524765144612	1116	8.58441322135472	11.0822534486454
112	WGN36	8.66666666650007	0.636524765144613	1116	7.41774655285472	9.91558678014541
114	WGN36	7.33333333350005	0.636524765144614	1116	6.0844132198547	8.5822534471454
116	WGN36	7.639062966603	0.900383406245099	1116	5.87242793898309	9.40569799422291
117	WGN36	8.50000000000006	0.636524765144613	1116	7.25107988635472	9.7489201136454
118	WGN36	10.1666666685001	0.636524765144614	1116	8.91774655485473	11.4155867821454
119	WGN36	9.69427036739712	0.90038340624509	1116	7.92763533977723	11.460905395017
120	WGN36	8.33333333350005	0.636524765144615	1116	7.0844132198547	9.5822534471454
121	WGN36	9.16666666650007	0.636524765144611	1116	7.91774655285473	10.4155867801454
122	WGN36	8.00000000000007	0.636524765144613	1116	6.75107988635472	9.24892011364541
123	WGN36	9.00000000000007	0.636524765144611	1116	7.75107988635473	10.2489201136454
124	WGN36	9.00000000000007	0.636524765144605	1116	7.75107988635474	10.2489201136454
125	WGN36	8.83333333300006	0.636524765144613	1116	7.58441321935472	10.0822534466454
126	WGN36	9.16666666650007	0.63652476514461	1116	7.91774655285473	10.4155867801454
127	WGN36	9.16666666650006	0.636524765144612	1116	7.91774655285471	10.4155867801454
128	WGN36	9.66666666650006	0.636524765144612	1116	8.41774655285472	10.9155867801454
129	WGN36	10.6666666650001	0.636524765144611	1116	9.41774655135472	11.9155867786454
130	WGN36	9.16666666500007	0.636524765144612	1116	7.91774655135473	10.4155867786454
1	WGN38	9.16666666699976	0.636524765144593	1116	7.91774655335446	10.4155867806451
2	WGN38	9.66666666649997	0.636524765144622	1116	8.41774655285461	10.9155867801453
3	WGN38	9.360937033397	0.900383406245071	1116	7.59430200577714	11.1275720610169
4	WGN38	9.49999999849994	0.63652476514459	1116	8.25107988485464	10.7489201121452
5	WGN38	9.83333333349992	0.636524765144617	1116	8.58441321985457	11.0822534471453
6	WGN38	9.49999999999996	0.636524765144614	1116	8.25107988635461	10.7489201136453
7	WGN38	8.83333333349998	0.636524765144604	1116	7.58441321985465	10.0822534471453
8	WGN38	9.16666666649995	0.636524765144626	1116	7.91774655285458	10.4155867801453
10	WGN38	9.16666666649999	0.636524765144623	1116	7.91774655285462	10.4155867801454
11	WGN38	9.33333333349997	0.636524765144609	1116	8.08441321985463	10.5822534471453
12	WGN38	8.83333333349995	0.636524765144617	1116	7.5844132198546	10.0822534471453
13	WGN38	10.6666666685	0.636524765144621	1116	9.41774655485466	11.9155867821454
14	WGN38	9.50000000149992	0.636524765144601	1116	8.2510798878546	10.7489201151452
16	WGN38	8.83333333349999	0.636524765144619	1116	7.58441321985463	10.0822534471453
18	WGN38	8.83333333299997	0.636524765144621	1116	7.58441321935461	10.0822534466453
19	WGN38	8.99999999999995	0.63652476514461	1116	7.75107988635461	10.2489201136453
20	WGN38	9.16666666699997	0.636524765144608	1116	7.91774655335464	10.4155867806453
21	WGN38	9.33333333149994	0.636524765144601	1116	8.08441321785462	10.5822534451453
22	WGN38	8.16666666649998	0.63652476514461	1116	6.91774655285464	9.41558678014532
23	WGN38	9.33333333349995	0.636524765144613	1116	8.0844132198546	10.5822534471453
24	WGN38	9.66666666499998	0.636524765144621	1116	8.41774655135462	10.9155867786453
26	WGN38	8.83333333299996	0.636524765144612	1116	7.58441321935462	10.0822534466453
27	WGN38	5.50000000000006	0.636524765144604	1116	4.25107988635474	6.74892011364539
28	WGN38	10.333333335	0.636524765144611	1116	9.08441322135463	11.5822534486453
29	WGN38	10.3333333299999	0.636524765144607	1116	9.0844132163546	11.5822534436453
30	WGN38	10.3333333349999	0.636524765144606	1116	9.08441322135461	11.5822534486453
32	WGN38	9.33333333349996	0.636524765144603	1116	8.08441321985463	10.5822534471453
33	WGN38	9.16666666699996	0.636524765144609	1116	7.91774655335462	10.4155867806453
34	WGN38	9.66666666699996	0.636524765144612	1116	8.41774655335461	10.9155867806453
35	WGN38	6.33333333299999	0.636524765144609	1116	5.08441321935465	7.58225344664532
36	WGN38	7.99999999999998	0.63652476514461	1116	6.75107988635464	9.24892011364532
37	WGN38	8.66666666649996	0.636524765144609	1116	7.41774655285463	9.9155867801453
38	WGN38	9.99999999999994	0.636524765144599	1116	8.75107988635462	11.2489201136453
39	WGN38	9.83333333149997	0.636524765144617	1116	8.58441321785462	11.0822534451453
40	WGN38	9.16666666699996	0.636524765144605	1116	7.91774655335463	10.4155867806453
41	WGN38	9.83333333349997	0.636524765144612	1116	8.58441321985463	11.0822534471453
42	WGN38	10.1666666685	0.636524765144611	1116	8.91774655485462	11.4155867821453
45	WGN38	9.16666666649995	0.636524765144614	1116	7.9177465528546	10.4155867801453
46	WGN38	9.99999999849995	0.636524765144614	1116	8.75107988485461	11.2489201121453
47	WGN38	8.49999999999996	0.636524765144615	1116	7.25107988635461	9.74892011364531
48	WGN38	9.66666666499998	0.636524765144622	1116	8.41774655135462	10.9155867786453
49	WGN38	8.49999999999995	0.636524765144615	1116	7.2510798863546	9.7489201136453
50	WGN38	9.00000000149997	0.636524765144604	1116	7.75107988785464	10.2489201151453
51	WGN38	9.83333333149994	0.636524765144605	1116	8.58441321785461	11.0822534451453
52	WGN38	8.99999999999997	0.636524765144612	1116	7.75107988635462	10.2489201136453
53	WGN38	11	0.636524765144616	1116	9.75107988635461	12.2489201136453
54	WGN38	11.5	0.636524765144616	1116	10.2510798863546	12.7489201136453
55	WGN38	9.02760370039702	0.900383406245101	1116	7.26096867277711	10.7942387280169
56	WGN38	8.49999999999995	0.636524765144614	1116	7.25107988635461	9.7489201136453
59	WGN38	9.99999999849995	0.636524765144608	1116	8.75107988485461	11.2489201121453
61	WGN38	10.166666665	0.636524765144611	1116	8.91774655135462	11.4155867786453
63	WGN38	9.83333333349995	0.63652476514461	1116	8.58441321985461	11.0822534471453
64	WGN38	9.16666666649996	0.636524765144604	1116	7.91774655285463	10.4155867801453
65	WGN38	10.66666667	0.636524765144617	1116	9.41774655635462	11.9155867836453
66	WGN38	9.83333333349996	0.636524765144613	1116	8.58441321985462	11.0822534471453
67	WGN38	9.49999999999996	0.636524765144615	1116	8.25107988635461	10.7489201136453
68	WGN38	7.83333333349999	0.636524765144609	1116	6.58441321985465	9.08225344714533
69	WGN38	8.33333333299994	0.636524765144617	1116	7.08441321935459	9.5822534466453
70	WGN38	9.33333333299997	0.636524765144617	1116	8.08441321935462	10.5822534466453
72	WGN38	10.1666666685	0.636524765144614	1116	8.91774655485462	11.4155867821453
73	WGN38	9.83333333349994	0.63652476514461	1116	8.5844132198546	11.0822534471453
74	WGN38	8.33333333349998	0.636524765144606	1116	7.08441321985465	9.58225344714531
76	WGN38	10.3333333299999	0.636524765144607	1116	9.0844132163546	11.5822534436453
77	WGN38	9.49999999999996	0.63652476514461	1116	8.25107988635462	10.7489201136453
78	WGN38	8.49999999999995	0.636524765144616	1116	7.2510798863546	9.7489201136453
80	WGN38	8.49999999999996	0.636524765144611	1116	7.25107988635462	9.7489201136453
81	WGN38	9.83333333349995	0.636524765144613	1116	8.58441321985461	11.0822534471453
82	WGN38	9.33333333149996	0.63652476514461	1116	8.08441321785462	10.5822534451453
83	WGN38	9.83333333149995	0.63652476514461	1116	8.58441321785461	11.0822534451453
84	WGN38	8.16666666649996	0.636524765144612	1116	6.91774655285462	9.41558678014531
85	WGN38	9.027603700397	0.900383406245093	1116	7.26096867277709	10.7942387280169
86	WGN38	9.66666666499995	0.636524765144612	1116	8.41774655135461	10.9155867786453
87	WGN38	9.49999999849996	0.636524765144613	1116	8.25107988485461	10.7489201121453
88	WGN38	7.49999999999995	0.636524765144612	1116	6.25107988635461	8.7489201136453
89	WGN38	9.99999999849996	0.636524765144614	1116	8.75107988485461	11.2489201121453
90	WGN38	9.66666666699996	0.636524765144612	1116	8.41774655335461	10.9155867806453
91	WGN38	9.83333333349996	0.636524765144614	1116	8.58441321985461	11.0822534471453
92	WGN38	7.83333333299996	0.636524765144613	1116	6.58441321935462	9.08225344664531
93	WGN38	8.08333333349995	0.636524765144613	1116	6.83441321985461	9.3322534471453
94	WGN38	9.33333333349996	0.636524765144613	1116	8.08441321985461	10.5822534471453
95	WGN38	9.33333333299995	0.636524765144613	1116	8.08441321935461	10.5822534466453
96	WGN38	8.99999999999995	0.636524765144613	1116	7.75107988635461	10.2489201136453
97	WGN38	9.66666666649996	0.636524765144613	1116	8.41774655285461	10.9155867801453
98	WGN38	9.16666666649996	0.636524765144612	1116	7.91774655285461	10.4155867801453
99	WGN38	9.00000000149996	0.636524765144613	1116	7.75107988785461	10.2489201151453
100	WGN38	9.16666666849996	0.636524765144613	1116	7.91774655485461	10.4155867821453
101	WGN38	8.66666666649996	0.636524765144611	1116	7.41774655285462	9.9155867801453
102	WGN38	9.49999999999995	0.63652476514461	1116	8.25107988635461	10.7489201136453
103	WGN38	9.33333333299996	0.636524765144613	1116	8.08441321935461	10.5822534466453
104	WGN38	9.99999999849996	0.636524765144613	1116	8.75107988485462	11.2489201121453
106	WGN38	8.83333333299996	0.636524765144614	1116	7.58441321935461	10.0822534466453
107	WGN38	9.66666666499995	0.63652476514461	1116	8.41774655135461	10.9155867786453
108	WGN38	9.08333333349995	0.636524765144613	1116	7.83441321985461	10.3322534471453
109	WGN38	9.33333333499996	0.636524765144614	1116	8.08441322135461	10.5822534486453
110	WGN38	8.66666666649995	0.636524765144613	1116	7.41774655285461	9.9155867801453
111	WGN38	8.16666666649996	0.636524765144613	1116	6.91774655285461	9.4155867801453
113	WGN38	8.66666666699996	0.636524765144612	1116	7.41774655335461	9.9155867806453
114	WGN38	9.83333333149995	0.636524765144613	1116	8.58441321785461	11.0822534451453
115	WGN38	10.1666666649999	0.636524765144613	1116	8.9177465513546	11.4155867786453
1	WGN39	9.66666666649976	0.636524765144635	1116	8.41774655285437	10.9155867801451
2	WGN39	6.50000000000009	0.636524765144612	1116	5.25107988635475	7.74892011364544
3	WGN39	7.83333333350012	0.636524765144608	1116	6.58441321985479	9.08225344714546
4	WGN39	8.16666666650013	0.636524765144602	1116	6.91774655285481	9.41558678014546
5	WGN39	8.66666666700002	0.636524765144613	1116	7.41774655335468	9.91558678064537
6	WGN39	7.16666666649994	0.636524765144618	1116	5.91774655285458	8.41558678014529
7	WGN39	8.66666666650008	0.636524765144611	1116	7.41774655285474	9.91558678014542
8	WGN39	6.83333333349993	0.636524765144626	1116	5.58441321985456	8.0822534471453
9	WGN39	5.66666666649996	0.636524765144621	1116	4.4177465528546	6.91558678014532
10	WGN39	7.50000000000006	0.636524765144612	1116	6.25107988635471	8.7489201136454
11	WGN39	7.33333333350017	0.636524765144606	1116	6.08441321985484	8.5822534471455
12	WGN39	7.83333333300006	0.636524765144608	1116	6.58441321935472	9.08225344664539
13	WGN39	7.00000000000003	0.636524765144614	1116	5.75107988635468	8.24892011364538
14	WGN39	8.00000000000003	0.636524765144611	1116	6.75107988635469	9.24892011364537
15	WGN39	7.50000000000008	0.636524765144612	1116	6.25107988635474	8.74892011364543
16	WGN39	8.50000000000006	0.636524765144615	1116	7.25107988635471	9.74892011364541
17	WGN39	8.33333333350001	0.63652476514462	1116	7.08441321985465	9.58225344714537
18	WGN39	7.0000000000001	0.636524765144611	1116	5.75107988635476	8.24892011364544
19	WGN39	8.00000000000007	0.636524765144614	1116	6.75107988635473	9.24892011364542
20	WGN39	7.83333333299999	0.63652476514462	1116	6.58441321935463	9.08225344664535
21	WGN39	9.50000000150008	0.636524765144612	1116	8.25107988785474	10.7489201151454
22	WGN39	8.83333333350002	0.636524765144618	1116	7.58441321985467	10.0822534471454
24	WGN39	7.16666666650003	0.636524765144613	1116	5.91774655285468	8.41558678014538
25	WGN39	10	0.636524765144609	1116	8.75107988635471	11.2489201136454
26	WGN39	8.36093703339712	0.900383406245089	1116	6.59430200577722	10.127572061017
27	WGN39	9.66666666850006	0.636524765144617	1116	8.41774655485471	10.9155867821454
28	WGN39	5.83333333299997	0.636524765144618	1116	4.58441321935461	7.08225344664532
29	WGN39	6.50000000000002	0.636524765144616	1116	5.25107988635467	7.74892011364537
30	WGN39	9.16666666650004	0.636524765144613	1116	7.91774655285469	10.4155867801454
31	WGN39	8.16666666700003	0.636524765144615	1116	6.91774655335468	9.41558678064538
32	WGN39	9.00000000000007	0.636524765144611	1116	7.75107988635473	10.2489201136454
34	WGN39	7.5	0.636524765144622	1116	6.25107988635463	8.74892011364536
35	WGN39	6.00000000000003	0.636524765144617	1116	4.75107988635468	7.24892011364539
36	WGN39	8.00000000000004	0.636524765144615	1116	6.7510798863547	9.24892011364539
37	WGN39	7.33333333300005	0.636524765144615	1116	6.0844132193547	8.5822534466454
38	WGN39	7.66666666700011	0.636524765144617	1116	6.41774655335475	8.91558678064546
39	WGN39	9.50000000000006	0.636524765144614	1116	8.25107988635471	10.7489201136454
40	WGN39	8.83333333350008	0.636524765144615	1116	7.58441321985473	10.0822534471454
41	WGN39	8.33333333300009	0.636524765144609	1116	7.08441321935475	9.58225344664543
42	WGN39	8.00000000000007	0.636524765144612	1116	6.75107988635472	9.24892011364541
43	WGN39	8.69427036739713	0.900383406245099	1116	6.92763533977722	10.460905395017
44	WGN39	7.66666666700008	0.636524765144611	1116	6.41774655335474	8.91558678064542
45	WGN39	7.16666666650011	0.636524765144606	1116	5.91774655285478	8.41558678014544
46	WGN39	8.30572963260303	0.9003834062451	1116	6.53909460498311	10.0723646602229
47	WGN39	6.83333333300011	0.636524765144606	1116	5.58441321935478	8.08225344664544
48	WGN39	7.33333333300009	0.636524765144612	1116	6.08441321935475	8.58225344664543
49	WGN39	7.83333333350009	0.636524765144609	1116	6.58441321985475	9.08225344714543
50	WGN39	8.50000000000005	0.636524765144611	1116	7.25107988635471	9.74892011364539
51	WGN39	7.50000000000005	0.63652476514461	1116	6.25107988635471	8.74892011364539
52	WGN39	9.1666666670001	0.63652476514461	1116	7.91774655335476	10.4155867806454
53	WGN39	7.33333333300006	0.636524765144608	1116	6.08441321935472	8.58225344664539
54	WGN39	7.16666666650013	0.636524765144608	1116	5.91774655285479	8.41558678014546
55	WGN39	8.00000000000003	0.636524765144616	1116	6.75107988635467	9.24892011364538
56	WGN39	9.66666666650005	0.636524765144617	1116	8.4177465528547	10.9155867801454
57	WGN39	5.83333333350009	0.636524765144609	1116	4.58441321985475	7.08225344714543
58	WGN39	8.16666666650003	0.636524765144612	1116	6.91774655285469	9.41558678014538
59	WGN39	8.33333333300009	0.636524765144607	1116	7.08441321935475	9.58225344664542
60	WGN39	8.50000000000006	0.63652476514461	1116	7.25107988635472	9.7489201136454
61	WGN39	8.66666666650006	0.636524765144612	1116	7.41774655285472	9.9155867801454
62	WGN39	7.66666666700009	0.636524765144606	1116	6.41774655335476	8.91558678064543
63	WGN39	9.00000000000007	0.636524765144611	1116	7.75107988635472	10.2489201136454
64	WGN39	7.50000000000006	0.636524765144611	1116	6.25107988635472	8.7489201136454
65	WGN39	7.3333333330001	0.636524765144611	1116	6.08441321935476	8.58225344664545
66	WGN39	7.16666666700008	0.636524765144611	1116	5.91774655335474	8.41558678064542
67	WGN39	8.50000000000008	0.636524765144609	1116	7.25107988635474	9.74892011364542
68	WGN39	4.97239629960298	0.900383406245095	1116	3.20576127198308	6.73903132722289
69	WGN39	9.00000000000006	0.636524765144614	1116	7.75107988635471	10.2489201136454
70	WGN39	8.63906296660304	0.900383406245088	1116	6.87242793898314	10.4056979942229
71	WGN39	8.00000000000007	0.636524765144609	1116	6.75107988635473	9.24892011364541
72	WGN39	6.66666666650008	0.636524765144613	1116	5.41774655285474	7.91558678014543
73	WGN39	8.00000000000003	0.636524765144615	1116	6.75107988635468	9.24892011364538
74	WGN39	7.16666666650006	0.636524765144612	1116	5.91774655285472	8.4155867801454
75	WGN39	6.83333333300009	0.636524765144608	1116	5.58441321935475	8.08225344664542
76	WGN39	7.50000000000009	0.636524765144606	1116	6.25107988635476	8.74892011364542
77	WGN39	6.83333333300007	0.636524765144612	1116	5.58441321935473	8.08225344664541
78	WGN39	8.33333333350006	0.636524765144612	1116	7.08441321985471	9.5822534471454
79	WGN39	9.00000000000004	0.636524765144616	1116	7.75107988635469	10.2489201136454
80	WGN39	7.83333333350003	0.636524765144616	1116	6.58441321985467	9.08225344714538
81	WGN39	6.66666666650006	0.63652476514461	1116	5.41774655285472	7.9155867801454
82	WGN39	6.33333333350013	0.636524765144606	1116	5.0844132198548	7.58225344714546
83	WGN39	6.66666666650004	0.636524765144615	1116	5.41774655285469	7.91558678014538
84	WGN39	9.00000000000008	0.636524765144613	1116	7.75107988635473	10.2489201136454
85	WGN39	9.16666666650006	0.636524765144613	1116	7.91774655285471	10.4155867801454
86	WGN39	8.00000000000004	0.636524765144615	1116	6.75107988635469	9.24892011364539
87	WGN39	8.33333333350007	0.636524765144611	1116	7.08441321985472	9.58225344714541
88	WGN39	8.63906296660301	0.900383406245091	1116	6.87242793898311	10.4056979942229
89	WGN39	7.83333333350004	0.636524765144614	1116	6.5844132198547	9.08225344714539
90	WGN39	8.00000000000005	0.636524765144613	1116	6.7510798863547	9.24892011364539
91	WGN39	7.33333333350007	0.636524765144611	1116	6.08441321985472	8.58225344714541
92	WGN39	7.00000000000007	0.636524765144611	1116	5.75107988635473	8.24892011364541
93	WGN39	9.99999999850006	0.636524765144611	1116	8.75107988485471	11.2489201121454
94	WGN39	8.50000000000006	0.636524765144613	1116	7.25107988635471	9.7489201136454
95	WGN39	7.66666666650007	0.636524765144611	1116	6.41774655285473	8.91558678014541
96	WGN39	7.50000000000004	0.636524765144614	1116	6.25107988635469	8.74892011364539
97	WGN39	8.00000000000006	0.636524765144613	1116	6.75107988635471	9.2489201136454
98	WGN39	6.16666666650007	0.636524765144611	1116	4.91774655285473	7.41558678014541
99	WGN39	7.16666666650006	0.636524765144611	1116	5.91774655285472	8.41558678014541
100	WGN39	7.16666666700006	0.636524765144613	1116	5.91774655335471	8.4155867806454
101	WGN39	7.66666666650006	0.636524765144611	1116	6.41774655285472	8.91558678014541
102	WGN39	8.16666666700005	0.636524765144613	1116	6.9177465533547	9.41558678064539
104	WGN39	8.33333333300006	0.636524765144612	1116	7.08441321935471	9.5822534466454
105	WGN39	6.83333333350007	0.636524765144611	1116	5.58441321985473	8.08225344714541
106	WGN39	8.33333333350005	0.636524765144612	1116	7.08441321985471	9.5822534471454
107	WGN39	7.83333333350006	0.636524765144611	1116	6.58441321985472	9.0822534471454
108	WGN39	9.16666666700005	0.636524765144613	1116	7.91774655335471	10.4155867806454
109	WGN39	6.66666666650005	0.636524765144613	1116	5.4177465528547	7.91558678014539
110	WGN39	8.83333333300005	0.636524765144613	1116	7.5844132193547	10.0822534466454
111	WGN39	8.50000000000006	0.636524765144612	1116	7.25107988635471	9.7489201136454
112	WGN39	7.50000000000006	0.636524765144612	1116	6.25107988635472	8.7489201136454
113	WGN39	7.33333333300006	0.636524765144612	1116	6.08441321935472	8.5822534466454
114	WGN39	8.33333333350005	0.636524765144612	1116	7.08441321985471	9.58225344714539
115	WGN39	11.0000000000001	0.636524765144612	1116	9.75107988635471	12.2489201136454
116	WGN39	9.66666666500005	0.636524765144612	1116	8.41774655135471	10.9155867786454
117	WGN39	8.16666666700005	0.636524765144612	1116	6.91774655335471	9.41558678064539
118	WGN39	7.50000000000005	0.636524765144612	1116	6.25107988635471	8.7489201136454
120	WGN39	6.83333333300005	0.636524765144612	1116	5.58441321935471	8.0822534466454
121	WGN39	6.50000000000006	0.636524765144612	1116	5.25107988635471	7.7489201136454
122	WGN39	7.33333333350005	0.636524765144612	1116	6.08441321985471	8.58225344714539
123	WGN39	7.50000000000006	0.636524765144612	1116	6.25107988635471	8.7489201136454
124	WGN39	7.66666666650005	0.636524765144612	1116	6.41774655285471	8.9155867801454
125	WGN39	8.33333333350005	0.636524765144612	1116	7.08441321985471	9.5822534471454
126	WGN39	7.66666666650005	0.636524765144612	1116	6.41774655285471	8.91558678014539
127	WGN39	8.00000000000006	0.636524765144612	1116	6.75107988635471	9.2489201136454
128	WGN39	7.66666666650005	0.636524765144612	1116	6.41774655285471	8.9155867801454
129	WGN39	8.33333333300005	0.636524765144612	1116	7.08441321935471	9.58225344664539
130	WGN39	6.33333333300005	0.636524765144612	1116	5.08441321935471	7.5822534466454
1	WGN45	8.66666666650004	0.636524765144616	1116	7.41774655285469	9.91558678014539
2	WGN45	7.49999999999999	0.636524765144617	1116	6.25107988635464	8.74892011364534
3	WGN45	8.97239629960299	0.900383406245103	1116	7.20576127198307	10.7390313272229
4	WGN45	8.3333333335	0.636524765144619	1116	7.08441321985465	9.58225344714536
5	WGN45	9.50000000000005	0.636524765144621	1116	8.25107988635469	10.7489201136454
6	WGN45	7.333333333	0.636524765144615	1116	6.08441321935465	8.58225344664535
7	WGN45	9.166666667	0.636524765144623	1116	7.91774655335464	10.4155867806454
8	WGN45	10.3333333335	0.63652476514462	1116	9.08441321985466	11.5822534471454
9	WGN45	9.1666666665	0.636524765144609	1116	7.91774655285466	10.4155867801453
10	WGN45	8.16666666650001	0.636524765144614	1116	6.91774655285466	9.41558678014535
11	WGN45	8.16666666699998	0.636524765144629	1116	6.9177465533546	9.41558678064535
12	WGN45	7.6666666665	0.63652476514462	1116	6.41774655285464	8.91558678014536
13	WGN45	6.83333333349999	0.636524765144609	1116	5.58441321985465	8.08225344714532
14	WGN45	8.83333333300001	0.636524765144618	1116	7.58441321935465	10.0822534466454
15	WGN45	8.02760370039704	0.900383406245098	1116	6.26096867277713	9.79423872801695
16	WGN45	8.33333333299998	0.636524765144621	1116	7.08441321935462	9.58225344664534
17	WGN45	8.66666666649998	0.636524765144606	1116	7.41774655285465	9.91558678014531
18	WGN45	6.83333333299999	0.636524765144614	1116	5.58441321935464	8.08225344664533
19	WGN45	9.33333333349999	0.636524765144609	1116	8.08441321985466	10.5822534471453
20	WGN45	7.00000000000003	0.636524765144608	1116	5.75107988635469	8.24892011364537
22	WGN45	8.833333333	0.636524765144612	1116	7.58441321935465	10.0822534466453
23	WGN45	8.63906296660294	0.900383406245094	1116	6.87242793898304	10.4056979942228
24	WGN45	7.83333333349998	0.636524765144615	1116	6.58441321985464	9.08225344714533
25	WGN45	8.66666666649999	0.63652476514461	1116	7.41774655285465	9.91558678014533
26	WGN45	8.16666666699999	0.636524765144614	1116	6.91774655335465	9.41558678064534
28	WGN45	8.00000000000001	0.636524765144614	1116	6.75107988635466	9.24892011364536
29	WGN45	6.66666666649997	0.63652476514462	1116	5.41774655285461	7.91558678014533
31	WGN45	7.66666666649997	0.636524765144621	1116	6.41774655285461	8.91558678014534
32	WGN45	8.99999999999999	0.636524765144612	1116	7.75107988635465	10.2489201136453
33	WGN45	6.83333333299996	0.636524765144624	1116	5.58441321935459	8.08225344664533
34	WGN45	7.8333333335	0.636524765144619	1116	6.58441321985464	9.08225344714535
35	WGN45	10.166666665	0.636524765144608	1116	8.91774655135463	11.4155867786453
36	WGN45	9.50000000000003	0.636524765144616	1116	8.25107988635468	10.7489201136454
37	WGN45	7	0.636524765144616	1116	5.75107988635465	8.24892011364535
38	WGN45	6.49999999999999	0.636524765144615	1116	5.25107988635464	7.74892011364534
40	WGN45	8.16666666699998	0.63652476514461	1116	6.91774655335464	9.41558678064532
41	WGN45	9.33333333500002	0.636524765144618	1116	8.08441322135466	10.5822534486454
42	WGN45	8.6666666665	0.636524765144616	1116	7.41774655285465	9.91558678014535
43	WGN45	8.9999999985	0.636524765144616	1116	7.75107988485465	10.2489201121454
44	WGN45	10.166666665	0.636524765144618	1116	8.91774655135467	11.4155867786454
45	WGN45	8.66666666650001	0.636524765144615	1116	7.41774655285466	9.91558678014536
46	WGN45	8.99999999999999	0.636524765144614	1116	7.75107988635465	10.2489201136453
47	WGN45	8.02760370039704	0.900383406245104	1116	6.26096867277712	9.79423872801696
48	WGN45	8.16666666650001	0.63652476514461	1116	6.91774655285467	9.41558678014535
49	WGN45	7.83333333300001	0.636524765144609	1116	6.58441321935467	9.08225344664534
50	WGN45	7.83333333300001	0.636524765144612	1116	6.58441321935467	9.08225344664536
52	WGN45	8	0.63652476514461	1116	6.75107988635466	9.24892011364534
53	WGN45	9.1666666665	0.636524765144612	1116	7.91774655285465	10.4155867801453
54	WGN45	7.49999999999999	0.636524765144617	1116	6.25107988635463	8.74892011364534
55	WGN45	9.33333333500001	0.636524765144617	1116	8.08441322135466	10.5822534486454
56	WGN45	8.16666666649999	0.636524765144612	1116	6.91774655285465	9.41558678014533
57	WGN45	8.8333333335	0.636524765144613	1116	7.58441321985465	10.0822534471453
58	WGN45	8.5	0.636524765144612	1116	7.25107988635466	9.74892011364535
59	WGN45	8.166666667	0.636524765144614	1116	6.91774655335465	9.41558678064535
60	WGN45	9.30572963260296	0.900383406245097	1116	7.53909460498305	11.0723646602229
61	WGN45	8.66666666650001	0.636524765144616	1116	7.41774655285465	9.91558678014536
62	WGN45	9	0.636524765144613	1116	7.75107988635465	10.2489201136453
64	WGN45	8.66666666650001	0.636524765144613	1116	7.41774655285466	9.91558678014535
65	WGN45	7.00000000000002	0.63652476514461	1116	5.75107988635468	8.24892011364536
66	WGN45	7.16666666649996	0.63652476514462	1116	5.9177465528546	8.41558678014532
68	WGN45	8.5	0.636524765144617	1116	7.25107988635465	9.74892011364535
69	WGN45	8.00000000000001	0.636524765144615	1116	6.75107988635467	9.24892011364536
70	WGN45	7.63906296660296	0.900383406245093	1116	5.87242793898305	9.40569799422286
71	WGN45	7.6666666665	0.636524765144613	1116	6.41774655285465	8.91558678014535
72	WGN45	8.66666666649999	0.636524765144615	1116	7.41774655285465	9.91558678014534
73	WGN45	8.30572963260297	0.900383406245097	1116	6.53909460498306	10.0723646602229
74	WGN45	8.16666666649999	0.636524765144613	1116	6.91774655285465	9.41558678014534
75	WGN45	8.333333333	0.636524765144615	1116	7.08441321935465	9.58225344664535
76	WGN45	8.5	0.636524765144613	1116	7.25107988635465	9.74892011364534
77	WGN45	8.49999999999999	0.636524765144616	1116	7.25107988635464	9.74892011364535
78	WGN45	8.333333333	0.636524765144611	1116	7.08441321935466	9.58225344664534
80	WGN45	8.99999999999999	0.636524765144612	1116	7.75107988635465	10.2489201136453
81	WGN45	8.833333333	0.636524765144613	1116	7.58441321935465	10.0822534466453
82	WGN45	11.166666665	0.636524765144615	1116	9.91774655135466	12.4155867786454
84	WGN45	9	0.636524765144614	1116	7.75107988635465	10.2489201136453
85	WGN45	7.97239629960296	0.900383406245087	1116	6.20576127198307	9.73903132722285
86	WGN45	9.16666666499999	0.63652476514461	1116	7.91774655135465	10.4155867786453
87	WGN45	7.50000000000002	0.636524765144609	1116	6.25107988635468	8.74892011364535
88	WGN45	8	0.636524765144614	1116	6.75107988635465	9.24892011364534
89	WGN45	8.5	0.636524765144612	1116	7.25107988635465	9.74892011364534
90	WGN45	9.166666667	0.636524765144611	1116	7.91774655335466	10.4155867806453
92	WGN45	8.6666666665	0.636524765144614	1116	7.41774655285465	9.91558678014535
93	WGN45	7.83333333300001	0.636524765144611	1116	6.58441321935466	9.08225344664535
94	WGN45	7.50000000000001	0.63652476514461	1116	6.25107988635467	8.74892011364535
95	WGN45	7.8333333335	0.636524765144615	1116	6.58441321985465	9.08225344714535
96	WGN45	7.33333333350002	0.636524765144609	1116	6.08441321985468	8.58225344714536
98	WGN45	10.6666666685	0.636524765144614	1116	9.41774655485465	11.9155867821453
99	WGN45	6.69427036739704	0.900383406245094	1116	4.92763533977714	8.46090539501694
100	WGN45	9.33333333349999	0.636524765144611	1116	8.08441321985465	10.5822534471453
101	WGN45	7.5	0.636524765144613	1116	6.25107988635465	8.74892011364534
102	WGN45	9	0.636524765144612	1116	7.75107988635465	10.2489201136453
103	WGN45	6.97239629960294	0.900383406245098	1116	5.20576127198303	8.73903132722285
104	WGN45	8	0.636524765144612	1116	6.75107988635466	9.24892011364535
105	WGN45	7.5	0.636524765144614	1116	6.25107988635465	8.74892011364534
106	WGN45	9	0.636524765144612	1116	7.75107988635466	10.2489201136453
107	WGN45	7.33333333350001	0.636524765144612	1116	6.08441321985466	8.58225344714535
108	WGN45	6.83333333350001	0.636524765144611	1116	5.58441321985467	8.08225344714535
109	WGN45	8.833333333	0.636524765144613	1116	7.58441321935465	10.0822534466453
110	WGN45	7.3333333335	0.636524765144613	1116	6.08441321985465	8.58225344714534
111	WGN45	9.3333333335	0.636524765144613	1116	8.08441321985466	10.5822534471453
112	WGN45	8.1666666665	0.636524765144613	1116	6.91774655285466	9.41558678014535
113	WGN45	7.30572963260295	0.900383406245095	1116	5.53909460498304	9.07236466022285
114	WGN45	9	0.636524765144614	1116	7.75107988635465	10.2489201136453
115	WGN45	7.3333333335	0.636524765144612	1116	6.08441321985466	8.58225344714535
116	WGN45	8.5	0.636524765144612	1116	7.25107988635466	9.74892011364534
117	WGN45	7	0.636524765144614	1116	5.75107988635465	8.24892011364535
118	WGN45	8.36093703339705	0.900383406245094	1116	6.59430200577715	10.127572061017
119	WGN45	9.5	0.636524765144612	1116	8.25107988635465	10.7489201136453
120	WGN45	10.4999999985	0.636524765144612	1116	9.25107988485465	11.7489201121453
121	WGN45	9.83333333350001	0.636524765144613	1116	8.58441321985466	11.0822534471454
122	WGN45	8.1666666665	0.636524765144612	1116	6.91774655285466	9.41558678014535
123	WGN45	9.5	0.636524765144613	1116	8.25107988635466	10.7489201136453
124	WGN45	9.1666666665	0.636524765144612	1116	7.91774655285465	10.4155867801453
126	WGN45	8.5	0.636524765144613	1116	7.25107988635466	9.74892011364534
127	WGN45	8.3333333335	0.636524765144612	1116	7.08441321985466	9.58225344714534
128	WGN45	8.833333333	0.636524765144613	1116	7.58441321935465	10.0822534466453
129	WGN45	9	0.636524765144612	1116	7.75107988635465	10.2489201136453
130	WGN45	8.36093703339705	0.900383406245094	1116	6.59430200577714	10.127572061017
1	WGN46	9.16666666649975	0.636524765144616	1116	7.9177465528544	10.4155867801451
2	WGN46	9.9999999985	0.636524765144621	1116	8.75107988485463	11.2489201121454
3	WGN46	9.8333333335	0.636524765144615	1116	8.58441321985465	11.0822534471453
4	WGN46	8.6666666665	0.636524765144617	1116	7.41774655285465	9.91558678014536
6	WGN46	9.69427036739705	0.900383406245101	1116	7.92763533977713	11.460905395017
7	WGN46	7.16666666649999	0.636524765144612	1116	5.91774655285465	8.41558678014534
8	WGN46	10.3057296296029	0.900383406245088	1116	8.53909460198301	12.0723646572228
9	WGN46	7.99999999999998	0.636524765144613	1116	6.75107988635463	9.24892011364532
10	WGN46	9.33333333349998	0.636524765144608	1116	8.08441321985464	10.5822534471453
11	WGN46	8.33333333349997	0.636524765144612	1116	7.08441321985463	9.58225344714532
12	WGN46	9.83333333149999	0.636524765144606	1116	8.58441321785466	11.0822534451453
13	WGN46	9.49999999999999	0.636524765144619	1116	8.25107988635463	10.7489201136453
14	WGN46	9.66666666849997	0.636524765144613	1116	8.41774655485462	10.9155867821453
15	WGN46	7.66666666649999	0.636524765144612	1116	6.41774655285464	8.91558678014533
16	WGN46	8.33333333349999	0.636524765144617	1116	7.08441321985464	9.58225344714534
17	WGN46	10	0.636524765144606	1116	8.75107988635467	11.2489201136453
18	WGN46	9.9999999985	0.636524765144616	1116	8.75107988485465	11.2489201121454
19	WGN46	8.1666666665	0.63652476514461	1116	6.91774655285467	9.41558678014534
20	WGN46	9.36093703339703	0.900383406245094	1116	7.59430200577713	11.1275720610169
21	WGN46	8.63906296660294	0.90038340624509	1116	6.87242793898305	10.4056979942228
22	WGN46	9.00000000000001	0.636524765144608	1116	7.75107988635467	10.2489201136453
23	WGN46	8.33333333149999	0.636524765144612	1116	7.08441321785465	9.58225344514533
24	WGN46	10.3333333335	0.636524765144614	1116	9.08441321985464	11.5822534471453
25	WGN46	7.49999999999995	0.636524765144619	1116	6.2510798863546	8.74892011364531
26	WGN46	9.49999999999998	0.636524765144615	1116	8.25107988635463	10.7489201136453
27	WGN46	6.36093703339698	0.900383406245097	1116	4.59430200577707	8.12757206101689
28	WGN46	7.99999999999999	0.636524765144608	1116	6.75107988635466	9.24892011364533
29	WGN46	8.33333333350002	0.636524765144608	1116	7.08441321985469	9.58225344714536
30	WGN46	9.50000000000001	0.636524765144614	1116	8.25107988635466	10.7489201136454
31	WGN46	10	0.636524765144613	1116	8.75107988635465	11.2489201136453
32	WGN46	9.66666666649999	0.636524765144617	1116	8.41774655285464	10.9155867801453
33	WGN46	8.66666666649997	0.636524765144614	1116	7.41774655285463	9.91558678014532
34	WGN46	8.83333333349998	0.636524765144607	1116	7.58441321985464	10.0822534471453
36	WGN46	10.333333335	0.636524765144617	1116	9.08441322135465	11.5822534486454
37	WGN46	8.83333333349998	0.636524765144602	1116	7.58441321985465	10.0822534471453
38	WGN46	9.33333333299999	0.636524765144612	1116	8.08441321935464	10.5822534466453
39	WGN46	8.99999999999998	0.636524765144614	1116	7.75107988635463	10.2489201136453
40	WGN46	10.5	0.63652476514462	1116	9.25107988635466	11.7489201136454
41	WGN46	10.1666666665	0.636524765144608	1116	8.91774655285463	11.4155867801453
42	WGN46	9.99999999999999	0.636524765144615	1116	8.75107988635464	11.2489201136453
43	WGN46	7.83333333349998	0.636524765144616	1116	6.58441321985463	9.08225344714534
44	WGN46	9.0000000015	0.636524765144616	1116	7.75107988785465	10.2489201151454
45	WGN46	8.333333333	0.636524765144609	1116	7.08441321935466	9.58225344664534
46	WGN46	9.99999999849997	0.636524765144611	1116	8.75107988485463	11.2489201121453
47	WGN46	8.83333333349999	0.636524765144615	1116	7.58441321985464	10.0822534471453
48	WGN46	8.99999999999999	0.636524765144618	1116	7.75107988635464	10.2489201136453
49	WGN46	9.49999999849997	0.636524765144605	1116	8.25107988485464	10.7489201121453
50	WGN46	8.833333333	0.636524765144611	1116	7.58441321935465	10.0822534466453
52	WGN46	7.83333333299998	0.636524765144615	1116	6.58441321935463	9.08225344664533
53	WGN46	9.16666666499999	0.636524765144618	1116	7.91774655135464	10.4155867786453
54	WGN46	7.49999999999998	0.636524765144614	1116	6.25107988635464	8.74892011364533
55	WGN46	8.36093703339703	0.900383406245084	1116	6.59430200577715	10.1275720610169
56	WGN46	7.333333333	0.636524765144611	1116	6.08441321935466	8.58225344664534
57	WGN46	10.5	0.63652476514461	1116	9.25107988635463	11.7489201136453
58	WGN46	9.16666666699999	0.636524765144614	1116	7.91774655335464	10.4155867806453
59	WGN46	7.8333333335	0.63652476514461	1116	6.58441321985466	9.08225344714534
60	WGN46	10.6666666665	0.636524765144616	1116	9.41774655285465	11.9155867801454
61	WGN46	9.66666666649999	0.636524765144613	1116	8.41774655285464	10.9155867801453
62	WGN46	8.83333333299999	0.636524765144613	1116	7.58441321935465	10.0822534466453
63	WGN46	9.83333333149999	0.636524765144613	1116	8.58441321785465	11.0822534451453
64	WGN46	8.99999999999999	0.63652476514461	1116	7.75107988635465	10.2489201136453
65	WGN46	9.16666666849999	0.63652476514461	1116	7.91774655485465	10.4155867821453
66	WGN46	7.33333333299999	0.636524765144612	1116	6.08441321935464	8.58225344664533
67	WGN46	8.33333333349998	0.636524765144617	1116	7.08441321985462	9.58225344714533
68	WGN46	7.83333333349998	0.636524765144615	1116	6.58441321985463	9.08225344714533
69	WGN46	8.66666666649999	0.636524765144609	1116	7.41774655285466	9.91558678014533
70	WGN46	7.99999999999998	0.636524765144614	1116	6.75107988635463	9.24892011364533
71	WGN46	8.16666666699998	0.636524765144615	1116	6.91774655335463	9.41558678064533
72	WGN46	11.16666667	0.636524765144615	1116	9.91774655635465	12.4155867836453
73	WGN46	9.16666666699999	0.636524765144612	1116	7.91774655335464	10.4155867806453
74	WGN46	9.99999999999999	0.636524765144613	1116	8.75107988635465	11.2489201136453
75	WGN46	8.6666666665	0.636524765144612	1116	7.41774655285465	9.91558678014534
76	WGN46	9.66666666649999	0.636524765144614	1116	8.41774655285464	10.9155867801453
78	WGN46	6.66666666699999	0.636524765144613	1116	5.41774655335464	7.91558678064533
79	WGN46	9.49999999999999	0.636524765144614	1116	8.25107988635465	10.7489201136453
80	WGN46	8.99999999999999	0.636524765144613	1116	7.75107988635465	10.2489201136453
81	WGN46	8.66666666699999	0.636524765144615	1116	7.41774655335464	9.91558678064534
82	WGN46	9.69427036739703	0.900383406245089	1116	7.92763533977714	11.4609053950169
83	WGN46	9.49999999999999	0.636524765144613	1116	8.25107988635465	10.7489201136453
84	WGN46	9.49999999999999	0.636524765144615	1116	8.25107988635464	10.7489201136453
85	WGN46	8.49999999999998	0.636524765144617	1116	7.25107988635463	9.74892011364533
86	WGN46	9.16666666649999	0.636524765144616	1116	7.91774655285464	10.4155867801453
87	WGN46	9.49999999999999	0.636524765144613	1116	8.25107988635465	10.7489201136453
88	WGN46	11.666666665	0.636524765144611	1116	10.4177465513546	12.9155867786453
89	WGN46	8.66666666699999	0.636524765144612	1116	7.41774655335464	9.91558678064533
90	WGN46	9.49999999999998	0.636524765144612	1116	8.25107988635464	10.7489201136453
91	WGN46	8.49999999999998	0.636524765144617	1116	7.25107988635463	9.74892011364533
92	WGN46	9.49999999999999	0.636524765144611	1116	8.25107988635465	10.7489201136453
93	WGN46	9.8333333315	0.636524765144614	1116	8.58441321785465	11.0822534451453
94	WGN46	8.33333333349998	0.636524765144615	1116	7.08441321985464	9.58225344714533
95	WGN46	8.99999999999998	0.636524765144614	1116	7.75107988635464	10.2489201136453
96	WGN46	7.99999999999999	0.636524765144614	1116	6.75107988635464	9.24892011364534
98	WGN46	8.99999999999999	0.636524765144612	1116	7.75107988635465	10.2489201136453
100	WGN46	9.30572963260294	0.900383406245093	1116	7.53909460498304	11.0723646602228
101	WGN46	8.83333333349999	0.636524765144613	1116	7.58441321985465	10.0822534471453
102	WGN46	9.33333333299999	0.636524765144612	1116	8.08441321935465	10.5822534466453
103	WGN46	9.49999999999999	0.636524765144613	1116	8.25107988635465	10.7489201136453
104	WGN46	8.83333333349999	0.636524765144613	1116	7.58441321985465	10.0822534471453
106	WGN46	8.49999999999999	0.636524765144614	1116	7.25107988635464	9.74892011364534
107	WGN46	7.99999999999999	0.636524765144613	1116	6.75107988635465	9.24892011364534
108	WGN46	8.99999999999999	0.636524765144615	1116	7.75107988635465	10.2489201136453
109	WGN46	8.33333333299999	0.636524765144613	1116	7.08441321935464	9.58225344664534
110	WGN46	7.49999999999999	0.636524765144613	1116	6.25107988635464	8.74892011364533
111	WGN46	7.66666666649999	0.636524765144613	1116	6.41774655285465	8.91558678014534
112	WGN46	7.49999999999999	0.636524765144612	1116	6.25107988635465	8.74892011364534
113	WGN46	8.666666667	0.636524765144612	1116	7.41774655335465	9.91558678064534
114	WGN46	10	0.636524765144614	1116	8.75107988635465	11.2489201136453
115	WGN46	8.16666666649999	0.636524765144613	1116	6.91774655285465	9.41558678014534
116	WGN46	9.33333333349999	0.636524765144614	1116	8.08441321985464	10.5822534471453
117	WGN46	9.66666666649999	0.636524765144612	1116	8.41774655285465	10.9155867801453
118	WGN46	9.33333333299999	0.636524765144614	1116	8.08441321935464	10.5822534466453
119	WGN46	8.83333333299999	0.636524765144612	1116	7.58441321935465	10.0822534466453
120	WGN46	7.49999999999999	0.636524765144612	1116	6.25107988635465	8.74892011364534
121	WGN46	8.66666666699999	0.636524765144613	1116	7.41774655335464	9.91558678064533
122	WGN46	9.49999999849999	0.636524765144613	1116	8.25107988485464	10.7489201121453
123	WGN46	9.66666666849999	0.636524765144613	1116	8.41774655485465	10.9155867821453
124	WGN46	9.66666666649999	0.636524765144613	1116	8.41774655285465	10.9155867801453
125	WGN46	9.33333333149999	0.636524765144613	1116	8.08441321785465	10.5822534451453
126	WGN46	9.49999999999999	0.636524765144613	1116	8.25107988635465	10.7489201136453
127	WGN46	8.33333333349999	0.636524765144613	1116	7.08441321985465	9.58225344714534
128	WGN46	9.16666666649999	0.636524765144613	1116	7.91774655285465	10.4155867801453
129	WGN46	8.66666666649999	0.636524765144613	1116	7.41774655285464	9.91558678014534
130	WGN46	9.166666665	0.636524765144613	1116	7.91774655135465	10.4155867786453
1	WGN55	7.99999999999999	0.636524765144603	1116	6.75107988635467	9.24892011364532
2	WGN55	7.16666666700003	0.636524765144617	1116	5.91774655335468	8.41558678064539
3	WGN55	6.83333333350004	0.636524765144613	1116	5.5844132198547	8.08225344714539
4	WGN55	7.66666666650004	0.636524765144611	1116	6.4177465528547	8.91558678014538
5	WGN55	8.83333333350001	0.636524765144617	1116	7.58441321985466	10.0822534471454
6	WGN55	8.83333333350002	0.636524765144616	1116	7.58441321985467	10.0822534471454
7	WGN55	8.83333333350001	0.636524765144615	1116	7.58441321985466	10.0822534471454
8	WGN55	7.16666666700002	0.636524765144616	1116	5.91774655335467	8.41558678064537
9	WGN55	6.66666666699999	0.636524765144617	1116	5.41774655335464	7.91558678064535
10	WGN55	9.83333333350002	0.636524765144612	1116	8.58441321985467	11.0822534471454
11	WGN55	7.66666666649998	0.63652476514462	1116	6.41774655285462	8.91558678014534
12	WGN55	6.33333333300002	0.636524765144615	1116	5.08441321935467	7.58225344664537
13	WGN55	7.66666666650005	0.636524765144608	1116	6.41774655285472	8.91558678014539
14	WGN55	7.33333333350003	0.636524765144611	1116	6.08441321985469	8.58225344714537
15	WGN55	9.00000000000001	0.63652476514461	1116	7.75107988635467	10.2489201136454
16	WGN55	6.66666666700004	0.636524765144616	1116	5.41774655335468	7.91558678064539
17	WGN55	7.00000000000002	0.636524765144617	1116	5.75107988635467	8.24892011364537
18	WGN55	8.16666666650003	0.63652476514461	1116	6.91774655285469	9.41558678014537
19	WGN55	8.33333333350005	0.636524765144615	1116	7.0844132198547	9.5822534471454
20	WGN55	9.5	0.63652476514461	1116	8.25107988635466	10.7489201136453
21	WGN55	7.83333333350004	0.636524765144613	1116	6.58441321985469	9.08225344714538
22	WGN55	9.33333333150001	0.636524765144615	1116	8.08441321785466	10.5822534451454
23	WGN55	8.33333333300003	0.63652476514461	1116	7.08441321935469	9.58225344664536
24	WGN55	6.66666666650007	0.636524765144607	1116	5.41774655285473	7.9155867801454
25	WGN55	7.00000000000004	0.636524765144612	1116	5.7510798863547	8.24892011364538
26	WGN55	8.33333333350001	0.636524765144611	1116	7.08441321985467	9.58225344714535
27	WGN55	8.83333333350004	0.636524765144609	1116	7.5844132198547	10.0822534471454
28	WGN55	8.33333333350003	0.636524765144618	1116	7.08441321985468	9.58225344714539
29	WGN55	8.33333333350006	0.636524765144617	1116	7.08441321985471	9.58225344714542
30	WGN55	8.49999999850005	0.636524765144615	1116	7.2510798848547	9.7489201121454
31	WGN55	8.66666666700002	0.636524765144612	1116	7.41774655335468	9.91558678064537
32	WGN55	7.83333333350002	0.63652476514462	1116	6.58441321985466	9.08225344714538
33	WGN55	9.83333333350003	0.636524765144611	1116	8.58441321985469	11.0822534471454
34	WGN55	7.83333333300003	0.636524765144611	1116	6.58441321935469	9.08225344664537
35	WGN55	8.66666666650006	0.636524765144618	1116	7.4177465528547	9.91558678014541
36	WGN55	6.333333333	0.636524765144615	1116	5.08441321935465	7.58225344664535
37	WGN55	7.83333333350006	0.636524765144606	1116	6.58441321985472	9.08225344714539
38	WGN55	7.66666666700003	0.636524765144616	1116	6.41774655335468	8.91558678064538
40	WGN55	9.66666666850007	0.636524765144618	1116	8.41774655485472	10.9155867821454
41	WGN55	8.33333333350003	0.63652476514461	1116	7.08441321985469	9.58225344714537
42	WGN55	9.50000000000004	0.636524765144614	1116	8.2510798863547	10.7489201136454
43	WGN55	8.00000000000004	0.636524765144611	1116	6.75107988635469	9.24892011364538
44	WGN55	7.50000000000004	0.636524765144613	1116	6.25107988635469	8.74892011364538
45	WGN55	9.00000000000006	0.63652476514462	1116	7.7510798863547	10.2489201136454
46	WGN55	9.69427036739709	0.900383406245095	1116	7.92763533977718	11.460905395017
47	WGN55	7.83333333350003	0.636524765144612	1116	6.58441321985469	9.08225344714538
48	WGN55	8.50000000000003	0.636524765144616	1116	7.25107988635468	9.74892011364538
49	WGN55	8.66666666650003	0.636524765144612	1116	7.41774655285469	9.91558678014537
50	WGN55	9	0.636524765144605	1116	7.75107988635467	10.2489201136453
52	WGN55	8.33333333350003	0.636524765144611	1116	7.08441321985469	9.58225344714537
53	WGN55	8.00000000000004	0.63652476514461	1116	6.7510798863547	9.24892011364538
54	WGN55	8.66666666650002	0.636524765144609	1116	7.41774655285468	9.91558678014536
55	WGN55	8.33333333300002	0.636524765144611	1116	7.08441321935468	9.58225344664536
56	WGN55	9.99999999850004	0.636524765144613	1116	8.7510798848547	11.2489201121454
57	WGN55	6.97239629960299	0.900383406245092	1116	5.20576127198309	8.73903132722289
58	WGN55	7.50000000000004	0.63652476514461	1116	6.2510798863547	8.74892011364537
59	WGN55	7.50000000000003	0.636524765144615	1116	6.25107988635468	8.74892011364538
60	WGN55	8.00000000000003	0.636524765144616	1116	6.75107988635468	9.24892011364538
61	WGN55	8.83333333300002	0.63652476514461	1116	7.58441321935468	10.0822534466454
62	WGN55	8.00000000000003	0.636524765144613	1116	6.75107988635469	9.24892011364538
63	WGN55	8.83333333300003	0.636524765144609	1116	7.58441321935469	10.0822534466454
64	WGN55	8.16666666650004	0.63652476514461	1116	6.9177465528547	9.41558678014538
65	WGN55	8.83333333350004	0.636524765144614	1116	7.5844132198547	10.0822534471454
66	WGN55	7.33333333350003	0.636524765144611	1116	6.08441321985469	8.58225344714537
67	WGN55	7.36093703339709	0.900383406245095	1116	5.59430200577719	9.12757206101699
68	WGN55	7.66666666650004	0.636524765144611	1116	6.4177465528547	8.91558678014539
69	WGN55	9.00000000000004	0.636524765144616	1116	7.75107988635469	10.2489201136454
70	WGN55	7.83333333300005	0.636524765144613	1116	6.5844132193547	9.08225344664539
71	WGN55	8.33333333300006	0.636524765144614	1116	7.08441321935471	9.5822534466454
72	WGN55	8.50000000000007	0.636524765144613	1116	7.25107988635472	9.74892011364541
73	WGN55	7.50000000000003	0.636524765144613	1116	6.25107988635468	8.74892011364538
74	WGN55	8.83333333350003	0.636524765144613	1116	7.58441321985468	10.0822534471454
75	WGN55	8.83333333300004	0.636524765144612	1116	7.5844132193547	10.0822534466454
76	WGN55	7.83333333350002	0.636524765144612	1116	6.58441321985468	9.08225344714537
77	WGN55	8.36093703339707	0.900383406245098	1116	6.59430200577716	10.127572061017
78	WGN55	7.66666666650003	0.636524765144614	1116	6.41774655285468	8.91558678014538
80	WGN55	7.50000000000003	0.636524765144614	1116	6.25107988635468	8.74892011364538
81	WGN55	8.00000000000004	0.636524765144613	1116	6.75107988635469	9.24892011364538
82	WGN55	7.50000000000003	0.636524765144613	1116	6.25107988635469	8.74892011364538
83	WGN55	7.50000000000003	0.636524765144613	1116	6.25107988635469	8.74892011364538
84	WGN55	7.66666666650003	0.636524765144613	1116	6.41774655285469	8.91558678014538
85	WGN55	8.83333333300003	0.63652476514461	1116	7.58441321935469	10.0822534466454
86	WGN55	7.50000000000003	0.636524765144612	1116	6.25107988635469	8.74892011364537
87	WGN55	7.00000000000004	0.636524765144611	1116	5.7510798863547	8.24892011364538
88	WGN55	8.00000000000004	0.636524765144611	1116	6.7510798863547	9.24892011364538
89	WGN55	8.50000000000004	0.636524765144613	1116	7.25107988635469	9.74892011364538
90	WGN55	7.16666666700003	0.636524765144614	1116	5.91774655335468	8.41558678064537
91	WGN55	7.83333333350004	0.636524765144611	1116	6.58441321985469	9.08225344714538
92	WGN55	4.66666666650007	0.63652476514461	1116	3.41774655285473	5.91558678014541
93	WGN55	8.16666666650003	0.636524765144612	1116	6.91774655285469	9.41558678014537
94	WGN55	8.16666666650004	0.636524765144613	1116	6.9177465528547	9.41558678014539
95	WGN55	7.50000000000003	0.636524765144612	1116	6.25107988635469	8.74892011364538
96	WGN55	9.33333333350003	0.636524765144613	1116	8.08441321985469	10.5822534471454
97	WGN55	8.33333333350004	0.636524765144612	1116	7.0844132198547	9.58225344714539
98	WGN55	8.50000000000003	0.636524765144611	1116	7.25107988635469	9.74892011364537
99	WGN55	7.33333333350003	0.636524765144614	1116	6.08441321985468	8.58225344714537
100	WGN55	7.50000000000003	0.636524765144612	1116	6.25107988635469	8.74892011364538
101	WGN55	8.16666666650003	0.636524765144611	1116	6.91774655285469	9.41558678014537
102	WGN55	7.50000000000003	0.636524765144613	1116	6.25107988635469	8.74892011364538
103	WGN55	7.83333333300003	0.636524765144612	1116	6.58441321935469	9.08225344664537
104	WGN55	7.02760370039707	0.900383406245095	1116	5.26096867277716	8.79423872801697
105	WGN55	8.16666666650003	0.636524765144613	1116	6.91774655285468	9.41558678014538
106	WGN55	8.00000000000003	0.636524765144612	1116	6.75107988635469	9.24892011364538
107	WGN55	7.00000000000004	0.636524765144612	1116	5.75107988635469	8.24892011364538
108	WGN55	9.00000000000003	0.636524765144613	1116	7.75107988635469	10.2489201136454
109	WGN55	8.33333333300003	0.636524765144612	1116	7.08441321935469	9.58225344664537
110	WGN55	8.33333333300003	0.636524765144612	1116	7.08441321935469	9.58225344664538
111	WGN55	9.66666666850003	0.636524765144613	1116	8.41774655485469	10.9155867821454
112	WGN55	8.33333333350003	0.636524765144612	1116	7.08441321985469	9.58225344714537
113	WGN55	7.66666666700003	0.636524765144613	1116	6.41774655335468	8.91558678064538
114	WGN55	9.66666666700003	0.636524765144613	1116	8.41774655335469	10.9155867806454
115	WGN55	8.16666666650003	0.636524765144612	1116	6.91774655285469	9.41558678014538
116	WGN55	9.50000000000003	0.636524765144612	1116	8.25107988635468	10.7489201136454
117	WGN55	6.66666666650003	0.636524765144612	1116	5.41774655285469	7.91558678014538
118	WGN55	7.00000000000003	0.636524765144613	1116	5.75107988635469	8.24892011364538
119	WGN55	8.00000000000003	0.636524765144612	1116	6.75107988635469	9.24892011364538
120	WGN55	7.02760370039708	0.900383406245096	1116	5.26096867277717	8.79423872801698
121	WGN55	8.66666666700003	0.636524765144613	1116	7.41774655335469	9.91558678064538
122	WGN55	10.0000000015	0.636524765144613	1116	8.75107988785469	11.2489201151454
123	WGN55	7.33333333350004	0.636524765144612	1116	6.08441321985469	8.58225344714538
124	WGN55	7.50000000000003	0.636524765144613	1116	6.25107988635469	8.74892011364538
125	WGN55	7.00000000000003	0.636524765144612	1116	5.75107988635469	8.24892011364538
126	WGN55	8.50000000000003	0.636524765144612	1116	7.25107988635469	9.74892011364538
128	WGN55	7.83333333300003	0.636524765144613	1116	6.58441321935468	9.08225344664537
129	WGN55	9.16666666700003	0.636524765144612	1116	7.91774655335468	10.4155867806454
130	WGN55	8.33333333350003	0.636524765144613	1116	7.08441321985469	9.58225344714537
1	WGN63	7.83333333349998	0.636524765144609	1116	6.58441321985465	9.08225344714532
2	WGN63	7.83333333299998	0.636524765144608	1116	6.58441321935464	9.08225344664531
3	WGN63	8.333333333	0.636524765144613	1116	7.08441321935466	9.58225344664535
4	WGN63	8.00000000000002	0.63652476514461	1116	6.75107988635468	9.24892011364536
5	WGN63	8	0.636524765144614	1116	6.75107988635466	9.24892011364535
6	WGN63	8.6666666665	0.636524765144612	1116	7.41774655285465	9.91558678014534
7	WGN63	7.49999999999999	0.636524765144616	1116	6.25107988635464	8.74892011364534
8	WGN63	7.66666666650001	0.63652476514461	1116	6.41774655285467	8.91558678014535
9	WGN63	9.33333333499999	0.636524765144613	1116	8.08441322135464	10.5822534486453
10	WGN63	7.83333333350001	0.636524765144613	1116	6.58441321985466	9.08225344714536
12	WGN63	6.6666666665	0.636524765144612	1116	5.41774655285465	7.91558678014534
13	WGN63	8.66666666650002	0.636524765144615	1116	7.41774655285467	9.91558678014537
14	WGN63	8.36093703339706	0.900383406245088	1116	6.59430200577716	10.127572061017
16	WGN63	8.99999999850002	0.636524765144606	1116	7.75107988485468	10.2489201121453
17	WGN63	8.99999999999998	0.636524765144607	1116	7.75107988635465	10.2489201136453
18	WGN63	7.33333333300001	0.63652476514461	1116	6.08441321935468	8.58225344664535
19	WGN63	8.00000000000001	0.63652476514461	1116	6.75107988635467	9.24892011364535
20	WGN63	8.16666666649997	0.63652476514461	1116	6.91774655285464	9.41558678014531
21	WGN63	7.50000000000003	0.636524765144606	1116	6.2510798863547	8.74892011364536
22	WGN63	8.6666666665	0.636524765144614	1116	7.41774655285465	9.91558678014534
23	WGN63	6.83333333350002	0.636524765144615	1116	5.58441321985467	8.08225344714536
24	WGN63	7.16666666700001	0.636524765144608	1116	5.91774655335467	8.41558678064534
25	WGN63	9.16666666649999	0.636524765144611	1116	7.91774655285465	10.4155867801453
26	WGN63	7.6666666665	0.636524765144611	1116	6.41774655285465	8.91558678014534
27	WGN63	7.33333333349997	0.636524765144614	1116	6.08441321985463	8.58225344714532
28	WGN63	8.333333333	0.636524765144615	1116	7.08441321935465	9.58225344664535
29	WGN63	8.1666666665	0.636524765144613	1116	6.91774655285465	9.41558678014535
30	WGN63	8.6666666665	0.636524765144614	1116	7.41774655285466	9.91558678014535
31	WGN63	6.8333333335	0.636524765144613	1116	5.58441321985466	8.08225344714535
32	WGN63	7.1666666665	0.636524765144614	1116	5.91774655285465	8.41558678014535
33	WGN63	7.50000000000001	0.636524765144611	1116	6.25107988635467	8.74892011364535
34	WGN63	7.83333333299999	0.636524765144617	1116	6.58441321935464	9.08225344664534
35	WGN63	7.6666666665	0.636524765144612	1116	6.41774655285466	8.91558678014535
36	WGN63	7.66666666649999	0.636524765144613	1116	6.41774655285465	8.91558678014534
37	WGN63	8.99999999999998	0.63652476514461	1116	7.75107988635464	10.2489201136453
38	WGN63	7.69427036739703	0.900383406245089	1116	5.92763533977714	9.46090539501693
39	WGN63	8.02760370039709	0.900383406245088	1116	6.2609686727772	9.79423872801698
40	WGN63	7.83333333350001	0.636524765144613	1116	6.58441321985466	9.08225344714535
41	WGN63	7.16666666649999	0.636524765144615	1116	5.91774655285464	8.41558678014534
42	WGN63	8.83333333349999	0.636524765144612	1116	7.58441321985465	10.0822534471453
43	WGN63	8.16666666649999	0.636524765144611	1116	6.91774655285465	9.41558678014533
44	WGN63	7	0.636524765144613	1116	5.75107988635465	8.24892011364534
45	WGN63	7.8333333335	0.63652476514461	1116	6.58441321985466	9.08225344714534
46	WGN63	6.83333333349998	0.636524765144611	1116	5.58441321985464	8.08225344714532
47	WGN63	7.5	0.636524765144611	1116	6.25107988635466	8.74892011364534
48	WGN63	8.166666667	0.636524765144615	1116	6.91774655335465	9.41558678064535
49	WGN63	8	0.636524765144612	1116	6.75107988635466	9.24892011364534
50	WGN63	6.83333333350001	0.636524765144611	1116	5.58441321985466	8.08225344714535
51	WGN63	7.83333333300001	0.636524765144614	1116	6.58441321935467	9.08225344664536
52	WGN63	8.3333333335	0.636524765144611	1116	7.08441321985466	9.58225344714534
53	WGN63	8.33333333299998	0.636524765144612	1116	7.08441321935464	9.58225344664533
54	WGN63	7.66666666699999	0.63652476514461	1116	6.41774655335465	8.91558678064533
55	WGN63	8.5	0.636524765144611	1116	7.25107988635466	9.74892011364534
56	WGN63	7	0.636524765144612	1116	5.75107988635466	8.24892011364535
57	WGN63	7.66666666699999	0.636524765144614	1116	6.41774655335464	8.91558678064534
58	WGN63	8	0.636524765144612	1116	6.75107988635465	9.24892011364534
59	WGN63	8.5	0.636524765144612	1116	7.25107988635465	9.74892011364534
60	WGN63	8.8333333335	0.636524765144613	1116	7.58441321985465	10.0822534471453
61	WGN63	7	0.63652476514461	1116	5.75107988635466	8.24892011364534
62	WGN63	8.33333333299999	0.63652476514461	1116	7.08441321935465	9.58225344664533
63	WGN63	8.30572963260294	0.900383406245091	1116	6.53909460498304	10.0723646602228
64	WGN63	8	0.636524765144616	1116	6.75107988635465	9.24892011364535
65	WGN63	8.666666667	0.636524765144614	1116	7.41774655335465	9.91558678064535
66	WGN63	7.6666666665	0.636524765144608	1116	6.41774655285466	8.91558678014534
67	WGN63	6.83333333349999	0.636524765144614	1116	5.58441321985464	8.08225344714534
68	WGN63	6.833333333	0.636524765144614	1116	5.58441321935465	8.08225344664534
69	WGN63	7.16666666649999	0.636524765144614	1116	5.91774655285464	8.41558678014534
70	WGN63	7	0.636524765144611	1116	5.75107988635466	8.24892011364534
72	WGN63	7.66666666649999	0.636524765144612	1116	6.41774655285464	8.91558678014533
73	WGN63	7.666666667	0.63652476514461	1116	6.41774655335466	8.91558678064534
74	WGN63	7.6666666665	0.636524765144613	1116	6.41774655285465	8.91558678014534
75	WGN63	8.3333333335	0.636524765144612	1116	7.08441321985465	9.58225344714534
76	WGN63	8	0.636524765144614	1116	6.75107988635465	9.24892011364534
77	WGN63	8	0.636524765144612	1116	6.75107988635465	9.24892011364534
78	WGN63	9.00000000000001	0.636524765144615	1116	7.75107988635466	10.2489201136454
79	WGN63	6.33333333350001	0.636524765144611	1116	5.08441321985467	7.58225344714535
80	WGN63	7.6666666665	0.636524765144611	1116	6.41774655285465	8.91558678014534
81	WGN63	8.1666666665	0.636524765144612	1116	6.91774655285465	9.41558678014534
82	WGN63	8.8333333335	0.636524765144614	1116	7.58441321985466	10.0822534471454
83	WGN63	7.6666666665	0.636524765144613	1116	6.41774655285465	8.91558678014534
84	WGN63	9	0.636524765144614	1116	7.75107988635466	10.2489201136454
85	WGN63	8	0.636524765144613	1116	6.75107988635465	9.24892011364534
86	WGN63	7	0.63652476514461	1116	5.75107988635466	8.24892011364534
87	WGN63	7.5	0.63652476514461	1116	6.25107988635466	8.74892011364534
88	WGN63	8	0.63652476514461	1116	6.75107988635466	9.24892011364534
89	WGN63	8.5	0.636524765144612	1116	7.25107988635466	9.74892011364534
90	WGN63	9.36093703339705	0.900383406245093	1116	7.59430200577715	11.127572061017
91	WGN63	8.33333333299999	0.636524765144612	1116	7.08441321935465	9.58225344664534
92	WGN63	8.1666666665	0.636524765144612	1116	6.91774655285465	9.41558678014534
93	WGN63	7.5	0.636524765144612	1116	6.25107988635465	8.74892011364534
94	WGN63	8.8333333335	0.636524765144612	1116	7.58441321985466	10.0822534471453
95	WGN63	8.83333333349999	0.636524765144613	1116	7.58441321985465	10.0822534471453
96	WGN63	8.1666666665	0.636524765144612	1116	6.91774655285466	9.41558678014535
97	WGN63	7.00000000000001	0.636524765144612	1116	5.75107988635466	8.24892011364535
98	WGN63	8.97239629960295	0.900383406245092	1116	7.20576127198305	10.7390313272228
99	WGN63	7.97239629960295	0.900383406245093	1116	6.20576127198305	9.73903132722285
100	WGN63	8.3333333335	0.636524765144611	1116	7.08441321985466	9.58225344714534
101	WGN63	8.30572963260295	0.900383406245091	1116	6.53909460498306	10.0723646602229
102	WGN63	8.166666667	0.636524765144613	1116	6.91774655335465	9.41558678064535
103	WGN63	8	0.636524765144613	1116	6.75107988635465	9.24892011364534
105	WGN63	8.6666666665	0.636524765144612	1116	7.41774655285465	9.91558678014534
106	WGN63	7.3333333335	0.636524765144612	1116	6.08441321985466	8.58225344714535
107	WGN63	9.49999999999999	0.636524765144612	1116	8.25107988635465	10.7489201136453
109	WGN63	9.99999999849999	0.636524765144612	1116	8.75107988485465	11.2489201121453
110	WGN63	7.02760370039705	0.900383406245092	1116	5.26096867277715	8.79423872801695
111	WGN63	7.8333333335	0.636524765144612	1116	6.58441321985466	9.08225344714534
112	WGN63	9.1666666665	0.636524765144613	1116	7.91774655285465	10.4155867801453
114	WGN63	7.1666666665	0.636524765144612	1116	5.91774655285465	8.41558678014534
115	WGN63	7.5	0.636524765144612	1116	6.25107988635466	8.74892011364535
116	WGN63	8.1666666665	0.636524765144612	1116	6.91774655285466	9.41558678014534
117	WGN63	7.8333333335	0.636524765144612	1116	6.58441321985466	9.08225344714535
118	WGN63	6.8333333335	0.636524765144612	1116	5.58441321985465	8.08225344714534
119	WGN63	8	0.636524765144612	1116	6.75107988635466	9.24892011364534
121	WGN63	9.333333333	0.636524765144612	1116	8.08441321935465	10.5822534466453
122	WGN63	7.666666667	0.636524765144613	1116	6.41774655335465	8.91558678064534
123	WGN63	9.1666666665	0.636524765144613	1116	7.91774655285465	10.4155867801453
124	WGN63	8	0.636524765144613	1116	6.75107988635465	9.24892011364534
125	WGN63	7.02760370039704	0.900383406245092	1116	5.26096867277714	8.79423872801694
126	WGN63	7.8333333335	0.636524765144612	1116	6.58441321985465	9.08225344714534
127	WGN63	7.8333333335	0.636524765144612	1116	6.58441321985465	9.08225344714534
128	WGN63	8.166666667	0.636524765144612	1116	6.91774655335465	9.41558678064534
129	WGN63	7.8333333335	0.636524765144612	1116	6.58441321985465	9.08225344714534
130	WGN63	7	0.636524765144612	1116	5.75107988635465	8.24892011364534
