plantID3	famID	emmean	SE	df	lower.CL	upper.CL
1	WGN07	0.0161033165000013	0.0175584464719696	716	-0.0183688781384115	0.0505755111384141
2	WGN07	0.00963622300000547	0.0175584464719613	716	-0.0248359716383912	0.0441084176384021
3	WGN07	0.00289184499998249	0.017558446471962	716	-0.0315803496384155	0.0373640396383804
4	WGN07	0.025981826690373	0.0248400497128176	716	-0.0227862138019956	0.0747498671827416
5	WGN07	0.0957673734999984	0.0175584464719629	716	0.0612951788615987	0.130239568138398
7	WGN07	0.0332088794999974	0.0175584464719631	716	-0.00126331513840274	0.0676810741383975
8	WGN07	0.0429227940000002	0.0175584464719634	716	0.00845059936159956	0.0773949886384008
9	WGN07	0.0495041239999992	0.0175584464719635	716	0.0150319293615983	0.0839763186384002
10	WGN07	-0.00311243169037737	0.0248400497128169	716	-0.0518804721827447	0.0456556088019899
11	WGN07	0.0167576983096226	0.0248400497128163	716	-0.0320103421827434	0.0655257388019886
13	WGN07	0.0324710025	0.0175584464719637	716	-0.00200119213840116	0.0669431971384012
14	WGN07	0.0244605449999993	0.0175584464719636	716	-0.0100116496384018	0.0589327396384004
15	WGN07	0.00978190749999931	0.0175584464719639	716	-0.0246902871384023	0.0442541021384009
16	WGN07	0.0164732144999991	0.0175584464719635	716	-0.0179989801384017	0.0509454091384
17	WGN07	0.0472294430000002	0.0175584464719634	716	0.0127572483615994	0.0817016376384009
18	WGN07	0.0251270465000007	0.0175584464719636	716	-0.00934514813840029	0.0595992411384018
21	WGN07	0.0490934729999987	0.0175584464719638	716	0.0146212783615971	0.0835656676384002
22	WGN07	0.0117953619999996	0.0175584464719632	716	-0.0226768326384008	0.0462675566384
23	WGN07	0.00533724330962102	0.024840049712816	716	-0.0434307971827443	0.0541052838019864
24	WGN07	0.00346224330962359	0.0248400497128155	716	-0.0453057971827408	0.052230283801988
25	WGN07	0.0322122433096224	0.0248400497128158	716	-0.0165557971827427	0.0809802838019875
26	WGN07	0.00942397899999946	0.0175584464719632	716	-0.0250482156384009	0.0438961736383999
27	WGN07	0.00513692849999973	0.0175584464719633	716	-0.0293352661384007	0.0396091231384001
28	WGN07	0.0277561729999986	0.0175584464719635	716	-0.00671602163840222	0.0622283676383994
29	WGN07	0.0246998389999985	0.0175584464719632	716	-0.00977235563840186	0.0591720336383989
30	WGN07	0.00555703599999956	0.0175584464719635	716	-0.0289151586384013	0.0400292306384004
31	WGN07	0.0590406409999999	0.0175584464719633	716	0.0245684463615995	0.0935128356384004
33	WGN07	-5.33816903766759e-05	0.0248400497128159	716	-0.0488214221827419	0.0487146588019885
34	WGN07	0.0240504809999994	0.0175584464719633	716	-0.0104217136384011	0.0585226756384
35	WGN07	0.0590177429999988	0.0175584464719632	716	0.0245455483615984	0.0934899376383991
36	WGN07	-0.00451502969037751	0.0248400497128163	716	-0.0532830701827435	0.0442530108019885
37	WGN07	-0.00304092169037841	0.0248400497128166	716	-0.051808962182745	0.0457271188019882
38	WGN07	0.0781497433096219	0.0248400497128161	716	0.0293817028172564	0.126917783801988
39	WGN07	0.00856255549999973	0.0175584464719635	716	-0.0259096391384011	0.0430347501384005
40	WGN07	0.0233784964999991	0.0175584464719632	716	-0.0110936981384012	0.0578506911383994
42	WGN07	0.029676074999999	0.0175584464719633	716	-0.00479611963840154	0.0641482696383995
44	WGN07	0.0334673659999997	0.0175584464719632	716	-0.00100482863840056	0.0679395606384
46	WGN07	0.00337295730962456	0.0248400497128167	716	-0.0453950831827423	0.0521409978019915
47	WGN07	0.0530818083096229	0.0248400497128158	716	0.00431376781725779	0.101849848801988
48	WGN07	-0.00545211669037646	0.0248400497128169	716	-0.0542201571827436	0.0433159238019907
49	WGN07	-0.00406474869037748	0.0248400497128158	716	-0.0528327891827426	0.0447032918019876
50	WGN07	0.0531932775000019	0.0175584464719637	716	0.0187210828616005	0.0876654721384033
51	WGN07	0.00658034499999942	0.0175584464719634	716	-0.0278918496384013	0.0410525396384002
52	WGN07	0.00263879749999969	0.0175584464719634	716	-0.031833397138401	0.0371109921384004
53	WGN07	0.0143183089999984	0.0175584464719632	716	-0.020153885638402	0.0487905036383987
54	WGN07	0.0207747696903763	0.0248400497128163	716	-0.0279932708019898	0.0695428101827424
56	WGN07	0.0128510476903747	0.0248400497128159	716	-0.0359169928019905	0.0616190881827398
57	WGN07	0.0175008564999991	0.0175584464719634	716	-0.0169713381384015	0.0519730511383998
58	WGN07	0.00809389149999948	0.0175584464719635	716	-0.0263783031384014	0.0425660861384004
59	WGN07	-0.00221586369037745	0.0248400497128163	716	-0.0509839041827435	0.0465521768019886
60	WGN07	0.0042884194999996	0.0175584464719634	716	-0.0301837751384012	0.0387606141384004
61	WGN07	0.0228082079999997	0.0175584464719634	716	-0.011663986638401	0.0572804026384004
63	WGN07	0.00825323149999992	0.0175584464719632	716	-0.0262189631384004	0.0427254261384002
64	WGN07	-0.00128173269037684	0.0248400497128159	716	-0.0500497731827421	0.0474863078019885
66	WGN07	0.0244468564999996	0.0175584464719634	716	-0.0100253381384011	0.0589190511384003
68	WGN07	0.028921568499999	0.0175584464719631	716	-0.00555062613840107	0.0633937631383991
69	WGN07	0.0420461303096238	0.024840049712816	716	-0.00672191018274168	0.0908141708019892
71	WGN07	0.00182762830962265	0.0248400497128164	716	-0.0469404121827436	0.0505956688019889
73	WGN07	0.0111752549999993	0.0175584464719634	716	-0.0232969396384014	0.0456474496384001
74	WGN07	0.0474156065000007	0.0175584464719632	716	0.0129434118616003	0.081887801138401
75	WGN07	0.00127817730962262	0.0248400497128166	716	-0.047489863182744	0.0500462178019892
76	WGN07	0.00395334799999971	0.0175584464719635	716	-0.0305188466384012	0.0384255426384006
77	WGN07	0.00777107099999988	0.0175584464719632	716	-0.0267011236384003	0.0422432656384001
78	WGN07	0.00420919799999963	0.0175584464719633	716	-0.0302629966384008	0.0386813926384001
79	WGN07	0.0477587139999991	0.0175584464719633	716	0.0132865193615985	0.0822309086383997
80	WGN07	0.00180431549999841	0.0175584464719631	716	-0.0326678791384016	0.0362765101383985
81	WGN07	0.012209192499999	0.0175584464719634	716	-0.0222630021384017	0.0466813871383997
82	WGN07	0.0154374790000004	0.0175584464719633	716	-0.0190347156384002	0.0499096736384009
84	WGN07	-0.00601260869037688	0.0248400497128162	716	-0.0547806491827428	0.042755431801989
85	WGN07	0.017532679999999	0.0175584464719633	716	-0.0169395146384014	0.0520048746383995
86	WGN07	0.00776185849999979	0.017558446471963	716	-0.0267103361384	0.0422340531383996
87	WGN07	0.0603177519999993	0.0175584464719631	716	0.0258455573615992	0.0947899466383993
88	WGN07	0.010230839	0.0175584464719634	716	-0.0242413556384006	0.0447030336384006
89	WGN07	0.0161936049999995	0.0175584464719632	716	-0.0182785896384008	0.0506657996383997
90	WGN07	0.0229420773096222	0.0248400497128163	716	-0.0258259631827438	0.0717101178019881
91	WGN07	0.0679813405000012	0.0175584464719637	716	0.0335091458615999	0.102453535138402
92	WGN07	0.0144667916903685	0.024840049712817	716	-0.0343012488019989	0.0632348321827359
93	WGN07	0.0306737813096252	0.0248400497128169	716	-0.018094259182742	0.0794418218019923
94	WGN07	0.0435977064999989	0.0175584464719634	716	0.00912551186159818	0.0780699011383997
95	WGN07	0.0109593069999992	0.0175584464719631	716	-0.0235128876384009	0.0454315016383992
96	WGN07	0.0107728316903757	0.0248400497128165	716	-0.0379952088019908	0.0595408721827421
97	WGN07	0.00964409430962317	0.0248400497128164	716	-0.0391239461827431	0.0584121348019895
98	WGN07	0.0490806619999988	0.0175584464719634	716	0.0146084673615981	0.0835528566383996
99	WGN07	0.00751795549999931	0.0175584464719634	716	-0.0269542391384014	0.0419901501384
100	WGN07	0.0175455763096218	0.0248400497128151	716	-0.031222464182742	0.0663136168019855
101	WGN07	-0.0015688516903762	0.0248400497128169	716	-0.0503368921827435	0.0471991888019911
102	WGN07	0.00705951399999954	0.0175584464719634	716	-0.0274126806384012	0.0415317086384003
103	WGN07	0.0257422375000013	0.0175584464719635	716	-0.00872995713839958	0.0602144321384022
104	WGN07	0.0100721224999996	0.0175584464719635	716	-0.0244000721384012	0.0445443171384005
105	WGN07	0.0752835769999979	0.0175584464719628	716	0.0408113823615984	0.109755771638397
106	WGN07	0.00472382830962336	0.0248400497128164	716	-0.0440442121827428	0.0534918688019895
107	WGN07	0.0224419829999994	0.0175584464719638	716	-0.0120302116384021	0.056914177638401
108	WGN07	0.0209907779999995	0.0175584464719631	716	-0.0134814166384007	0.0554629726383997
110	WGN07	0.00957158369037809	0.0248400497128162	716	-0.0391964568019878	0.0583396241827439
112	WGN07	0.0305431549999999	0.0175584464719634	716	-0.00392903963840092	0.0650153496384006
113	WGN07	0.000734970309624005	0.0248400497128167	716	-0.0480330701827428	0.0495030108019908
114	WGN07	-0.00559597569037648	0.0248400497128161	716	-0.0543640161827422	0.0431720648019892
115	WGN07	0.0278326329999997	0.0175584464719632	716	-0.00663956163840054	0.0623048276384
116	WGN07	0.0573814104999996	0.0175584464719635	716	0.0229092158615988	0.0918536051384004
117	WGN07	0.0187443439999998	0.0175584464719631	716	-0.0157278506384003	0.0532165386383998
118	WGN07	0.00895325769037582	0.0248400497128166	716	-0.0398147828019909	0.0577212981827425
119	WGN07	0.0355706794999985	0.0175584464719632	716	0.00109848486159818	0.0700428741383988
120	WGN07	0.0993551003096243	0.0248400497128166	716	0.0505870598172577	0.148123140801991
121	WGN07	0.0214826839999997	0.0175584464719633	716	-0.0129895106384008	0.0559548786384002
122	WGN07	0.116161823309626	0.0248400497128169	716	0.0673937828172585	0.164929863801993
123	WGN07	0.0321722833096225	0.0248400497128158	716	-0.0165957571827425	0.0809403238019876
124	WGN07	0.104575879309623	0.0248400497128164	716	0.0558078388172569	0.153343919801989
125	WGN07	0.0107131749999999	0.0175584464719632	716	-0.0237590196384005	0.0451853696384002
126	WGN07	0.00976144069037616	0.0248400497128161	716	-0.0390065998019895	0.0585294811827418
127	WGN07	0.0282754839999998	0.0175584464719635	716	-0.00619671063840109	0.0627476786384007
128	WGN07	0.0510713386903763	0.0248400497128163	716	0.00230329819801027	0.0998393791827424
129	WGN07	0.0399419909999997	0.0175584464719633	716	0.00546979636159918	0.0744141856384002
130	WGN07	0.00449550449999948	0.0175584464719634	716	-0.0299766901384012	0.0389676991384002
1	WGN15	0.0180694404999996	0.0175584464719625	716	-0.0164027541383994	0.0525416351383986
3	WGN15	0.00436347900000012	0.0175584464719632	716	-0.0301087156384002	0.0388356736384005
5	WGN15	0.0160906349999997	0.0175584464719634	716	-0.018381559638401	0.0505628296384004
7	WGN15	0.0121513926903768	0.0248400497128161	716	-0.0366166478019889	0.0609194331827425
8	WGN15	0.00867804399999941	0.0175584464719636	716	-0.0257941506384017	0.0431502386384005
9	WGN15	0.0154421145	0.0175584464719636	716	-0.0190300801384012	0.0499143091384011
10	WGN15	-0.00675469869037656	0.0248400497128163	716	-0.0555227391827426	0.0420133418019895
11	WGN15	0.0130611946903764	0.0248400497128163	716	-0.0357068458019897	0.0618292351827425
12	WGN15	0.0228713075000003	0.0175584464719634	716	-0.0116008871384004	0.0573435021384011
13	WGN15	0.00221224330962292	0.0248400497128164	716	-0.0465557971827434	0.0509802838019892
14	WGN15	0.0647928883096227	0.0248400497128162	716	0.0160248478172568	0.113560928801989
15	WGN15	0.0131032349999999	0.0175584464719634	716	-0.0213689596384009	0.0475754296384006
16	WGN15	0.0156443554999998	0.0175584464719635	716	-0.0188278391384011	0.0501165501384008
17	WGN15	0.068299200309625	0.0248400497128168	716	0.0195311598172579	0.117067240801992
18	WGN15	0.00438615630962311	0.0248400497128164	716	-0.0443818841827432	0.0531541968019894
19	WGN15	0.0288932495	0.0175584464719633	716	-0.00557894513840057	0.0633654441384006
21	WGN15	0.00782972399999985	0.0175584464719634	716	-0.0266424706384009	0.0423019186384006
22	WGN15	0.0119371364999998	0.0175584464719634	716	-0.0225350581384008	0.0464093311384004
23	WGN15	0.00817665950000023	0.0175584464719632	716	-0.0262955351384	0.0426488541384005
24	WGN15	-0.0024306136903768	0.0248400497128164	716	-0.051198654182743	0.0463374268019894
25	WGN15	0.00100923530962388	0.024840049712816	716	-0.0477588051827415	0.0497772758019893
27	WGN15	0.00926383399999913	0.0175584464719633	716	-0.0252083606384013	0.0437360286383995
28	WGN15	0.00883831499999942	0.0175584464719637	716	-0.025633879638402	0.0433105096384008
29	WGN15	0.0126730150000005	0.0175584464719633	716	-0.0217991796383999	0.0471452096384009
30	WGN15	0.0192122433096232	0.0248400497128161	716	-0.0295557971827424	0.0679802838019888
31	WGN15	-0.0050703656903769	0.0248400497128162	716	-0.0538384061827428	0.043697674801989
32	WGN15	0.00919620769037636	0.024840049712816	716	-0.0395718328019891	0.0579642481827419
33	WGN15	0.0151852163096233	0.0248400497128166	716	-0.0335828241827433	0.0639532568019899
34	WGN15	0.00341927100000038	0.0175584464719638	716	-0.031052923638401	0.0378914656384018
36	WGN15	0.00179804230962328	0.0248400497128166	716	-0.0469699981827434	0.05056608280199
37	WGN15	-0.00394160269037743	0.0248400497128167	716	-0.0527096431827443	0.0448264378019894
39	WGN15	0.0204613094999999	0.0175584464719634	716	-0.0140108851384009	0.0549335041384006
40	WGN15	0.0165569989999999	0.0175584464719633	716	-0.0179151956384007	0.0510291936384004
41	WGN15	-0.00463649569037759	0.0248400497128168	716	-0.0534045361827447	0.0441315448019895
44	WGN15	0.0116956154999998	0.0175584464719633	716	-0.0227765791384006	0.0461678101384003
45	WGN15	-0.00442536569037706	0.0248400497128164	716	-0.0531934061827433	0.0443426748019891
46	WGN15	0.00238680449999976	0.0175584464719633	716	-0.0320853901384008	0.0368589991384004
47	WGN15	0.0169741483096232	0.024840049712816	716	-0.0317938921827422	0.0657421888019886
48	WGN15	-0.0031723716903771	0.0248400497128166	716	-0.0519404121827437	0.0455956688019895
50	WGN15	0.00675101899999959	0.0175584464719635	716	-0.0277211756384013	0.0412232136384005
51	WGN15	-0.000330370690378709	0.0248400497128159	716	-0.049098411182744	0.0484376698019865
52	WGN15	0.0162171094999997	0.0175584464719634	716	-0.0182550851384009	0.0506893041384004
54	WGN15	0.0124031416903763	0.0248400497128164	716	-0.03636489880199	0.0611711821827426
55	WGN15	0.0239661655000005	0.0175584464719634	716	-0.0105060291384003	0.0584383601384012
56	WGN15	0.00225692249999962	0.0175584464719632	716	-0.0322152721384007	0.0367291171383999
59	WGN15	0.03143085	0.0175584464719636	716	-0.00304134463840104	0.065903044638401
60	WGN15	0.00925834469037505	0.0248400497128171	716	-0.0395096958019926	0.0580263851827427
61	WGN15	0.00764431199999971	0.0175584464719633	716	-0.0268278826384008	0.0421165066384002
62	WGN15	0.00675146750000012	0.0175584464719632	716	-0.0277207271384002	0.0412236621384005
63	WGN15	-0.00257540169037664	0.0248400497128161	716	-0.0513434421827423	0.046192638801989
64	WGN15	0.00503275630962388	0.0248400497128158	716	-0.0437352841827411	0.0538007968019889
67	WGN15	0.0072364164999996	0.0175584464719637	716	-0.0272357781384017	0.0417086111384009
68	WGN15	0.00254519430962331	0.0248400497128161	716	-0.0462228461827423	0.051313234801989
69	WGN15	0.0135797643096247	0.0248400497128166	716	-0.0351882761827419	0.0623478048019914
70	WGN15	0.0441225185000001	0.0175584464719636	716	0.00965032386159897	0.0785947131384011
71	WGN15	0.00863015330962216	0.0248400497128166	716	-0.0401378871827445	0.0573981938019888
73	WGN15	0.0149245669999993	0.0175584464719632	716	-0.0195476276384011	0.0493967616383996
74	WGN15	-0.00227305069037666	0.0248400497128161	716	-0.0510410911827423	0.0464949898019889
75	WGN15	0.00785543649999989	0.0175584464719634	716	-0.0266167581384008	0.0423276311384006
77	WGN15	-0.00553775669037692	0.024840049712816	716	-0.0543057971827425	0.0432302838019886
78	WGN15	0.0116654829999997	0.0175584464719634	716	-0.022806711638401	0.0461376776384005
79	WGN15	-0.00183537569037654	0.0248400497128158	716	-0.0506034161827416	0.0469326648019885
80	WGN15	-0.00622931469037801	0.0248400497128159	716	-0.0549973551827433	0.0425387258019873
81	WGN15	0.00922004150000003	0.0175584464719634	716	-0.0252521531384007	0.0436922361384008
82	WGN15	0.0183759916903763	0.0248400497128162	716	-0.0303920488019896	0.0671440321827422
84	WGN15	0.0143238214999997	0.0175584464719634	716	-0.0201483731384011	0.0487960161384004
85	WGN15	0.0614332845	0.0175584464719633	716	0.0269610898615994	0.0959054791384006
86	WGN15	-0.00628925569037698	0.0248400497128161	716	-0.0550572961827427	0.0424787848019887
87	WGN15	0.0274767804999987	0.0175584464719634	716	-0.00699541413840202	0.0619489751383993
88	WGN15	0.0117665366903768	0.0248400497128167	716	-0.0370015038019901	0.0605345771827437
89	WGN15	0.00845394749999983	0.0175584464719633	716	-0.0260182471384007	0.0429261421384003
90	WGN15	-0.00388743169037685	0.0248400497128162	716	-0.0526554721827427	0.0448806088019889
91	WGN15	0.00499962249999957	0.0175584464719632	716	-0.0294725721384006	0.0394718171383998
93	WGN15	0.017983368	0.0175584464719632	716	-0.0164888266384004	0.0524555626384004
94	WGN15	0.00495320849999965	0.0175584464719633	716	-0.0295189861384008	0.0394254031384001
96	WGN15	0.00544753730962325	0.0248400497128162	716	-0.0433205031827426	0.0542155778019891
97	WGN15	0.00603985999999962	0.0175584464719635	716	-0.0284323346384012	0.0405120546384005
98	WGN15	0.00856630369037621	0.0248400497128161	716	-0.0402017368019894	0.0573343441827418
99	WGN15	0.0456249999999998	0.0175584464719636	716	0.0111528053615988	0.0800971946384008
101	WGN15	0.0462568784999999	0.0175584464719634	716	0.0117846838615992	0.0807290731384005
102	WGN15	-0.00426662969037716	0.0248400497128168	716	-0.0530346701827441	0.0445014108019898
103	WGN15	0.00315818930962316	0.0248400497128163	716	-0.0456098511827428	0.0519262298019891
106	WGN15	-0.00451502969037688	0.024840049712816	716	-0.0532830701827424	0.0442530108019887
107	WGN15	-0.00091227969037587	0.0248400497128164	716	-0.0496803201827421	0.0478557608019904
108	WGN15	-0.00574694069037486	0.0248400497128161	716	-0.0545149811827404	0.0430210998019907
109	WGN15	0.00998073869037647	0.0248400497128166	716	-0.0387873018019903	0.0587487791827432
110	WGN15	0.00503036849999958	0.0175584464719634	716	-0.0294418261384011	0.0395025631384002
111	WGN15	-0.00426525169037679	0.0248400497128162	716	-0.0530332921827427	0.0445027888019891
115	WGN15	0.0198881115000005	0.0175584464719635	716	-0.0145840831384004	0.0543603061384013
118	WGN15	0.00627885700000007	0.0175584464719633	716	-0.0281933376384005	0.0407510516384006
119	WGN15	-0.0014843526903766	0.0248400497128158	716	-0.0502523931827417	0.0472836878019885
120	WGN15	0.012325571690377	0.0248400497128166	716	-0.0364424688019896	0.0610936121827437
121	WGN15	0.0208935623096234	0.0248400497128164	716	-0.0278744781827429	0.0696616028019896
122	WGN15	0.0675155796903765	0.0248400497128165	716	0.0187475391980101	0.116283620182743
123	WGN15	0.0383651455000008	0.0175584464719634	716	0.00389295086160018	0.0728373401384014
124	WGN15	0.0324499029999995	0.0175584464719634	716	-0.00202229163840111	0.0669220976384001
125	WGN15	0.00289138099999918	0.0175584464719633	716	-0.0315808136384013	0.0373635756383997
126	WGN15	0.0167861360000003	0.0175584464719634	716	-0.0176860586384004	0.0512583306384009
127	WGN15	0.0199829929999994	0.0175584464719636	716	-0.0144892016384016	0.0544551876384005
128	WGN15	0.0129871604999996	0.0175584464719632	716	-0.0214850341384007	0.0474593551383999
129	WGN15	0.0305150296903762	0.0248400497128165	716	-0.0182530108019902	0.0792830701827426
130	WGN15	0.0448074390000004	0.0175584464719635	716	0.0103352443615995	0.0792796336384012
1	WGN26	0.0511708685000078	0.0175584464719621	716	0.0166986738616096	0.085643063138406
3	WGN26	-0.0028487326903783	0.0248400497128166	716	-0.051616773182745	0.0459193078019884
4	WGN26	-0.00466925369037581	0.024840049712816	716	-0.0534372941827414	0.0440987868019897
5	WGN26	0.064436796999999	0.0175584464719633	716	0.0299646023615984	0.0989089916383995
6	WGN26	0.022493638690375	0.0248400497128165	716	-0.0262744018019915	0.0712616791827414
7	WGN26	0.036585297999998	0.0175584464719636	716	0.00211310336159688	0.0710574926383991
8	WGN26	0.0433809766903758	0.0248400497128158	716	-0.00538706380198935	0.0921490171827409
9	WGN26	-0.00482723069037692	0.0248400497128162	716	-0.0535952711827427	0.0439408098019889
10	WGN26	0.00935761569037488	0.0248400497128165	716	-0.0394104248019915	0.0581256561827412
11	WGN26	0.0104954589999993	0.0175584464719633	716	-0.0239767356384012	0.0449676536383997
12	WGN26	0.0052571459999968	0.0175584464719638	716	-0.0292150486384047	0.0397293406383983
13	WGN26	0.0110630354999969	0.0175584464719638	716	-0.0234091591384045	0.0455352301383984
14	WGN26	0.0113859274999984	0.0175584464719635	716	-0.0230862671384026	0.0458581221383993
15	WGN26	0.0273786374999984	0.0175584464719636	716	-0.00709355713840258	0.0618508321383994
17	WGN26	0.0277288879999989	0.0175584464719632	716	-0.00674330663840141	0.0622010826383991
18	WGN26	0.0526256529999988	0.0175584464719634	716	0.0181534583615981	0.0870978476383995
19	WGN26	0.0427083334999988	0.0175584464719633	716	0.00823613886159836	0.0771805281383993
20	WGN26	0.0837639673096227	0.0248400497128165	716	0.0349959268172563	0.132532007801989
21	WGN26	0.0326728064999992	0.0175584464719633	716	-0.00179938813840124	0.0671450011383996
22	WGN26	0.0594406496903754	0.0248400497128162	716	0.0106726091980095	0.108208690182741
23	WGN26	0.0338789103096228	0.0248400497128162	716	-0.0148891301827431	0.0826469508019887
24	WGN26	0.00753732030962214	0.0248400497128165	716	-0.0412307201827443	0.0563053608019885
25	WGN26	0.00969800599999898	0.0175584464719633	716	-0.0247741886384015	0.0441702006383995
27	WGN26	0.0109952674999994	0.0175584464719633	716	-0.0234769271384011	0.0454674621383998
28	WGN26	0.016842082690375	0.0248400497128165	716	-0.0319259578019913	0.0656101231827414
30	WGN26	0.0290895316903758	0.024840049712816	716	-0.0196785088019897	0.0778575721827413
31	WGN26	0.0729761904999992	0.0175584464719635	716	0.0385039958615984	0.1074483851384
32	WGN26	-0.00383171269037734	0.0248400497128163	716	-0.0525997531827435	0.0449363278019888
34	WGN26	0.00814236549999817	0.0175584464719635	716	-0.0263298291384026	0.042614560138399
35	WGN26	0.0861579489999984	0.0175584464719633	716	0.0516857543615979	0.120630143638399
36	WGN26	0.0118909969999987	0.0175584464719634	716	-0.0225811976384019	0.0463631916383994
38	WGN26	0.0329502504999987	0.0175584464719635	716	-0.00152194413840216	0.0674224451383995
39	WGN26	0.0725281954999984	0.0175584464719634	716	0.0380560008615978	0.107000390138399
40	WGN26	0.00610283149999914	0.0175584464719634	716	-0.0283693631384015	0.0405750261383997
41	WGN26	0.0241720779999988	0.0175584464719634	716	-0.010300116638402	0.0586442726383996
42	WGN26	0.0960917414999999	0.0175584464719636	716	0.0616195468615989	0.130563936138401
43	WGN26	0.0381317049999991	0.0175584464719631	716	0.00365951036159901	0.0726038996383992
44	WGN26	0.061458456999999	0.0175584464719636	716	0.026986262361598	0.0959306516384
45	WGN26	0.00678451899999878	0.0175584464719634	716	-0.0276876756384018	0.0412567136383994
46	WGN26	0.0393247074999987	0.0175584464719635	716	0.00485251286159791	0.0737969021383995
47	WGN26	0.00492410730962219	0.0248400497128164	716	-0.043843933182744	0.0536921478019884
49	WGN26	0.0466340123096222	0.0248400497128164	716	-0.00213402818274406	0.0954020528019884
50	WGN26	0.0411532339999995	0.0175584464719633	716	0.00668103936159903	0.0756254286384
51	WGN26	0.106644230999998	0.0175584464719634	716	0.0721720363615977	0.141116425638399
52	WGN26	0.0321802554999985	0.0175584464719635	716	-0.00229193913840234	0.0666524501383993
53	WGN26	0.0281748494999986	0.0175584464719634	716	-0.00629734513840213	0.0626470441383993
54	WGN26	0.00440340949999937	0.0175584464719635	716	-0.0300687851384015	0.0388756041384002
55	WGN26	0.192266639499997	0.0175584464719636	716	0.157794444861596	0.226738834138398
56	WGN26	0.0131386554999998	0.0175584464719632	716	-0.0213335391384006	0.0476108501384001
57	WGN26	0.0341283714999983	0.0175584464719635	716	-0.000343823138402588	0.0686005661383991
58	WGN26	0.0162306649999987	0.0175584464719631	716	-0.0182415296384015	0.0507028596383989
60	WGN26	0.0656150844999984	0.0175584464719634	716	0.0311428898615976	0.100087279138399
62	WGN26	0.047212243309622	0.0248400497128167	716	-0.00155579718274475	0.0959802838019888
64	WGN26	0.0046402519999988	0.0175584464719633	716	-0.0298319426384017	0.0391124466383993
65	WGN26	0.0107547896903765	0.0248400497128162	716	-0.0380132508019893	0.0595228301827423
66	WGN26	0.0606382194999989	0.0175584464719635	716	0.026166024861598	0.0951104141383999
67	WGN26	0.0237175959999991	0.0175584464719634	716	-0.0107545986384015	0.0581897906383997
68	WGN26	0.0299171613096223	0.0248400497128163	716	-0.0188508791827437	0.0786852018019884
69	WGN26	0.0779411594999979	0.0175584464719631	716	0.0434689648615978	0.112413354138398
70	WGN26	0.0296187426903761	0.024840049712816	716	-0.0191492978019894	0.0783867831827416
71	WGN26	-0.00257942369037748	0.0248400497128162	716	-0.0513474641827432	0.0461886168019883
72	WGN26	0.012584476309622	0.0248400497128166	716	-0.0361835641827446	0.0613525168019887
73	WGN26	0.0118714319999978	0.0175584464719635	716	-0.0226007626384031	0.0463436266383988
74	WGN26	0.0151951636903753	0.0248400497128163	716	-0.0335728768019908	0.0639632041827415
75	WGN26	0.0703395704999984	0.0175584464719633	716	0.0358673758615979	0.104811765138399
76	WGN26	-0.00149405069037649	0.0248400497128162	716	-0.0502620911827423	0.0472739898019893
77	WGN26	0.0229974489999982	0.0175584464719635	716	-0.0114747456384027	0.0574696436383992
78	WGN26	0.00365292130962149	0.0248400497128168	716	-0.0451151191827455	0.0524209618019885
79	WGN26	0.0128098273096231	0.0248400497128161	716	-0.0359582131827425	0.0615778678019887
80	WGN26	0.00285436949999869	0.0175584464719634	716	-0.0316178251384019	0.0373265641383993
81	WGN26	0.0382571073096222	0.0248400497128165	716	-0.0105109331827443	0.0870251478019886
82	WGN26	0.0468997433096222	0.0248400497128161	716	-0.00186829718274347	0.095667783801988
83	WGN26	0.0182383623096215	0.0248400497128171	716	-0.0305296781827461	0.0670064028019891
85	WGN26	0.012499128309623	0.0248400497128167	716	-0.0362689121827438	0.0612671688019898
86	WGN26	0.00966537830962436	0.0248400497128158	716	-0.0391026621827408	0.0584334188019895
87	WGN26	0.0765448919999977	0.0175584464719634	716	0.042072697361597	0.111017086638398
88	WGN26	0.070723344499999	0.0175584464719634	716	0.0362511498615982	0.1051955391384
89	WGN26	0.00978260849999888	0.0175584464719633	716	-0.0246895861384016	0.0442548031383993
90	WGN26	0.0103229676903757	0.0248400497128159	716	-0.0384450728019895	0.0590910081827409
91	WGN26	0.0143626374999986	0.0175584464719633	716	-0.0201095571384019	0.0488348321383991
92	WGN26	0.00536292830962244	0.0248400497128163	716	-0.0434051121827436	0.0541309688019885
93	WGN26	0.0587263744999994	0.0175584464719635	716	0.0242541798615986	0.0931985691384003
94	WGN26	0.0273648649999991	0.0175584464719633	716	-0.00710732963840143	0.0618370596383997
95	WGN26	0.020404857999998	0.0175584464719636	716	-0.014067336638403	0.0548770526383991
96	WGN26	0.00317715530962159	0.0248400497128165	716	-0.0455908851827449	0.0519451958019881
97	WGN26	0.0728004729999988	0.0175584464719635	716	0.0383282783615979	0.1072726676384
98	WGN26	0.0139528044999987	0.0175584464719634	716	-0.0205193901384021	0.0484249991383995
99	WGN26	0.0410814149999983	0.0175584464719634	716	0.00660922036159756	0.0755536096383989
100	WGN26	0.021359439999999	0.0175584464719631	716	-0.0131127546384012	0.0558316346383991
101	WGN26	0.00364081430962259	0.0248400497128162	716	-0.0451272261827433	0.0524088548019885
103	WGN26	0.0166445716903755	0.0248400497128161	716	-0.0321234688019902	0.0654126121827412
104	WGN26	0.054299384690375	0.0248400497128166	716	0.0055313441980084	0.103067425182742
105	WGN26	0.0820745794999992	0.0175584464719634	716	0.0476023848615984	0.1165467741384
106	WGN26	0.0198278906903753	0.0248400497128164	716	-0.0289401498019909	0.0685959311827415
108	WGN26	0.016338117309622	0.0248400497128167	716	-0.0324299231827448	0.0651061578019887
109	WGN26	0.0226830984999989	0.0175584464719632	716	-0.0117890961384015	0.0571552931383992
111	WGN26	0.055115089499999	0.0175584464719633	716	0.0206428948615985	0.0895872841383994
112	WGN26	0.0165766719999984	0.0175584464719635	716	-0.0178955226384024	0.0510488666383992
113	WGN26	0.018769620309622	0.0248400497128164	716	-0.0299984201827442	0.0675376608019882
114	WGN26	0.00538442999999901	0.0175584464719634	716	-0.0290877646384017	0.0398566246383997
115	WGN26	0.0786877829999991	0.0175584464719633	716	0.0442155883615986	0.113159977638399
118	WGN26	0.044940475999999	0.0175584464719633	716	0.0104682813615985	0.0794126706383994
119	WGN26	0.071406794499999	0.0175584464719634	716	0.0369345998615982	0.1058789891384
120	WGN26	0.0159276583096226	0.0248400497128163	716	-0.0328403821827434	0.0646956988019886
121	WGN26	0.0634425609999985	0.0175584464719635	716	0.0289703663615975	0.0979147556383995
122	WGN26	0.0204627604999986	0.0175584464719634	716	-0.0140094341384021	0.0549349551383992
123	WGN26	0.0555925253096224	0.0248400497128164	716	0.00682448481725619	0.104360565801989
125	WGN26	0.117212243309622	0.0248400497128163	716	0.0684442028172557	0.165980283801988
126	WGN26	0.0275020426903758	0.0248400497128163	716	-0.0212659978019903	0.0762700831827419
127	WGN26	0.0389580704999991	0.0175584464719634	716	0.00448587586159841	0.0734302651383997
128	WGN26	0.0934411656903747	0.0248400497128164	716	0.0446731251980084	0.142209206182741
129	WGN26	0.0107332199999993	0.0175584464719634	716	-0.0237389746384015	0.0452054146384
130	WGN26	0.0263312674999984	0.0175584464719635	716	-0.00814092713840246	0.0608034621383993
1	WGN36	0.0267351246903973	0.0248400497128193	716	-0.0220329158019747	0.0755031651827693
2	WGN36	0.0247204970000002	0.0175584464719632	716	-0.00975169763840016	0.0591926916384006
4	WGN36	0.0544190139999998	0.0175584464719631	716	0.0199468193615997	0.0888912086383999
5	WGN36	-0.0054168396903768	0.0248400497128166	716	-0.0541848801827434	0.0433512008019898
6	WGN36	0.00279754830962405	0.0248400497128162	716	-0.0459704921827419	0.0515655888019899
7	WGN36	0.0160295146903761	0.0248400497128164	716	-0.0327385258019901	0.0647975551827424
8	WGN36	0.0541054995000006	0.0175584464719634	716	0.0196333048615999	0.0885776941384014
9	WGN36	-0.00493875369037697	0.0248400497128167	716	-0.0537067941827438	0.0438292868019899
10	WGN36	0.00577406299999986	0.0175584464719634	716	-0.0286981316384008	0.0402462576384005
11	WGN36	0.0175745623096234	0.0248400497128166	716	-0.0311934781827433	0.06634260280199
12	WGN36	0.0119415795000002	0.0175584464719633	716	-0.0225306151384003	0.0464137741384007
13	WGN36	0.0438311690000004	0.0175584464719635	716	0.00935897436159952	0.0783033636384013
14	WGN36	0.0109677084999995	0.0175584464719637	716	-0.0235044861384018	0.0454399031384009
15	WGN36	0.0450239869999997	0.0175584464719629	716	0.0105517923616	0.0794961816383994
16	WGN36	0.0247586870000002	0.0175584464719634	716	-0.00971350763840051	0.0592308816384008
17	WGN36	0.0474084950000006	0.0175584464719635	716	0.0129363003615996	0.0818806896384015
18	WGN36	-0.00451978269037522	0.0248400497128159	716	-0.0532878231827405	0.04424825780199
19	WGN36	0.0394150403096239	0.0248400497128167	716	-0.00935300018274298	0.0881830808019907
20	WGN36	0.0735670520000017	0.0175584464719635	716	0.0390948573616007	0.108039246638403
21	WGN36	0.0165150450000005	0.0175584464719633	716	-0.0179571496384	0.0509872396384009
22	WGN36	0.0564784130000004	0.0175584464719634	716	0.0220062183615998	0.090950607638401
23	WGN36	0.00895354600000051	0.0175584464719633	716	-0.0255186486384001	0.0434257406384011
24	WGN36	0.0456424890000005	0.0175584464719634	716	0.0111702943615998	0.0801146836384012
26	WGN36	0.0670428430000012	0.0175584464719635	716	0.0325706483616003	0.101515037638402
27	WGN36	-0.00645085869037649	0.0248400497128164	716	-0.0552188991827428	0.0423171818019898
28	WGN36	0.0753040539999997	0.0175584464719632	716	0.0408318593615993	0.1097762486384
30	WGN36	0.0287897865000002	0.0175584464719631	716	-0.0056824081383999	0.0632619811384004
31	WGN36	0.0482517485000005	0.0175584464719635	716	0.0137795538615996	0.0827239431384013
33	WGN36	0.0399622895000005	0.0175584464719633	716	0.00549009486159999	0.0744344841384011
34	WGN36	0.0145796305000002	0.0175584464719634	716	-0.0198925641384004	0.0490518251384009
35	WGN36	0.0154800555000002	0.0175584464719634	716	-0.0189921391384006	0.0499522501384009
36	WGN36	0.0239516130000003	0.0175584464719632	716	-0.0105205816384001	0.0584238076384006
37	WGN36	0.0601687086903778	0.0248400497128168	716	0.0114006681980108	0.108936749182745
38	WGN36	0.0111359706903766	0.0248400497128165	716	-0.0376320698019899	0.059904011182743
39	WGN36	0.053681044	0.0175584464719633	716	0.0192088493615996	0.0881532386384005
40	WGN36	0.00170591430962429	0.0248400497128161	716	-0.0470621261827413	0.0504739548019899
41	WGN36	0.00170554000000062	0.0175584464719632	716	-0.0327666546383997	0.0361777346384009
42	WGN36	0.0108669645000004	0.0175584464719632	716	-0.0236052301383998	0.0453391591384006
43	WGN36	0.0876348335	0.0175584464719633	716	0.0531626388615995	0.1221070281384
44	WGN36	0.00184472200000037	0.0175584464719633	716	-0.0326274726384001	0.0363169166384008
45	WGN36	0.00784423750000042	0.0175584464719632	716	-0.0266279571383999	0.0423164321384007
46	WGN36	0.0533874819999997	0.0175584464719631	716	0.0189152873615996	0.0878596766383999
47	WGN36	0.0205555555000002	0.0175584464719633	716	-0.0139166391384003	0.0550277501384006
48	WGN36	0.0175795980000001	0.0175584464719635	716	-0.0168925966384008	0.052051792638401
49	WGN36	0.0182941829999999	0.0175584464719633	716	-0.0161780116384007	0.0527663776384005
51	WGN36	0.1065491005	0.0175584464719633	716	0.0720769058615998	0.141021295138401
52	WGN36	0.0204801055000005	0.0175584464719633	716	-0.0139920891384001	0.0549523001384011
54	WGN36	0.0127583565000006	0.0175584464719631	716	-0.0217138381383994	0.0472305511384007
55	WGN36	0.0217736125000004	0.0175584464719633	716	-0.0126985821384001	0.0562458071384009
56	WGN36	0.0616156420000004	0.0175584464719633	716	0.0271434473615999	0.0960878366384009
57	WGN36	0.0331455460000003	0.0175584464719634	716	-0.00132664863840042	0.067617740638401
58	WGN36	0.0815932980000001	0.0175584464719633	716	0.0471211033615997	0.116065492638401
59	WGN36	0.044580953	0.0175584464719632	716	0.0101087583615998	0.0790531476384002
60	WGN36	0.05230513	0.0175584464719632	716	0.0178329353615997	0.0867773246384002
62	WGN36	0.0660881455000006	0.0175584464719634	716	0.0316159508616	0.100560340138401
64	WGN36	0.00730665750000041	0.0175584464719633	716	-0.0271655371384001	0.0417788521384009
65	WGN36	0.0234006820000003	0.0175584464719634	716	-0.0110715126384004	0.057872876638401
66	WGN36	0.0218872950000002	0.0175584464719634	716	-0.0125848996384005	0.056359489638401
68	WGN36	0.0175643563096236	0.0248400497128164	716	-0.0312036841827426	0.0663323968019899
69	WGN36	0.0573706143096235	0.0248400497128164	716	0.00860257381725731	0.10613865480199
70	WGN36	-0.00588634869037598	0.0248400497128163	716	-0.054654389182742	0.0428816918019901
71	WGN36	0.0123488385000001	0.0175584464719634	716	-0.0221233561384006	0.0468210331384008
72	WGN36	0.00921874550000046	0.0175584464719632	716	-0.0252534491383999	0.0436909401384008
74	WGN36	0.0384897995000004	0.0175584464719634	716	0.00401760486159964	0.0729619941384012
75	WGN36	0.0161438673096239	0.0248400497128161	716	-0.0326241731827419	0.0649119078019896
76	WGN36	0.0224975080000002	0.0175584464719633	716	-0.0119746866384003	0.0569697026384007
77	WGN36	0.0207702095000005	0.0175584464719634	716	-0.0137019851384002	0.0552424041384011
78	WGN36	0.0181566515000003	0.0175584464719633	716	-0.0163155431384003	0.0526288461384008
79	WGN36	-0.00633026669037618	0.0248400497128163	716	-0.0550983071827423	0.0424377738019899
81	WGN36	0.0420956885000001	0.0175584464719633	716	0.00762349386159952	0.0765678831384006
82	WGN36	0.0219598393096235	0.0248400497128163	716	-0.0268082011827426	0.0707278798019896
83	WGN36	0.00206072830962455	0.0248400497128166	716	-0.0467073121827421	0.0508287688019912
84	WGN36	0.0389463805000005	0.0175584464719634	716	0.0044741858615999	0.0734185751384011
85	WGN36	0.0100693863096235	0.0248400497128164	716	-0.0386986541827428	0.0588374268019898
86	WGN36	0.00586068350000028	0.0175584464719633	716	-0.0286115111384002	0.0403328781384007
88	WGN36	0.00356774500000038	0.0175584464719633	716	-0.0309044496384001	0.0380399396384009
89	WGN36	0.0252056765000006	0.0175584464719632	716	-0.00926651813839971	0.0596778711384009
90	WGN36	-0.00378775669037625	0.0248400497128163	716	-0.0525557971827423	0.0449802838019898
92	WGN36	0.0387544010000003	0.0175584464719633	716	0.00428220636159976	0.0732265956384008
94	WGN36	0.00872059269037693	0.0248400497128164	716	-0.0400474478019894	0.0574886331827432
95	WGN36	0.0273429585000005	0.0175584464719632	716	-0.00712923613839983	0.0618151531384008
96	WGN36	0.0664017095000001	0.0175584464719634	716	0.0319295148615994	0.100873904138401
97	WGN36	0.0246383315000001	0.0175584464719634	716	-0.00983386313840058	0.0591105261384008
98	WGN36	0.0263152174999999	0.0175584464719634	716	-0.00815697713840078	0.0607874121384005
99	WGN36	-0.00666695969037673	0.0248400497128164	716	-0.055435000182743	0.0421010808019896
100	WGN36	0.000117381309623478	0.0248400497128163	716	-0.0486506591827425	0.0488854218019895
102	WGN36	0.00975927869037683	0.0248400497128163	716	-0.0390087618019891	0.0585273191827428
104	WGN36	0.0336145145000006	0.0175584464719632	716	-0.000857680138399666	0.068086709138401
105	WGN36	0.0327294843096236	0.0248400497128164	716	-0.0160385561827426	0.0814975248019898
106	WGN36	0.0054184785000002	0.0175584464719633	716	-0.0290537161384004	0.0398906731384008
109	WGN36	0.0128652345000003	0.0175584464719633	716	-0.0216069601384002	0.0473374291384008
110	WGN36	-0.00177171369037649	0.0248400497128163	716	-0.0505397541827425	0.0469963268019896
112	WGN36	0.00212539250000036	0.0175584464719632	716	-0.0323468021384	0.0365975871384007
114	WGN36	0.00941113369037654	0.0248400497128164	716	-0.0393569068019897	0.0581791741827428
116	WGN36	0.0135597626903769	0.0248400497128163	716	-0.0352082778019892	0.062327803182743
117	WGN36	0.00924018800000023	0.0175584464719633	716	-0.0252320066384002	0.0437123826384007
118	WGN36	0.0249417020000001	0.0175584464719633	716	-0.00953049263840042	0.0594138966384007
120	WGN36	0.0930735935000003	0.0175584464719633	716	0.0586013988615999	0.127545788138401
121	WGN36	0.0223175035000002	0.0175584464719633	716	-0.0121546911384004	0.0567896981384007
122	WGN36	0.0350108225000007	0.0175584464719635	716	0.000538627861599771	0.0694830171384015
123	WGN36	0.0677159794999997	0.0175584464719633	716	0.0332437848615992	0.1021881741384
124	WGN36	0.0311661980000004	0.0175584464719632	716	-0.00330599663839997	0.0656383926384007
125	WGN36	0.0318249193096239	0.0248400497128162	716	-0.016943121182742	0.0805929598019897
126	WGN36	0.0869711539999992	0.0175584464719632	716	0.0524989593615989	0.121443348638399
127	WGN36	0.0275836355000003	0.0175584464719634	716	-0.00688855913840039	0.062055830138401
128	WGN36	0.00908724330962321	0.0248400497128167	716	-0.0396807971827436	0.05785528380199
129	WGN36	0.017302681690377	0.0248400497128162	716	-0.0314653588019889	0.0660707221827428
130	WGN36	0.0177027025000004	0.0175584464719632	716	-0.0167694921384	0.0521748971384007
1	WGN38	0.0471336429999992	0.0175584464719645	716	0.0126614483615963	0.0816058376384021
3	WGN38	0.0355277513096256	0.0248400497128163	716	-0.0132402891827404	0.0842957918019916
4	WGN38	-0.000548374690374638	0.0248400497128161	716	-0.0493164151827403	0.048219665801991
5	WGN38	0.0444901375000019	0.0175584464719631	716	0.0100179428616018	0.078962332138402
6	WGN38	0.00525572130962527	0.0248400497128164	716	-0.043512319182741	0.0540237618019915
7	WGN38	0.00626081200000091	0.0175584464719635	716	-0.0282113826383999	0.0407330066384018
8	WGN38	0.0275396180000019	0.0175584464719631	716	-0.0069325766383982	0.062011812638402
10	WGN38	0.0476685985000019	0.0175584464719632	716	0.0131964038616017	0.0821407931384021
11	WGN38	0.0032594243096242	0.0248400497128167	716	-0.0455086161827426	0.052027464801991
12	WGN38	0.00463191150000212	0.0175584464719632	716	-0.0298402831383982	0.0391041061384025
14	WGN38	0.000783672309625413	0.0248400497128165	716	-0.047984368182741	0.0495517128019918
18	WGN38	-0.00500997869037473	0.0248400497128164	716	-0.0537780191827409	0.0437580618019915
19	WGN38	0.00961541569037774	0.0248400497128166	716	-0.0391526248019889	0.0583834561827444
20	WGN38	0.108531687309624	0.0248400497128161	716	0.0597636468172581	0.15729972780199
21	WGN38	0.012881135690379	0.0248400497128163	716	-0.035886904801987	0.061649176182745
22	WGN38	0.0100406630000024	0.0175584464719632	716	-0.0244315316383978	0.0445128576384026
23	WGN38	0.0834416890000018	0.0175584464719633	716	0.0489694943616013	0.117913883638402
26	WGN38	0.0230506825000011	0.0175584464719636	716	-0.0114215121383999	0.0575228771384021
27	WGN38	0.00554275500000152	0.0175584464719633	716	-0.028929439638399	0.0400149496384021
28	WGN38	0.0516093120000016	0.0175584464719633	716	0.0171371173616011	0.0860815066384021
29	WGN38	0.00488369250000042	0.0175584464719636	716	-0.0295885021384006	0.0393558871384015
30	WGN38	0.00488296400000271	0.0175584464719632	716	-0.0295892306383976	0.039355158638403
32	WGN38	0.0110090565000012	0.0175584464719634	716	-0.0234631381383995	0.045481251138402
33	WGN38	0.0170132260000009	0.0175584464719636	716	-0.0174589686384002	0.051485420638402
34	WGN38	0.0013199015000003	0.0175584464719636	716	-0.0331522931384008	0.0357920961384015
35	WGN38	0.021569549000002	0.0175584464719633	716	-0.0129026456383984	0.0560417436384024
36	WGN38	0.0028675675000019	0.0175584464719633	716	-0.0316046271383985	0.0373397621384023
37	WGN38	-0.00631716869037465	0.0248400497128164	716	-0.0550852091827408	0.0424508718019915
38	WGN38	0.103092070500001	0.0175584464719633	716	0.0686198758616009	0.137564265138402
39	WGN38	0.00944444450000165	0.0175584464719633	716	-0.0250277501383989	0.0439166391384022
40	WGN38	0.0418687900000018	0.0175584464719633	716	0.00739659536160124	0.0763409846384024
41	WGN38	0.0215258846903785	0.0248400497128164	716	-0.0272421558019878	0.0702939251827449
42	WGN38	-0.00411128569037522	0.0248400497128164	716	-0.0528793261827415	0.0446567548019911
45	WGN38	0.0488406180000019	0.0175584464719634	716	0.0143684233616012	0.0833128126384027
46	WGN38	0.0211285425000015	0.0175584464719634	716	-0.0133436521383991	0.0556007371384022
47	WGN38	0.0155374696903778	0.0248400497128166	716	-0.0332305708019889	0.0643055101827445
48	WGN38	0.0419938376903784	0.0248400497128165	716	-0.00677420280198794	0.0907618781827448
49	WGN38	0.000625705309625307	0.0248400497128164	716	-0.0481423351827409	0.0493937458019915
50	WGN38	0.0100055825000015	0.0175584464719634	716	-0.0244666121383992	0.0444777771384023
51	WGN38	0.00969476030962483	0.0248400497128166	716	-0.0390732801827419	0.0584628008019916
52	WGN38	0.0591325340000016	0.0175584464719631	716	0.0246603393616014	0.0936047286384018
53	WGN38	0.0104659090000025	0.0175584464719631	716	-0.0240062856383977	0.0449381036384027
54	WGN38	-0.006541219690377	0.0248400497128167	716	-0.0553092601827438	0.0422268208019898
55	WGN38	-0.00252459869037479	0.0248400497128165	716	-0.0512926391827412	0.0462434418019916
56	WGN38	0.00196740600000127	0.0175584464719634	716	-0.0325047886383994	0.0364396006384019
59	WGN38	0.0897101265000024	0.0175584464719634	716	0.0552379318616017	0.124182321138403
61	WGN38	0.0163509045000017	0.0175584464719634	716	-0.0181212901383989	0.0508230991384023
63	WGN38	0.00525837800000143	0.0175584464719634	716	-0.0292138166383993	0.0397305726384021
64	WGN38	0.00111202550000156	0.0175584464719634	716	-0.033360169138399	0.0355842201384022
65	WGN38	0.0485772306903785	0.0248400497128161	716	-0.000190809801987213	0.0973452711827442
66	WGN38	0.0257526163096254	0.0248400497128163	716	-0.0230154241827406	0.0745206568019915
67	WGN38	0.0799876295000019	0.0175584464719633	716	0.0455154348616014	0.114459824138402
68	WGN38	0.0133692395000015	0.0175584464719634	716	-0.0211029551383993	0.0478414341384023
69	WGN38	-0.00578775669037465	0.0248400497128163	716	-0.0545557971827407	0.0429802838019915
70	WGN38	0.0118881693096244	0.0248400497128167	716	-0.0368798711827424	0.0606562098019912
72	WGN38	0.0516308000000019	0.0175584464719634	716	0.0171586053616011	0.0861029946384026
73	WGN38	0.066931278000002	0.0175584464719634	716	0.0324590833616013	0.101403472638403
74	WGN38	-0.00321051569037532	0.0248400497128165	716	-0.0519785561827418	0.0455575248019911
76	WGN38	0.0542517010000017	0.0175584464719633	716	0.0197795063616013	0.0887238956384021
77	WGN38	0.101682380000002	0.0175584464719633	716	0.0672101853616017	0.136154574638403
78	WGN38	0.0948479655000014	0.0175584464719633	716	0.060375770861601	0.129320160138402
80	WGN38	0.00965342869037823	0.0248400497128165	716	-0.0391146118019882	0.0584214691827446
81	WGN38	0.0185043790000021	0.0175584464719633	716	-0.0159678156383984	0.0529765736384025
82	WGN38	0.0235262975000021	0.0175584464719633	716	-0.0109458971383983	0.0579984921384026
83	WGN38	0.0200981945000019	0.0175584464719633	716	-0.0143740001383986	0.0545703891384023
84	WGN38	0.052148251000002	0.0175584464719634	716	0.0176760563616014	0.0866204456384026
85	WGN38	-0.000934268690374144	0.0248400497128163	716	-0.0497023091827401	0.0478337718019918
86	WGN38	0.0465097335000019	0.0175584464719634	716	0.0120375388616012	0.0809819281384026
87	WGN38	0.00390813650000183	0.0175584464719633	716	-0.0305640581383988	0.0383803311384024
88	WGN38	0.011700630500002	0.0175584464719633	716	-0.0227715641383986	0.0461728251384026
89	WGN38	0.0466930865000019	0.0175584464719634	716	0.0122208918616012	0.0811652811384025
90	WGN38	0.0944958085000016	0.0175584464719633	716	0.0600236138616011	0.128968003138402
91	WGN38	0.00632466350000217	0.0175584464719633	716	-0.0281475311383983	0.0407968581384027
92	WGN38	0.00951686500000166	0.0175584464719634	716	-0.024955329638399	0.0439890596384023
93	WGN38	0.0324768933096253	0.0248400497128164	716	-0.0162911471827409	0.0812449338019916
94	WGN38	0.0582223000000019	0.0175584464719634	716	0.0237501053616013	0.0926944946384026
95	WGN38	-0.00176097069037456	0.0248400497128164	716	-0.0505290111827407	0.0470070698019916
96	WGN38	0.0251027455000019	0.0175584464719634	716	-0.00936944913839885	0.0595749401384026
97	WGN38	0.00883156130962548	0.0248400497128163	716	-0.0399364791827406	0.0575996018019916
98	WGN38	0.153296246500003	0.0175584464719635	716	0.118824051861602	0.187768441138404
99	WGN38	0.0200858605000018	0.0175584464719634	716	-0.0143863341383989	0.0545580551384024
100	WGN38	0.0168217285000022	0.0175584464719633	716	-0.0176504661383983	0.0512939231384026
101	WGN38	0.026933936000002	0.0175584464719633	716	-0.00753825863839848	0.0614061306384025
102	WGN38	0.00459188200000184	0.0175584464719634	716	-0.0298803126383988	0.0390640766384025
103	WGN38	0.0128043260000016	0.0175584464719634	716	-0.0216678686383991	0.0472765206384023
104	WGN38	0.0462706853096252	0.0248400497128164	716	-0.00249735518274094	0.0950387258019914
106	WGN38	0.0986822005000017	0.0175584464719633	716	0.0642100058616012	0.133154395138402
107	WGN38	0.0866579715000021	0.0175584464719634	716	0.0521857768616014	0.121130166138403
108	WGN38	0.014706722000002	0.0175584464719633	716	-0.0197654726383985	0.0491789166384025
109	WGN38	0.0167117163096247	0.0248400497128166	716	-0.0320563241827419	0.0654797568019913
110	WGN38	0.134805195000002	0.0175584464719634	716	0.100333000361602	0.169277389638403
111	WGN38	0.026651637500002	0.0175584464719634	716	-0.0078205571383987	0.0611238321384026
113	WGN38	0.0565802845000017	0.0175584464719634	716	0.0221080898616011	0.0910524791384023
114	WGN38	-0.00341457869037469	0.0248400497128163	716	-0.0521826191827407	0.0453534618019913
115	WGN38	-0.00292289169037488	0.0248400497128164	716	-0.051690932182741	0.0458451488019913
1	WGN39	0.00303526849999827	0.0175584464719626	716	-0.0314369261384009	0.0375074631383974
2	WGN39	0.0489652185000003	0.0175584464719632	716	0.0144930238616	0.0834374131384007
3	WGN39	0.00181818200000022	0.0175584464719631	716	-0.0326540126383998	0.0362903766384002
4	WGN39	0.0800697525000013	0.0175584464719634	716	0.0455975578616006	0.114541947138402
5	WGN39	0.0032034530000006	0.0175584464719632	716	-0.0312687416383997	0.0376756476384009
6	WGN39	0.0116691175000005	0.0175584464719634	716	-0.0228030771384002	0.0461413121384013
7	WGN39	0.0427715874999997	0.0175584464719631	716	0.00829939286159965	0.0772437821383997
8	WGN39	0.0247752683096243	0.0248400497128167	716	-0.0239927721827426	0.0735433088019911
9	WGN39	0.0134166300000003	0.0175584464719635	716	-0.0210555646384006	0.0478888246384011
12	WGN39	0.00600581100000061	0.0175584464719634	716	-0.0284663836384	0.0404780056384013
13	WGN39	-0.00332347069037575	0.0248400497128162	716	-0.0520915111827416	0.0454445698019901
15	WGN39	0.0199370180000011	0.0175584464719637	716	-0.0145351766384001	0.0544092126384023
16	WGN39	0.0061613340000008	0.0175584464719634	716	-0.0283108606383999	0.0406335286384015
17	WGN39	0.00572427600000034	0.0175584464719629	716	-0.0287479186383994	0.0401964706384001
18	WGN39	0.0274184220000006	0.0175584464719634	716	-0.00705377263840004	0.0618906166384012
19	WGN39	0.066860130309625	0.0248400497128166	716	0.0180920898172584	0.115628170801992
21	WGN39	0.00901425300000027	0.0175584464719632	716	-0.0254579416384	0.0434864476384005
22	WGN39	0.010287756690377	0.0248400497128162	716	-0.0384802838019889	0.0590557971827428
24	WGN39	0.025083899500001	0.0175584464719635	716	-0.00938829513839987	0.0595560941384019
25	WGN39	0.00763482950000023	0.0175584464719635	716	-0.0268373651384007	0.0421070241384012
26	WGN39	0.00580524830962381	0.0248400497128161	716	-0.0429627921827419	0.0545732888019896
27	WGN39	-0.00479440869037586	0.0248400497128163	716	-0.0535624491827419	0.0439736318019902
29	WGN39	0.00296087150000053	0.0175584464719633	716	-0.0315113231383999	0.037433066138401
30	WGN39	0.00325280100000056	0.0175584464719635	716	-0.0312193936384002	0.0377249956384014
31	WGN39	0.0158791205000005	0.0175584464719631	716	-0.0185930741383995	0.0503513151384005
32	WGN39	0.023986997000001	0.0175584464719635	716	-0.0104851976383999	0.0584591916384019
34	WGN39	0.0061211950000002	0.0175584464719633	716	-0.0283509996384003	0.0405933896384007
35	WGN39	0.00857587930962426	0.0248400497128166	716	-0.0401921611827423	0.0573439198019908
36	WGN39	-0.00475745369037617	0.0248400497128164	716	-0.0535254941827424	0.0440105868019901
37	WGN39	0.0206448996903769	0.0248400497128163	716	-0.0281231408019892	0.069412940182743
38	WGN39	-0.00442954769037642	0.0248400497128165	716	-0.0531975881827428	0.0443384928019899
39	WGN39	0.0116422430000002	0.0175584464719631	716	-0.0228299516383998	0.0461144376384003
40	WGN39	0.00773809500000029	0.0175584464719633	716	-0.0267340996384003	0.0422102896384009
41	WGN39	0.0825757370000015	0.0175584464719634	716	0.0481035423616007	0.117047931638402
42	WGN39	0.0208192570000002	0.0175584464719632	716	-0.0136529376384001	0.0552914516384005
43	WGN39	0.0324285715000006	0.0175584464719633	716	-0.00204362313839998	0.0669007661384011
44	WGN39	0.00357587930962403	0.0248400497128163	716	-0.0451921611827419	0.05234391980199
45	WGN39	0.015281982	0.0175584464719631	716	-0.0191902126384001	0.0497541766384
47	WGN39	0.0194808590000007	0.0175584464719634	716	-0.0149913356384	0.0539530536384014
49	WGN39	0.0293956045000003	0.0175584464719634	716	-0.0050765901384003	0.063867799138401
50	WGN39	-0.00377706169037612	0.0248400497128167	716	-0.052545102182743	0.0449909788019907
51	WGN39	0.0356068590000002	0.0175584464719632	716	0.00113466436159981	0.0700790536384005
52	WGN39	0.00909972299999977	0.0175584464719635	716	-0.0253724716384011	0.0435719176384006
53	WGN39	0.00641233750000011	0.0175584464719633	716	-0.0280598571384005	0.0408845321384007
54	WGN39	0.00345678150000047	0.0175584464719632	716	-0.0310154131383998	0.0379289761384007
56	WGN39	0.0203012313096238	0.0248400497128162	716	-0.028466809182742	0.0690692718019896
57	WGN39	-0.00554895069037645	0.0248400497128163	716	-0.0543169911827425	0.0432190898019896
58	WGN39	0.0215107300000004	0.0175584464719634	716	-0.0129614646384002	0.055982924638401
60	WGN39	0.00635869550000035	0.0175584464719633	716	-0.0281134991384002	0.0408308901384009
61	WGN39	0.00516439000000073	0.0175584464719634	716	-0.0293078046383999	0.0396365846384014
63	WGN39	0.0106758995000006	0.0175584464719634	716	-0.0237962951384	0.0451480941384012
64	WGN39	0.00390055530962401	0.0248400497128165	716	-0.0448674851827423	0.0526685958019904
65	WGN39	-0.00497085569037618	0.0248400497128164	716	-0.0537388961827425	0.0437971848019901
66	WGN39	0.00832066950000031	0.0175584464719633	716	-0.0261515251384003	0.0427928641384009
67	WGN39	0.0330991139999998	0.0175584464719631	716	-0.00137308063840034	0.0675713086383999
68	WGN39	0.0827877566903769	0.0248400497128164	716	0.0340197161980106	0.131555797182743
69	WGN39	0.0629870130000012	0.0175584464719634	716	0.0285148183616005	0.0974592076384019
70	WGN39	0.0155715406903773	0.0248400497128165	716	-0.0331964998019892	0.0643395811827438
71	WGN39	0.00430319700000044	0.0175584464719634	716	-0.0301689976384003	0.0387753916384012
72	WGN39	-0.00661892569037602	0.0248400497128163	716	-0.0553869661827421	0.04214911480199
73	WGN39	0.0121196545000006	0.0175584464719632	716	-0.0223525401383998	0.046591849138401
74	WGN39	0.0552195483096236	0.0248400497128163	716	0.00645150781725753	0.10398758880199
75	WGN39	0.0433015515000001	0.0175584464719632	716	0.00882935686159977	0.0777737461384005
76	WGN39	0.0226233275000006	0.0175584464719634	716	-0.0118488671384	0.0570955221384013
78	WGN39	0.0130455020000006	0.0175584464719634	716	-0.0214266926384001	0.0475176966384013
79	WGN39	0.0103617085000004	0.0175584464719633	716	-0.0241104861384	0.0448339031384009
80	WGN39	0.0156979126903773	0.0248400497128164	716	-0.033070127801989	0.0644659531827436
81	WGN39	0.0361459656903771	0.0248400497128164	716	-0.0126220748019891	0.0849140061827433
82	WGN39	0.00418968550000051	0.0175584464719633	716	-0.0302825091384	0.038661880138401
83	WGN39	0.0107289326903772	0.0248400497128165	716	-0.0380391078019893	0.0594969731827437
84	WGN39	0.0182457785000005	0.0175584464719633	716	-0.0162264161384	0.052717973138401
85	WGN39	0.0116213380000005	0.0175584464719633	716	-0.0228508566384	0.046093532638401
86	WGN39	0.012666788309624	0.0248400497128164	716	-0.0361012521827422	0.0614348288019902
87	WGN39	0.0096096186903771	0.0248400497128165	716	-0.0391584218019894	0.0583776591827436
89	WGN39	0.009050382690377	0.0248400497128164	716	-0.0397176578019893	0.0578184231827433
90	WGN39	0.0338912155000005	0.0175584464719634	716	-0.000580979138400085	0.0683634101384011
94	WGN39	0.00462212350000051	0.0175584464719634	716	-0.0298500711384002	0.0390943181384012
95	WGN39	0.0131899350000005	0.0175584464719632	716	-0.0212822596383998	0.0476621296384009
96	WGN39	-0.00121498669037602	0.0248400497128162	716	-0.0499830271827419	0.0475530538019898
98	WGN39	0.0378846155000002	0.0175584464719633	716	0.00341242086159983	0.0723568101384006
99	WGN39	-0.00535269169037614	0.0248400497128164	716	-0.0541207321827424	0.0434153488019901
101	WGN39	0.0609307360000009	0.0175584464719634	716	0.0264585413616002	0.0954029306384015
102	WGN39	0.0174533000000007	0.0175584464719633	716	-0.0170188946383999	0.0519254946384012
104	WGN39	0.0285426615000005	0.0175584464719633	716	-0.00592953313840012	0.063014856138401
106	WGN39	-0.0056232546903761	0.0248400497128164	716	-0.0543912951827424	0.0431447858019902
107	WGN39	0.0148770783096241	0.0248400497128164	716	-0.0338909621827422	0.0636451188019904
108	WGN39	0.0349775835000006	0.0175584464719634	716	0.000505388861600002	0.0694497781384013
109	WGN39	0.00655298150000068	0.0175584464719634	716	-0.0279192131384	0.0410251761384013
110	WGN39	0.0132492690000005	0.0175584464719633	716	-0.0212229256384001	0.047721463638401
111	WGN39	4.45130962394274e-06	0.0248400497128163	716	-0.0487635891827421	0.04877249180199
112	WGN39	0.0579260815000005	0.0175584464719633	716	0.0234538868615999	0.092398276138401
113	WGN39	0.013909446309624	0.0248400497128164	716	-0.0348585941827422	0.0626774868019902
115	WGN39	0.0272457930000006	0.0175584464719634	716	-0.00722640163840002	0.0617179876384013
116	WGN39	0.00518406600000051	0.0175584464719633	716	-0.0292881286384	0.0396562606384011
117	WGN39	0.0199045513096239	0.0248400497128164	716	-0.0288634891827422	0.0686725918019901
118	WGN39	0.0324391430000005	0.0175584464719633	716	-0.00203305163840008	0.0669113376384011
121	WGN39	0.00710358150000053	0.0175584464719633	716	-0.0273686131384	0.0415757761384011
122	WGN39	0.0310273405000006	0.0175584464719634	716	-0.00344485413840001	0.0654995351384012
123	WGN39	0.00527983300000054	0.0175584464719633	716	-0.0291923616384	0.0397520276384011
124	WGN39	0.00546538300000044	0.0175584464719634	716	-0.0290068116384002	0.039937577638401
125	WGN39	0.109187687000001	0.0175584464719633	716	0.0747154923616	0.143659881638401
128	WGN39	0.0106326835000003	0.0175584464719634	716	-0.0238395111384003	0.045104878138401
130	WGN39	0.032685616309624	0.0248400497128163	716	-0.0160824241827421	0.08145365680199
1	WGN45	0.0182253520000028	0.0175584464719636	716	-0.0162468426383983	0.052697546638404
2	WGN45	0.0116122925000001	0.0175584464719631	716	-0.0228599021383999	0.0460844871384001
4	WGN45	0.0257420524999999	0.0175584464719635	716	-0.00873014213840101	0.0602142471384009
5	WGN45	0.047224524000001	0.0175584464719637	716	0.0127523293615997	0.0816967186384023
6	WGN45	0.0184822965	0.0175584464719634	716	-0.0159898981384007	0.0529544911384007
7	WGN45	0.0115658434999997	0.0175584464719634	716	-0.0229063511384011	0.0460380381384005
8	WGN45	0.00610113230962183	0.0248400497128163	716	-0.0426669081827442	0.0548691728019879
9	WGN45	0.063216635500001	0.0175584464719635	716	0.0287444408616	0.0976888301384019
10	WGN45	-0.00250916469037644	0.0248400497128162	716	-0.0512772051827423	0.0462588758019894
11	WGN45	0.0157141889999996	0.0175584464719634	716	-0.018758005638401	0.0501863836384003
12	WGN45	0.059049631309623	0.0248400497128163	716	0.0102815908172569	0.107817671801989
13	WGN45	0.0586653270000007	0.0175584464719635	716	0.0241931323615999	0.0931375216384016
14	WGN45	0.0258501173096232	0.0248400497128165	716	-0.0229179231827434	0.0746181578019897
15	WGN45	0.247894061309616	0.024840049712816	716	0.19912602081725	0.296662101801981
16	WGN45	0.0326094795	0.0175584464719633	716	-0.0018627151384006	0.0670816741384006
17	WGN45	0.0408759916903771	0.0248400497128166	716	-0.00789204880198958	0.0896440321827439
18	WGN45	0.0274348894999999	0.0175584464719634	716	-0.00703730513840086	0.0619070841384007
19	WGN45	-0.00329225269037585	0.0248400497128162	716	-0.0520602931827417	0.04547578780199
20	WGN45	0.0296875000000001	0.0175584464719635	716	-0.00478469463840073	0.0641596946384009
22	WGN45	0.0181291664999997	0.0175584464719631	716	-0.0163430281384003	0.0526013611383997
23	WGN45	0.00716861249999986	0.0175584464719631	716	-0.0273035821384003	0.0416408071384
24	WGN45	0.00540341999999996	0.0175584464719634	716	-0.0290687746384008	0.0398756146384007
25	WGN45	0.00139014249999932	0.0175584464719635	716	-0.0330820521384016	0.0358623371384002
26	WGN45	0.0137877566903765	0.0248400497128162	716	-0.0349802838019894	0.0625557971827423
28	WGN45	0.0311874889999997	0.0175584464719632	716	-0.00328470563840054	0.0656596836384
29	WGN45	0.0360576925000002	0.0175584464719635	716	0.0015854978615993	0.0705298871384011
31	WGN45	0.0578224015000002	0.0175584464719633	716	0.0233502068615996	0.0922945961384007
32	WGN45	0.0233333334999998	0.0175584464719635	716	-0.0111388611384011	0.0578055281384008
33	WGN45	0.0197877566903764	0.0248400497128162	716	-0.0289802838019894	0.0685557971827422
34	WGN45	0.0345433304999997	0.0175584464719633	716	7.1135861599271e-05	0.0690155251384001
35	WGN45	0.00980133599999987	0.0175584464719633	716	-0.0246708586384007	0.0442735306384004
37	WGN45	0.0290827470000001	0.0175584464719634	716	-0.00538944763840068	0.0635549416384008
38	WGN45	0.000361136309623479	0.0248400497128165	716	-0.048406904182743	0.0491291768019899
40	WGN45	0.0174284334999998	0.0175584464719633	716	-0.0170437611384007	0.0519006281384004
41	WGN45	0.0515226069999996	0.0175584464719633	716	0.0170504123615991	0.0859948016384002
42	WGN45	-0.00330702369037632	0.0248400497128161	716	-0.052075064182742	0.0454610168019894
43	WGN45	0.0107979753096234	0.0248400497128165	716	-0.037970065182743	0.0595660158019898
44	WGN45	0.00928353649999976	0.0175584464719634	716	-0.0251886581384009	0.0437557311384004
45	WGN45	0.0221714390000003	0.0175584464719635	716	-0.0123007556384006	0.0566436336384012
46	WGN45	0.0423422505000006	0.0175584464719636	716	0.00787005586159949	0.0768144451384016
47	WGN45	0.068186269309623	0.0248400497128163	716	0.0194182288172569	0.116954309801989
48	WGN45	0.0191079365	0.0175584464719635	716	-0.0153642581384009	0.0535801311384008
49	WGN45	0.061522679309624	0.0248400497128167	716	0.0127546388172572	0.110290719801991
50	WGN45	0.0443928569999995	0.0175584464719633	716	0.00992066236159909	0.0788650516383999
52	WGN45	-0.000873543690376915	0.0248400497128165	716	-0.0496415841827434	0.0478944968019896
53	WGN45	0.0507638310000001	0.0175584464719634	716	0.0162916363615995	0.0852360256384007
54	WGN45	-0.00697327669037722	0.0248400497128165	716	-0.0557413171827437	0.0417947638019893
55	WGN45	0.0055128359999997	0.0175584464719633	716	-0.0289593586384009	0.0399850306384003
56	WGN45	0.0275710704999995	0.0175584464719633	716	-0.00690112413840102	0.0620432651384
57	WGN45	-0.00345040769037651	0.0248400497128165	716	-0.0522184481827429	0.0453176328019899
58	WGN45	0.0312852364999999	0.0175584464719633	716	-0.00318695813840071	0.0657574311384005
59	WGN45	0.0203035714999999	0.0175584464719635	716	-0.0141686231384009	0.0547757661384007
60	WGN45	0.0324588096903765	0.0248400497128164	716	-0.0163092308019897	0.0812268501827428
61	WGN45	0.0333551003096233	0.0248400497128163	716	-0.0154129401827427	0.0821231408019894
62	WGN45	0.0164892394999998	0.0175584464719634	716	-0.017982955138401	0.0509614341384005
64	WGN45	0.0150775934999997	0.0175584464719635	716	-0.0193946011384011	0.0495497881384006
65	WGN45	0.00374352849999961	0.0175584464719634	716	-0.0307286661384011	0.0382157231384004
66	WGN45	0.0234292730000001	0.0175584464719634	716	-0.0110429216384006	0.0579014676384008
67	WGN45	-0.00534652669037657	0.0248400497128163	716	-0.0541145671827426	0.0434215138019895
68	WGN45	0.0231456374999998	0.0175584464719634	716	-0.0113265571384009	0.0576178321384004
69	WGN45	0.0105944059999997	0.0175584464719633	716	-0.0238777886384009	0.0450666006384002
71	WGN45	0.0161495534999998	0.0175584464719634	716	-0.0183226411384008	0.0506217481384004
73	WGN45	0.0261052596903766	0.0248400497128164	716	-0.0226627808019896	0.0748733001827429
74	WGN45	0.0075968583096232	0.0248400497128164	716	-0.041171182182743	0.0563648988019894
75	WGN45	0.0209146339999996	0.0175584464719633	716	-0.0135575606384008	0.0553868286384001
76	WGN45	0.0288698629999999	0.0175584464719634	716	-0.00560233163840076	0.0633420576384005
77	WGN45	0.00553722749999962	0.0175584464719633	716	-0.0289349671384009	0.0400094221384002
78	WGN45	0.0665712173096235	0.0248400497128165	716	0.0178031768172571	0.11533925780199
80	WGN45	0.0195579079999998	0.0175584464719634	716	-0.0149142866384008	0.0540301026384005
81	WGN45	0.051718936	0.0175584464719634	716	0.0172467413615994	0.0861911306384007
82	WGN45	0.0066353203096231	0.0248400497128164	716	-0.0421327201827431	0.0554033608019893
84	WGN45	0.0202294730000002	0.0175584464719634	716	-0.0142427216384005	0.0547016676384009
85	WGN45	0.0137401376903764	0.0248400497128165	716	-0.0350279028019901	0.0625081781827429
86	WGN45	0.0148368659999998	0.0175584464719633	716	-0.0196353286384007	0.0493090606384003
87	WGN45	0.00642106799999989	0.0175584464719633	716	-0.0280511266384006	0.0408932626384004
88	WGN45	0.0578496499999998	0.0175584464719633	716	0.0233774553615992	0.0923218446384003
89	WGN45	0.00447950699999963	0.0175584464719634	716	-0.0299926876384011	0.0389517016384003
90	WGN45	0.107271227690376	0.0248400497128164	716	0.0585031871980103	0.156039268182743
92	WGN45	0.0391684024999997	0.0175584464719633	716	0.00469620786159915	0.0736405971384003
93	WGN45	0.067610298	0.0175584464719634	716	0.0331381033615994	0.102082492638401
94	WGN45	0.0153896104999997	0.0175584464719633	716	-0.0190825841384008	0.0498618051384003
95	WGN45	0.0380048073096233	0.0248400497128163	716	-0.0107632331827429	0.0867728478019894
96	WGN45	0.0139688913096231	0.0248400497128164	716	-0.0347991491827431	0.0627369318019893
98	WGN45	0.00863876199999973	0.0175584464719633	716	-0.0258334326384009	0.0431109566384003
99	WGN45	0.0082396403096231	0.0248400497128164	716	-0.0405284001827431	0.0570076808019893
100	WGN45	0.0213170779999999	0.0175584464719633	716	-0.0131551166384007	0.0557892726384004
101	WGN45	0.0222934629999998	0.0175584464719633	716	-0.0121787316384008	0.0567656576384003
102	WGN45	0.00885012949999972	0.0175584464719634	716	-0.0256220651384009	0.0433223241384004
103	WGN45	0.0256448996903762	0.0248400497128163	716	-0.0231231408019898	0.0744129401827422
104	WGN45	0.0289618469999997	0.0175584464719634	716	-0.00551034763840088	0.0634340416384004
106	WGN45	0.0298165334999997	0.0175584464719634	716	-0.00465566113840093	0.0642887281384004
107	WGN45	0.0421404259999998	0.0175584464719634	716	0.00766823136159919	0.0766126206384004
108	WGN45	0.0402191559999998	0.0175584464719633	716	0.00574696136159921	0.0746913506384004
109	WGN45	0.0572743529999997	0.0175584464719633	716	0.0228021583615991	0.0917465476384003
110	WGN45	0.00830357149999962	0.0175584464719634	716	-0.026168623138401	0.0427757661384003
111	WGN45	0.0225693863096232	0.0248400497128164	716	-0.0261986541827431	0.0713374268019894
112	WGN45	-0.00559263469037687	0.0248400497128164	716	-0.0543606751827431	0.0431754058019893
113	WGN45	0.0491891489999997	0.0175584464719634	716	0.0147169543615991	0.0836613436384003
114	WGN45	-0.00355046869037682	0.0248400497128164	716	-0.052318509182743	0.0452175718019893
116	WGN45	0.00406696499999967	0.0175584464719634	716	-0.030405229638401	0.0385391596384003
117	WGN45	0.0236075923096232	0.0248400497128164	716	-0.025160448182743	0.0723756328019894
118	WGN45	-0.000576218690376821	0.0248400497128164	716	-0.049344259182743	0.0481918218019894
119	WGN45	0.0448395724999998	0.0175584464719633	716	0.0103673778615992	0.0793117671384004
120	WGN45	0.0129710289999997	0.0175584464719634	716	-0.0215011656384009	0.0474432236384003
121	WGN45	0.0183801309999998	0.0175584464719634	716	-0.0160920636384009	0.0528523256384004
122	WGN45	0.0418664929999998	0.0175584464719633	716	0.0073942983615992	0.0763386876384004
123	WGN45	0.0285594034999996	0.0175584464719633	716	-0.00591279113840095	0.0630315981384002
124	WGN45	0.0131164384999997	0.0175584464719633	716	-0.0213557561384008	0.0475886331384003
126	WGN45	0.0505302914999999	0.0175584464719634	716	0.0160580968615992	0.0850024861384006
127	WGN45	0.0127373913096232	0.0248400497128164	716	-0.0360306491827431	0.0615054318019894
128	WGN45	0.000320351309623165	0.0248400497128164	716	-0.0484476891827431	0.0490883918019894
129	WGN45	0.0160123009999997	0.0175584464719634	716	-0.0184598936384009	0.0504844956384004
130	WGN45	0.00437440530962316	0.0248400497128164	716	-0.0443936351827431	0.0531424458019894
1	WGN46	0.0274785074999988	0.0175584464719634	716	-0.00699368713840197	0.0619507021383995
2	WGN46	0.0233734459999999	0.0175584464719632	716	-0.0110987486384004	0.0578456406384001
3	WGN46	0.0556105094999997	0.0175584464719633	716	0.0211383148615991	0.0900827041384003
4	WGN46	0.0196095033096236	0.0248400497128164	716	-0.0291585371827426	0.0683775438019898
6	WGN46	0.0150880603096235	0.0248400497128163	716	-0.0336799801827426	0.0638561008019895
7	WGN46	0.0498501710000006	0.0175584464719636	716	0.0153779763615996	0.0843223656384016
8	WGN46	0.0101373806903769	0.0248400497128166	716	-0.0386306598019896	0.0589054211827435
9	WGN46	0.016151767	0.0175584464719634	716	-0.0183204276384007	0.0506239616384006
10	WGN46	0.0130310270000003	0.0175584464719634	716	-0.0214411676384004	0.0475032216384009
11	WGN46	0.0132983195000002	0.0175584464719634	716	-0.0211738751384006	0.0477705141384009
12	WGN46	0.00960961869037637	0.0248400497128164	716	-0.03915842180199	0.0583776591827427
13	WGN46	0.0596382985000013	0.0175584464719637	716	0.0251661038616	0.0941104931384027
14	WGN46	0.00539905630962378	0.0248400497128165	716	-0.0433689841827427	0.0541670968019902
15	WGN46	0.0982602963096214	0.0248400497128161	716	0.0494922558172558	0.147028336801987
16	WGN46	0.0383364900000007	0.0175584464719633	716	0.00386429536160021	0.0728086846384013
17	WGN46	0.0865159529999987	0.0175584464719632	716	0.0520437583615985	0.120988147638399
18	WGN46	0.0906990744999987	0.0175584464719632	716	0.0562268798615985	0.125171269138399
19	WGN46	0.0771917810000007	0.0175584464719635	716	0.0427195863615999	0.111663975638402
20	WGN46	-0.00134896469037624	0.0248400497128163	716	-0.0501170051827423	0.0474190758019898
21	WGN46	0.0255392356903765	0.0248400497128166	716	-0.0232288048019901	0.0743072761827431
22	WGN46	0.00875365850000052	0.0175584464719633	716	-0.0257185361384	0.043225853138401
23	WGN46	0.0404771175	0.0175584464719632	716	0.0060049228615996	0.0749493121384004
24	WGN46	0.0402752009999996	0.0175584464719632	716	0.00580300636159941	0.0747473956383998
25	WGN46	0.0653530165000004	0.0175584464719634	716	0.0308808218615997	0.0998252111384011
26	WGN46	0.0666528889999995	0.0175584464719633	716	0.032180694361599	0.1011250836384
27	WGN46	0.00448902930962365	0.0248400497128163	716	-0.0442790111827424	0.0532570698019897
28	WGN46	0.0157310595000001	0.0175584464719633	716	-0.0187411351384004	0.0502032541384006
29	WGN46	0.0136382446903768	0.0248400497128164	716	-0.0351297958019895	0.062406285182743
30	WGN46	0.0404023690000002	0.0175584464719633	716	0.00593017436159968	0.0748745636384006
31	WGN46	0.179414151309622	0.0248400497128163	716	0.130646110817256	0.228182191801988
32	WGN46	0.0621646639999999	0.0175584464719634	716	0.0276924693615993	0.0966368586384006
33	WGN46	0.0213322419999998	0.0175584464719634	716	-0.0131399526384009	0.0558044366384005
34	WGN46	0.0433576610000002	0.0175584464719633	716	0.00888546636159963	0.0778298556384008
36	WGN46	0.0531579479999996	0.0175584464719632	716	0.0186857533615994	0.0876301426383998
37	WGN46	0.0464482935000002	0.0175584464719633	716	0.0119760988615997	0.0809204881384007
38	WGN46	0.0992834540000016	0.0175584464719635	716	0.0648112593616007	0.133755648638402
39	WGN46	0.0159695746903767	0.0248400497128164	716	-0.0327984658019895	0.0647376151827429
40	WGN46	0.0258519493096225	0.0248400497128167	716	-0.0229160911827443	0.0746199898019892
41	WGN46	0.0388041125	0.0175584464719632	716	0.00433191786159964	0.0732763071384004
42	WGN46	-0.00261385569037659	0.0248400497128164	716	-0.0513818961827428	0.0461541848019896
43	WGN46	0.0285541480000001	0.0175584464719634	716	-0.00591804663840056	0.0630263426384008
44	WGN46	0.00982476730962308	0.0248400497128168	716	-0.0389432731827439	0.05859280780199
45	WGN46	0.00852788869037708	0.0248400497128161	716	-0.0402401518019886	0.0572959291827428
46	WGN46	0.0424199980000001	0.0175584464719633	716	0.00794780336159958	0.0768921926384006
47	WGN46	0.0100528310000004	0.0175584464719633	716	-0.0244193636384001	0.0445250256384009
48	WGN46	0.0538267384999999	0.0175584464719633	716	0.0193545438615995	0.0882989331384003
49	WGN46	0.0296437645000013	0.0175584464719633	716	-0.00482843013839915	0.0641159591384018
50	WGN46	0.0651337189999999	0.0175584464719633	716	0.0306615243615994	0.0996059136384004
52	WGN46	0.0184011710000003	0.0175584464719633	716	-0.0160710236384001	0.0528733656384008
53	WGN46	0.0263031523096238	0.0248400497128164	716	-0.0224648881827425	0.0750711928019901
54	WGN46	0.0137092850000004	0.0175584464719633	716	-0.0207629096384	0.0481814796384009
55	WGN46	0.154287541309622	0.0248400497128163	716	0.105519500817256	0.203055581801988
56	WGN46	0.136231203	0.0175584464719633	716	0.101759008361599	0.170703397638401
57	WGN46	0.00744724000000036	0.0175584464719633	716	-0.0270249546384001	0.0419194346384008
58	WGN46	0.00782147100000034	0.0175584464719633	716	-0.0266507236384001	0.0422936656384008
59	WGN46	0.0704019305000001	0.0175584464719634	716	0.0359297358615995	0.104874125138401
60	WGN46	0.0293034170000005	0.0175584464719635	716	-0.00516877763840025	0.0637756116384014
61	WGN46	0.150311086	0.0175584464719633	716	0.115838891361599	0.1847832806384
62	WGN46	0.0646290430000007	0.0175584464719635	716	0.0301568483615998	0.0991012376384016
63	WGN46	0.0443024364999998	0.0175584464719633	716	0.00983024186159938	0.0787746311384002
64	WGN46	0.0194961665000001	0.0175584464719633	716	-0.0149760281384004	0.0539683611384006
65	WGN46	0.0373722910000003	0.0175584464719634	716	0.00290009636159963	0.071844485638401
66	WGN46	0.03415504	0.0175584464719634	716	-0.000317154638400659	0.0686272346384006
67	WGN46	0.0112942506903764	0.0248400497128166	716	-0.0374737898019901	0.060062291182743
68	WGN46	0.0351992490000001	0.0175584464719634	716	0.000727054361599422	0.0696714436384008
69	WGN46	0.0174970300000002	0.0175584464719633	716	-0.0169751646384003	0.0519692246384007
70	WGN46	0.0720084795	0.0175584464719633	716	0.0375362848615995	0.106480674138401
71	WGN46	0.0801250000000004	0.0175584464719634	716	0.0456528053615997	0.114597194638401
72	WGN46	0.0285155035000001	0.0175584464719634	716	-0.00595669113840057	0.0629876981384007
73	WGN46	0.0369198540000002	0.0175584464719633	716	0.00244765936159965	0.0713920486384008
74	WGN46	0.0126079805000002	0.0175584464719633	716	-0.0218642141384003	0.0470801751384007
75	WGN46	0.00321331500000015	0.0175584464719634	716	-0.0312588796384005	0.0376855096384008
76	WGN46	0.0256486580000001	0.0175584464719633	716	-0.00882353663840045	0.0601208526384006
78	WGN46	0.019507235	0.0175584464719633	716	-0.0149649596384006	0.0539794296384006
79	WGN46	0.120794173	0.0175584464719633	716	0.086321978361599	0.1552663676384
80	WGN46	0.0187500000000002	0.0175584464719633	716	-0.0157221946384002	0.0532221946384007
81	WGN46	0.0591854210000002	0.0175584464719634	716	0.0247132263615996	0.0936576156384008
82	WGN46	-0.00216837569037636	0.0248400497128163	716	-0.0509364161827425	0.0465996648019898
83	WGN46	0.0167398225000002	0.0175584464719633	716	-0.0177323721384004	0.0512120171384007
84	WGN46	0.0110323885000001	0.0175584464719633	716	-0.0234398061384004	0.0455045831384007
85	WGN46	0.0247144305000003	0.0175584464719633	716	-0.00975776413840016	0.0591866251384007
86	WGN46	0.0443480355000001	0.0175584464719634	716	0.00987584086159946	0.0788202301384008
87	WGN46	0.154612164690377	0.0248400497128165	716	0.105844124198011	0.203380205182744
88	WGN46	0.0582655829999998	0.0175584464719632	716	0.0237933883615994	0.0927377776384002
89	WGN46	0.0185981713096236	0.0248400497128164	716	-0.0301698691827427	0.0673662118019899
90	WGN46	0.00584836950000027	0.0175584464719633	716	-0.0286238251384002	0.0403205641384008
91	WGN46	0.0586759585000002	0.0175584464719633	716	0.0242037638615996	0.0931481531384007
92	WGN46	0.0342572610000002	0.0175584464719633	716	-0.000214933638400305	0.0687294556384007
93	WGN46	0.0111032595000001	0.0175584464719633	716	-0.0233689351384004	0.0455754541384006
94	WGN46	0.0935203209999999	0.0175584464719633	716	0.0590481263615995	0.1279925156384
95	WGN46	0.094759528	0.0175584464719633	716	0.0602873333615994	0.129231722638401
96	WGN46	0.118559907499999	0.0175584464719632	716	0.0840877128615985	0.153032102138399
98	WGN46	0.0279661590000002	0.0175584464719634	716	-0.00650603563840045	0.0624383536384008
101	WGN46	-0.00204063069037619	0.0248400497128163	716	-0.0508086711827423	0.0467274098019899
102	WGN46	0.00666968600000003	0.0175584464719633	716	-0.0278025086384006	0.0411418806384006
103	WGN46	0.0173342930000002	0.0175584464719633	716	-0.0171379016384003	0.0518064876384008
104	WGN46	0.0559068850000002	0.0175584464719634	716	0.0214346903615996	0.0903790796384009
106	WGN46	0.0122493493096236	0.0248400497128164	716	-0.0365186911827426	0.0610173898019898
107	WGN46	0.0378404123096236	0.0248400497128164	716	-0.0109276281827425	0.0866084528019898
108	WGN46	0.0130415340000002	0.0175584464719633	716	-0.0214306606384003	0.0475137286384007
109	WGN46	0.1073642775	0.0175584464719634	716	0.0728920828615997	0.141836472138401
110	WGN46	0.00741706100000014	0.0175584464719633	716	-0.0270551336384004	0.0418892556384007
111	WGN46	-0.00158940969037619	0.0248400497128163	716	-0.0503574501827423	0.0471786308019899
112	WGN46	0.0585067875000001	0.0175584464719633	716	0.0240345928615995	0.0929789821384006
113	WGN46	0.0685598940000002	0.0175584464719633	716	0.0340876993615997	0.103032088638401
114	WGN46	0.0217539820000002	0.0175584464719633	716	-0.0127182126384004	0.0562261766384007
115	WGN46	0.0190472960000002	0.0175584464719633	716	-0.0154248986384004	0.0535194906384008
116	WGN46	0.0333231705000002	0.0175584464719634	716	-0.0011490241384004	0.0677953651384008
117	WGN46	-0.0018618306903765	0.0248400497128164	716	-0.0506298711827428	0.0469062098019898
118	WGN46	0.0497166765000001	0.0175584464719633	716	0.0152444818615996	0.0841888711384007
119	WGN46	0.0480823865000001	0.0175584464719633	716	0.0136101918615996	0.0825545811384006
120	WGN46	0.0952242913096237	0.0248400497128164	716	0.0464562508172575	0.14399233180199
121	WGN46	0.0289866385000002	0.0175584464719633	716	-0.00548555613840029	0.0634588331384008
122	WGN46	0.0370192600000002	0.0175584464719633	716	0.00254706536159965	0.0714914546384007
123	WGN46	0.067132043	0.0175584464719633	716	0.0326598483615995	0.1016042376384
124	WGN46	0.00136478530962364	0.0248400497128164	716	-0.0474032551827426	0.0501328258019899
125	WGN46	0.0254892675000002	0.0175584464719633	716	-0.00898292713840034	0.0599614621384007
126	WGN46	0.0168519835000002	0.0175584464719633	716	-0.0176202111384003	0.0513241781384007
127	WGN46	0.0492774603096237	0.0248400497128164	716	0.000509419817257523	0.0980455008019899
128	WGN46	0.115109116	0.0175584464719633	716	0.0806369213615996	0.149581310638401
129	WGN46	0.1099971395	0.0175584464719633	716	0.0755249448615995	0.144469334138401
130	WGN46	0.00757142850000017	0.0175584464719633	716	-0.0269007661384004	0.0420436231384007
1	WGN55	0.0693727324999953	0.0175584464719631	716	0.0349005378615951	0.103844927138395
2	WGN55	0.0605046289999987	0.0175584464719635	716	0.0260324343615979	0.0949768236383995
3	WGN55	0.0896873673096225	0.0248400497128162	716	0.0409193268172566	0.138455407801988
4	WGN55	0.00519921849999783	0.0175584464719635	716	-0.0292729761384031	0.0396714131383987
5	WGN55	0.00858941430962396	0.0248400497128162	716	-0.0401786261827418	0.0573574548019897
6	WGN55	0.00169258030962231	0.0248400497128164	716	-0.0470754601827439	0.0504606208019885
7	WGN55	0.0131213343096235	0.0248400497128161	716	-0.0356467061827422	0.0618893748019892
8	WGN55	0.0214473024999986	0.0175584464719634	716	-0.0130248921384021	0.0559194971383994
9	WGN55	0.0106737813096216	0.0248400497128165	716	-0.0380942591827448	0.059441821801988
10	WGN55	0.0142541579999986	0.0175584464719634	716	-0.0202180366384021	0.0487263526383992
11	WGN55	0.00388998049999967	0.0175584464719633	716	-0.0305822141384009	0.0383621751384002
12	WGN55	0.0648410519999994	0.0175584464719632	716	0.0303688573615991	0.0993132466383998
13	WGN55	0.0355489224999987	0.0175584464719634	716	0.00107672786159797	0.0700211171383994
14	WGN55	0.0262359194999984	0.0175584464719633	716	-0.00823627513840215	0.0607081141383989
15	WGN55	0.00441839130962341	0.0248400497128162	716	-0.0443496491827424	0.0531864318019892
16	WGN55	0.0104476170000001	0.0175584464719633	716	-0.0240245776384004	0.0449198116384006
17	WGN55	0.0271282554999994	0.0175584464719633	716	-0.00734393913840104	0.0616004501383999
18	WGN55	0.0790363479999997	0.0175584464719634	716	0.044564153361599	0.1135085426384
19	WGN55	0.00747700199999908	0.0175584464719633	716	-0.0269951926384014	0.0419491966383996
20	WGN55	0.020270586500001	0.0175584464719632	716	-0.0142016081383993	0.0547427811384014
21	WGN55	0.0490797494999991	0.0175584464719635	716	0.0146075548615982	0.0835519441383999
22	WGN55	0.0136614824999984	0.0175584464719634	716	-0.0208107121384024	0.0481336771383992
23	WGN55	0.0485334434999994	0.0175584464719631	716	0.0140612488615992	0.0830056381383996
24	WGN55	0.110456521499999	0.0175584464719633	716	0.0759843268615987	0.1449287161384
25	WGN55	0.0336509499999994	0.0175584464719632	716	-0.000821244638400963	0.0681231446383997
26	WGN55	0.069490607499999	0.0175584464719633	716	0.0350184128615986	0.103962802138399
27	WGN55	0.0338475629999989	0.0175584464719634	716	-0.000624631638401825	0.0683197576383995
28	WGN55	0.0676534193096223	0.0248400497128166	716	0.0188853788172558	0.116421459801989
29	WGN55	0.0215162719999999	0.0175584464719632	716	-0.0129559226384004	0.0559884666384002
31	WGN55	0.0174115364999996	0.0175584464719633	716	-0.0170606581384008	0.0518837311384001
32	WGN55	0.00999485049999809	0.0175584464719634	716	-0.0244773441384027	0.0444670451383989
33	WGN55	0.0158067684999988	0.0175584464719634	716	-0.0186654261384018	0.0502789631383995
35	WGN55	0.0130343049999992	0.0175584464719633	716	-0.0214378896384014	0.0475064996383998
36	WGN55	0.00935510030962267	0.0248400497128164	716	-0.0394129401827435	0.0581231408019888
37	WGN55	0.0116376310000002	0.0175584464719631	716	-0.0228345636384	0.0461098256384004
38	WGN55	0.0087492946903755	0.0248400497128164	716	-0.0400187458019908	0.0575173351827418
40	WGN55	0.0319097863096224	0.0248400497128163	716	-0.0168582541827438	0.0806778268019885
41	WGN55	0.0727118304999988	0.0175584464719633	716	0.0382396358615984	0.107184025138399
42	WGN55	0.091647069999999	0.0175584464719632	716	0.0571748753615986	0.126119264638399
43	WGN55	0.0658271319999991	0.0175584464719633	716	0.0313549373615987	0.100299326638399
44	WGN55	0.0113478836903749	0.0248400497128164	716	-0.0374201568019912	0.0601159241827411
45	WGN55	0.0188171686903755	0.0248400497128165	716	-0.0299508718019909	0.0675852091827418
47	WGN55	0.020721583499999	0.0175584464719633	716	-0.0137506111384016	0.0551937781383996
48	WGN55	0.00290605749999951	0.0175584464719633	716	-0.031566137138401	0.0373782521384
49	WGN55	-0.00013469569037791	0.0248400497128164	716	-0.0489027361827441	0.0486333448019883
50	WGN55	0.0117351246903752	0.0248400497128163	716	-0.0370329158019909	0.0605031651827413
52	WGN55	0.00390055530962293	0.0248400497128163	716	-0.0448674851827432	0.052668595801989
54	WGN55	0.0191515194999987	0.0175584464719634	716	-0.0153206751384019	0.0536237141383994
55	WGN55	0.0408137474999994	0.0175584464719633	716	0.00634155286159891	0.0752859421383998
56	WGN55	0.0117542269999992	0.0175584464719633	716	-0.0227179676384013	0.0462264216383997
57	WGN55	0.0141901956903757	0.0248400497128164	716	-0.0345778448019905	0.0629582361827419
58	WGN55	0.0195559933096229	0.0248400497128163	716	-0.0292120471827431	0.0683240338019889
59	WGN55	0.0175986839999986	0.0175584464719634	716	-0.0168735106384021	0.0520708786383993
60	WGN55	-0.00594311669037765	0.0248400497128164	716	-0.0547111571827438	0.0428249238019885
62	WGN55	0.00750531099999892	0.0175584464719634	716	-0.0269668836384018	0.0419775056383996
64	WGN55	-0.00466275669037776	0.0248400497128163	716	-0.0534307971827439	0.0441052838019884
65	WGN55	0.005843321999999	0.0175584464719634	716	-0.0286288726384016	0.0403155166383996
66	WGN55	0.00803571399999828	0.0175584464719634	716	-0.0264364806384025	0.042507908638399
69	WGN55	-0.00317237169037836	0.0248400497128165	716	-0.0519404121827448	0.0455956688019881
70	WGN55	0.00574833930962231	0.0248400497128164	716	-0.0430197011827439	0.0545163798019885
72	WGN55	0.0311027559999989	0.0175584464719633	716	-0.00336943863840165	0.0655749506383995
73	WGN55	0.023846153999999	0.0175584464719633	716	-0.0106260406384016	0.0583183486383996
74	WGN55	0.0526518033096226	0.0248400497128164	716	0.00388376281725625	0.101419843801989
76	WGN55	0.0208588314999988	0.0175584464719633	716	-0.0136133631384018	0.0553310261383994
77	WGN55	0.0139191083096225	0.0248400497128163	716	-0.0348489321827436	0.0626871488019886
78	WGN55	0.000925201499998864	0.0175584464719634	716	-0.0335469931384018	0.0353973961383995
80	WGN55	0.00949009599999912	0.0175584464719633	716	-0.0249820986384015	0.0439622906383997
81	WGN55	0.00388752699999887	0.0175584464719634	716	-0.0305846676384017	0.0383597216383995
82	WGN55	0.0206881524999993	0.0175584464719633	716	-0.0137840421384013	0.0551603471383998
83	WGN55	0.0358912203096229	0.0248400497128163	716	-0.0128768201827431	0.0846592608019889
84	WGN55	0.00198599930962214	0.0248400497128164	716	-0.0467820411827441	0.0507540398019884
85	WGN55	0.023827122499999	0.0175584464719634	716	-0.0106450721384016	0.0582993171383997
86	WGN55	0.00389090899999943	0.0175584464719633	716	-0.0305812856384011	0.0383631036384
87	WGN55	-0.00173006469037774	0.0248400497128164	716	-0.050498105182744	0.0470379758019885
88	WGN55	-0.000416749690377262	0.0248400497128163	716	-0.0491847901827433	0.0483512908019888
89	WGN55	0.0704852929999989	0.0175584464719633	716	0.0360130983615983	0.104957487638399
91	WGN55	-0.00699410569037752	0.0248400497128164	716	-0.0557621461827437	0.0417739348019887
92	WGN55	0.084890660999999	0.0175584464719633	716	0.0504184663615985	0.1193628556384
93	WGN55	-0.00371720069037741	0.0248400497128163	716	-0.0524852411827435	0.0450508398019887
94	WGN55	0.00188622399999887	0.0175584464719634	716	-0.0325859706384018	0.0363584186383995
95	WGN55	0.0516537879999993	0.0175584464719633	716	0.0171815933615988	0.0861259826383998
96	WGN55	0.00859944469037549	0.0248400497128164	716	-0.0401685958019908	0.0573674851827418
97	WGN55	0.0474215913096223	0.0248400497128164	716	-0.00134644918274398	0.0961896318019885
98	WGN55	0.0102397279999989	0.0175584464719633	716	-0.0242324666384017	0.0447119226383995
99	WGN55	0.00366038430962248	0.0248400497128164	716	-0.0451076561827437	0.0524284248019886
100	WGN55	0.0230202429999988	0.0175584464719634	716	-0.0114519516384018	0.0574924376383994
101	WGN55	0.0355488269999991	0.0175584464719633	716	0.00107663236159857	0.0700210216383997
102	WGN55	0.0285174054999992	0.0175584464719633	716	-0.00595478913840127	0.0629896001383997
103	WGN55	0.0222079419999988	0.0175584464719634	716	-0.0122642526384019	0.0566801366383995
104	WGN55	0.0114702549999988	0.0175584464719634	716	-0.0230019396384018	0.0459424496383995
105	WGN55	0.0277993079999989	0.0175584464719634	716	-0.00667288663840171	0.0622715026383995
106	WGN55	0.0128439934999995	0.0175584464719633	716	-0.0216282011384009	0.0473161881384
107	WGN55	-0.00253458269037734	0.0248400497128163	716	-0.0513026231827434	0.0462334578019887
108	WGN55	0.028056732499999	0.0175584464719634	716	-0.00641546213840166	0.0625289271383996
109	WGN55	0.00487451749999902	0.0175584464719633	716	-0.0295976771384016	0.0393467121383996
110	WGN55	0.0031323524999991	0.0175584464719633	716	-0.0313398421384015	0.0376045471383997
111	WGN55	0.031904434999999	0.0175584464719633	716	-0.00256775963840154	0.0663766296383996
112	WGN55	0.148900066999999	0.0175584464719634	716	0.114427872361599	0.1833722616384
113	WGN55	0.006155150999999	0.0175584464719633	716	-0.0283170436384016	0.0406273456383996
114	WGN55	0.012278592999999	0.0175584464719633	716	-0.0221936016384015	0.0467507876383996
115	WGN55	0.029314788999999	0.0175584464719633	716	-0.00515740563840155	0.0637869836383996
116	WGN55	0.022992424499999	0.0175584464719633	716	-0.0114797701384016	0.0574646191383996
117	WGN55	0.0390872433096224	0.0248400497128164	716	-0.0096807971827438	0.0878552838019886
118	WGN55	0.0302191559999989	0.0175584464719634	716	-0.00425303863840173	0.0646913506383995
119	WGN55	0.062766023499999	0.0175584464719633	716	0.0282938288615984	0.0972382181383996
120	WGN55	0.130412101309622	0.0248400497128164	716	0.0816440608172563	0.179180141801989
121	WGN55	0.0222400473096224	0.0248400497128164	716	-0.0265279931827437	0.0710080878019886
122	WGN55	0.00782952099999904	0.0175584464719633	716	-0.0266426736384016	0.0423017156383996
123	WGN55	0.0017576983096224	0.0248400497128164	716	-0.0470103421827438	0.0505257388019886
124	WGN55	0.00799342099999893	0.0175584464719634	716	-0.0264787736384017	0.0424656156383995
125	WGN55	0.010882821999999	0.0175584464719634	716	-0.0235893726384016	0.0453550166383996
126	WGN55	0.021422163499999	0.0175584464719633	716	-0.0130500311384016	0.0558943581383996
128	WGN55	0.041019786999999	0.0175584464719633	716	0.00654759236159839	0.0754919816383996
129	WGN55	0.00310030349999892	0.0175584464719633	716	-0.0313718911384017	0.0375724981383995
130	WGN55	0.143658127999999	0.0175584464719634	716	0.109185933361599	0.1781303226384
1	WGN63	0.0190649349999996	0.0175584464719634	716	-0.0154072596384012	0.0535371296384004
2	WGN63	0.00335384149999977	0.0175584464719632	716	-0.0311183531384006	0.0378260361384002
3	WGN63	0.0350958790000001	0.0175584464719634	716	0.000623684361599479	0.0695680736384008
4	WGN63	0.00111635330962268	0.0248400497128166	716	-0.0476516871827439	0.0498843938019893
5	WGN63	0.0206448996903765	0.0248400497128165	716	-0.02812314080199	0.069412940182743
6	WGN63	0.0411986664999998	0.0175584464719633	716	0.00672647186159937	0.0756708611384002
7	WGN63	0.00870913269037658	0.0248400497128163	716	-0.0400589078019895	0.0574771731827427
8	WGN63	0.00696511249999988	0.0175584464719633	716	-0.0275070821384006	0.0414373071384004
9	WGN63	0.00936725869037626	0.0248400497128163	716	-0.0394007818019898	0.0581352991827423
10	WGN63	0.0229304254999998	0.0175584464719633	716	-0.0115417691384007	0.0574026201384003
12	WGN63	0.0149631614999997	0.0175584464719634	716	-0.019509033138401	0.0494353561384004
13	WGN63	0.0325450449999998	0.0175584464719633	716	-0.00192714963840065	0.0670172396384003
16	WGN63	-0.00323079469037677	0.0248400497128163	716	-0.0519988351827428	0.0455372458019893
17	WGN63	-0.00701376269037715	0.0248400497128165	716	-0.0557818031827436	0.0417542778019893
18	WGN63	0.00294432149999975	0.0175584464719633	716	-0.0315278731384008	0.0374165161384003
19	WGN63	0.0092733784999999	0.0175584464719632	716	-0.0251988161384005	0.0437455731384003
20	WGN63	0.00550380249999947	0.0175584464719634	716	-0.0289683921384012	0.0399759971384002
21	WGN63	0.00397874949999956	0.0175584464719634	716	-0.0304934451384012	0.0384509441384003
22	WGN63	-0.00510918569037673	0.0248400497128164	716	-0.0538772261827429	0.0436588548019894
23	WGN63	0.0261476704999997	0.0175584464719633	716	-0.00832452413840078	0.0606198651384001
24	WGN63	-0.00442954769037679	0.0248400497128164	716	-0.053197588182743	0.0443384928019895
26	WGN63	0.00339476699999974	0.0175584464719634	716	-0.0310774276384009	0.0378669616384003
27	WGN63	0.0445652174999999	0.0175584464719634	716	0.0100930228615993	0.0790374121384006
28	WGN63	0.0294592274999997	0.0175584464719633	716	-0.00501296713840091	0.0639314221384003
29	WGN63	0.0262055939999998	0.0175584464719634	716	-0.00826660063840082	0.0606777886384004
30	WGN63	0.076012605	0.0175584464719634	716	0.0415404103615993	0.110484799638401
32	WGN63	0.00284594999999974	0.0175584464719634	716	-0.0316262446384009	0.0373181446384004
33	WGN63	0.00510507130962314	0.0248400497128163	716	-0.0436629691827429	0.0538731118019892
34	WGN63	0.0189688374999997	0.0175584464719634	716	-0.0155033571384011	0.0534410321384004
35	WGN63	-0.00658583369037708	0.0248400497128165	716	-0.0553538741827435	0.0421822068019893
36	WGN63	0.000996027309623066	0.0248400497128164	716	-0.0477720131827431	0.0497640678019893
37	WGN63	-0.00678441269037674	0.0248400497128164	716	-0.0555524531827429	0.0419836278019895
38	WGN63	-0.00471083369037654	0.0248400497128163	716	-0.0534788741827426	0.0440572068019895
39	WGN63	0.0327317243096231	0.0248400497128165	716	-0.0160363161827433	0.0814997648019896
41	WGN63	0.0172433564999997	0.0175584464719634	716	-0.017228838138401	0.0517155511384004
42	WGN63	0.00900184849999966	0.0175584464719634	716	-0.025470346138401	0.0434740431384003
44	WGN63	0.0700065803096235	0.0248400497128165	716	0.0212385398172571	0.11877462080199
45	WGN63	0.034361003309623	0.0248400497128164	716	-0.0144070371827433	0.0831290438019892
46	WGN63	0.0111443014999997	0.0175584464719634	716	-0.023327893138401	0.0456164961384003
47	WGN63	0.00947631169037647	0.0248400497128164	716	-0.0392917288019897	0.0582443521827426
48	WGN63	0.00426581430962288	0.0248400497128164	716	-0.0445022261827435	0.0530338548019892
49	WGN63	0.0169063809999995	0.0175584464719633	716	-0.0175658136384011	0.0513785756384
50	WGN63	0.0185280323096225	0.0248400497128165	716	-0.030240008182744	0.0672960728019889
51	WGN63	0.00522624399999986	0.0175584464719633	716	-0.0292459506384007	0.0396984386384004
52	WGN63	0.00162331499999977	0.0175584464719633	716	-0.0328488796384007	0.0360955096384002
53	WGN63	0.0715269504999996	0.0175584464719633	716	0.037054755861599	0.1059991451384
54	WGN63	0.0371832599999999	0.0175584464719633	716	0.00271106536159944	0.0716554546384004
56	WGN63	0.00296376849999986	0.0175584464719633	716	-0.0315084261384006	0.0374359631384003
57	WGN63	0.00487491599999953	0.0175584464719633	716	-0.0295972786384011	0.0393471106384001
58	WGN63	0.0318829114999999	0.0175584464719634	716	-0.00258928313840071	0.0663551061384005
60	WGN63	0.0172122433096236	0.0248400497128163	716	-0.0315557971827425	0.0659802838019897
61	WGN63	0.0166472819999996	0.0175584464719633	716	-0.0178249126384009	0.0511194766384001
62	WGN63	0.0448670234999997	0.0175584464719633	716	0.0103948288615991	0.0793392181384002
64	WGN63	0.00467952649999952	0.0175584464719633	716	-0.029792668138401	0.0391517211384
65	WGN63	0.0441545614999997	0.0175584464719634	716	0.00968236686159912	0.0786267561384004
66	WGN63	0.00794522199999965	0.0175584464719634	716	-0.0265269726384009	0.0424174166384002
68	WGN63	0.0401188069999998	0.0175584464719634	716	0.00564661236159922	0.0745910016384005
69	WGN63	0.0457006153096231	0.0248400497128164	716	-0.0030674251827431	0.0944686558019892
70	WGN63	0.00520805749999972	0.0175584464719633	716	-0.0292641371384008	0.0396802521384003
72	WGN63	0.0139207664999999	0.0175584464719634	716	-0.0205514281384008	0.0483929611384005
73	WGN63	0.0123176819999995	0.0175584464719634	716	-0.0221545126384012	0.0467898766384001
74	WGN63	0.00247758149999959	0.0175584464719634	716	-0.031994613138401	0.0369497761384002
75	WGN63	0.0639928679999998	0.0175584464719633	716	0.0295206733615992	0.0984650626384003
76	WGN63	0.00644149230962312	0.0248400497128165	716	-0.0423265481827433	0.0552095328019895
77	WGN63	-0.0028427016903769	0.0248400497128164	716	-0.0516107421827431	0.0459253388019893
78	WGN63	0.00221239899999969	0.0175584464719633	716	-0.0322597956384009	0.0366845936384002
79	WGN63	0.0076873874999998	0.0175584464719633	716	-0.0267848071384007	0.0421595821384003
80	WGN63	0.00595439199999966	0.0175584464719634	716	-0.028517802638401	0.0404265866384003
81	WGN63	0.00360438149999957	0.0175584464719634	716	-0.0308678131384011	0.0380765761384003
82	WGN63	0.0173555814999997	0.0175584464719633	716	-0.0171166131384008	0.0518277761384003
83	WGN63	0.0681528414999995	0.0175584464719633	716	0.033680646861599	0.1026250361384
84	WGN63	0.0530398785	0.0175584464719634	716	0.0185676838615994	0.0875120731384006
85	WGN63	0.00456539899999953	0.0175584464719633	716	-0.029906795638401	0.0390375936384001
86	WGN63	-0.00672165869037692	0.0248400497128164	716	-0.0554896991827432	0.0420463818019894
87	WGN63	0.0175505049999996	0.0175584464719633	716	-0.0169216896384009	0.0520226996384001
88	WGN63	0.0169039834999997	0.0175584464719633	716	-0.0175682111384009	0.0513761781384002
89	WGN63	0.0174031416903763	0.0248400497128164	716	-0.0313648988019899	0.0661711821827425
90	WGN63	0.0139064583096231	0.0248400497128164	716	-0.0348615821827432	0.0626744988019894
92	WGN63	0.0169985683096232	0.0248400497128164	716	-0.031769472182743	0.0657666088019894
93	WGN63	0.0199066559999997	0.0175584464719634	716	-0.0145655386384009	0.0543788506384003
94	WGN63	0.00214422549999974	0.0175584464719633	716	-0.0323279691384008	0.0366164201384003
95	WGN63	-0.00549183869037679	0.0248400497128164	716	-0.054259879182743	0.0432762018019894
96	WGN63	0.0123400879999997	0.0175584464719633	716	-0.0221321066384009	0.0468122826384003
97	WGN63	0.0124657529999996	0.0175584464719633	716	-0.022006441638401	0.0469379476384002
98	WGN63	0.0143237046903764	0.0248400497128164	716	-0.0344443358019899	0.0630917451827426
99	WGN63	0.0180441666903763	0.0248400497128164	716	-0.03072387380199	0.0668122071827426
100	WGN63	0.0174317734999997	0.0175584464719633	716	-0.0170404211384009	0.0519039681384003
101	WGN63	0.0108129666903764	0.0248400497128164	716	-0.0379550738019899	0.0595810071827426
102	WGN63	0.0146509739999997	0.0175584464719633	716	-0.0198212206384008	0.0491231686384003
103	WGN63	0.00629781199999978	0.0175584464719633	716	-0.0281743826384008	0.0407700066384003
105	WGN63	0.0808608059999998	0.0175584464719633	716	0.0463886113615992	0.1153330006384
106	WGN63	0.00345454549999966	0.0175584464719633	716	-0.0310176491384009	0.0379267401384002
109	WGN63	-0.00478023769037685	0.0248400497128164	716	-0.0535482781827431	0.0439878028019894
111	WGN63	0.0232315909999997	0.0175584464719633	716	-0.0112406036384009	0.0577037856384003
112	WGN63	0.0663901919999998	0.0175584464719633	716	0.0319179973615993	0.1008623866384
114	WGN63	0.0407567643096231	0.0248400497128164	716	-0.00801127618274311	0.0895248048019893
115	WGN63	0.0109173179999997	0.0175584464719633	716	-0.0235548766384009	0.0453895126384003
116	WGN63	0.00328799749999971	0.0175584464719633	716	-0.0311841971384009	0.0377601921384003
117	WGN63	0.0245020426903763	0.0248400497128164	716	-0.0242659978019899	0.0732700831827426
119	WGN63	0.0478136494999997	0.0175584464719633	716	0.0133414548615991	0.0822858441384003
121	WGN63	0.00929176769037634	0.0248400497128164	716	-0.0394762728019899	0.0580598081827426
122	WGN63	0.0073637583096232	0.0248400497128164	716	-0.041404282182743	0.0561317988019894
123	WGN63	0.0207190303096231	0.0248400497128164	716	-0.0280490101827431	0.0694870708019894
124	WGN63	-0.00311243169037683	0.0248400497128164	716	-0.0518804721827431	0.0456556088019894
125	WGN63	0.00455905130962315	0.0248400497128164	716	-0.0442089891827431	0.0533270918019894
126	WGN63	0.00853063999999972	0.0175584464719633	716	-0.0259415546384009	0.0430028346384003
127	WGN63	0.00235594530962316	0.0248400497128164	716	-0.046412095182743	0.0511239858019894
128	WGN63	-0.00240314169037681	0.0248400497128164	716	-0.051171182182743	0.0463648988019894
129	WGN63	0.00427865099999971	0.0175584464719633	716	-0.0301935436384009	0.0387508456384003
130	WGN63	0.0163236019999997	0.0175584464719633	716	-0.0181485926384009	0.0507957966384003
