plantID3	famID	emmean	SE	df	lower.CL	upper.CL
1	WGN07	112.499999999969	5.2809810278631	1126	102.138329578026	122.861670421913
2	WGN07	119.999999999992	5.28098102785996	1126	109.638329578055	130.361670421929
3	WGN07	145	5.28098102785977	1126	134.638329578063	155.361670421937
4	WGN07	99.9999999999936	5.28098102785955	1126	89.6383295780574	110.36167042193
5	WGN07	127.500000000004	5.28098102785931	1126	117.138329578068	137.86167042194
6	WGN07	117.5	5.28098102785939	1126	107.138329578064	127.861670421935
7	WGN07	135	5.2809810278594	1126	124.638329578064	145.361670421936
8	WGN07	132.499999999999	5.28098102785935	1126	122.138329578063	142.861670421935
9	WGN07	135	5.28098102785938	1126	124.638329578064	145.361670421936
10	WGN07	97.4999999999988	5.28098102785936	1126	87.138329578063	107.861670421935
11	WGN07	125	5.28098102785947	1126	114.638329578064	135.361670421936
12	WGN07	107.5	5.28098102785938	1126	97.1383295780637	117.861670421936
13	WGN07	114.999999999999	5.28098102785942	1126	104.638329578063	125.361670421935
14	WGN07	129.999999999999	5.28098102785943	1126	119.638329578063	140.361670421935
15	WGN07	124.999999999999	5.2809810278593	1126	114.638329578063	135.361670421935
16	WGN07	115	5.28098102785952	1126	104.638329578064	125.361670421936
17	WGN07	119.999999999999	5.28098102785936	1126	109.638329578063	130.361670421935
18	WGN07	112.499999999999	5.28098102785949	1126	102.138329578063	122.861670421935
20	WGN07	94.9999999999994	5.28098102785929	1126	84.6383295780636	105.361670421935
21	WGN07	124.999999999999	5.28098102785931	1126	114.638329578063	135.361670421935
22	WGN07	135	5.28098102785936	1126	124.638329578064	145.361670421936
23	WGN07	140	5.28098102785946	1126	129.638329578064	150.361670421936
24	WGN07	104.999999999999	5.28098102785918	1126	94.6383295780636	115.361670421935
25	WGN07	117.499999999999	5.28098102785934	1126	107.138329578063	127.861670421935
26	WGN07	109.999999999998	5.28098102785954	1126	99.6383295780622	120.361670421935
27	WGN07	127.499999999999	5.28098102785927	1126	117.138329578064	137.861670421935
28	WGN07	104.999999999999	5.28098102785928	1126	94.6383295780635	115.361670421935
29	WGN07	112.499999999999	5.28098102785942	1126	102.138329578063	122.861670421935
30	WGN07	127.499999999998	5.28098102785911	1126	117.138329578063	137.861670421934
31	WGN07	122.5	5.2809810278593	1126	112.138329578065	132.861670421936
32	WGN07	102.499999999999	5.28098102785921	1126	92.1383295780638	112.861670421935
33	WGN07	132.5	5.2809810278593	1126	122.138329578064	142.861670421935
34	WGN07	122.5	5.2809810278594	1126	112.138329578064	132.861670421936
35	WGN07	142.499999999999	5.28098102785937	1126	132.138329578063	152.861670421935
36	WGN07	102.5	5.28098102785945	1126	92.1383295780636	112.861670421936
37	WGN07	117.5	5.28098102785931	1126	107.138329578064	127.861670421936
38	WGN07	117.5	5.28098102785932	1126	107.138329578064	127.861670421936
39	WGN07	119.999999999999	5.28098102785937	1126	109.638329578063	130.361670421935
40	WGN07	102.499999999999	5.28098102785942	1126	92.1383295780632	112.861670421935
41	WGN07	122.5	5.28098102785944	1126	112.138329578064	132.861670421936
42	WGN07	134.999999999999	5.28098102785941	1126	124.638329578063	145.361670421935
44	WGN07	105	5.28098102785935	1126	94.6383295780636	115.361670421935
46	WGN07	107.499999999999	5.28098102785936	1126	97.1383295780633	117.861670421935
47	WGN07	109.999999999999	5.28098102785925	1126	99.6383295780636	120.361670421935
48	WGN07	114.999999999999	5.2809810278593	1126	104.638329578064	125.361670421935
49	WGN07	132.5	5.28098102785947	1126	122.138329578064	142.861670421936
50	WGN07	130	5.28098102785941	1126	119.638329578064	140.361670421936
51	WGN07	117.499999999999	5.28098102785931	1126	107.138329578063	127.861670421935
52	WGN07	120	5.28098102785936	1126	109.638329578064	130.361670421936
53	WGN07	130	5.28098102785951	1126	119.638329578064	140.361670421937
54	WGN07	110.002218278615	7.47009151548636	1126	95.3453532194837	124.659083337747
55	WGN07	117.499999999999	5.28098102785933	1126	107.138329578063	127.861670421935
56	WGN07	119.999999999999	5.28098102785934	1126	109.638329578063	130.361670421935
57	WGN07	119.999999999999	5.28098102785933	1126	109.638329578063	130.361670421935
58	WGN07	132.499999999999	5.28098102785932	1126	122.138329578063	142.861670421935
59	WGN07	129.999999999999	5.28098102785933	1126	119.638329578064	140.361670421935
60	WGN07	119.999999999999	5.2809810278593	1126	109.638329578063	130.361670421935
61	WGN07	124.999999999999	5.28098102785932	1126	114.638329578064	135.361670421935
63	WGN07	130	5.28098102785946	1126	119.638329578064	140.361670421936
64	WGN07	114.999999999999	5.28098102785926	1126	104.638329578063	125.361670421935
66	WGN07	135	5.28098102785938	1126	124.638329578064	145.361670421936
67	WGN07	119.999999999999	5.28098102785939	1126	109.638329578063	130.361670421935
68	WGN07	102.499999999999	5.28098102785934	1126	92.1383295780636	112.861670421935
69	WGN07	137.499999999999	5.28098102785931	1126	127.138329578064	147.861670421935
71	WGN07	117.5	5.28098102785938	1126	107.138329578064	127.861670421936
72	WGN07	140.002218278616	7.4700915154863	1126	125.345353219484	154.659083337747
73	WGN07	122.499999999999	5.28098102785949	1126	112.138329578063	132.861670421935
74	WGN07	119.999999999999	5.28098102785927	1126	109.638329578064	130.361670421935
75	WGN07	112.499999999999	5.28098102785931	1126	102.138329578063	122.861670421935
76	WGN07	99.9999999999999	5.28098102785919	1126	89.6383295780643	110.361670421935
77	WGN07	129.999999999999	5.28098102785928	1126	119.638329578063	140.361670421935
78	WGN07	110	5.2809810278593	1126	99.6383295780638	120.361670421935
79	WGN07	124.999999999999	5.28098102785925	1126	114.638329578063	135.361670421935
80	WGN07	127.499999999999	5.2809810278593	1126	117.138329578063	137.861670421934
81	WGN07	127.5	5.28098102785938	1126	117.138329578064	137.861670421936
82	WGN07	124.999999999999	5.28098102785937	1126	114.638329578063	135.361670421935
83	WGN07	112.499999999999	5.28098102785932	1126	102.138329578063	122.861670421935
84	WGN07	112.499999999999	5.28098102785951	1126	102.138329578063	122.861670421935
85	WGN07	135	5.28098102785931	1126	124.638329578064	145.361670421935
86	WGN07	119.999999999999	5.28098102785922	1126	109.638329578063	130.361670421934
87	WGN07	117.499999999999	5.28098102785935	1126	107.138329578063	127.861670421935
88	WGN07	124.999999999999	5.28098102785928	1126	114.638329578064	135.361670421935
89	WGN07	102.499999999999	5.28098102785936	1126	92.1383295780633	112.861670421935
90	WGN07	127.499999999999	5.28098102785939	1126	117.138329578063	137.861670421934
91	WGN07	114.999999999999	5.28098102785941	1126	104.638329578063	125.361670421935
92	WGN07	102.499999999999	5.28098102785929	1126	92.1383295780635	112.861670421935
93	WGN07	122.5	5.28098102785929	1126	112.138329578064	132.861670421935
94	WGN07	114.999999999999	5.28098102785925	1126	104.638329578064	125.361670421935
95	WGN07	127.499999999999	5.28098102785933	1126	117.138329578063	137.861670421935
96	WGN07	102.5	5.28098102785935	1126	92.1383295780637	112.861670421935
97	WGN07	129.999999999999	5.28098102785936	1126	119.638329578063	140.361670421935
98	WGN07	102.499999999999	5.28098102785944	1126	92.1383295780631	112.861670421935
99	WGN07	124.999999999999	5.2809810278593	1126	114.638329578064	135.361670421935
100	WGN07	115	5.28098102785934	1126	104.638329578064	125.361670421935
101	WGN07	114.999999999999	5.2809810278593	1126	104.638329578063	125.361670421935
102	WGN07	112.499999999999	5.28098102785926	1126	102.138329578064	122.861670421935
103	WGN07	127.499999999998	5.28098102785907	1126	117.138329578063	137.861670421934
104	WGN07	122.499999999999	5.28098102785946	1126	112.138329578063	132.861670421936
105	WGN07	122.5	5.28098102785923	1126	112.138329578064	132.861670421935
106	WGN07	132.499999999999	5.28098102785933	1126	122.138329578063	142.861670421935
107	WGN07	127.499999999999	5.28098102785936	1126	117.138329578063	137.861670421935
108	WGN07	117.499999999999	5.28098102785929	1126	107.138329578063	127.861670421935
109	WGN07	97.4999999999987	5.28098102785942	1126	87.1383295780627	107.861670421935
110	WGN07	122.499999999999	5.28098102785934	1126	112.138329578063	132.861670421935
111	WGN07	112.499999999999	5.28098102785932	1126	102.138329578064	122.861670421935
112	WGN07	109.999999999999	5.28098102785925	1126	99.6383295780635	120.361670421935
113	WGN07	109.999999999999	5.28098102785946	1126	99.6383295780633	120.361670421935
114	WGN07	112.499999999999	5.28098102785945	1126	102.138329578063	122.861670421935
115	WGN07	137.5	5.28098102785943	1126	127.138329578064	147.861670421936
116	WGN07	132.499999999999	5.28098102785937	1126	122.138329578063	142.861670421935
117	WGN07	132.5	5.28098102785964	1126	122.138329578064	142.861670421937
118	WGN07	94.9999999999992	5.28098102785928	1126	84.6383295780635	105.361670421935
119	WGN07	130	5.28098102785941	1126	119.638329578064	140.361670421936
120	WGN07	109.999999999999	5.28098102785935	1126	99.6383295780632	120.361670421935
121	WGN07	117.499999999999	5.28098102785935	1126	107.138329578063	127.861670421935
122	WGN07	99.9977817213832	7.47009151548624	1126	85.3409166622518	114.654646780515
123	WGN07	124.999999999999	5.28098102785931	1126	114.638329578064	135.361670421935
124	WGN07	119.999999999999	5.2809810278593	1126	109.638329578063	130.361670421935
125	WGN07	130	5.28098102785931	1126	119.638329578064	140.361670421936
126	WGN07	119.999999999999	5.28098102785949	1126	109.638329578063	130.361670421936
127	WGN07	132.499999999999	5.28098102785929	1126	122.138329578064	142.861670421935
128	WGN07	137.499999999999	5.28098102785932	1126	127.138329578064	147.861670421935
129	WGN07	130	5.28098102785942	1126	119.638329578064	140.361670421936
130	WGN07	132.499999999999	5.28098102785935	1126	122.138329578063	142.861670421935
1	WGN15	142.5	5.28098102785951	1126	132.138329578064	152.861670421936
2	WGN15	120.000000000003	5.28098102785926	1126	109.638329578067	130.361670421938
3	WGN15	130.000000000002	5.28098102785943	1126	119.638329578066	140.361670421938
4	WGN15	132.500000000002	5.28098102785919	1126	122.138329578067	142.861670421938
5	WGN15	127.500000000002	5.2809810278594	1126	117.138329578066	137.861670421938
7	WGN15	152.500000000002	5.28098102785929	1126	142.138329578066	162.861670421938
8	WGN15	157.500000000003	5.28098102785943	1126	147.138329578067	167.861670421939
9	WGN15	115.000000000002	5.28098102785932	1126	104.638329578067	125.361670421938
10	WGN15	140.000000000002	5.28098102785937	1126	129.638329578066	150.361670421938
11	WGN15	135.000000000002	5.28098102785944	1126	124.638329578066	145.361670421938
12	WGN15	132.500000000002	5.28098102785934	1126	122.138329578066	142.861670421938
13	WGN15	135.000000000002	5.28098102785933	1126	124.638329578066	145.361670421938
14	WGN15	140.000000000002	5.28098102785937	1126	129.638329578066	150.361670421938
15	WGN15	130.000000000002	5.2809810278594	1126	119.638329578066	140.361670421938
16	WGN15	125.000000000001	5.28098102785947	1126	114.638329578065	135.361670421937
17	WGN15	134.997781721386	7.47009151548632	1126	120.340916662254	149.654646780518
18	WGN15	137.500000000002	5.28098102785935	1126	127.138329578066	147.861670421938
19	WGN15	135.000000000002	5.28098102785943	1126	124.638329578066	145.361670421938
20	WGN15	152.500000000002	5.28098102785932	1126	142.138329578066	162.861670421938
21	WGN15	137.500000000002	5.28098102785944	1126	127.138329578066	147.861670421938
22	WGN15	135.000000000002	5.28098102785941	1126	124.638329578066	145.361670421938
23	WGN15	139.000000000002	5.28098102785933	1126	128.638329578066	149.361670421938
24	WGN15	109.997781721388	7.47009151548612	1126	95.3409166622566	124.654646780519
25	WGN15	142.500000000002	5.28098102785939	1126	132.138329578066	152.861670421938
26	WGN15	145.000000000002	5.2809810278592	1126	134.638329578066	155.361670421937
27	WGN15	142.500000000002	5.28098102785923	1126	132.138329578066	152.861670421938
28	WGN15	140.000000000002	5.28098102785942	1126	129.638329578066	150.361670421938
29	WGN15	140.000000000002	5.28098102785937	1126	129.638329578066	150.361670421938
30	WGN15	147.500000000002	5.28098102785929	1126	137.138329578066	157.861670421938
31	WGN15	144.997781721387	7.47009151548632	1126	130.340916662255	159.654646780518
32	WGN15	137.500000000002	5.28098102785934	1126	127.138329578066	147.861670421938
33	WGN15	155.000000000003	5.28098102785946	1126	144.638329578067	165.361670421939
34	WGN15	140.000000000002	5.2809810278593	1126	129.638329578066	150.361670421938
35	WGN15	145.000000000002	5.28098102785937	1126	134.638329578066	155.361670421938
36	WGN15	130.000000000001	5.28098102785953	1126	119.638329578065	140.361670421938
37	WGN15	150.000000000002	5.2809810278593	1126	139.638329578066	160.361670421937
38	WGN15	127.500000000002	5.28098102785926	1126	117.138329578067	137.861670421938
39	WGN15	142.000000000002	5.28098102785932	1126	131.638329578066	152.361670421938
40	WGN15	135.000000000002	5.28098102785937	1126	124.638329578066	145.361670421938
41	WGN15	130.000000000002	5.2809810278593	1126	119.638329578066	140.361670421938
43	WGN15	145.000000000002	5.2809810278594	1126	134.638329578066	155.361670421938
44	WGN15	137.500000000002	5.28098102785931	1126	127.138329578066	147.861670421938
45	WGN15	147.500000000002	5.28098102785936	1126	137.138329578066	157.861670421938
46	WGN15	142.500000000002	5.28098102785929	1126	132.138329578066	152.861670421938
47	WGN15	125.000000000002	5.28098102785934	1126	114.638329578066	135.361670421938
48	WGN15	142.500000000002	5.2809810278594	1126	132.138329578066	152.861670421938
50	WGN15	152.500000000002	5.28098102785934	1126	142.138329578066	162.861670421938
51	WGN15	142.500000000002	5.28098102785935	1126	132.138329578066	152.861670421938
52	WGN15	125.000000000002	5.28098102785928	1126	114.638329578067	135.361670421938
53	WGN15	135.000000000002	5.28098102785943	1126	124.638329578066	145.361670421938
54	WGN15	139.997781721386	7.47009151548592	1126	125.340916662256	154.654646780517
55	WGN15	127.500000000002	5.28098102785936	1126	117.138329578066	137.861670421938
56	WGN15	155.000000000002	5.28098102785924	1126	144.638329578066	165.361670421938
57	WGN15	127.500000000002	5.28098102785939	1126	117.138329578066	137.861670421938
58	WGN15	147.500000000003	5.2809810278594	1126	137.138329578067	157.861670421938
59	WGN15	155.000000000002	5.28098102785946	1126	144.638329578066	165.361670421938
60	WGN15	140.000000000002	5.28098102785936	1126	129.638329578067	150.361670421938
61	WGN15	132.500000000002	5.28098102785941	1126	122.138329578066	142.861670421938
62	WGN15	145.000000000002	5.28098102785926	1126	134.638329578066	155.361670421938
63	WGN15	152.500000000002	5.28098102785936	1126	142.138329578066	162.861670421938
64	WGN15	125.000000000002	5.28098102785935	1126	114.638329578066	135.361670421938
65	WGN15	140.000000000002	5.28098102785936	1126	129.638329578066	150.361670421938
66	WGN15	120.000000000002	5.28098102785931	1126	109.638329578066	130.361670421938
67	WGN15	147.500000000002	5.28098102785937	1126	137.138329578066	157.861670421938
69	WGN15	135.000000000002	5.28098102785937	1126	124.638329578066	145.361670421938
70	WGN15	137.500000000002	5.2809810278593	1126	127.138329578066	147.861670421937
71	WGN15	132.500000000002	5.2809810278593	1126	122.138329578066	142.861670421938
72	WGN15	140.000000000002	5.28098102785933	1126	129.638329578066	150.361670421938
73	WGN15	145.000000000002	5.28098102785943	1126	134.638329578066	155.361670421938
74	WGN15	127.500000000002	5.2809810278593	1126	117.138329578067	137.861670421938
75	WGN15	144.997781721386	7.47009151548611	1126	130.340916662255	159.654646780517
77	WGN15	137.500000000002	5.28098102785933	1126	127.138329578066	147.861670421938
78	WGN15	130.000000000002	5.28098102785942	1126	119.638329578066	140.361670421938
79	WGN15	140.000000000001	5.28098102785934	1126	129.638329578065	150.361670421937
80	WGN15	142.500000000002	5.2809810278594	1126	132.138329578066	152.861670421938
81	WGN15	152.500000000002	5.28098102785943	1126	142.138329578066	162.861670421938
82	WGN15	130.000000000002	5.28098102785936	1126	119.638329578066	140.361670421938
83	WGN15	137.500000000002	5.28098102785928	1126	127.138329578066	147.861670421938
84	WGN15	132.500000000002	5.28098102785938	1126	122.138329578066	142.861670421938
85	WGN15	152.500000000002	5.2809810278594	1126	142.138329578066	162.861670421938
86	WGN15	137.500000000002	5.28098102785932	1126	127.138329578066	147.861670421938
87	WGN15	130.000000000002	5.28098102785936	1126	119.638329578066	140.361670421938
88	WGN15	145.000000000002	5.28098102785932	1126	134.638329578066	155.361670421938
89	WGN15	145.000000000002	5.28098102785939	1126	134.638329578066	155.361670421937
90	WGN15	147.500000000002	5.28098102785935	1126	137.138329578066	157.861670421938
91	WGN15	132.500000000002	5.28098102785935	1126	122.138329578066	142.861670421938
92	WGN15	147.500000000002	5.28098102785933	1126	137.138329578066	157.861670421938
93	WGN15	137.500000000002	5.28098102785937	1126	127.138329578066	147.861670421938
94	WGN15	132.500000000002	5.28098102785938	1126	122.138329578066	142.861670421938
95	WGN15	135.000000000002	5.28098102785939	1126	124.638329578066	145.361670421938
96	WGN15	135.000000000002	5.28098102785935	1126	124.638329578066	145.361670421938
97	WGN15	145.000000000002	5.28098102785942	1126	134.638329578066	155.361670421938
98	WGN15	142.500000000002	5.28098102785938	1126	132.138329578066	152.861670421938
99	WGN15	142.500000000002	5.28098102785939	1126	132.138329578066	152.861670421938
100	WGN15	137.500000000002	5.2809810278594	1126	127.138329578066	147.861670421938
101	WGN15	140.000000000002	5.28098102785934	1126	129.638329578067	150.361670421938
102	WGN15	132.500000000003	5.28098102785941	1126	122.138329578067	142.861670421938
103	WGN15	120.000000000002	5.28098102785932	1126	109.638329578066	130.361670421938
104	WGN15	137.500000000002	5.28098102785928	1126	127.138329578066	147.861670421938
106	WGN15	145.000000000002	5.28098102785935	1126	134.638329578066	155.361670421938
107	WGN15	137.500000000002	5.28098102785945	1126	127.138329578066	147.861670421938
108	WGN15	152.500000000002	5.28098102785936	1126	142.138329578066	162.861670421938
109	WGN15	130.000000000002	5.28098102785937	1126	119.638329578066	140.361670421938
110	WGN15	130.000000000002	5.28098102785925	1126	119.638329578067	140.361670421938
111	WGN15	135.000000000002	5.28098102785931	1126	124.638329578066	145.361670421937
112	WGN15	137.500000000002	5.28098102785936	1126	127.138329578066	147.861670421938
113	WGN15	137.500000000002	5.28098102785933	1126	127.138329578066	147.861670421938
114	WGN15	142.500000000002	5.28098102785942	1126	132.138329578066	152.861670421938
115	WGN15	135.000000000002	5.28098102785935	1126	124.638329578066	145.361670421938
116	WGN15	140.000000000002	5.28098102785932	1126	129.638329578066	150.361670421938
117	WGN15	132.500000000002	5.28098102785945	1126	122.138329578066	142.861670421938
118	WGN15	130.000000000002	5.28098102785941	1126	119.638329578066	140.361670421938
119	WGN15	137.500000000002	5.28098102785931	1126	127.138329578066	147.861670421938
120	WGN15	142.500000000002	5.2809810278593	1126	132.138329578066	152.861670421938
121	WGN15	130.000000000002	5.2809810278594	1126	119.638329578066	140.361670421938
122	WGN15	130.000000000002	5.28098102785937	1126	119.638329578066	140.361670421938
123	WGN15	127.500000000002	5.28098102785936	1126	117.138329578066	137.861670421938
124	WGN15	137.500000000002	5.28098102785934	1126	127.138329578066	147.861670421938
125	WGN15	135.000000000003	5.28098102785943	1126	124.638329578067	145.361670421939
126	WGN15	122.500000000002	5.28098102785935	1126	112.138329578066	132.861670421938
127	WGN15	142.500000000002	5.28098102785928	1126	132.138329578066	152.861670421938
128	WGN15	162.500000000002	5.28098102785938	1126	152.138329578066	172.861670421938
129	WGN15	137.500000000002	5.28098102785933	1126	127.138329578066	147.861670421938
130	WGN15	140.000000000002	5.28098102785925	1126	129.638329578066	150.361670421938
3	WGN26	130	5.28098102785934	1126	119.638329578064	140.361670421936
4	WGN26	132.5	5.28098102785926	1126	122.138329578064	142.861670421936
5	WGN26	152.5	5.28098102785937	1126	142.138329578064	162.861670421936
6	WGN26	137.5	5.28098102785926	1126	127.138329578064	147.861670421936
7	WGN26	157.500000000001	5.28098102785947	1126	147.138329578065	167.861670421937
8	WGN26	122.500000000001	5.28098102785924	1126	112.138329578065	132.861670421936
9	WGN26	117.500000000001	5.28098102785927	1126	107.138329578065	127.861670421936
10	WGN26	147.5	5.28098102785932	1126	137.138329578064	157.861670421936
11	WGN26	117.499999999999	5.28098102785933	1126	107.138329578063	127.861670421935
12	WGN26	130	5.28098102785934	1126	119.638329578064	140.361670421936
13	WGN26	145	5.28098102785939	1126	134.638329578064	155.361670421936
14	WGN26	140	5.28098102785932	1126	129.638329578064	150.361670421936
15	WGN26	137.5	5.28098102785946	1126	127.138329578064	147.861670421936
17	WGN26	142.5	5.28098102785931	1126	132.138329578064	152.861670421936
18	WGN26	125	5.2809810278594	1126	114.638329578064	135.361670421936
19	WGN26	140.002218278616	7.47009151548633	1126	125.345353219484	154.659083337748
20	WGN26	125	5.28098102785938	1126	114.638329578064	135.361670421936
21	WGN26	137.5	5.28098102785928	1126	127.138329578064	147.861670421936
22	WGN26	140	5.28098102785935	1126	129.638329578064	150.361670421936
23	WGN26	145	5.28098102785932	1126	134.638329578064	155.361670421936
25	WGN26	140	5.28098102785934	1126	129.638329578064	150.361670421936
26	WGN26	132.5	5.28098102785931	1126	122.138329578064	142.861670421936
27	WGN26	127.5	5.2809810278594	1126	117.138329578064	137.861670421936
28	WGN26	147.5	5.28098102785935	1126	137.138329578064	157.861670421936
29	WGN26	132.5	5.28098102785931	1126	122.138329578064	142.861670421936
30	WGN26	125	5.28098102785933	1126	114.638329578064	135.361670421936
31	WGN26	147.5	5.28098102785933	1126	137.138329578064	157.861670421936
32	WGN26	132.5	5.2809810278593	1126	122.138329578064	142.861670421936
33	WGN26	129.997781721384	7.47009151548625	1126	115.340916662253	144.654646780516
34	WGN26	150	5.28098102785939	1126	139.638329578064	160.361670421936
35	WGN26	152.5	5.28098102785937	1126	142.138329578064	162.861670421936
36	WGN26	140	5.28098102785942	1126	129.638329578064	150.361670421936
38	WGN26	147.5	5.28098102785941	1126	137.138329578064	157.861670421936
39	WGN26	142.5	5.28098102785932	1126	132.138329578064	152.861670421936
40	WGN26	142.5	5.28098102785937	1126	132.138329578064	152.861670421936
42	WGN26	130	5.28098102785933	1126	119.638329578064	140.361670421936
43	WGN26	137.5	5.28098102785945	1126	127.138329578064	147.861670421936
44	WGN26	130	5.28098102785944	1126	119.638329578064	140.361670421936
45	WGN26	135	5.28098102785931	1126	124.638329578064	145.361670421936
46	WGN26	130	5.28098102785925	1126	119.638329578065	140.361670421936
47	WGN26	149.999999999999	5.28098102785927	1126	139.638329578064	160.361670421935
48	WGN26	140	5.28098102785929	1126	129.638329578064	150.361670421936
49	WGN26	137.5	5.28098102785939	1126	127.138329578064	147.861670421936
50	WGN26	142.5	5.28098102785925	1126	132.138329578064	152.861670421935
51	WGN26	130	5.28098102785933	1126	119.638329578064	140.361670421936
52	WGN26	150.000000000001	5.28098102785948	1126	139.638329578065	160.361670421937
53	WGN26	127.5	5.28098102785943	1126	117.138329578064	137.861670421936
54	WGN26	137.5	5.28098102785944	1126	127.138329578064	147.861670421936
55	WGN26	120	5.28098102785937	1126	109.638329578064	130.361670421936
56	WGN26	140	5.28098102785939	1126	129.638329578064	150.361670421936
57	WGN26	137.5	5.28098102785936	1126	127.138329578064	147.861670421936
58	WGN26	135	5.28098102785935	1126	124.638329578064	145.361670421936
59	WGN26	145.002218278616	7.47009151548625	1126	130.345353219484	159.659083337747
60	WGN26	140	5.28098102785935	1126	129.638329578064	150.361670421936
61	WGN26	152.5	5.28098102785936	1126	142.138329578064	162.861670421936
62	WGN26	150	5.28098102785937	1126	139.638329578064	160.361670421936
64	WGN26	137.5	5.2809810278593	1126	127.138329578064	147.861670421936
65	WGN26	142.5	5.28098102785936	1126	132.138329578064	152.861670421936
66	WGN26	140	5.28098102785936	1126	129.638329578064	150.361670421936
67	WGN26	142.5	5.28098102785939	1126	132.138329578064	152.861670421936
68	WGN26	142.5	5.28098102785936	1126	132.138329578064	152.861670421936
69	WGN26	142.5	5.28098102785934	1126	132.138329578064	152.861670421936
70	WGN26	130	5.2809810278594	1126	119.638329578064	140.361670421936
71	WGN26	160	5.28098102785937	1126	149.638329578064	170.361670421936
73	WGN26	122.5	5.28098102785929	1126	112.138329578065	132.861670421936
74	WGN26	137.5	5.28098102785936	1126	127.138329578064	147.861670421936
75	WGN26	150	5.28098102785939	1126	139.638329578064	160.361670421936
76	WGN26	135	5.28098102785931	1126	124.638329578064	145.361670421936
77	WGN26	120	5.28098102785935	1126	109.638329578064	130.361670421936
78	WGN26	145	5.28098102785935	1126	134.638329578064	155.361670421936
79	WGN26	129.997781721384	7.47009151548629	1126	115.340916662253	144.654646780516
80	WGN26	142.5	5.28098102785939	1126	132.138329578064	152.861670421936
81	WGN26	145	5.28098102785927	1126	134.638329578064	155.361670421935
82	WGN26	142.5	5.28098102785933	1126	132.138329578064	152.861670421936
83	WGN26	145	5.28098102785931	1126	134.638329578064	155.361670421936
85	WGN26	125	5.2809810278593	1126	114.638329578064	135.361670421936
86	WGN26	120.002218278616	7.47009151548623	1126	105.345353219484	134.659083337747
87	WGN26	137.5	5.28098102785936	1126	127.138329578064	147.861670421936
88	WGN26	130	5.28098102785937	1126	119.638329578064	140.361670421936
89	WGN26	145	5.28098102785938	1126	134.638329578064	155.361670421936
90	WGN26	145	5.28098102785928	1126	134.638329578064	155.361670421935
91	WGN26	132.5	5.28098102785936	1126	122.138329578064	142.861670421936
92	WGN26	115	5.28098102785937	1126	104.638329578064	125.361670421936
93	WGN26	150	5.28098102785934	1126	139.638329578064	160.361670421936
94	WGN26	130	5.28098102785936	1126	119.638329578064	140.361670421936
95	WGN26	150	5.28098102785934	1126	139.638329578064	160.361670421936
96	WGN26	137.5	5.28098102785937	1126	127.138329578064	147.861670421936
97	WGN26	142.5	5.28098102785938	1126	132.138329578064	152.861670421936
98	WGN26	132.5	5.28098102785933	1126	122.138329578064	142.861670421936
99	WGN26	140	5.28098102785934	1126	129.638329578064	150.361670421936
100	WGN26	120.002218278616	7.47009151548626	1126	105.345353219484	134.659083337747
101	WGN26	130	5.2809810278594	1126	119.638329578064	140.361670421936
102	WGN26	145	5.28098102785936	1126	134.638329578064	155.361670421936
103	WGN26	122.5	5.28098102785931	1126	112.138329578064	132.861670421936
104	WGN26	145	5.28098102785936	1126	134.638329578064	155.361670421936
105	WGN26	142.5	5.28098102785933	1126	132.138329578064	152.861670421936
106	WGN26	160	5.28098102785934	1126	149.638329578064	170.361670421936
108	WGN26	142.5	5.28098102785936	1126	132.138329578064	152.861670421936
109	WGN26	142.5	5.28098102785942	1126	132.138329578064	152.861670421936
111	WGN26	130	5.28098102785937	1126	119.638329578064	140.361670421936
112	WGN26	132.5	5.28098102785932	1126	122.138329578064	142.861670421936
113	WGN26	110	5.28098102785941	1126	99.6383295780639	120.361670421936
115	WGN26	147.5	5.28098102785936	1126	137.138329578064	157.861670421936
116	WGN26	137.5	5.28098102785933	1126	127.138329578064	147.861670421936
117	WGN26	140.002218278616	7.47009151548624	1126	125.345353219484	154.659083337747
118	WGN26	135	5.28098102785932	1126	124.638329578064	145.361670421936
119	WGN26	147.5	5.28098102785936	1126	137.138329578064	157.861670421936
120	WGN26	105.002218278616	7.4700915154863	1126	90.3453532194842	119.659083337747
121	WGN26	125	5.2809810278594	1126	114.638329578064	135.361670421936
122	WGN26	122.5	5.28098102785936	1126	112.138329578064	132.861670421936
123	WGN26	135	5.28098102785935	1126	124.638329578064	145.361670421936
125	WGN26	145	5.28098102785934	1126	134.638329578064	155.361670421936
126	WGN26	125.002218278616	7.47009151548623	1126	110.345353219484	139.659083337747
127	WGN26	122.5	5.28098102785933	1126	112.138329578064	132.861670421936
128	WGN26	130	5.28098102785933	1126	119.638329578064	140.361670421936
129	WGN26	115.002218278616	7.47009151548628	1126	100.345353219484	129.659083337747
130	WGN26	132.500000000001	5.28098102785952	1126	122.138329578064	142.861670421937
1	WGN36	137.5	5.28098102785972	1126	127.138329578063	147.861670421937
2	WGN36	130	5.2809810278593	1126	119.638329578064	140.361670421936
4	WGN36	135	5.28098102785922	1126	124.638329578064	145.361670421936
5	WGN36	140	5.28098102785931	1126	129.638329578065	150.361670421936
6	WGN36	140	5.28098102785936	1126	129.638329578064	150.361670421936
7	WGN36	145	5.28098102785941	1126	134.638329578064	155.361670421936
8	WGN36	167.500000000001	5.28098102785947	1126	157.138329578065	177.861670421937
9	WGN36	134.997781721384	7.47009151548611	1126	120.340916662253	149.654646780515
10	WGN36	135	5.28098102785933	1126	124.638329578064	145.361670421936
11	WGN36	125	5.28098102785936	1126	114.638329578064	135.361670421935
12	WGN36	119.997781721383	7.47009151548637	1126	105.340916662251	134.654646780515
13	WGN36	127.5	5.28098102785941	1126	117.138329578064	137.861670421935
14	WGN36	125	5.2809810278594	1126	114.638329578064	135.361670421936
15	WGN36	127.5	5.28098102785925	1126	117.138329578064	137.861670421935
16	WGN36	127.5	5.28098102785933	1126	117.138329578064	137.861670421936
17	WGN36	140	5.28098102785946	1126	129.638329578064	150.361670421936
18	WGN36	134.999999999999	5.28098102785936	1126	124.638329578064	145.361670421935
19	WGN36	145	5.28098102785937	1126	134.638329578064	155.361670421936
20	WGN36	132.499999999999	5.28098102785948	1126	122.138329578063	142.861670421936
21	WGN36	157.5	5.28098102785932	1126	147.138329578064	167.861670421935
22	WGN36	114.999999999999	5.2809810278594	1126	104.638329578063	125.361670421935
23	WGN36	135	5.28098102785926	1126	124.638329578064	145.361670421935
24	WGN36	132.5	5.28098102785931	1126	122.138329578064	142.861670421936
26	WGN36	140	5.28098102785941	1126	129.638329578064	150.361670421936
27	WGN36	137.5	5.28098102785933	1126	127.138329578064	147.861670421936
28	WGN36	127.5	5.28098102785929	1126	117.138329578064	137.861670421936
30	WGN36	130	5.28098102785924	1126	119.638329578064	140.361670421936
31	WGN36	135	5.28098102785929	1126	124.638329578064	145.361670421935
32	WGN36	120	5.28098102785932	1126	109.638329578064	130.361670421936
33	WGN36	132.5	5.28098102785921	1126	122.138329578064	142.861670421936
34	WGN36	127.5	5.28098102785932	1126	117.138329578064	137.861670421936
35	WGN36	140	5.2809810278594	1126	129.638329578064	150.361670421936
36	WGN36	135	5.28098102785934	1126	124.638329578064	145.361670421936
37	WGN36	132.5	5.28098102785927	1126	122.138329578064	142.861670421936
38	WGN36	139.997781721384	7.47009151548623	1126	125.340916662252	154.654646780515
39	WGN36	135	5.28098102785934	1126	124.638329578064	145.361670421936
40	WGN36	152.5	5.28098102785938	1126	142.138329578064	162.861670421936
41	WGN36	127.5	5.28098102785937	1126	117.138329578064	137.861670421936
42	WGN36	120	5.28098102785931	1126	109.638329578064	130.361670421936
43	WGN36	125	5.28098102785935	1126	114.638329578064	135.361670421936
44	WGN36	152.5	5.28098102785939	1126	142.138329578064	162.861670421936
45	WGN36	140	5.28098102785938	1126	129.638329578064	150.361670421936
46	WGN36	132.5	5.28098102785939	1126	122.138329578064	142.861670421936
47	WGN36	140	5.28098102785933	1126	129.638329578064	150.361670421936
48	WGN36	147.5	5.28098102785933	1126	137.138329578064	157.861670421935
49	WGN36	127.5	5.28098102785935	1126	117.138329578064	137.861670421936
51	WGN36	135	5.28098102785933	1126	124.638329578064	145.361670421936
52	WGN36	135	5.28098102785932	1126	124.638329578064	145.361670421935
53	WGN36	147.5	5.28098102785936	1126	137.138329578064	157.861670421936
54	WGN36	135	5.28098102785932	1126	124.638329578064	145.361670421936
55	WGN36	127.5	5.28098102785938	1126	117.138329578064	137.861670421936
56	WGN36	125	5.28098102785935	1126	114.638329578064	135.361670421936
57	WGN36	142.5	5.28098102785935	1126	132.138329578064	152.861670421936
58	WGN36	137.5	5.28098102785935	1126	127.138329578064	147.861670421936
59	WGN36	142.5	5.28098102785933	1126	132.138329578064	152.861670421936
60	WGN36	135	5.28098102785933	1126	124.638329578064	145.361670421936
62	WGN36	130	5.28098102785935	1126	119.638329578064	140.361670421936
64	WGN36	152.5	5.28098102785932	1126	142.138329578064	162.861670421935
65	WGN36	145	5.28098102785937	1126	134.638329578064	155.361670421936
66	WGN36	145	5.28098102785932	1126	134.638329578064	155.361670421935
68	WGN36	142.5	5.28098102785936	1126	132.138329578064	152.861670421936
69	WGN36	122.5	5.28098102785936	1126	112.138329578064	132.861670421936
70	WGN36	127.5	5.28098102785937	1126	117.138329578064	137.861670421936
71	WGN36	140	5.28098102785934	1126	129.638329578064	150.361670421936
72	WGN36	137.5	5.28098102785935	1126	127.138329578064	147.861670421936
74	WGN36	127.5	5.28098102785934	1126	117.138329578064	137.861670421936
75	WGN36	120	5.28098102785936	1126	109.638329578064	130.361670421935
76	WGN36	132.5	5.28098102785935	1126	122.138329578064	142.861670421936
77	WGN36	147.5	5.28098102785936	1126	137.138329578064	157.861670421936
78	WGN36	125	5.28098102785935	1126	114.638329578064	135.361670421936
79	WGN36	137.5	5.28098102785933	1126	127.138329578064	147.861670421936
80	WGN36	132.5	5.28098102785939	1126	122.138329578064	142.861670421936
81	WGN36	147.5	5.28098102785935	1126	137.138329578064	157.861670421936
82	WGN36	150	5.28098102785937	1126	139.638329578064	160.361670421936
83	WGN36	127.5	5.28098102785936	1126	117.138329578064	137.861670421936
84	WGN36	145	5.28098102785936	1126	134.638329578064	155.361670421936
85	WGN36	125	5.28098102785934	1126	114.638329578064	135.361670421936
86	WGN36	132.5	5.28098102785936	1126	122.138329578064	142.861670421936
87	WGN36	145	5.28098102785936	1126	134.638329578064	155.361670421936
88	WGN36	142.5	5.28098102785932	1126	132.138329578064	152.861670421936
89	WGN36	125	5.28098102785936	1126	114.638329578064	135.361670421936
90	WGN36	102.5	5.28098102785936	1126	92.1383295780636	112.861670421935
92	WGN36	120	5.28098102785936	1126	109.638329578064	130.361670421936
93	WGN36	150	5.28098102785936	1126	139.638329578064	160.361670421936
94	WGN36	130	5.28098102785933	1126	119.638329578064	140.361670421936
95	WGN36	140	5.28098102785939	1126	129.638329578064	150.361670421936
96	WGN36	145	5.28098102785932	1126	134.638329578064	155.361670421936
97	WGN36	127.5	5.28098102785936	1126	117.138329578064	137.861670421936
98	WGN36	152.5	5.28098102785933	1126	142.138329578064	162.861670421936
99	WGN36	125	5.28098102785939	1126	114.638329578064	135.361670421936
100	WGN36	132.5	5.28098102785938	1126	122.138329578064	142.861670421936
102	WGN36	137.5	5.28098102785934	1126	127.138329578064	147.861670421936
104	WGN36	130	5.28098102785936	1126	119.638329578064	140.361670421936
105	WGN36	142.5	5.28098102785932	1126	132.138329578064	152.861670421936
106	WGN36	140	5.28098102785934	1126	129.638329578064	150.361670421936
107	WGN36	117.5	5.28098102785936	1126	107.138329578064	127.861670421936
108	WGN36	137.5	5.28098102785936	1126	127.138329578064	147.861670421936
109	WGN36	140	5.28098102785935	1126	129.638329578064	150.361670421936
110	WGN36	125	5.28098102785938	1126	114.638329578064	135.361670421936
112	WGN36	132.5	5.28098102785936	1126	122.138329578064	142.861670421936
114	WGN36	130	5.28098102785935	1126	119.638329578064	140.361670421936
116	WGN36	150	5.28098102785935	1126	139.638329578064	160.361670421936
117	WGN36	147.5	5.28098102785935	1126	137.138329578064	157.861670421936
118	WGN36	127.5	5.28098102785936	1126	117.138329578064	137.861670421936
119	WGN36	145	5.28098102785934	1126	134.638329578064	155.361670421935
120	WGN36	145	5.28098102785934	1126	134.638329578064	155.361670421936
121	WGN36	127.5	5.28098102785936	1126	117.138329578064	137.861670421936
122	WGN36	125	5.28098102785933	1126	114.638329578064	135.361670421936
123	WGN36	127.5	5.28098102785935	1126	117.138329578064	137.861670421936
124	WGN36	152.5	5.28098102785934	1126	142.138329578064	162.861670421936
125	WGN36	140	5.28098102785935	1126	129.638329578064	150.361670421936
126	WGN36	145	5.28098102785935	1126	134.638329578064	155.361670421936
127	WGN36	125	5.28098102785934	1126	114.638329578064	135.361670421936
128	WGN36	127.5	5.28098102785934	1126	117.138329578064	137.861670421936
129	WGN36	155	5.28098102785935	1126	144.638329578064	165.361670421936
130	WGN36	122.5	5.28098102785936	1126	112.138329578064	132.861670421935
1	WGN38	137.499999999999	5.28098102785931	1126	127.138329578063	147.861670421935
2	WGN38	124.999999999998	5.28098102785939	1126	114.638329578062	135.361670421934
3	WGN38	112.499999999999	5.2809810278593	1126	102.138329578063	122.861670421935
4	WGN38	127.499999999998	5.2809810278594	1126	117.138329578062	137.861670421934
5	WGN38	122.499999999998	5.2809810278594	1126	112.138329578062	132.861670421934
6	WGN38	109.997781721383	7.47009151548614	1126	95.3409166622515	124.654646780514
7	WGN38	129.999999999999	5.2809810278594	1126	119.638329578063	140.361670421934
8	WGN38	102.499999999998	5.28098102785942	1126	92.1383295780618	112.861670421934
10	WGN38	122.499999999998	5.28098102785936	1126	112.138329578062	132.861670421934
11	WGN38	139.999999999999	5.28098102785935	1126	129.638329578063	150.361670421935
12	WGN38	117.499999999998	5.28098102785938	1126	107.138329578062	127.861670421934
13	WGN38	147.499999999998	5.28098102785928	1126	137.138329578063	157.861670421934
14	WGN38	122.499999999999	5.2809810278593	1126	112.138329578063	132.861670421935
16	WGN38	112.499999999998	5.28098102785939	1126	102.138329578062	122.861670421934
18	WGN38	147.499999999998	5.28098102785926	1126	137.138329578063	157.861670421934
19	WGN38	129.999999999998	5.2809810278594	1126	119.638329578062	140.361670421934
20	WGN38	117.499999999998	5.28098102785937	1126	107.138329578062	127.861670421934
21	WGN38	124.999999999998	5.28098102785948	1126	114.638329578062	135.361670421934
22	WGN38	132.499999999999	5.2809810278593	1126	122.138329578063	142.861670421934
23	WGN38	134.999999999999	5.2809810278593	1126	124.638329578063	145.361670421935
24	WGN38	127.499999999998	5.28098102785945	1126	117.138329578062	137.861670421934
26	WGN38	132.499999999999	5.28098102785936	1126	122.138329578063	142.861670421935
27	WGN38	137.499999999998	5.28098102785935	1126	127.138329578063	147.861670421934
28	WGN38	139.999999999998	5.28098102785931	1126	129.638329578063	150.361670421934
29	WGN38	144.999999999999	5.28098102785944	1126	134.638329578063	155.361670421935
30	WGN38	124.999999999999	5.2809810278593	1126	114.638329578063	135.361670421935
32	WGN38	134.999999999998	5.28098102785942	1126	124.638329578062	145.361670421934
33	WGN38	137.499999999999	5.28098102785931	1126	127.138329578063	147.861670421934
34	WGN38	129.999999999999	5.2809810278593	1126	119.638329578063	140.361670421935
35	WGN38	134.999999999998	5.28098102785942	1126	124.638329578062	145.361670421934
36	WGN38	129.999999999999	5.28098102785936	1126	119.638329578063	140.361670421934
37	WGN38	129.999999999998	5.28098102785939	1126	119.638329578062	140.361670421934
38	WGN38	137.499999999999	5.28098102785927	1126	127.138329578063	147.861670421934
39	WGN38	127.499999999998	5.28098102785938	1126	117.138329578062	137.861670421934
40	WGN38	149.999999999998	5.28098102785932	1126	139.638329578062	160.361670421934
41	WGN38	129.999999999999	5.28098102785928	1126	119.638329578063	140.361670421934
42	WGN38	112.499999999997	5.28098102785946	1126	102.138329578061	122.861670421933
43	WGN38	130.002218278615	7.47009151548624	1126	115.345353219483	144.659083337746
45	WGN38	129.999999999999	5.28098102785933	1126	119.638329578063	140.361670421934
46	WGN38	124.999999999999	5.28098102785934	1126	114.638329578063	135.361670421934
47	WGN38	127.499999999998	5.28098102785938	1126	117.138329578062	137.861670421934
48	WGN38	119.999999999998	5.28098102785937	1126	109.638329578063	130.361670421934
49	WGN38	139.999999999999	5.28098102785938	1126	129.638329578063	150.361670421935
50	WGN38	137.499999999999	5.28098102785936	1126	127.138329578063	147.861670421934
51	WGN38	129.999999999998	5.28098102785936	1126	119.638329578063	140.361670421934
52	WGN38	124.999999999998	5.28098102785937	1126	114.638329578063	135.361670421934
53	WGN38	127.499999999999	5.28098102785934	1126	117.138329578063	137.861670421934
54	WGN38	129.999999999999	5.28098102785935	1126	119.638329578063	140.361670421934
55	WGN38	94.9999999999988	5.28098102785934	1126	84.638329578063	105.361670421935
56	WGN38	137.499999999999	5.28098102785936	1126	127.138329578063	147.861670421934
59	WGN38	147.499999999999	5.28098102785935	1126	137.138329578063	157.861670421934
61	WGN38	122.499999999998	5.28098102785936	1126	112.138329578063	132.861670421934
63	WGN38	119.999999999999	5.28098102785935	1126	109.638329578063	130.361670421934
64	WGN38	127.499999999998	5.28098102785937	1126	117.138329578063	137.861670421934
65	WGN38	134.999999999999	5.28098102785934	1126	124.638329578063	145.361670421934
66	WGN38	117.499999999999	5.28098102785934	1126	107.138329578063	127.861670421934
67	WGN38	137.499999999999	5.28098102785935	1126	127.138329578063	147.861670421934
68	WGN38	124.999999999998	5.28098102785936	1126	114.638329578063	135.361670421934
69	WGN38	132.499999999999	5.28098102785935	1126	122.138329578063	142.861670421934
70	WGN38	127.499999999999	5.28098102785936	1126	117.138329578063	137.861670421934
72	WGN38	127.499999999998	5.28098102785936	1126	117.138329578063	137.861670421934
73	WGN38	122.499999999999	5.28098102785934	1126	112.138329578063	132.861670421934
74	WGN38	142.499999999999	5.28098102785933	1126	132.138329578063	152.861670421934
76	WGN38	137.499999999999	5.28098102785934	1126	127.138329578063	147.861670421934
77	WGN38	122.499999999999	5.28098102785935	1126	112.138329578063	132.861670421934
78	WGN38	119.999999999999	5.28098102785934	1126	109.638329578063	130.361670421934
80	WGN38	122.499999999998	5.28098102785936	1126	112.138329578063	132.861670421934
81	WGN38	134.999999999999	5.28098102785935	1126	124.638329578063	145.361670421934
82	WGN38	139.999999999999	5.28098102785934	1126	129.638329578063	150.361670421934
83	WGN38	132.499999999999	5.28098102785934	1126	122.138329578063	142.861670421934
84	WGN38	134.999999999999	5.28098102785935	1126	124.638329578063	145.361670421934
85	WGN38	134.999999999999	5.28098102785934	1126	124.638329578063	145.361670421934
86	WGN38	122.499999999999	5.28098102785935	1126	112.138329578063	132.861670421934
87	WGN38	129.999999999999	5.28098102785935	1126	119.638329578063	140.361670421934
88	WGN38	132.499999999999	5.28098102785936	1126	122.138329578063	142.861670421934
89	WGN38	134.999999999999	5.28098102785935	1126	124.638329578063	145.361670421934
90	WGN38	137.499999999999	5.28098102785936	1126	127.138329578063	147.861670421934
91	WGN38	132.499999999999	5.28098102785935	1126	122.138329578063	142.861670421934
92	WGN38	134.999999999999	5.28098102785935	1126	124.638329578063	145.361670421934
93	WGN38	124.999999999999	5.28098102785935	1126	114.638329578063	135.361670421934
94	WGN38	144.999999999999	5.28098102785936	1126	134.638329578063	155.361670421934
95	WGN38	124.999999999999	5.28098102785936	1126	114.638329578063	135.361670421934
96	WGN38	137.499999999999	5.28098102785935	1126	127.138329578063	147.861670421934
97	WGN38	122.499999999999	5.28098102785935	1126	112.138329578063	132.861670421934
98	WGN38	144.999999999999	5.28098102785936	1126	134.638329578063	155.361670421934
99	WGN38	122.499999999999	5.28098102785936	1126	112.138329578063	132.861670421934
100	WGN38	119.999999999999	5.28098102785935	1126	109.638329578063	130.361670421934
101	WGN38	119.999999999998	5.28098102785935	1126	109.638329578063	130.361670421934
102	WGN38	124.999999999999	5.28098102785933	1126	114.638329578063	135.361670421935
103	WGN38	152.499999999999	5.28098102785935	1126	142.138329578063	162.861670421934
104	WGN38	152.499999999998	5.28098102785934	1126	142.138329578063	162.861670421934
106	WGN38	134.997781721383	7.47009151548627	1126	120.340916662251	149.654646780514
107	WGN38	137.499999999998	5.28098102785936	1126	127.138329578063	147.861670421934
108	WGN38	130.002218278614	7.47009151548625	1126	115.345353219483	144.659083337746
109	WGN38	135.002218278614	7.47009151548625	1126	120.345353219483	149.659083337746
110	WGN38	142.499999999999	5.28098102785935	1126	132.138329578063	152.861670421934
111	WGN38	124.999999999999	5.28098102785935	1126	114.638329578063	135.361670421934
112	WGN38	134.997781721383	7.47009151548624	1126	120.340916662251	149.654646780514
113	WGN38	129.999999999998	5.28098102785935	1126	119.638329578063	140.361670421934
114	WGN38	124.999999999999	5.28098102785936	1126	114.638329578063	135.361670421934
115	WGN38	132.499999999998	5.28098102785936	1126	122.138329578063	142.861670421934
1	WGN39	132.500000000005	5.28098102785966	1126	122.138329578069	142.861670421942
2	WGN39	127.500000000001	5.28098102785926	1126	117.138329578065	137.861670421936
3	WGN39	137.5	5.2809810278594	1126	127.138329578064	147.861670421936
4	WGN39	142.5	5.28098102785929	1126	132.138329578064	152.861670421936
5	WGN39	145	5.28098102785939	1126	134.638329578065	155.361670421936
6	WGN39	145.000000000001	5.28098102785945	1126	134.638329578064	155.361670421937
7	WGN39	132.5	5.28098102785941	1126	122.138329578064	142.861670421936
8	WGN39	147.5	5.28098102785935	1126	137.138329578064	157.861670421936
9	WGN39	147.5	5.28098102785931	1126	137.138329578064	157.861670421936
10	WGN39	147.5	5.28098102785934	1126	137.138329578064	157.861670421936
11	WGN39	137.5	5.2809810278594	1126	127.138329578064	147.861670421936
12	WGN39	147.5	5.28098102785935	1126	137.138329578064	157.861670421936
13	WGN39	127.5	5.28098102785938	1126	117.138329578064	137.861670421936
14	WGN39	142.5	5.28098102785924	1126	132.138329578064	152.861670421935
15	WGN39	150.000000000001	5.28098102785939	1126	139.638329578065	160.361670421936
16	WGN39	145	5.28098102785929	1126	134.638329578064	155.361670421936
17	WGN39	135	5.2809810278594	1126	124.638329578064	145.361670421936
18	WGN39	140	5.28098102785938	1126	129.638329578064	150.361670421936
19	WGN39	137.5	5.28098102785938	1126	127.138329578064	147.861670421936
20	WGN39	142.5	5.28098102785927	1126	132.138329578064	152.861670421935
21	WGN39	130	5.28098102785945	1126	119.638329578064	140.361670421936
22	WGN39	137.5	5.28098102785939	1126	127.138329578064	147.861670421936
24	WGN39	140	5.28098102785937	1126	129.638329578065	150.361670421936
25	WGN39	137.5	5.28098102785944	1126	127.138329578064	147.861670421936
26	WGN39	122.5	5.28098102785934	1126	112.138329578064	132.861670421936
27	WGN39	137.5	5.28098102785942	1126	127.138329578064	147.861670421936
28	WGN39	130	5.28098102785933	1126	119.638329578064	140.361670421936
29	WGN39	132.5	5.28098102785946	1126	122.138329578064	142.861670421936
30	WGN39	127.5	5.28098102785944	1126	117.138329578064	137.861670421936
31	WGN39	142.5	5.28098102785936	1126	132.138329578065	152.861670421936
32	WGN39	135	5.2809810278593	1126	124.638329578064	145.361670421936
34	WGN39	125	5.28098102785937	1126	114.638329578064	135.361670421936
35	WGN39	147.5	5.28098102785938	1126	137.138329578064	157.861670421936
36	WGN39	135	5.28098102785934	1126	124.638329578064	145.361670421936
37	WGN39	122.5	5.28098102785935	1126	112.138329578064	132.861670421936
38	WGN39	119.997781721384	7.47009151548636	1126	105.340916662252	134.654646780515
39	WGN39	127.5	5.28098102785938	1126	117.138329578064	137.861670421936
40	WGN39	147.5	5.28098102785939	1126	137.138329578064	157.861670421936
41	WGN39	140	5.28098102785936	1126	129.638329578064	150.361670421936
42	WGN39	140	5.2809810278593	1126	129.638329578064	150.361670421936
43	WGN39	142.5	5.28098102785932	1126	132.138329578064	152.861670421936
44	WGN39	145	5.28098102785935	1126	134.638329578064	155.361670421936
45	WGN39	115	5.28098102785932	1126	104.638329578064	125.361670421936
46	WGN39	147.5	5.2809810278593	1126	137.138329578064	157.861670421936
47	WGN39	145	5.28098102785933	1126	134.638329578064	155.361670421936
48	WGN39	145	5.28098102785937	1126	134.638329578064	155.361670421936
49	WGN39	140	5.28098102785936	1126	129.638329578064	150.361670421936
50	WGN39	125	5.2809810278593	1126	114.638329578064	135.361670421936
51	WGN39	120	5.28098102785934	1126	109.638329578064	130.361670421936
52	WGN39	150	5.28098102785938	1126	139.638329578064	160.361670421936
53	WGN39	130	5.28098102785938	1126	119.638329578064	140.361670421936
54	WGN39	132.5	5.28098102785938	1126	122.138329578064	142.861670421936
55	WGN39	132.5	5.28098102785932	1126	122.138329578064	142.861670421936
56	WGN39	145	5.28098102785932	1126	134.638329578064	155.361670421936
57	WGN39	132.5	5.28098102785935	1126	122.138329578064	142.861670421936
58	WGN39	152.5	5.28098102785933	1126	142.138329578064	162.861670421936
59	WGN39	135	5.28098102785932	1126	124.638329578064	145.361670421936
60	WGN39	140	5.28098102785936	1126	129.638329578064	150.361670421936
61	WGN39	142.5	5.28098102785932	1126	132.138329578064	152.861670421936
62	WGN39	122.5	5.28098102785937	1126	112.138329578064	132.861670421936
63	WGN39	152.5	5.28098102785935	1126	142.138329578064	162.861670421936
64	WGN39	142.5	5.28098102785935	1126	132.138329578064	152.861670421936
65	WGN39	150	5.28098102785935	1126	139.638329578064	160.361670421936
66	WGN39	137.5	5.28098102785932	1126	127.138329578064	147.861670421936
67	WGN39	165	5.28098102785932	1126	154.638329578064	175.361670421936
68	WGN39	140	5.28098102785934	1126	129.638329578064	150.361670421936
69	WGN39	130	5.28098102785932	1126	119.638329578064	140.361670421936
70	WGN39	127.5	5.28098102785936	1126	117.138329578064	137.861670421936
71	WGN39	127.5	5.28098102785932	1126	117.138329578064	137.861670421936
72	WGN39	127.5	5.28098102785936	1126	117.138329578064	137.861670421936
73	WGN39	137.5	5.28098102785936	1126	127.138329578064	147.861670421936
74	WGN39	135	5.28098102785936	1126	124.638329578064	145.361670421936
75	WGN39	132.5	5.28098102785934	1126	122.138329578064	142.861670421936
76	WGN39	135	5.28098102785935	1126	124.638329578064	145.361670421936
77	WGN39	132.5	5.28098102785933	1126	122.138329578064	142.861670421936
78	WGN39	137.5	5.28098102785935	1126	127.138329578064	147.861670421936
79	WGN39	142.5	5.28098102785935	1126	132.138329578064	152.861670421936
80	WGN39	145	5.28098102785936	1126	134.638329578064	155.361670421936
81	WGN39	120	5.28098102785935	1126	109.638329578064	130.361670421936
82	WGN39	127.5	5.28098102785937	1126	117.138329578064	137.861670421936
83	WGN39	137.5	5.28098102785933	1126	127.138329578064	147.861670421936
84	WGN39	152.5	5.28098102785934	1126	142.138329578064	162.861670421936
85	WGN39	150	5.28098102785935	1126	139.638329578064	160.361670421936
86	WGN39	145	5.28098102785936	1126	134.638329578064	155.361670421936
87	WGN39	147.5	5.28098102785935	1126	137.138329578064	157.861670421936
88	WGN39	135	5.28098102785936	1126	124.638329578064	145.361670421936
89	WGN39	137.5	5.28098102785935	1126	127.138329578064	147.861670421936
90	WGN39	140	5.28098102785933	1126	129.638329578064	150.361670421936
91	WGN39	127.5	5.28098102785933	1126	117.138329578064	137.861670421936
92	WGN39	135	5.28098102785934	1126	124.638329578064	145.361670421936
93	WGN39	142.5	5.28098102785935	1126	132.138329578064	152.861670421936
94	WGN39	152.5	5.28098102785933	1126	142.138329578064	162.861670421936
95	WGN39	137.5	5.28098102785933	1126	127.138329578064	147.861670421936
96	WGN39	137.5	5.28098102785935	1126	127.138329578064	147.861670421936
97	WGN39	122.5	5.28098102785934	1126	112.138329578064	132.861670421936
98	WGN39	147.5	5.28098102785934	1126	137.138329578064	157.861670421936
99	WGN39	122.5	5.28098102785934	1126	112.138329578064	132.861670421936
100	WGN39	132.5	5.28098102785934	1126	122.138329578064	142.861670421936
101	WGN39	152.5	5.28098102785935	1126	142.138329578064	162.861670421936
102	WGN39	140	5.28098102785935	1126	129.638329578064	150.361670421936
104	WGN39	127.5	5.28098102785933	1126	117.138329578064	137.861670421936
105	WGN39	145	5.28098102785935	1126	134.638329578064	155.361670421936
106	WGN39	137.5	5.28098102785934	1126	127.138329578064	147.861670421936
107	WGN39	145	5.28098102785935	1126	134.638329578064	155.361670421936
108	WGN39	132.5	5.28098102785935	1126	122.138329578064	142.861670421936
109	WGN39	142.5	5.28098102785935	1126	132.138329578064	152.861670421936
110	WGN39	152.5	5.28098102785934	1126	142.138329578064	162.861670421936
111	WGN39	142.5	5.28098102785934	1126	132.138329578064	152.861670421936
112	WGN39	132.5	5.28098102785934	1126	122.138329578064	142.861670421936
113	WGN39	140	5.28098102785935	1126	129.638329578064	150.361670421936
114	WGN39	137.5	5.28098102785934	1126	127.138329578064	147.861670421936
115	WGN39	130	5.28098102785934	1126	119.638329578064	140.361670421936
116	WGN39	137.5	5.28098102785934	1126	127.138329578064	147.861670421936
117	WGN39	132.5	5.28098102785934	1126	122.138329578064	142.861670421936
118	WGN39	135	5.28098102785934	1126	124.638329578064	145.361670421936
120	WGN39	147.5	5.28098102785934	1126	137.138329578064	157.861670421936
121	WGN39	134.997781721384	7.47009151548624	1126	120.340916662253	149.654646780516
122	WGN39	135	5.28098102785933	1126	124.638329578064	145.361670421936
123	WGN39	130	5.28098102785934	1126	119.638329578064	140.361670421936
124	WGN39	147.5	5.28098102785934	1126	137.138329578064	157.861670421936
125	WGN39	140	5.28098102785934	1126	129.638329578064	150.361670421936
126	WGN39	140	5.28098102785934	1126	129.638329578064	150.361670421936
127	WGN39	140	5.28098102785934	1126	129.638329578064	150.361670421936
128	WGN39	150.002218278616	7.47009151548624	1126	135.345353219485	164.659083337747
129	WGN39	125	5.28098102785934	1126	114.638329578064	135.361670421936
130	WGN39	127.5	5.28098102785934	1126	117.138329578064	137.861670421936
1	WGN45	130.000000000001	5.28098102785935	1126	119.638329578065	140.361670421937
2	WGN45	147.499999999999	5.28098102785934	1126	137.138329578063	157.861670421935
3	WGN45	117.5	5.28098102785931	1126	107.138329578064	127.861670421935
4	WGN45	137.499999999999	5.28098102785932	1126	127.138329578063	147.861670421935
5	WGN45	134.999999999999	5.28098102785935	1126	124.638329578063	145.361670421935
6	WGN45	139.999999999999	5.28098102785931	1126	129.638329578063	150.361670421935
7	WGN45	149.999999999999	5.28098102785932	1126	139.638329578063	160.361670421935
8	WGN45	145	5.28098102785945	1126	134.638329578064	155.361670421936
9	WGN45	134.999999999999	5.2809810278593	1126	124.638329578063	145.361670421935
10	WGN45	137.499999999999	5.28098102785938	1126	127.138329578063	147.861670421935
11	WGN45	127.499999999999	5.28098102785934	1126	117.138329578063	137.861670421935
12	WGN45	139.999999999999	5.28098102785936	1126	129.638329578063	150.361670421935
13	WGN45	137.999999999999	5.28098102785944	1126	127.638329578063	148.361670421935
14	WGN45	144.999999999999	5.28098102785936	1126	134.638329578063	155.361670421935
15	WGN45	127.499999999999	5.28098102785923	1126	117.138329578063	137.861670421935
16	WGN45	147.5	5.28098102785941	1126	137.138329578064	157.861670421936
17	WGN45	112.499999999998	5.28098102785939	1126	102.138329578062	122.861670421934
18	WGN45	110.002218278615	7.47009151548626	1126	95.3453532194835	124.659083337747
19	WGN45	134.999999999999	5.28098102785929	1126	124.638329578063	145.361670421935
20	WGN45	147.499999999999	5.28098102785938	1126	137.138329578063	157.861670421935
22	WGN45	139.999999999999	5.2809810278593	1126	129.638329578063	150.361670421935
23	WGN45	137.499999999999	5.28098102785934	1126	127.138329578063	147.861670421935
24	WGN45	109.997781721384	7.47009151548618	1126	95.3409166622522	124.654646780515
26	WGN45	117.499999999999	5.28098102785927	1126	107.138329578064	127.861670421935
28	WGN45	124.999999999999	5.28098102785936	1126	114.638329578063	135.361670421935
29	WGN45	125.002218278615	7.47009151548634	1126	110.345353219483	139.659083337746
30	WGN45	110.002218278616	7.47009151548614	1126	95.3453532194846	124.659083337747
31	WGN45	144.999999999999	5.28098102785933	1126	134.638329578063	155.361670421935
32	WGN45	129.999999999999	5.28098102785937	1126	119.638329578063	140.361670421935
33	WGN45	114.999999999999	5.28098102785933	1126	104.638329578064	125.361670421935
34	WGN45	114.999999999999	5.28098102785938	1126	104.638329578063	125.361670421935
35	WGN45	144.999999999999	5.28098102785931	1126	134.638329578063	155.361670421935
36	WGN45	152.499999999999	5.28098102785935	1126	142.138329578063	162.861670421935
37	WGN45	149.999999999999	5.28098102785941	1126	139.638329578063	160.361670421935
40	WGN45	150	5.28098102785939	1126	139.638329578064	160.361670421936
41	WGN45	142.499999999999	5.28098102785937	1126	132.138329578063	152.861670421935
42	WGN45	132.499999999999	5.28098102785936	1126	122.138329578063	142.861670421935
43	WGN45	137.499999999999	5.28098102785937	1126	127.138329578063	147.861670421935
44	WGN45	152.499999999998	5.28098102785929	1126	142.138329578063	162.861670421934
45	WGN45	137.499999999999	5.28098102785935	1126	127.138329578063	147.861670421935
46	WGN45	122.499999999999	5.28098102785932	1126	112.138329578063	132.861670421935
48	WGN45	120.002218278615	7.47009151548628	1126	105.345353219483	134.659083337746
49	WGN45	144.999999999999	5.28098102785932	1126	134.638329578063	155.361670421935
50	WGN45	109.997781721384	7.47009151548617	1126	95.3409166622524	124.654646780515
52	WGN45	110.002218278615	7.47009151548628	1126	95.3453532194834	124.659083337746
53	WGN45	147.499999999999	5.28098102785936	1126	137.138329578063	157.861670421935
54	WGN45	127.499999999999	5.28098102785941	1126	117.138329578063	137.861670421935
55	WGN45	154.999999999999	5.28098102785939	1126	144.638329578063	165.361670421935
56	WGN45	137.499999999999	5.28098102785934	1126	127.138329578063	147.861670421935
57	WGN45	144.999999999999	5.28098102785936	1126	134.638329578063	155.361670421935
58	WGN45	124.999999999999	5.28098102785938	1126	114.638329578063	135.361670421935
59	WGN45	122.499999999999	5.28098102785935	1126	112.138329578063	132.861670421935
60	WGN45	122.499999999999	5.28098102785936	1126	112.138329578063	132.861670421935
61	WGN45	142.499999999999	5.28098102785936	1126	132.138329578063	152.861670421935
62	WGN45	142.499999999999	5.28098102785936	1126	132.138329578063	152.861670421935
64	WGN45	139.999999999999	5.28098102785935	1126	129.638329578063	150.361670421935
65	WGN45	119.999999999999	5.28098102785935	1126	109.638329578063	130.361670421935
66	WGN45	127.499999999999	5.28098102785932	1126	117.138329578063	137.861670421935
68	WGN45	142.499999999999	5.28098102785937	1126	132.138329578063	152.861670421935
69	WGN45	134.999999999999	5.28098102785937	1126	124.638329578063	145.361670421935
70	WGN45	137.499999999999	5.28098102785939	1126	127.138329578063	147.861670421935
71	WGN45	157.499999999999	5.28098102785932	1126	147.138329578063	167.861670421935
72	WGN45	127.499999999999	5.2809810278593	1126	117.138329578063	137.861670421935
73	WGN45	125.002218278615	7.47009151548625	1126	110.345353219484	139.659083337746
74	WGN45	134.997781721383	7.47009151548627	1126	120.340916662252	149.654646780515
75	WGN45	139.997781721383	7.47009151548629	1126	125.340916662252	154.654646780515
76	WGN45	147.499999999999	5.28098102785938	1126	137.138329578063	157.861670421935
78	WGN45	124.999999999999	5.28098102785932	1126	114.638329578063	135.361670421935
80	WGN45	132.499999999999	5.28098102785934	1126	122.138329578063	142.861670421935
81	WGN45	142.499999999999	5.28098102785935	1126	132.138329578063	152.861670421935
82	WGN45	160.002218278615	7.47009151548629	1126	145.345353219484	174.659083337747
84	WGN45	167.499999999999	5.28098102785936	1126	157.138329578063	177.861670421935
85	WGN45	159.999999999999	5.28098102785932	1126	149.638329578063	170.361670421935
86	WGN45	149.999999999999	5.28098102785933	1126	139.638329578063	160.361670421935
87	WGN45	120.002218278615	7.47009151548627	1126	105.345353219483	134.659083337746
88	WGN45	152.499999999999	5.28098102785934	1126	142.138329578063	162.861670421935
89	WGN45	144.999999999999	5.28098102785937	1126	134.638329578063	155.361670421935
90	WGN45	144.999999999999	5.28098102785935	1126	134.638329578063	155.361670421935
92	WGN45	149.999999999999	5.28098102785934	1126	139.638329578063	160.361670421935
93	WGN45	120.002218278615	7.4700915154863	1126	105.345353219483	134.659083337746
94	WGN45	142.499999999999	5.28098102785932	1126	132.138329578063	152.861670421935
95	WGN45	137.499999999999	5.28098102785936	1126	127.138329578063	147.861670421935
96	WGN45	112.499999999999	5.28098102785936	1126	102.138329578063	122.861670421935
98	WGN45	167.499999999999	5.28098102785935	1126	157.138329578063	177.861670421935
99	WGN45	104.997781721383	7.47009151548623	1126	90.3409166622518	119.654646780515
100	WGN45	144.999999999999	5.28098102785936	1126	134.638329578063	155.361670421935
101	WGN45	144.999999999999	5.28098102785935	1126	134.638329578063	155.361670421935
102	WGN45	149.999999999999	5.28098102785936	1126	139.638329578063	160.361670421935
103	WGN45	149.999999999999	5.28098102785935	1126	139.638329578063	160.361670421935
104	WGN45	139.999999999999	5.28098102785935	1126	129.638329578063	150.361670421935
105	WGN45	144.999999999999	5.28098102785936	1126	134.638329578063	155.361670421935
106	WGN45	139.999999999999	5.28098102785934	1126	129.638329578063	150.361670421935
107	WGN45	137.499999999999	5.28098102785936	1126	127.138329578063	147.861670421935
108	WGN45	142.499999999999	5.28098102785936	1126	132.138329578063	152.861670421935
109	WGN45	139.999999999999	5.28098102785935	1126	129.638329578063	150.361670421935
110	WGN45	152.499999999999	5.28098102785936	1126	142.138329578063	162.861670421935
111	WGN45	144.999999999999	5.28098102785935	1126	134.638329578063	155.361670421935
114	WGN45	149.999999999999	5.28098102785936	1126	139.638329578063	160.361670421935
115	WGN45	99.9977817213833	7.47009151548624	1126	85.3409166622519	114.654646780515
116	WGN45	129.999999999999	5.28098102785935	1126	119.638329578063	140.361670421935
117	WGN45	125.002218278615	7.47009151548623	1126	110.345353219483	139.659083337746
118	WGN45	134.999999999999	5.28098102785935	1126	124.638329578063	145.361670421935
119	WGN45	139.999999999999	5.28098102785935	1126	129.638329578063	150.361670421935
120	WGN45	137.499999999999	5.28098102785935	1126	127.138329578063	147.861670421935
121	WGN45	137.499999999999	5.28098102785935	1126	127.138329578063	147.861670421935
122	WGN45	150.002218278615	7.47009151548624	1126	135.345353219483	164.659083337746
123	WGN45	144.997781721383	7.47009151548625	1126	130.340916662252	159.654646780515
124	WGN45	142.499999999999	5.28098102785935	1126	132.138329578063	152.861670421935
126	WGN45	147.499999999999	5.28098102785935	1126	137.138329578063	157.861670421935
127	WGN45	139.999999999999	5.28098102785935	1126	129.638329578063	150.361670421935
128	WGN45	137.499999999999	5.28098102785935	1126	127.138329578063	147.861670421935
129	WGN45	134.999999999999	5.28098102785935	1126	124.638329578063	145.361670421935
1	WGN46	130.000000000001	5.28098102785953	1126	119.638329578065	140.361670421937
2	WGN46	120	5.28098102785934	1126	109.638329578065	130.361670421936
3	WGN46	120.000000000001	5.2809810278593	1126	109.638329578065	130.361670421936
4	WGN46	122.5	5.28098102785939	1126	112.138329578064	132.861670421936
6	WGN46	132.5	5.28098102785933	1126	122.138329578064	142.861670421936
7	WGN46	132.5	5.2809810278593	1126	122.138329578064	142.861670421936
8	WGN46	137.5	5.28098102785934	1126	127.138329578064	147.861670421936
9	WGN46	125	5.28098102785936	1126	114.638329578064	135.361670421936
10	WGN46	122.5	5.28098102785937	1126	112.138329578064	132.861670421936
11	WGN46	137.5	5.28098102785933	1126	127.138329578064	147.861670421936
12	WGN46	120	5.28098102785936	1126	109.638329578064	130.361670421936
13	WGN46	142.5	5.28098102785936	1126	132.138329578064	152.861670421936
14	WGN46	142.5	5.28098102785937	1126	132.138329578064	152.861670421936
15	WGN46	142.500000000001	5.28098102785941	1126	132.138329578065	152.861670421937
16	WGN46	137.5	5.28098102785934	1126	127.138329578064	147.861670421936
17	WGN46	125.002218278616	7.47009151548619	1126	110.345353219485	139.659083337747
18	WGN46	137.5	5.28098102785936	1126	127.138329578064	147.861670421936
19	WGN46	132.5	5.28098102785935	1126	122.138329578064	142.861670421936
20	WGN46	122.5	5.28098102785931	1126	112.138329578065	132.861670421936
21	WGN46	140.002218278616	7.47009151548616	1126	125.345353219484	154.659083337747
22	WGN46	142.5	5.28098102785938	1126	132.138329578064	152.861670421936
23	WGN46	139.997781721385	7.47009151548624	1126	125.340916662253	154.654646780516
24	WGN46	125	5.28098102785936	1126	114.638329578064	135.361670421936
25	WGN46	117.5	5.28098102785936	1126	107.138329578064	127.861670421936
26	WGN46	130	5.28098102785932	1126	119.638329578065	140.361670421936
27	WGN46	142.5	5.28098102785941	1126	132.138329578064	152.861670421936
28	WGN46	117.5	5.28098102785939	1126	107.138329578064	127.861670421936
29	WGN46	142.500000000001	5.28098102785941	1126	132.138329578065	152.861670421937
30	WGN46	115	5.28098102785931	1126	104.638329578065	125.361670421936
31	WGN46	147.5	5.28098102785936	1126	137.138329578064	157.861670421936
32	WGN46	142.5	5.28098102785933	1126	132.138329578064	152.861670421936
33	WGN46	137.5	5.28098102785935	1126	127.138329578064	147.861670421936
34	WGN46	145	5.28098102785941	1126	134.638329578064	155.361670421936
36	WGN46	125	5.28098102785931	1126	114.638329578065	135.361670421936
37	WGN46	142.500000000001	5.28098102785943	1126	132.138329578065	152.861670421937
38	WGN46	152.5	5.28098102785931	1126	142.138329578064	162.861670421936
39	WGN46	135	5.28098102785936	1126	124.638329578064	145.361670421936
40	WGN46	127.5	5.28098102785943	1126	117.138329578064	137.861670421936
41	WGN46	130	5.28098102785941	1126	119.638329578064	140.361670421936
42	WGN46	112.5	5.28098102785933	1126	102.138329578064	122.861670421936
43	WGN46	112.5	5.28098102785935	1126	102.138329578064	122.861670421936
44	WGN46	117.5	5.28098102785939	1126	107.138329578064	127.861670421936
45	WGN46	142.5	5.28098102785932	1126	132.138329578064	152.861670421936
46	WGN46	130	5.28098102785937	1126	119.638329578064	140.361670421936
47	WGN46	142.5	5.28098102785937	1126	132.138329578064	152.861670421936
48	WGN46	142.5	5.2809810278594	1126	132.138329578064	152.861670421936
49	WGN46	147.5	5.2809810278593	1126	137.138329578064	157.861670421935
50	WGN46	127.5	5.28098102785938	1126	117.138329578064	137.861670421936
51	WGN46	149.997781721384	7.47009151548622	1126	135.340916662253	164.654646780516
52	WGN46	125	5.28098102785933	1126	114.638329578064	135.361670421936
53	WGN46	155	5.28098102785936	1126	144.638329578064	165.361670421936
54	WGN46	140	5.28098102785934	1126	129.638329578064	150.361670421936
55	WGN46	132.5	5.28098102785933	1126	122.138329578064	142.861670421936
56	WGN46	132.5	5.28098102785937	1126	122.138329578064	142.861670421936
57	WGN46	127.5	5.28098102785933	1126	117.138329578064	137.861670421936
58	WGN46	132.5	5.28098102785938	1126	122.138329578064	142.861670421936
59	WGN46	125	5.28098102785936	1126	114.638329578064	135.361670421936
60	WGN46	125	5.28098102785936	1126	114.638329578064	135.361670421936
61	WGN46	137.5	5.28098102785936	1126	127.138329578064	147.861670421936
62	WGN46	147.5	5.28098102785933	1126	137.138329578064	157.861670421936
63	WGN46	140	5.28098102785933	1126	129.638329578064	150.361670421936
64	WGN46	132.5	5.28098102785935	1126	122.138329578064	142.861670421936
65	WGN46	119.997781721384	7.47009151548624	1126	105.340916662253	134.654646780516
66	WGN46	135	5.28098102785937	1126	124.638329578064	145.361670421936
67	WGN46	137.5	5.28098102785939	1126	127.138329578064	147.861670421936
68	WGN46	142.5	5.28098102785938	1126	132.138329578064	152.861670421936
69	WGN46	137.5	5.28098102785933	1126	127.138329578064	147.861670421936
70	WGN46	152.5	5.28098102785933	1126	142.138329578064	162.861670421936
71	WGN46	142.5	5.28098102785935	1126	132.138329578064	152.861670421936
72	WGN46	120	5.28098102785934	1126	109.638329578064	130.361670421936
73	WGN46	104.997781721384	7.47009151548624	1126	90.3409166622529	119.654646780516
74	WGN46	117.5	5.28098102785933	1126	107.138329578064	127.861670421936
75	WGN46	122.5	5.28098102785935	1126	112.138329578064	132.861670421936
76	WGN46	115	5.28098102785936	1126	104.638329578064	125.361670421936
78	WGN46	137.5	5.28098102785936	1126	127.138329578064	147.861670421936
79	WGN46	137.5	5.28098102785934	1126	127.138329578064	147.861670421936
80	WGN46	132.5	5.28098102785934	1126	122.138329578064	142.861670421936
81	WGN46	140	5.28098102785931	1126	129.638329578064	150.361670421936
82	WGN46	127.5	5.28098102785932	1126	117.138329578064	137.861670421936
83	WGN46	150	5.28098102785934	1126	139.638329578064	160.361670421936
84	WGN46	125	5.28098102785934	1126	114.638329578064	135.361670421936
85	WGN46	132.5	5.28098102785934	1126	122.138329578064	142.861670421936
86	WGN46	142.5	5.28098102785935	1126	132.138329578064	152.861670421936
87	WGN46	130	5.28098102785936	1126	119.638329578064	140.361670421936
88	WGN46	127.5	5.28098102785935	1126	117.138329578064	137.861670421936
89	WGN46	142.5	5.28098102785933	1126	132.138329578064	152.861670421936
90	WGN46	135	5.28098102785934	1126	124.638329578064	145.361670421936
91	WGN46	140.002218278616	7.47009151548625	1126	125.345353219485	154.659083337748
93	WGN46	117.5	5.28098102785937	1126	107.138329578064	127.861670421936
94	WGN46	130	5.28098102785935	1126	119.638329578064	140.361670421936
95	WGN46	137.5	5.28098102785938	1126	127.138329578064	147.861670421936
96	WGN46	135	5.28098102785934	1126	124.638329578064	145.361670421936
98	WGN46	125	5.28098102785936	1126	114.638329578064	135.361670421936
100	WGN46	137.5	5.28098102785936	1126	127.138329578064	147.861670421936
101	WGN46	120	5.28098102785934	1126	109.638329578064	130.361670421936
102	WGN46	125	5.28098102785937	1126	114.638329578064	135.361670421936
103	WGN46	142.5	5.28098102785936	1126	132.138329578064	152.861670421936
104	WGN46	127.5	5.28098102785934	1126	117.138329578064	137.861670421936
106	WGN46	127.5	5.28098102785935	1126	117.138329578064	137.861670421936
107	WGN46	137.5	5.28098102785933	1126	127.138329578064	147.861670421936
108	WGN46	137.5	5.28098102785934	1126	127.138329578064	147.861670421936
109	WGN46	132.5	5.28098102785934	1126	122.138329578064	142.861670421936
110	WGN46	140	5.28098102785935	1126	129.638329578064	150.361670421936
111	WGN46	130	5.28098102785934	1126	119.638329578064	140.361670421936
112	WGN46	127.5	5.28098102785934	1126	117.138329578064	137.861670421936
113	WGN46	132.5	5.28098102785935	1126	122.138329578064	142.861670421936
114	WGN46	132.5	5.28098102785936	1126	122.138329578064	142.861670421936
115	WGN46	130	5.28098102785934	1126	119.638329578064	140.361670421936
116	WGN46	130	5.28098102785935	1126	119.638329578064	140.361670421936
117	WGN46	122.5	5.28098102785936	1126	112.138329578064	132.861670421936
118	WGN46	130.002218278616	7.47009151548624	1126	115.345353219485	144.659083337748
119	WGN46	140	5.28098102785935	1126	129.638329578064	150.361670421936
120	WGN46	147.5	5.28098102785935	1126	137.138329578064	157.861670421936
121	WGN46	132.5	5.28098102785935	1126	122.138329578064	142.861670421936
122	WGN46	120	5.28098102785935	1126	109.638329578064	130.361670421936
123	WGN46	130	5.28098102785935	1126	119.638329578064	140.361670421936
124	WGN46	110	5.28098102785935	1126	99.6383295780643	120.361670421936
125	WGN46	130	5.28098102785935	1126	119.638329578064	140.361670421936
126	WGN46	130	5.28098102785935	1126	119.638329578064	140.361670421936
127	WGN46	145	5.28098102785935	1126	134.638329578064	155.361670421936
128	WGN46	125	5.28098102785935	1126	114.638329578064	135.361670421936
129	WGN46	142.5	5.28098102785935	1126	132.138329578064	152.861670421936
130	WGN46	122.5	5.28098102785935	1126	112.138329578064	132.861670421936
1	WGN55	149.999999999999	5.2809810278593	1126	139.638329578063	160.361670421935
2	WGN55	134.999999999998	5.28098102785932	1126	124.638329578063	145.361670421934
3	WGN55	132.499999999999	5.28098102785933	1126	122.138329578063	142.861670421935
4	WGN55	142.499999999998	5.28098102785932	1126	132.138329578063	152.861670421934
5	WGN55	149.999999999999	5.28098102785942	1126	139.638329578063	160.361670421935
6	WGN55	147.499999999999	5.28098102785935	1126	137.138329578063	157.861670421935
7	WGN55	134.999999999999	5.28098102785934	1126	124.638329578063	145.361670421934
8	WGN55	137.499999999999	5.28098102785931	1126	127.138329578063	147.861670421935
9	WGN55	144.999999999999	5.28098102785934	1126	134.638329578063	155.361670421935
10	WGN55	139.999999999999	5.28098102785932	1126	129.638329578063	150.361670421935
11	WGN55	147.499999999999	5.28098102785938	1126	137.138329578063	157.861670421935
12	WGN55	144.997781721382	7.47009151548626	1126	130.340916662251	159.654646780514
13	WGN55	139.999999999999	5.28098102785937	1126	129.638329578063	150.361670421935
14	WGN55	132.499999999998	5.2809810278594	1126	122.138329578062	142.861670421934
15	WGN55	139.999999999999	5.28098102785935	1126	129.638329578063	150.361670421935
16	WGN55	124.999999999998	5.28098102785938	1126	114.638329578062	135.361670421934
17	WGN55	139.997781721383	7.4700915154863	1126	125.340916662251	154.654646780514
18	WGN55	142.499999999999	5.28098102785936	1126	132.138329578063	152.861670421935
19	WGN55	139.999999999999	5.28098102785937	1126	129.638329578063	150.361670421935
20	WGN55	142.499999999999	5.28098102785941	1126	132.138329578063	152.861670421935
21	WGN55	154.999999999999	5.28098102785934	1126	144.638329578063	165.361670421935
22	WGN55	147.499999999999	5.28098102785941	1126	137.138329578063	157.861670421935
23	WGN55	147.499999999999	5.28098102785933	1126	137.138329578063	157.861670421935
24	WGN55	132.499999999998	5.28098102785937	1126	122.138329578063	142.861670421934
25	WGN55	142.499999999999	5.28098102785936	1126	132.138329578063	152.861670421935
26	WGN55	134.999999999999	5.2809810278593	1126	124.638329578063	145.361670421935
27	WGN55	137.499999999999	5.28098102785935	1126	127.138329578063	147.861670421935
28	WGN55	144.997781721383	7.4700915154862	1126	130.340916662252	159.654646780514
29	WGN55	157.499999999998	5.28098102785937	1126	147.138329578062	167.861670421934
30	WGN55	137.499999999999	5.28098102785932	1126	127.138329578063	147.861670421935
31	WGN55	127.499999999999	5.28098102785938	1126	117.138329578063	137.861670421935
32	WGN55	144.999999999999	5.28098102785935	1126	134.638329578063	155.361670421935
33	WGN55	134.999999999999	5.28098102785935	1126	124.638329578063	145.361670421935
34	WGN55	149.999999999999	5.28098102785937	1126	139.638329578063	160.361670421935
35	WGN55	144.999999999999	5.28098102785934	1126	134.638329578063	155.361670421935
36	WGN55	137.499999999998	5.28098102785941	1126	127.138329578062	147.861670421934
37	WGN55	137.499999999998	5.28098102785938	1126	127.138329578062	147.861670421934
38	WGN55	132.499999999999	5.28098102785932	1126	122.138329578063	142.861670421935
40	WGN55	127.499999999999	5.28098102785937	1126	117.138329578063	137.861670421934
41	WGN55	137.499999999999	5.28098102785933	1126	127.138329578063	147.861670421935
42	WGN55	139.999999999999	5.28098102785933	1126	129.638329578063	150.361670421935
43	WGN55	139.999999999999	5.28098102785936	1126	129.638329578063	150.361670421935
44	WGN55	139.999999999999	5.28098102785932	1126	129.638329578063	150.361670421935
45	WGN55	147.499999999999	5.28098102785934	1126	137.138329578063	157.861670421935
46	WGN55	117.499999999999	5.28098102785936	1126	107.138329578063	127.861670421935
47	WGN55	157.499999999999	5.28098102785937	1126	147.138329578063	167.861670421935
48	WGN55	142.499999999999	5.28098102785938	1126	132.138329578063	152.861670421935
49	WGN55	139.999999999999	5.28098102785935	1126	129.638329578063	150.361670421935
50	WGN55	139.999999999999	5.28098102785936	1126	129.638329578063	150.361670421935
52	WGN55	132.499999999999	5.28098102785933	1126	122.138329578063	142.861670421935
53	WGN55	132.499999999999	5.28098102785934	1126	122.138329578063	142.861670421935
54	WGN55	127.499999999999	5.28098102785937	1126	117.138329578063	137.861670421935
55	WGN55	147.499999999999	5.28098102785934	1126	137.138329578063	157.861670421935
56	WGN55	139.999999999998	5.28098102785939	1126	129.638329578063	150.361670421934
57	WGN55	127.499999999999	5.28098102785934	1126	117.138329578063	137.861670421935
58	WGN55	144.999999999999	5.28098102785933	1126	134.638329578063	155.361670421935
59	WGN55	154.999999999999	5.28098102785939	1126	144.638329578063	165.361670421935
60	WGN55	134.999999999999	5.28098102785938	1126	124.638329578063	145.361670421934
61	WGN55	132.499999999998	5.28098102785941	1126	122.138329578062	142.861670421934
62	WGN55	139.999999999999	5.28098102785938	1126	129.638329578063	150.361670421935
63	WGN55	152.499999999999	5.28098102785936	1126	142.138329578063	162.861670421935
64	WGN55	142.499999999999	5.28098102785936	1126	132.138329578063	152.861670421935
65	WGN55	147.499999999999	5.28098102785936	1126	137.138329578063	157.861670421935
66	WGN55	139.999999999999	5.28098102785936	1126	129.638329578063	150.361670421935
67	WGN55	142.499999999999	5.28098102785936	1126	132.138329578063	152.861670421935
68	WGN55	149.999999999999	5.28098102785938	1126	139.638329578063	160.361670421935
69	WGN55	144.999999999999	5.28098102785937	1126	134.638329578063	155.361670421935
70	WGN55	149.999999999999	5.28098102785937	1126	139.638329578063	160.361670421935
71	WGN55	154.999999999999	5.28098102785936	1126	144.638329578063	165.361670421935
72	WGN55	137.499999999999	5.28098102785937	1126	127.138329578063	147.861670421934
73	WGN55	147.499999999999	5.28098102785936	1126	137.138329578063	157.861670421934
74	WGN55	129.999999999999	5.28098102785933	1126	119.638329578063	140.361670421935
75	WGN55	144.999999999999	5.28098102785938	1126	134.638329578063	155.361670421935
76	WGN55	149.999999999999	5.28098102785935	1126	139.638329578063	160.361670421934
77	WGN55	129.999999999999	5.28098102785933	1126	119.638329578063	140.361670421935
78	WGN55	132.499999999999	5.28098102785936	1126	122.138329578063	142.861670421935
80	WGN55	134.999999999999	5.28098102785937	1126	124.638329578063	145.361670421935
81	WGN55	134.999999999999	5.28098102785932	1126	124.638329578063	145.361670421935
82	WGN55	144.999999999999	5.28098102785935	1126	134.638329578063	155.361670421935
83	WGN55	117.499999999999	5.28098102785936	1126	107.138329578063	127.861670421934
84	WGN55	134.999999999999	5.28098102785936	1126	124.638329578063	145.361670421935
85	WGN55	139.999999999999	5.2809810278594	1126	129.638329578063	150.361670421934
86	WGN55	132.499999999999	5.28098102785935	1126	122.138329578063	142.861670421935
87	WGN55	139.999999999999	5.28098102785934	1126	129.638329578063	150.361670421935
88	WGN55	139.999999999999	5.28098102785934	1126	129.638329578063	150.361670421935
89	WGN55	147.499999999999	5.28098102785938	1126	137.138329578063	157.861670421935
90	WGN55	132.499999999999	5.28098102785937	1126	122.138329578063	142.861670421935
91	WGN55	142.499999999999	5.28098102785936	1126	132.138329578063	152.861670421935
92	WGN55	134.999999999999	5.28098102785935	1126	124.638329578063	145.361670421935
93	WGN55	139.999999999999	5.28098102785934	1126	129.638329578063	150.361670421935
94	WGN55	147.499999999999	5.28098102785937	1126	137.138329578063	157.861670421935
95	WGN55	137.499999999999	5.28098102785935	1126	127.138329578063	147.861670421935
96	WGN55	127.499999999999	5.28098102785935	1126	117.138329578063	137.861670421935
97	WGN55	144.999999999999	5.28098102785937	1126	134.638329578063	155.361670421935
98	WGN55	137.499999999999	5.28098102785937	1126	127.138329578063	147.861670421934
99	WGN55	132.499999999999	5.28098102785937	1126	122.138329578063	142.861670421934
100	WGN55	144.999999999999	5.28098102785936	1126	134.638329578063	155.361670421935
101	WGN55	122.499999999999	5.28098102785934	1126	112.138329578063	132.861670421935
102	WGN55	159.999999999999	5.28098102785935	1126	149.638329578063	170.361670421934
103	WGN55	127.499999999999	5.28098102785937	1126	117.138329578063	137.861670421934
104	WGN55	139.999999999999	5.28098102785935	1126	129.638329578063	150.361670421935
105	WGN55	149.999999999999	5.28098102785935	1126	139.638329578063	160.361670421935
106	WGN55	149.999999999999	5.28098102785937	1126	139.638329578063	160.361670421935
107	WGN55	144.999999999999	5.28098102785935	1126	134.638329578063	155.361670421935
108	WGN55	137.499999999999	5.28098102785936	1126	127.138329578063	147.861670421935
109	WGN55	134.999999999999	5.28098102785936	1126	124.638329578063	145.361670421935
110	WGN55	139.999999999999	5.28098102785937	1126	129.638329578063	150.361670421935
111	WGN55	142.499999999999	5.28098102785935	1126	132.138329578063	152.861670421935
112	WGN55	137.499999999999	5.28098102785937	1126	127.138329578063	147.861670421935
113	WGN55	149.999999999999	5.28098102785936	1126	139.638329578063	160.361670421935
114	WGN55	132.499999999999	5.28098102785936	1126	122.138329578063	142.861670421935
115	WGN55	142.499999999999	5.28098102785935	1126	132.138329578063	152.861670421935
116	WGN55	125.002218278614	7.47009151548625	1126	110.345353219483	139.659083337746
117	WGN55	139.999999999999	5.28098102785936	1126	129.638329578063	150.361670421935
118	WGN55	137.499999999999	5.28098102785936	1126	127.138329578063	147.861670421935
119	WGN55	139.999999999999	5.28098102785936	1126	129.638329578063	150.361670421935
120	WGN55	142.499999999999	5.28098102785935	1126	132.138329578063	152.861670421935
121	WGN55	129.999999999999	5.28098102785935	1126	119.638329578063	140.361670421935
122	WGN55	152.499999999999	5.28098102785935	1126	142.138329578063	162.861670421935
123	WGN55	147.499999999999	5.28098102785935	1126	137.138329578063	157.861670421935
124	WGN55	149.999999999999	5.28098102785936	1126	139.638329578063	160.361670421935
125	WGN55	147.499999999999	5.28098102785935	1126	137.138329578063	157.861670421935
126	WGN55	137.499999999999	5.28098102785935	1126	127.138329578063	147.861670421935
128	WGN55	132.499999999999	5.28098102785935	1126	122.138329578063	142.861670421935
129	WGN55	134.999999999999	5.28098102785935	1126	124.638329578063	145.361670421935
130	WGN55	147.499999999999	5.28098102785935	1126	137.138329578063	157.861670421935
1	WGN63	144.999999999999	5.28098102785931	1126	134.638329578064	155.361670421935
2	WGN63	139.999999999999	5.28098102785935	1126	129.638329578063	150.361670421935
3	WGN63	152.499999999999	5.28098102785932	1126	142.138329578063	162.861670421935
4	WGN63	147.499999999999	5.28098102785935	1126	137.138329578063	157.861670421935
5	WGN63	152.499999999999	5.28098102785935	1126	142.138329578063	162.861670421935
6	WGN63	144.997781721384	7.4700915154862	1126	130.340916662252	159.654646780515
7	WGN63	139.999999999999	5.28098102785933	1126	129.638329578063	150.361670421935
8	WGN63	152.499999999999	5.2809810278593	1126	142.138329578063	162.861670421935
9	WGN63	152.499999999999	5.28098102785934	1126	142.138329578063	162.861670421935
10	WGN63	152.499999999999	5.28098102785936	1126	142.138329578063	162.861670421935
12	WGN63	149.999999999999	5.28098102785937	1126	139.638329578063	160.361670421935
13	WGN63	147.499999999999	5.28098102785933	1126	137.138329578063	157.861670421935
14	WGN63	134.999999999999	5.28098102785935	1126	124.638329578063	145.361670421935
16	WGN63	152.499999999999	5.28098102785936	1126	142.138329578063	162.861670421935
17	WGN63	157.499999999999	5.28098102785936	1126	147.138329578063	167.861670421935
18	WGN63	144.999999999999	5.28098102785941	1126	134.638329578063	155.361670421935
19	WGN63	149.999999999999	5.28098102785934	1126	139.638329578063	160.361670421935
20	WGN63	147.499999999999	5.28098102785941	1126	137.138329578063	157.861670421935
21	WGN63	147.499999999999	5.28098102785932	1126	137.138329578063	157.861670421935
22	WGN63	154.999999999999	5.28098102785937	1126	144.638329578063	165.361670421935
23	WGN63	139.999999999999	5.28098102785936	1126	129.638329578063	150.361670421935
24	WGN63	144.999999999999	5.28098102785929	1126	134.638329578063	155.361670421935
25	WGN63	127.499999999999	5.28098102785934	1126	117.138329578063	137.861670421935
26	WGN63	149.999999999999	5.28098102785935	1126	139.638329578063	160.361670421935
27	WGN63	142.499999999999	5.28098102785939	1126	132.138329578063	152.861670421935
28	WGN63	144.999999999999	5.2809810278593	1126	134.638329578063	155.361670421935
29	WGN63	149.999999999999	5.2809810278594	1126	139.638329578063	160.361670421935
30	WGN63	152.499999999999	5.2809810278594	1126	142.138329578063	162.861670421935
31	WGN63	149.999999999999	5.28098102785937	1126	139.638329578063	160.361670421935
32	WGN63	157.499999999999	5.28098102785933	1126	147.138329578063	167.861670421935
33	WGN63	144.999999999999	5.28098102785933	1126	134.638329578063	155.361670421935
34	WGN63	142.499999999999	5.28098102785937	1126	132.138329578063	152.861670421935
35	WGN63	159.999999999999	5.28098102785938	1126	149.638329578063	170.361670421935
36	WGN63	139.999999999999	5.28098102785939	1126	129.638329578063	150.361670421935
37	WGN63	147.499999999999	5.28098102785936	1126	137.138329578063	157.861670421935
38	WGN63	137.499999999999	5.2809810278594	1126	127.138329578063	147.861670421935
39	WGN63	129.999999999999	5.28098102785932	1126	119.638329578064	140.361670421935
40	WGN63	134.999999999999	5.28098102785936	1126	124.638329578063	145.361670421935
41	WGN63	144.997781721383	7.47009151548627	1126	130.340916662252	159.654646780515
42	WGN63	152.499999999999	5.28098102785932	1126	142.138329578063	162.861670421935
43	WGN63	144.999999999999	5.28098102785936	1126	134.638329578063	155.361670421935
44	WGN63	139.999999999999	5.28098102785937	1126	129.638329578063	150.361670421935
45	WGN63	139.999999999999	5.28098102785932	1126	129.638329578064	150.361670421935
46	WGN63	139.999999999999	5.28098102785933	1126	129.638329578063	150.361670421935
47	WGN63	147.499999999999	5.28098102785937	1126	137.138329578063	157.861670421935
48	WGN63	147.499999999999	5.28098102785937	1126	137.138329578063	157.861670421935
49	WGN63	147.499999999999	5.28098102785935	1126	137.138329578063	157.861670421935
50	WGN63	139.999999999999	5.28098102785934	1126	129.638329578063	150.361670421935
51	WGN63	155.002218278615	7.47009151548622	1126	140.345353219483	169.659083337746
52	WGN63	157.499999999999	5.28098102785933	1126	147.138329578063	167.861670421935
53	WGN63	147.499999999999	5.28098102785932	1126	137.138329578063	157.861670421935
54	WGN63	147.499999999999	5.28098102785935	1126	137.138329578063	157.861670421935
55	WGN63	142.499999999999	5.28098102785933	1126	132.138329578063	152.861670421935
56	WGN63	142.499999999999	5.28098102785932	1126	132.138329578063	152.861670421935
57	WGN63	147.499999999999	5.28098102785936	1126	137.138329578063	157.861670421935
58	WGN63	127.499999999999	5.28098102785932	1126	117.138329578064	137.861670421935
59	WGN63	144.999999999999	5.28098102785938	1126	134.638329578063	155.361670421935
60	WGN63	157.499999999999	5.28098102785935	1126	147.138329578063	167.861670421935
61	WGN63	152.499999999999	5.28098102785935	1126	142.138329578063	162.861670421935
62	WGN63	137.499999999999	5.28098102785935	1126	127.138329578063	147.861670421935
63	WGN63	149.999999999999	5.28098102785933	1126	139.638329578063	160.361670421935
64	WGN63	149.999999999999	5.28098102785933	1126	139.638329578063	160.361670421935
65	WGN63	152.499999999999	5.28098102785934	1126	142.138329578063	162.861670421935
66	WGN63	152.499999999999	5.28098102785938	1126	142.138329578063	162.861670421935
67	WGN63	134.999999999999	5.28098102785937	1126	124.638329578063	145.361670421935
68	WGN63	142.499999999999	5.28098102785939	1126	132.138329578063	152.861670421935
69	WGN63	142.499999999999	5.28098102785936	1126	132.138329578063	152.861670421935
70	WGN63	149.999999999999	5.28098102785936	1126	139.638329578063	160.361670421935
72	WGN63	137.499999999999	5.28098102785937	1126	127.138329578063	147.861670421935
73	WGN63	149.999999999999	5.28098102785934	1126	139.638329578063	160.361670421935
74	WGN63	132.499999999999	5.28098102785935	1126	122.138329578063	142.861670421935
75	WGN63	139.999999999999	5.28098102785934	1126	129.638329578063	150.361670421935
76	WGN63	142.499999999999	5.28098102785936	1126	132.138329578063	152.861670421935
77	WGN63	152.499999999999	5.28098102785935	1126	142.138329578063	162.861670421935
78	WGN63	147.499999999999	5.28098102785936	1126	137.138329578063	157.861670421935
79	WGN63	149.999999999999	5.28098102785935	1126	139.638329578063	160.361670421935
80	WGN63	134.999999999999	5.28098102785937	1126	124.638329578063	145.361670421935
81	WGN63	149.999999999999	5.28098102785934	1126	139.638329578063	160.361670421935
82	WGN63	144.999999999999	5.28098102785934	1126	134.638329578063	155.361670421935
83	WGN63	144.999999999999	5.28098102785935	1126	134.638329578063	155.361670421935
84	WGN63	137.499999999999	5.28098102785936	1126	127.138329578063	147.861670421935
85	WGN63	147.499999999999	5.28098102785935	1126	137.138329578063	157.861670421935
86	WGN63	142.499999999999	5.28098102785936	1126	132.138329578063	152.861670421935
87	WGN63	152.499999999999	5.28098102785936	1126	142.138329578063	162.861670421935
88	WGN63	152.499999999999	5.28098102785934	1126	142.138329578063	162.861670421935
89	WGN63	147.499999999999	5.28098102785933	1126	137.138329578063	157.861670421935
90	WGN63	135.002218278615	7.47009151548627	1126	120.345353219484	149.659083337747
91	WGN63	149.999999999999	5.28098102785937	1126	139.638329578063	160.361670421935
92	WGN63	122.499999999999	5.28098102785935	1126	112.138329578063	132.861670421935
93	WGN63	147.499999999999	5.28098102785935	1126	137.138329578063	157.861670421935
94	WGN63	147.499999999999	5.28098102785935	1126	137.138329578063	157.861670421935
95	WGN63	149.997781721383	7.47009151548624	1126	135.340916662252	164.654646780515
96	WGN63	144.999999999999	5.28098102785934	1126	134.638329578063	155.361670421935
97	WGN63	137.499999999999	5.28098102785934	1126	127.138329578063	147.861670421935
98	WGN63	159.999999999999	5.28098102785935	1126	149.638329578063	170.361670421935
99	WGN63	154.999999999999	5.28098102785934	1126	144.638329578063	165.361670421935
100	WGN63	132.499999999999	5.28098102785935	1126	122.138329578063	142.861670421935
101	WGN63	152.499999999999	5.28098102785935	1126	142.138329578063	162.861670421935
102	WGN63	152.499999999999	5.28098102785936	1126	142.138329578063	162.861670421935
103	WGN63	157.499999999999	5.28098102785935	1126	147.138329578063	167.861670421935
105	WGN63	147.499999999999	5.28098102785936	1126	137.138329578063	157.861670421935
106	WGN63	122.499999999999	5.28098102785935	1126	112.138329578063	132.861670421935
107	WGN63	139.999999999999	5.28098102785935	1126	129.638329578063	150.361670421935
109	WGN63	149.999999999999	5.28098102785935	1126	139.638329578063	160.361670421935
110	WGN63	137.499999999999	5.28098102785936	1126	127.138329578063	147.861670421935
111	WGN63	147.499999999999	5.28098102785936	1126	137.138329578063	157.861670421935
112	WGN63	139.999999999999	5.28098102785935	1126	129.638329578063	150.361670421935
114	WGN63	157.499999999999	5.28098102785935	1126	147.138329578063	167.861670421935
115	WGN63	147.499999999999	5.28098102785935	1126	137.138329578063	157.861670421935
116	WGN63	132.499999999999	5.28098102785935	1126	122.138329578063	142.861670421935
117	WGN63	137.499999999999	5.28098102785935	1126	127.138329578063	147.861670421935
118	WGN63	144.999999999999	5.28098102785935	1126	134.638329578063	155.361670421935
119	WGN63	137.499999999999	5.28098102785935	1126	127.138329578063	147.861670421935
121	WGN63	157.499999999999	5.28098102785935	1126	147.138329578063	167.861670421935
122	WGN63	144.999999999999	5.28098102785935	1126	134.638329578063	155.361670421935
123	WGN63	159.999999999999	5.28098102785935	1126	149.638329578063	170.361670421935
124	WGN63	132.499999999999	5.28098102785935	1126	122.138329578063	142.861670421935
125	WGN63	152.499999999999	5.28098102785935	1126	142.138329578063	162.861670421935
126	WGN63	147.499999999999	5.28098102785935	1126	137.138329578063	157.861670421935
127	WGN63	152.499999999999	5.28098102785935	1126	142.138329578063	162.861670421935
128	WGN63	147.499999999999	5.28098102785935	1126	137.138329578063	157.861670421935
129	WGN63	142.499999999999	5.28098102785935	1126	132.138329578063	152.861670421935
130	WGN63	147.499999999999	5.28098102785935	1126	137.138329578063	157.861670421935
