plantID3	famID	emmean	SE	df	lower.CL	upper.CL
1	WGN07	105.000000000024	4.0604583833075	1122	97.0330535733248	112.966946426723
2	WGN07	107.500000000008	4.0604583833096	1122	99.5330535733043	115.466946426711
3	WGN07	102.500000000009	4.06045838331009	1122	94.5330535733051	110.466946426714
4	WGN07	92.4999999999961	4.06045838330999	1122	84.5330535732919	100.4669464267
5	WGN07	110.000000000001	4.0604583833098	1122	102.033053573298	117.966946426705
6	WGN07	97.5000000000012	4.06045838330997	1122	89.5330535732971	105.466946426705
7	WGN07	107.500000000001	4.06045838330998	1122	99.5330535732964	115.466946426705
8	WGN07	120.000000000001	4.06045838330995	1122	112.033053573296	127.966946426705
9	WGN07	125.000000000001	4.06045838331006	1122	117.033053573297	132.966946426706
10	WGN07	85.0000000000009	4.06045838330992	1122	77.0330535732969	92.966946426705
11	WGN07	105	4.06045838331	1122	97.0330535732961	112.966946426704
12	WGN07	90.0000000000006	4.06045838330999	1122	82.0330535732965	97.9669464267048
13	WGN07	102.500000000001	4.06045838331004	1122	94.5330535732968	110.466946426705
14	WGN07	112.500000000001	4.0604583833101	1122	104.533053573297	120.466946426705
15	WGN07	97.5000000000004	4.06045838330999	1122	89.5330535732962	105.466946426705
16	WGN07	102.5	4.06045838330998	1122	94.5330535732956	110.466946426704
17	WGN07	105.000000000001	4.06045838331004	1122	97.0330535732963	112.966946426705
18	WGN07	90.0000000000005	4.06045838331007	1122	82.0330535732962	97.9669464267048
20	WGN07	80.0000000000005	4.06045838331001	1122	72.0330535732963	87.9669464267047
21	WGN07	110.000000000001	4.06045838331003	1122	102.033053573297	117.966946426705
22	WGN07	115.000000000002	4.06045838330998	1122	107.033053573297	122.966946426706
23	WGN07	122.500000000002	4.06045838331006	1122	114.533053573298	130.466946426706
24	WGN07	87.5000000000002	4.06045838331002	1122	79.533053573296	95.4669464267045
25	WGN07	100.000000000001	4.06045838331	1122	92.0330535732967	107.966946426705
26	WGN07	87.5000000000009	4.06045838330998	1122	79.5330535732967	95.466946426705
27	WGN07	120	4.06045838330993	1122	112.033053573296	127.966946426704
28	WGN07	115.000000000001	4.06045838330997	1122	107.033053573297	122.966946426705
29	WGN07	100	4.06045838331008	1122	92.033053573296	107.966946426705
30	WGN07	112.5	4.06045838330996	1122	104.533053573296	120.466946426704
31	WGN07	100.000000000001	4.06045838331001	1122	92.0330535732971	107.966946426706
32	WGN07	95.0000000000015	4.06045838330985	1122	87.0330535732977	102.966946426705
33	WGN07	110.000000000001	4.06045838331002	1122	102.033053573297	117.966946426705
34	WGN07	112.500000000001	4.06045838331005	1122	104.533053573297	120.466946426706
35	WGN07	110.000000000001	4.06045838331003	1122	102.033053573297	117.966946426706
36	WGN07	87.5000000000011	4.06045838330995	1122	79.533053573297	95.4669464267052
37	WGN07	92.5000000000007	4.06045838331007	1122	84.5330535732963	100.466946426705
38	WGN07	102.500000000001	4.06045838330996	1122	94.5330535732968	110.466946426705
39	WGN07	105.000000000001	4.06045838330997	1122	97.0330535732968	112.966946426705
40	WGN07	92.5000000000007	4.06045838331001	1122	84.5330535732965	100.466946426705
41	WGN07	107.5	4.06045838330988	1122	99.5330535732965	115.466946426704
42	WGN07	122.5	4.06045838330995	1122	114.533053573296	130.466946426705
44	WGN07	90.0000000000009	4.06045838330995	1122	82.0330535732968	97.966946426705
46	WGN07	92.5000000000007	4.06045838331	1122	84.5330535732965	100.466946426705
47	WGN07	92.5000000000011	4.06045838331006	1122	84.5330535732968	100.466946426705
48	WGN07	90.0000000000016	4.06045838331016	1122	82.0330535732971	97.9669464267061
49	WGN07	122.500000000001	4.06045838331004	1122	114.533053573297	130.466946426705
50	WGN07	112.5	4.06045838330992	1122	104.533053573296	120.466946426704
51	WGN07	110.000000000001	4.06045838331001	1122	102.033053573297	117.966946426705
52	WGN07	102.500000000001	4.06045838330995	1122	94.5330535732971	110.466946426705
53	WGN07	112.500000000003	4.06045838331011	1122	104.533053573298	120.466946426707
54	WGN07	89.421193232414	5.74363352445195	1122	78.151721595414	100.690664869414
55	WGN07	105.000000000001	4.06045838330998	1122	97.0330535732965	112.966946426705
56	WGN07	95.0000000000005	4.06045838331004	1122	87.0330535732962	102.966946426705
57	WGN07	107.499999999999	4.06045838331003	1122	99.533053573295	115.466946426703
58	WGN07	107.499999999999	4.06045838330992	1122	99.5330535732954	115.466946426704
59	WGN07	117.5	4.06045838330995	1122	109.533053573296	125.466946426704
60	WGN07	100.000000000001	4.06045838331001	1122	92.0330535732965	107.966946426705
61	WGN07	110.000000000001	4.06045838330993	1122	102.033053573296	117.966946426705
63	WGN07	102.500000000001	4.06045838330993	1122	94.533053573297	110.466946426705
64	WGN07	82.500000000001	4.06045838330994	1122	74.5330535732969	90.4669464267051
66	WGN07	112.500000000001	4.06045838330999	1122	104.533053573297	120.466946426705
67	WGN07	105.000000000001	4.06045838331011	1122	97.0330535732968	112.966946426706
68	WGN07	95.0000000000012	4.06045838330998	1122	87.033053573297	102.966946426705
69	WGN07	117.500000000001	4.06045838330997	1122	109.533053573297	125.466946426705
71	WGN07	97.5000000000003	4.06045838330997	1122	89.5330535732962	105.466946426704
73	WGN07	97.5000000000001	4.06045838331002	1122	89.5330535732958	105.466946426704
74	WGN07	112.500000000001	4.06045838330996	1122	104.533053573296	120.466946426705
75	WGN07	92.5000000000007	4.06045838330998	1122	84.5330535732966	100.466946426705
76	WGN07	87.5000000000007	4.06045838330998	1122	79.5330535732965	95.4669464267048
77	WGN07	112.500000000001	4.06045838331	1122	104.533053573296	120.466946426705
78	WGN07	105.000000000001	4.06045838330997	1122	97.0330535732965	112.966946426705
79	WGN07	115.000000000001	4.06045838330999	1122	107.033053573297	122.966946426705
80	WGN07	97.500000000002	4.06045838330992	1122	89.533053573298	105.466946426706
81	WGN07	105.000000000001	4.06045838330998	1122	97.0330535732968	112.966946426705
82	WGN07	90.0000000000004	4.06045838331004	1122	82.0330535732961	97.9669464267046
83	WGN07	100.000000000001	4.06045838330998	1122	92.0330535732967	107.966946426705
84	WGN07	95.0000000000008	4.06045838331004	1122	87.0330535732965	102.966946426705
85	WGN07	107.499999999999	4.06045838330991	1122	99.5330535732952	115.466946426703
86	WGN07	92.5000000000011	4.06045838330996	1122	84.533053573297	100.466946426705
87	WGN07	95.0000000000011	4.06045838330994	1122	87.033053573297	102.966946426705
88	WGN07	97.5000000000011	4.06045838331002	1122	89.5330535732969	105.466946426705
89	WGN07	100.000000000001	4.06045838331008	1122	92.0330535732963	107.966946426705
90	WGN07	105.000000000001	4.06045838330983	1122	97.0330535732973	112.966946426705
91	WGN07	110.000000000001	4.06045838330997	1122	102.033053573297	117.966946426705
92	WGN07	92.5000000000005	4.06045838331006	1122	84.5330535732962	100.466946426705
93	WGN07	102.500000000001	4.06045838330994	1122	94.5330535732967	110.466946426705
94	WGN07	95.0000000000021	4.06045838331009	1122	87.0330535732978	102.966946426706
95	WGN07	112.500000000001	4.06045838330995	1122	104.533053573297	120.466946426705
96	WGN07	80.0000000000009	4.06045838331004	1122	72.0330535732966	87.9669464267051
97	WGN07	117.500000000001	4.06045838330998	1122	109.533053573297	125.466946426705
98	WGN07	85.0000000000009	4.06045838331001	1122	77.0330535732967	92.9669464267051
99	WGN07	100.000000000001	4.06045838330992	1122	92.0330535732969	107.966946426705
100	WGN07	100.000000000001	4.06045838330998	1122	92.0330535732966	107.966946426705
101	WGN07	105.000000000001	4.06045838330998	1122	97.033053573297	112.966946426705
102	WGN07	97.5000000000008	4.06045838330995	1122	89.5330535732967	105.466946426705
103	WGN07	112.500000000001	4.06045838330989	1122	104.533053573297	120.466946426705
104	WGN07	102.5	4.06045838330999	1122	94.5330535732962	110.466946426705
105	WGN07	117.500000000001	4.06045838330999	1122	109.533053573296	125.466946426705
106	WGN07	120	4.06045838330993	1122	112.033053573296	127.966946426704
107	WGN07	115.000000000001	4.06045838330994	1122	107.033053573296	122.966946426705
108	WGN07	95.0000000000012	4.06045838330991	1122	87.0330535732972	102.966946426705
109	WGN07	82.5000000000015	4.06045838331002	1122	74.5330535732973	90.4669464267058
110	WGN07	100	4.06045838330996	1122	92.0330535732964	107.966946426705
111	WGN07	92.5000000000014	4.06045838331007	1122	84.5330535732971	100.466946426706
112	WGN07	92.5000000000009	4.06045838330999	1122	84.5330535732967	100.466946426705
113	WGN07	94.9999999999996	4.06045838331008	1122	87.0330535732953	102.966946426704
114	WGN07	82.4999999999989	4.06045838331002	1122	74.5330535732947	90.4669464267031
115	WGN07	120.000000000001	4.06045838331001	1122	112.033053573297	127.966946426705
116	WGN07	107.5	4.06045838330999	1122	99.5330535732963	115.466946426705
117	WGN07	122.500000000001	4.06045838331004	1122	114.533053573297	130.466946426706
118	WGN07	77.5	4.06045838331	1122	69.5330535732958	85.4669464267042
119	WGN07	117.500000000001	4.06045838331002	1122	109.533053573296	125.466946426705
120	WGN07	90.0000000000008	4.06045838330995	1122	82.0330535732967	97.9669464267049
121	WGN07	110.000000000001	4.06045838331	1122	102.033053573297	117.966946426705
122	WGN07	100.578806767588	5.74363352445222	1122	89.3093351305871	111.848278404588
123	WGN07	107.500000000002	4.06045838330997	1122	99.5330535732974	115.466946426706
124	WGN07	115.000000000001	4.06045838331001	1122	107.033053573297	122.966946426705
125	WGN07	102.500000000001	4.06045838330998	1122	94.5330535732967	110.466946426705
126	WGN07	100	4.06045838330993	1122	92.0330535732964	107.966946426705
127	WGN07	110.000000000002	4.06045838331002	1122	102.033053573298	117.966946426706
128	WGN07	92.5000000000007	4.06045838331001	1122	84.5330535732965	100.466946426705
129	WGN07	115.000000000001	4.06045838331	1122	107.033053573297	122.966946426705
130	WGN07	107.500000000001	4.06045838331003	1122	99.5330535732967	115.466946426705
1	WGN15	139.999999999995	4.06045838330956	1122	132.033053573292	147.966946426698
2	WGN15	109.999999999998	4.06045838331002	1122	102.033053573293	117.966946426702
3	WGN15	117.499999999999	4.0604583833099	1122	109.533053573295	125.466946426703
4	WGN15	127.499999999998	4.06045838331002	1122	119.533053573294	135.466946426703
5	WGN15	109.999999999997	4.06045838331012	1122	102.033053573292	117.966946426701
7	WGN15	129.999999999998	4.06045838330999	1122	122.033053573294	137.966946426703
8	WGN15	132.499999999998	4.06045838331001	1122	124.533053573294	140.466946426702
9	WGN15	114.999999999998	4.06045838331003	1122	107.033053573294	122.966946426702
10	WGN15	129.999999999998	4.0604583833099	1122	122.033053573294	137.966946426702
11	WGN15	132.499999999998	4.0604583833101	1122	124.533053573293	140.466946426702
12	WGN15	117.499999999999	4.06045838330994	1122	109.533053573295	125.466946426703
13	WGN15	129.999999999998	4.06045838331005	1122	122.033053573294	137.966946426703
14	WGN15	119.999999999997	4.06045838331004	1122	112.033053573293	127.966946426702
15	WGN15	112.499999999999	4.06045838330994	1122	104.533053573295	120.466946426703
16	WGN15	112.499999999997	4.06045838331004	1122	104.533053573293	120.466946426701
17	WGN15	135.578806767585	5.74363352445222	1122	124.309335130584	146.848278404585
18	WGN15	132.499999999998	4.06045838331002	1122	124.533053573294	140.466946426703
19	WGN15	127.499999999998	4.06045838330988	1122	119.533053573294	135.466946426702
20	WGN15	132.499999999998	4.06045838331006	1122	124.533053573294	140.466946426702
21	WGN15	119.999999999998	4.06045838330999	1122	112.033053573294	127.966946426703
22	WGN15	117.499999999998	4.06045838330998	1122	109.533053573294	125.466946426702
23	WGN15	127.499999999998	4.06045838331008	1122	119.533053573294	135.466946426703
24	WGN15	95.5788067675859	5.7436335244521	1122	84.3093351305856	106.848278404586
25	WGN15	124.999999999998	4.06045838331002	1122	117.033053573294	132.966946426702
26	WGN15	137.499999999998	4.06045838330998	1122	129.533053573294	145.466946426702
27	WGN15	127.499999999998	4.06045838331	1122	119.533053573294	135.466946426702
28	WGN15	122.499999999998	4.06045838331005	1122	114.533053573293	130.466946426702
29	WGN15	132.499999999999	4.06045838331002	1122	124.533053573294	140.466946426703
30	WGN15	132.499999999998	4.06045838331001	1122	124.533053573293	140.466946426702
31	WGN15	135.578806767585	5.74363352445212	1122	124.309335130585	146.848278404585
32	WGN15	117.499999999998	4.06045838330998	1122	109.533053573294	125.466946426703
33	WGN15	137.499999999998	4.06045838330991	1122	129.533053573294	145.466946426702
34	WGN15	119.999999999998	4.06045838331005	1122	112.033053573294	127.966946426702
35	WGN15	127.499999999997	4.06045838331003	1122	119.533053573293	135.466946426702
36	WGN15	122.499999999998	4.06045838331002	1122	114.533053573294	130.466946426702
37	WGN15	130	4.06045838330997	1122	122.033053573296	137.966946426704
38	WGN15	104.999999999998	4.06045838330998	1122	97.033053573294	112.966946426702
39	WGN15	132.499999999998	4.06045838330992	1122	124.533053573294	140.466946426702
40	WGN15	124.999999999998	4.06045838330995	1122	117.033053573294	132.966946426702
41	WGN15	107.499999999998	4.06045838330997	1122	99.5330535732941	115.466946426702
43	WGN15	112.5	4.06045838330992	1122	104.533053573296	120.466946426704
44	WGN15	119.999999999997	4.06045838331009	1122	112.033053573293	127.966946426701
45	WGN15	142.499999999999	4.06045838330999	1122	134.533053573294	150.466946426703
46	WGN15	117.499999999999	4.06045838330996	1122	109.533053573295	125.466946426703
47	WGN15	124.999999999998	4.06045838330999	1122	117.033053573294	132.966946426702
48	WGN15	129.999999999999	4.06045838331014	1122	122.033053573294	137.966946426703
50	WGN15	132.499999999998	4.06045838331	1122	124.533053573294	140.466946426703
51	WGN15	129.999999999998	4.06045838330995	1122	122.033053573294	137.966946426703
52	WGN15	104.999999999998	4.06045838330997	1122	97.0330535732936	112.966946426702
53	WGN15	122.499999999998	4.06045838330994	1122	114.533053573294	130.466946426702
54	WGN15	130.578806767585	5.74363352445212	1122	119.309335130585	141.848278404585
55	WGN15	119.999999999998	4.06045838331003	1122	112.033053573294	127.966946426702
56	WGN15	139.999999999998	4.06045838330995	1122	132.033053573294	147.966946426702
57	WGN15	124.999999999998	4.06045838330994	1122	117.033053573294	132.966946426702
58	WGN15	122.499999999998	4.06045838331001	1122	114.533053573294	130.466946426702
59	WGN15	127.499999999998	4.06045838331012	1122	119.533053573294	135.466946426703
60	WGN15	114.999999999998	4.06045838330997	1122	107.033053573294	122.966946426702
61	WGN15	124.999999999998	4.06045838330998	1122	117.033053573294	132.966946426702
62	WGN15	122.499999999998	4.06045838331	1122	114.533053573294	130.466946426702
63	WGN15	132.499999999997	4.06045838330993	1122	124.533053573293	140.466946426702
64	WGN15	117.499999999999	4.06045838330998	1122	109.533053573294	125.466946426703
65	WGN15	127.499999999998	4.06045838331005	1122	119.533053573294	135.466946426702
66	WGN15	124.999999999998	4.06045838330999	1122	117.033053573294	132.966946426702
67	WGN15	139.999999999998	4.06045838331002	1122	132.033053573294	147.966946426702
68	WGN15	87.4999999999984	4.06045838330995	1122	79.5330535732943	95.4669464267025
69	WGN15	127.499999999997	4.06045838331001	1122	119.533053573293	135.466946426701
70	WGN15	119.999999999998	4.06045838331	1122	112.033053573294	127.966946426702
71	WGN15	124.999999999998	4.06045838330998	1122	117.033053573294	132.966946426702
72	WGN15	130.578806767584	5.74363352445224	1122	119.309335130583	141.848278404584
73	WGN15	134.999999999998	4.06045838330997	1122	127.033053573294	142.966946426702
74	WGN15	107.499999999999	4.06045838331006	1122	99.5330535732943	115.466946426703
75	WGN15	125.578806767586	5.74363352445208	1122	114.309335130585	136.848278404586
77	WGN15	127.499999999998	4.06045838331	1122	119.533053573294	135.466946426702
78	WGN15	107.499999999998	4.06045838330999	1122	99.5330535732941	115.466946426702
79	WGN15	134.999999999998	4.06045838331003	1122	127.033053573293	142.966946426702
80	WGN15	122.499999999997	4.06045838330998	1122	114.533053573293	130.466946426701
81	WGN15	134.999999999998	4.06045838331008	1122	127.033053573294	142.966946426702
82	WGN15	134.999999999998	4.06045838330998	1122	127.033053573293	142.966946426702
83	WGN15	137.499999999998	4.0604583833099	1122	129.533053573294	145.466946426702
84	WGN15	114.999999999999	4.06045838331	1122	107.033053573295	122.966946426703
85	WGN15	122.499999999998	4.06045838330998	1122	114.533053573294	130.466946426702
86	WGN15	134.999999999998	4.06045838331001	1122	127.033053573294	142.966946426702
87	WGN15	119.999999999999	4.06045838330987	1122	112.033053573295	127.966946426703
88	WGN15	137.499999999997	4.06045838330995	1122	129.533053573293	145.466946426701
89	WGN15	137.499999999998	4.06045838331001	1122	129.533053573294	145.466946426703
90	WGN15	132.499999999998	4.06045838330999	1122	124.533053573294	140.466946426702
91	WGN15	109.999999999998	4.06045838331002	1122	102.033053573294	117.966946426702
92	WGN15	127.499999999999	4.06045838331001	1122	119.533053573295	135.466946426703
93	WGN15	122.499999999998	4.06045838331005	1122	114.533053573294	130.466946426702
94	WGN15	124.999999999998	4.06045838330998	1122	117.033053573294	132.966946426702
95	WGN15	109.999999999998	4.06045838330997	1122	102.033053573294	117.966946426702
96	WGN15	132.499999999998	4.06045838331002	1122	124.533053573294	140.466946426702
97	WGN15	137.499999999999	4.06045838331001	1122	129.533053573295	145.466946426703
98	WGN15	124.999999999998	4.06045838331	1122	117.033053573294	132.966946426702
99	WGN15	122.499999999998	4.06045838331002	1122	114.533053573294	130.466946426702
100	WGN15	117.499999999998	4.06045838331002	1122	109.533053573293	125.466946426702
101	WGN15	127.499999999998	4.06045838331004	1122	119.533053573294	135.466946426702
102	WGN15	114.999999999997	4.06045838331005	1122	107.033053573293	122.966946426701
103	WGN15	112.499999999998	4.06045838331001	1122	104.533053573294	120.466946426702
104	WGN15	117.499999999998	4.06045838331005	1122	109.533053573293	125.466946426702
106	WGN15	117.499999999998	4.06045838330999	1122	109.533053573294	125.466946426702
107	WGN15	122.499999999998	4.06045838330989	1122	114.533053573294	130.466946426702
108	WGN15	140	4.06045838330997	1122	132.033053573296	147.966946426704
109	WGN15	112.499999999998	4.06045838330998	1122	104.533053573294	120.466946426702
110	WGN15	114.999999999998	4.06045838331002	1122	107.033053573294	122.966946426702
111	WGN15	134.999999999998	4.06045838330996	1122	127.033053573294	142.966946426703
112	WGN15	122.499999999998	4.06045838331003	1122	114.533053573293	130.466946426702
113	WGN15	114.999999999998	4.06045838331002	1122	107.033053573294	122.966946426702
114	WGN15	134.999999999998	4.06045838331001	1122	127.033053573294	142.966946426702
115	WGN15	134.999999999998	4.06045838330999	1122	127.033053573294	142.966946426702
116	WGN15	132.499999999998	4.06045838331005	1122	124.533053573294	140.466946426702
117	WGN15	119.999999999999	4.06045838331	1122	112.033053573295	127.966946426703
118	WGN15	124.999999999998	4.06045838330993	1122	117.033053573294	132.966946426702
119	WGN15	119.999999999998	4.06045838330997	1122	112.033053573294	127.966946426702
120	WGN15	134.999999999998	4.06045838330997	1122	127.033053573294	142.966946426702
121	WGN15	119.999999999998	4.06045838331002	1122	112.033053573294	127.966946426702
122	WGN15	119.999999999998	4.06045838330999	1122	112.033053573294	127.966946426702
123	WGN15	109.999999999998	4.06045838330992	1122	102.033053573294	117.966946426702
124	WGN15	127.499999999998	4.06045838331002	1122	119.533053573294	135.466946426702
125	WGN15	117.499999999998	4.06045838331001	1122	109.533053573294	125.466946426702
126	WGN15	119.999999999998	4.06045838330998	1122	112.033053573294	127.966946426702
127	WGN15	127.499999999998	4.06045838330998	1122	119.533053573294	135.466946426702
128	WGN15	122.499999999998	4.06045838331001	1122	114.533053573294	130.466946426702
129	WGN15	119.999999999997	4.06045838331007	1122	112.033053573293	127.966946426702
130	WGN15	129.999999999998	4.06045838331002	1122	122.033053573293	137.966946426702
1	WGN26	69.4211932324138	5.7436335244523	1122	58.1517215954132	80.6906648694145
3	WGN26	105.000000000002	4.06045838331003	1122	97.0330535732973	112.966946426706
4	WGN26	122.499999999999	4.06045838330997	1122	114.533053573295	130.466946426703
5	WGN26	125.000000000002	4.06045838331002	1122	117.033053573298	132.966946426706
6	WGN26	129.999999999999	4.06045838330999	1122	122.033053573295	137.966946426704
7	WGN26	130.000000000001	4.06045838331003	1122	122.033053573297	137.966946426705
8	WGN26	85.5788067675871	5.74363352445226	1122	74.3093351305864	96.8482784045877
9	WGN26	110	4.06045838331	1122	102.033053573296	117.966946426704
10	WGN26	124.999999999998	4.06045838330995	1122	117.033053573294	132.966946426702
11	WGN26	107.499999999998	4.06045838330992	1122	99.5330535732941	115.466946426702
12	WGN26	110.000000000001	4.06045838331004	1122	102.033053573297	117.966946426706
13	WGN26	124.999999999999	4.06045838330999	1122	117.033053573294	132.966946426703
14	WGN26	120	4.06045838330997	1122	112.033053573296	127.966946426704
15	WGN26	120.000000000001	4.06045838331001	1122	112.033053573296	127.966946426705
17	WGN26	130	4.06045838331003	1122	122.033053573296	137.966946426705
18	WGN26	120.578806767587	5.74363352445217	1122	109.309335130586	131.848278404587
19	WGN26	129.421193232411	5.74363352445199	1122	118.151721595411	140.690664869411
20	WGN26	115.578806767587	5.74363352445209	1122	104.309335130587	126.848278404587
21	WGN26	122.499999999999	4.06045838330996	1122	114.533053573295	130.466946426703
22	WGN26	112.499999999999	4.06045838330992	1122	104.533053573295	120.466946426703
23	WGN26	122.500000000002	4.06045838331005	1122	114.533053573298	130.466946426707
25	WGN26	127.500000000001	4.06045838331005	1122	119.533053573297	135.466946426706
26	WGN26	109.999999999998	4.06045838330995	1122	102.033053573294	117.966946426702
27	WGN26	104.999999999999	4.06045838330997	1122	97.0330535732946	112.966946426703
28	WGN26	130.000000000001	4.06045838331002	1122	122.033053573296	137.966946426705
29	WGN26	104.999999999999	4.06045838330994	1122	97.0330535732945	112.966946426703
30	WGN26	110.000000000004	4.06045838331004	1122	102.033053573299	117.966946426708
31	WGN26	130.000000000001	4.06045838331008	1122	122.033053573297	137.966946426706
32	WGN26	110	4.06045838331001	1122	102.033053573296	117.966946426704
33	WGN26	115.578806767589	5.74363352445225	1122	104.309335130588	126.848278404589
34	WGN26	117.500000000003	4.0604583833101	1122	109.533053573299	125.466946426708
35	WGN26	132.500000000002	4.06045838331002	1122	124.533053573298	140.466946426706
36	WGN26	112.499999999999	4.06045838330994	1122	104.533053573295	120.466946426703
38	WGN26	117.499999999999	4.06045838330997	1122	109.533053573295	125.466946426703
39	WGN26	117.499999999999	4.06045838331	1122	109.533053573295	125.466946426703
40	WGN26	114.999999999999	4.06045838331002	1122	107.033053573295	122.966946426704
41	WGN26	109.421193232414	5.74363352445221	1122	98.1517215954132	120.690664869414
42	WGN26	115	4.06045838331003	1122	107.033053573296	122.966946426704
43	WGN26	125	4.06045838331	1122	117.033053573296	132.966946426705
44	WGN26	110.000000000001	4.06045838330998	1122	102.033053573297	117.966946426705
45	WGN26	139.999999999998	4.06045838330994	1122	132.033053573294	147.966946426702
46	WGN26	134.999999999998	4.06045838330998	1122	127.033053573293	142.966946426702
47	WGN26	132.500000000001	4.06045838331003	1122	124.533053573297	140.466946426705
48	WGN26	112.499999999998	4.06045838330995	1122	104.533053573293	120.466946426702
49	WGN26	117.5	4.06045838331001	1122	109.533053573296	125.466946426705
50	WGN26	122.499999999999	4.06045838330998	1122	114.533053573294	130.466946426703
51	WGN26	107.5	4.06045838331002	1122	99.5330535732958	115.466946426704
52	WGN26	125	4.06045838331001	1122	117.033053573296	132.966946426704
53	WGN26	117.499999999999	4.06045838330998	1122	109.533053573295	125.466946426704
54	WGN26	122.499999999998	4.06045838330994	1122	114.533053573294	130.466946426702
55	WGN26	112.5	4.06045838331	1122	104.533053573296	120.466946426704
56	WGN26	127.5	4.06045838331	1122	119.533053573296	135.466946426705
57	WGN26	132.5	4.06045838331002	1122	124.533053573296	140.466946426705
58	WGN26	132.500000000001	4.06045838331005	1122	124.533053573297	140.466946426705
59	WGN26	119.421193232413	5.74363352445213	1122	108.151721595412	130.690664869413
60	WGN26	127.5	4.06045838331001	1122	119.533053573296	135.466946426705
61	WGN26	132.5	4.06045838331	1122	124.533053573295	140.466946426704
62	WGN26	132.5	4.06045838331001	1122	124.533053573296	140.466946426704
64	WGN26	112.499999999999	4.06045838330997	1122	104.533053573295	120.466946426704
65	WGN26	125	4.06045838331	1122	117.033053573296	132.966946426704
66	WGN26	135.000000000001	4.06045838330999	1122	127.033053573297	142.966946426705
67	WGN26	124.999999999999	4.06045838330999	1122	117.033053573295	132.966946426704
68	WGN26	122.5	4.06045838330995	1122	114.533053573296	130.466946426704
69	WGN26	124.999999999999	4.06045838330997	1122	117.033053573295	132.966946426703
70	WGN26	109.999999999999	4.06045838331	1122	102.033053573295	117.966946426704
71	WGN26	137.499999999999	4.06045838331001	1122	129.533053573295	145.466946426703
73	WGN26	107.5	4.06045838331002	1122	99.5330535732957	115.466946426704
74	WGN26	105.000000000001	4.06045838331003	1122	97.0330535732964	112.966946426705
75	WGN26	125.000000000001	4.06045838330999	1122	117.033053573297	132.966946426705
76	WGN26	109.999999999999	4.06045838330998	1122	102.033053573295	117.966946426703
77	WGN26	114.421193232414	5.74363352445215	1122	103.151721595414	125.690664869415
78	WGN26	127.5	4.06045838331001	1122	119.533053573296	135.466946426705
79	WGN26	110.578806767587	5.7436335244521	1122	99.3093351305866	121.848278404587
80	WGN26	112.5	4.06045838331001	1122	104.533053573296	120.466946426704
81	WGN26	122.5	4.06045838331	1122	114.533053573296	130.466946426705
82	WGN26	125	4.06045838331001	1122	117.033053573295	132.966946426704
83	WGN26	120	4.06045838331001	1122	112.033053573296	127.966946426705
85	WGN26	102.499999999999	4.06045838330999	1122	94.5330535732953	110.466946426704
86	WGN26	104.421193232414	5.74363352445215	1122	93.1517215954132	115.690664869414
87	WGN26	127.499999999999	4.06045838330999	1122	119.533053573295	135.466946426704
88	WGN26	117.5	4.06045838330999	1122	109.533053573296	125.466946426704
89	WGN26	122.5	4.06045838330998	1122	114.533053573296	130.466946426704
90	WGN26	119.999999999999	4.06045838330998	1122	112.033053573295	127.966946426704
91	WGN26	120	4.06045838330997	1122	112.033053573295	127.966946426704
92	WGN26	100	4.06045838331003	1122	92.0330535732962	107.966946426705
93	WGN26	137.5	4.06045838330999	1122	129.533053573296	145.466946426704
94	WGN26	117.5	4.06045838331003	1122	109.533053573296	125.466946426705
95	WGN26	127.5	4.06045838331001	1122	119.533053573296	135.466946426705
96	WGN26	110	4.06045838331002	1122	102.033053573296	117.966946426704
97	WGN26	110.000000000001	4.06045838331002	1122	102.033053573296	117.966946426705
98	WGN26	107.5	4.06045838331001	1122	99.5330535732955	115.466946426704
99	WGN26	130	4.06045838331	1122	122.033053573295	137.966946426704
100	WGN26	99.4211932324129	5.74363352445212	1122	88.1517215954126	110.690664869413
101	WGN26	107.5	4.06045838331	1122	99.5330535732957	115.466946426704
102	WGN26	127.5	4.06045838330996	1122	119.533053573296	135.466946426704
103	WGN26	102.5	4.06045838331001	1122	94.5330535732962	110.466946426705
104	WGN26	127.500000000001	4.06045838331001	1122	119.533053573297	135.466946426705
105	WGN26	127.5	4.06045838330997	1122	119.533053573296	135.466946426704
106	WGN26	117.499999999999	4.06045838330997	1122	109.533053573295	125.466946426703
108	WGN26	120	4.06045838330998	1122	112.033053573296	127.966946426704
109	WGN26	127.5	4.06045838331	1122	119.533053573296	135.466946426704
111	WGN26	137.5	4.06045838331	1122	129.533053573296	145.466946426704
112	WGN26	115	4.06045838330999	1122	107.033053573296	122.966946426704
113	WGN26	94.9999999999996	4.06045838331	1122	87.0330535732954	102.966946426704
114	WGN26	85.5788067675867	5.74363352445213	1122	74.3093351305864	96.848278404587
115	WGN26	135	4.06045838331	1122	127.033053573296	142.966946426704
116	WGN26	117.5	4.06045838331	1122	109.533053573296	125.466946426704
117	WGN26	134.421193232414	5.74363352445215	1122	123.151721595413	145.690664869414
118	WGN26	115	4.06045838330998	1122	107.033053573296	122.966946426704
119	WGN26	127.5	4.06045838331	1122	119.533053573296	135.466946426704
120	WGN26	77.5000000000003	4.06045838331001	1122	69.533053573296	85.4669464267045
121	WGN26	115	4.06045838330998	1122	107.033053573296	122.966946426704
122	WGN26	112.5	4.06045838331002	1122	104.533053573296	120.466946426705
123	WGN26	115	4.06045838331	1122	107.033053573296	122.966946426704
125	WGN26	132.5	4.06045838331001	1122	124.533053573296	140.466946426704
126	WGN26	89.4211932324131	5.74363352445211	1122	78.1517215954128	100.690664869413
127	WGN26	100	4.06045838331	1122	92.0330535732958	107.966946426704
128	WGN26	110	4.06045838331001	1122	102.033053573296	117.966946426704
129	WGN26	110	4.06045838331	1122	102.033053573296	117.966946426704
130	WGN26	115	4.06045838330998	1122	107.033053573296	122.966946426704
1	WGN36	107.500000000002	4.06045838330981	1122	99.5330535732984	115.466946426706
2	WGN36	110	4.06045838331007	1122	102.033053573296	117.966946426705
4	WGN36	127.5	4.06045838330995	1122	119.533053573296	135.466946426704
5	WGN36	110	4.06045838330995	1122	102.033053573296	117.966946426704
6	WGN36	105	4.06045838330999	1122	97.0330535732962	112.966946426705
7	WGN36	125.000000000001	4.06045838331001	1122	117.033053573297	132.966946426705
8	WGN36	132.5	4.06045838330998	1122	124.533053573296	140.466946426704
9	WGN36	100.578806767588	5.74363352445214	1122	89.3093351305872	111.848278404588
10	WGN36	120.000000000001	4.06045838330998	1122	112.033053573296	127.966946426705
11	WGN36	105	4.06045838331004	1122	97.0330535732961	112.966946426705
12	WGN36	100.578806767587	5.74363352445225	1122	89.3093351305863	111.848278404587
13	WGN36	122.500000000001	4.06045838331009	1122	114.533053573297	130.466946426705
14	WGN36	117.500000000001	4.06045838331002	1122	109.533053573297	125.466946426705
15	WGN36	110	4.06045838330995	1122	102.033053573296	117.966946426705
16	WGN36	107.500000000001	4.06045838331007	1122	99.5330535732962	115.466946426705
17	WGN36	115.000000000001	4.06045838330996	1122	107.033053573297	122.966946426705
18	WGN36	105	4.06045838331007	1122	97.0330535732961	112.966946426705
19	WGN36	107.5	4.06045838331005	1122	99.5330535732962	115.466946426705
20	WGN36	115.000000000001	4.06045838331002	1122	107.033053573296	122.966946426705
21	WGN36	130	4.06045838330997	1122	122.033053573296	137.966946426704
22	WGN36	110.000000000001	4.06045838331004	1122	102.033053573296	117.966946426705
23	WGN36	120.000000000001	4.06045838331004	1122	112.033053573297	127.966946426705
24	WGN36	122.500000000001	4.06045838331002	1122	114.533053573297	130.466946426705
26	WGN36	110.000000000001	4.06045838331006	1122	102.033053573296	117.966946426705
27	WGN36	112.500000000001	4.06045838330998	1122	104.533053573296	120.466946426705
28	WGN36	105.000000000001	4.06045838330995	1122	97.0330535732966	112.966946426705
30	WGN36	122.5	4.06045838330994	1122	114.533053573296	130.466946426704
31	WGN36	125	4.06045838330992	1122	117.033053573296	132.966946426704
32	WGN36	95.0000000000006	4.06045838331002	1122	87.0330535732964	102.966946426705
33	WGN36	122.500000000001	4.06045838330999	1122	114.533053573296	130.466946426705
34	WGN36	105.000000000001	4.06045838331	1122	97.0330535732964	112.966946426705
35	WGN36	107.5	4.06045838331	1122	99.5330535732962	115.466946426705
36	WGN36	117.5	4.06045838330993	1122	109.533053573296	125.466946426704
37	WGN36	105.578806767587	5.74363352445216	1122	94.309335130587	116.848278404588
38	WGN36	115.578806767587	5.74363352445208	1122	104.309335130587	126.848278404588
39	WGN36	120	4.06045838330999	1122	112.033053573296	127.966946426705
40	WGN36	135.000000000001	4.06045838331002	1122	127.033053573297	142.966946426705
41	WGN36	100	4.06045838331001	1122	92.0330535732963	107.966946426705
42	WGN36	100.000000000001	4.06045838330996	1122	92.0330535732965	107.966946426705
43	WGN36	117.5	4.06045838330999	1122	109.533053573296	125.466946426705
44	WGN36	115.000000000001	4.06045838331002	1122	107.033053573296	122.966946426705
45	WGN36	112.500000000001	4.06045838331002	1122	104.533053573296	120.466946426705
46	WGN36	122.500000000001	4.06045838331002	1122	114.533053573296	130.466946426705
47	WGN36	107.500000000001	4.06045838330998	1122	99.5330535732964	115.466946426705
48	WGN36	122.5	4.06045838330997	1122	114.533053573296	130.466946426704
49	WGN36	125	4.06045838331	1122	117.033053573296	132.966946426705
51	WGN36	125	4.06045838330998	1122	117.033053573296	132.966946426704
52	WGN36	102.500000000001	4.06045838330997	1122	94.5330535732964	110.466946426705
53	WGN36	117.500000000001	4.06045838331	1122	109.533053573297	125.466946426705
54	WGN36	115	4.06045838330998	1122	107.033053573296	122.966946426705
55	WGN36	110.000000000001	4.06045838331002	1122	102.033053573296	117.966946426705
56	WGN36	105.000000000001	4.06045838331	1122	97.0330535732964	112.966946426705
57	WGN36	120.000000000001	4.06045838330999	1122	112.033053573296	127.966946426705
58	WGN36	127.5	4.06045838331	1122	119.533053573296	135.466946426705
59	WGN36	120	4.06045838330998	1122	112.033053573296	127.966946426705
60	WGN36	105.000000000001	4.06045838330998	1122	97.0330535732964	112.966946426705
62	WGN36	125	4.06045838330999	1122	117.033053573296	132.966946426705
64	WGN36	127.500000000001	4.06045838331002	1122	119.533053573297	135.466946426705
65	WGN36	130.000000000001	4.06045838331001	1122	122.033053573296	137.966946426705
66	WGN36	127.500000000001	4.06045838331002	1122	119.533053573296	135.466946426705
68	WGN36	117.5	4.06045838331	1122	109.533053573296	125.466946426705
69	WGN36	97.5000000000001	4.06045838331001	1122	89.5330535732959	105.466946426704
70	WGN36	102.5	4.06045838331001	1122	94.5330535732961	110.466946426705
71	WGN36	120	4.06045838330999	1122	112.033053573296	127.966946426705
72	WGN36	112.5	4.06045838330999	1122	104.533053573296	120.466946426705
74	WGN36	105	4.06045838330998	1122	97.0330535732963	112.966946426705
75	WGN36	92.5000000000006	4.06045838331	1122	84.5330535732964	100.466946426705
76	WGN36	122.5	4.06045838330999	1122	114.533053573296	130.466946426705
77	WGN36	122.500000000001	4.06045838331	1122	114.533053573297	130.466946426705
78	WGN36	110.000000000001	4.06045838331007	1122	102.033053573296	117.966946426705
79	WGN36	100	4.06045838331006	1122	92.033053573296	107.966946426705
80	WGN36	110.000000000001	4.06045838331005	1122	102.033053573296	117.966946426705
81	WGN36	110.000000000001	4.06045838331006	1122	102.033053573296	117.966946426705
82	WGN36	127.500000000001	4.06045838331005	1122	119.533053573297	135.466946426705
83	WGN36	110.000000000001	4.06045838331005	1122	102.033053573296	117.966946426705
84	WGN36	120.000000000001	4.06045838331005	1122	112.033053573297	127.966946426705
85	WGN36	117.500000000001	4.06045838331003	1122	109.533053573297	125.466946426705
86	WGN36	115.000000000001	4.06045838331007	1122	107.033053573297	122.966946426705
87	WGN36	122.500000000001	4.06045838331005	1122	114.533053573297	130.466946426705
88	WGN36	102.5	4.06045838331005	1122	94.533053573296	110.466946426705
89	WGN36	120.000000000001	4.06045838331	1122	112.033053573296	127.966946426705
90	WGN36	97.5000000000004	4.06045838331001	1122	89.5330535732962	105.466946426705
92	WGN36	100.000000000001	4.06045838331001	1122	92.0330535732963	107.966946426705
93	WGN36	120.000000000001	4.06045838331001	1122	112.033053573296	127.966946426705
94	WGN36	110.000000000001	4.06045838331001	1122	102.033053573296	117.966946426705
95	WGN36	115.000000000001	4.06045838331	1122	107.033053573296	122.966946426705
96	WGN36	135.000000000001	4.06045838331001	1122	127.033053573297	142.966946426705
97	WGN36	100	4.06045838331001	1122	92.0330535732962	107.966946426705
98	WGN36	122.500000000001	4.06045838331003	1122	114.533053573296	130.466946426705
99	WGN36	102.500000000001	4.06045838330998	1122	94.5330535732965	110.466946426705
100	WGN36	112.5	4.06045838330997	1122	104.533053573296	120.466946426704
102	WGN36	107.5	4.06045838330997	1122	99.5330535732963	115.466946426705
104	WGN36	115	4.06045838331	1122	107.033053573296	122.966946426705
105	WGN36	115.000000000001	4.06045838331001	1122	107.033053573296	122.966946426705
106	WGN36	115	4.06045838330999	1122	107.033053573296	122.966946426705
107	WGN36	105.000000000001	4.06045838331	1122	97.0330535732964	112.966946426705
108	WGN36	107.500000000001	4.06045838331001	1122	99.5330535732963	115.466946426705
109	WGN36	112.5	4.06045838330999	1122	104.533053573296	120.466946426705
110	WGN36	100	4.06045838331	1122	92.0330535732963	107.966946426705
112	WGN36	102.500000000001	4.06045838330999	1122	94.5330535732963	110.466946426705
114	WGN36	122.5	4.06045838330999	1122	114.533053573296	130.466946426705
116	WGN36	117.500000000001	4.06045838330999	1122	109.533053573296	125.466946426705
117	WGN36	135.000000000001	4.06045838330999	1122	127.033053573296	142.966946426705
118	WGN36	105.000000000001	4.06045838331	1122	97.0330535732964	112.966946426705
119	WGN36	117.5	4.06045838330999	1122	109.533053573296	125.466946426705
120	WGN36	125.000000000001	4.06045838331	1122	117.033053573296	132.966946426705
121	WGN36	90.0000000000005	4.06045838331	1122	82.0330535732963	97.9669464267047
122	WGN36	107.500000000001	4.06045838331	1122	99.5330535732964	115.466946426705
123	WGN36	125	4.06045838330999	1122	117.033053573296	132.966946426705
124	WGN36	125	4.06045838330999	1122	117.033053573296	132.966946426705
125	WGN36	107.5	4.06045838331	1122	99.5330535732963	115.466946426705
126	WGN36	132.5	4.06045838331	1122	124.533053573296	140.466946426705
127	WGN36	120.000000000001	4.06045838331001	1122	112.033053573296	127.966946426705
128	WGN36	105.000000000001	4.06045838331	1122	97.0330535732964	112.966946426705
129	WGN36	112.5	4.06045838331	1122	104.533053573296	120.466946426705
130	WGN36	95.0000000000006	4.06045838331	1122	87.0330535732964	102.966946426705
1	WGN38	112.500000000012	4.06045838330946	1122	104.533053573309	120.466946426715
2	WGN38	97.4999999999999	4.06045838330997	1122	89.5330535732958	105.466946426704
3	WGN38	94.9999999999991	4.06045838331011	1122	87.0330535732947	102.966946426704
4	WGN38	107.5	4.06045838331002	1122	99.5330535732956	115.466946426704
5	WGN38	97.4999999999995	4.06045838331001	1122	89.5330535732953	105.466946426704
6	WGN38	90.5788067675866	5.74363352445219	1122	79.3093351305861	101.848278404587
7	WGN38	97.499999999999	4.06045838331011	1122	89.5330535732947	105.466946426703
8	WGN38	82.4999999999998	4.06045838331003	1122	74.5330535732955	90.466946426704
10	WGN38	109.999999999999	4.06045838330999	1122	102.033053573295	117.966946426704
11	WGN38	115	4.06045838331004	1122	107.033053573296	122.966946426704
12	WGN38	90.5788067675879	5.74363352445203	1122	79.3093351305878	101.848278404588
13	WGN38	112.5	4.06045838331001	1122	104.533053573296	120.466946426704
14	WGN38	102.5	4.06045838331003	1122	94.5330535732955	110.466946426704
16	WGN38	90.0000000000003	4.06045838330997	1122	82.0330535732961	97.9669464267044
18	WGN38	125	4.06045838331	1122	117.033053573296	132.966946426704
19	WGN38	107.5	4.06045838330998	1122	99.5330535732958	115.466946426704
20	WGN38	97.4999999999997	4.06045838331004	1122	89.5330535732954	105.466946426704
21	WGN38	95.0000000000001	4.06045838330999	1122	87.0330535732959	102.966946426704
22	WGN38	110	4.06045838331002	1122	102.033053573296	117.966946426704
23	WGN38	122.5	4.06045838331001	1122	114.533053573296	130.466946426704
24	WGN38	102.5	4.06045838331003	1122	94.5330535732956	110.466946426704
26	WGN38	112.5	4.06045838331	1122	104.533053573296	120.466946426704
27	WGN38	117.5	4.06045838331002	1122	109.533053573296	125.466946426704
28	WGN38	110	4.06045838331002	1122	102.033053573296	117.966946426704
29	WGN38	99.9999999999998	4.06045838331002	1122	92.0330535732956	107.966946426704
30	WGN38	102.5	4.06045838330998	1122	94.5330535732959	110.466946426704
32	WGN38	100	4.06045838330997	1122	92.033053573296	107.966946426704
33	WGN38	117.5	4.06045838331	1122	109.533053573296	125.466946426704
34	WGN38	107.5	4.06045838330998	1122	99.5330535732957	115.466946426704
35	WGN38	127.5	4.06045838330998	1122	119.533053573296	135.466946426704
36	WGN38	115	4.06045838331001	1122	107.033053573296	122.966946426704
37	WGN38	110	4.06045838330998	1122	102.033053573296	117.966946426704
38	WGN38	120	4.06045838331002	1122	112.033053573296	127.966946426704
39	WGN38	105	4.06045838331	1122	97.0330535732958	112.966946426704
40	WGN38	117.5	4.06045838331	1122	109.533053573296	125.466946426704
41	WGN38	117.5	4.06045838331	1122	109.533053573296	125.466946426704
42	WGN38	87.5000000000002	4.06045838330998	1122	79.533053573296	95.4669464267043
45	WGN38	105	4.06045838330998	1122	97.0330535732959	112.966946426704
46	WGN38	95.0000000000001	4.06045838330999	1122	87.0330535732959	102.966946426704
47	WGN38	97.4999999999998	4.06045838331002	1122	89.5330535732956	105.466946426704
48	WGN38	102.5	4.06045838331001	1122	94.5330535732956	110.466946426704
49	WGN38	112.5	4.06045838331002	1122	104.533053573296	120.466946426704
50	WGN38	115	4.06045838331	1122	107.033053573296	122.966946426704
51	WGN38	110	4.06045838331001	1122	102.033053573296	117.966946426704
52	WGN38	99.9999999999999	4.06045838331001	1122	92.0330535732957	107.966946426704
53	WGN38	105	4.06045838330999	1122	97.0330535732958	112.966946426704
54	WGN38	97.5	4.06045838330999	1122	89.5330535732958	105.466946426704
55	WGN38	97.5000000000002	4.06045838330998	1122	89.5330535732961	105.466946426704
56	WGN38	110	4.06045838331	1122	102.033053573296	117.966946426704
59	WGN38	125	4.06045838331	1122	117.033053573296	132.966946426704
61	WGN38	105	4.06045838331	1122	97.0330535732958	112.966946426704
63	WGN38	95	4.06045838331	1122	87.0330535732958	102.966946426704
64	WGN38	94.9999999999999	4.06045838331001	1122	87.0330535732957	102.966946426704
65	WGN38	100	4.06045838330999	1122	92.0330535732959	107.966946426704
66	WGN38	97.5000000000003	4.06045838330999	1122	89.5330535732961	105.466946426704
67	WGN38	110	4.06045838331	1122	102.033053573296	117.966946426704
68	WGN38	110	4.06045838331	1122	102.033053573296	117.966946426704
69	WGN38	105	4.06045838331	1122	97.0330535732961	112.966946426704
70	WGN38	127.5	4.06045838331	1122	119.533053573296	135.466946426704
72	WGN38	122.5	4.06045838331	1122	114.533053573296	130.466946426704
73	WGN38	122.5	4.06045838331001	1122	114.533053573296	130.466946426704
74	WGN38	130	4.06045838331001	1122	122.033053573296	137.966946426704
76	WGN38	120	4.06045838331001	1122	112.033053573296	127.966946426704
77	WGN38	112.5	4.06045838330999	1122	104.533053573296	120.466946426704
78	WGN38	105	4.06045838331001	1122	97.0330535732957	112.966946426704
80	WGN38	105	4.06045838331	1122	97.0330535732957	112.966946426704
81	WGN38	102.5	4.06045838330999	1122	94.5330535732958	110.466946426704
82	WGN38	117.5	4.06045838331001	1122	109.533053573296	125.466946426704
83	WGN38	94.9999999999998	4.06045838331001	1122	87.0330535732956	102.966946426704
84	WGN38	120	4.06045838330999	1122	112.033053573296	127.966946426704
85	WGN38	107.5	4.06045838331001	1122	99.5330535732958	115.466946426704
86	WGN38	107.5	4.06045838330999	1122	99.5330535732957	115.466946426704
87	WGN38	102.5	4.06045838331001	1122	94.5330535732957	110.466946426704
88	WGN38	115	4.06045838331	1122	107.033053573296	122.966946426704
89	WGN38	115	4.06045838331001	1122	107.033053573296	122.966946426704
90	WGN38	117.5	4.06045838331	1122	109.533053573296	125.466946426704
91	WGN38	112.5	4.06045838331001	1122	104.533053573296	120.466946426704
92	WGN38	117.5	4.06045838331001	1122	109.533053573296	125.466946426704
93	WGN38	97.5	4.06045838331001	1122	89.5330535732958	105.466946426704
94	WGN38	117.5	4.06045838331	1122	109.533053573296	125.466946426704
95	WGN38	94.9999999999999	4.06045838331001	1122	87.0330535732957	102.966946426704
96	WGN38	110	4.06045838331	1122	102.033053573296	117.966946426704
97	WGN38	107.5	4.06045838331	1122	99.5330535732957	115.466946426704
98	WGN38	115	4.06045838331	1122	107.033053573296	122.966946426704
99	WGN38	112.5	4.06045838331	1122	104.533053573296	120.466946426704
100	WGN38	102.5	4.06045838331001	1122	94.5330535732956	110.466946426704
101	WGN38	107.5	4.06045838331	1122	99.5330535732957	115.466946426704
102	WGN38	102.5	4.06045838330999	1122	94.5330535732958	110.466946426704
103	WGN38	112.5	4.06045838330998	1122	104.533053573296	120.466946426704
104	WGN38	120	4.06045838331001	1122	112.033053573296	127.966946426704
106	WGN38	110.578806767587	5.7436335244521	1122	99.3093351305865	121.848278404587
107	WGN38	112.5	4.06045838331	1122	104.533053573296	120.466946426704
108	WGN38	114.421193232413	5.74363352445211	1122	103.151721595413	125.690664869413
109	WGN38	104.421193232413	5.74363352445214	1122	93.1517215954127	115.690664869413
110	WGN38	125	4.06045838331002	1122	117.033053573296	132.966946426704
111	WGN38	110	4.06045838331	1122	102.033053573296	117.966946426704
112	WGN38	115.578806767587	5.74363352445212	1122	104.309335130586	126.848278404587
113	WGN38	105	4.06045838330999	1122	97.0330535732957	112.966946426704
114	WGN38	107.5	4.06045838331	1122	99.5330535732957	115.466946426704
115	WGN38	107.5	4.06045838331001	1122	99.5330535732956	115.466946426704
1	WGN39	117.499999999998	4.06045838330994	1122	109.533053573294	125.466946426702
2	WGN39	117.5	4.06045838330999	1122	109.533053573296	125.466946426705
3	WGN39	122.5	4.06045838330996	1122	114.533053573296	130.466946426704
4	WGN39	137.5	4.06045838330998	1122	129.533053573296	145.466946426704
5	WGN39	120	4.06045838330998	1122	112.033053573296	127.966946426704
6	WGN39	132.5	4.06045838331001	1122	124.533053573296	140.466946426705
7	WGN39	120.000000000001	4.06045838331005	1122	112.033053573296	127.966946426705
8	WGN39	127.5	4.06045838330996	1122	119.533053573296	135.466946426704
9	WGN39	130.000000000001	4.06045838331	1122	122.033053573296	137.966946426705
10	WGN39	132.5	4.06045838331	1122	124.533053573296	140.466946426704
11	WGN39	122.5	4.06045838330997	1122	114.533053573296	130.466946426704
12	WGN39	135.000000000001	4.06045838331005	1122	127.033053573296	142.966946426705
13	WGN39	115	4.06045838331003	1122	107.033053573296	122.966946426704
14	WGN39	122.5	4.06045838331002	1122	114.533053573296	130.466946426705
15	WGN39	122.5	4.06045838330998	1122	114.533053573296	130.466946426704
16	WGN39	127.5	4.0604583833099	1122	119.533053573296	135.466946426704
17	WGN39	115	4.06045838331	1122	107.033053573296	122.966946426704
18	WGN39	132.5	4.06045838330998	1122	124.533053573296	140.466946426704
19	WGN39	117.5	4.06045838330998	1122	109.533053573296	125.466946426704
20	WGN39	142.500000000001	4.06045838331	1122	134.533053573296	150.466946426705
21	WGN39	112.5	4.06045838331003	1122	104.533053573296	120.466946426704
22	WGN39	137.500000000001	4.06045838331004	1122	129.533053573297	145.466946426705
24	WGN39	130	4.06045838331002	1122	122.033053573296	137.966946426705
25	WGN39	125.000000000001	4.06045838331001	1122	117.033053573296	132.966946426705
26	WGN39	127.5	4.06045838331	1122	119.533053573296	135.466946426705
27	WGN39	115	4.06045838331001	1122	107.033053573296	122.966946426704
28	WGN39	115.000000000001	4.06045838331003	1122	107.033053573296	122.966946426705
29	WGN39	137.5	4.06045838330998	1122	129.533053573296	145.466946426704
30	WGN39	107.500000000001	4.06045838330997	1122	99.5330535732965	115.466946426705
31	WGN39	130.000000000001	4.06045838331003	1122	122.033053573296	137.966946426705
32	WGN39	122.5	4.06045838331001	1122	114.533053573296	130.466946426705
34	WGN39	120.000000000001	4.06045838330996	1122	112.033053573296	127.966946426705
35	WGN39	127.5	4.06045838331	1122	119.533053573296	135.466946426704
36	WGN39	115	4.06045838331002	1122	107.033053573296	122.966946426704
37	WGN39	125	4.06045838331001	1122	117.033053573296	132.966946426705
38	WGN39	130.578806767587	5.74363352445219	1122	119.309335130587	141.848278404588
39	WGN39	115.000000000001	4.06045838330997	1122	107.033053573296	122.966946426705
40	WGN39	155	4.06045838330997	1122	147.033053573295	162.966946426704
41	WGN39	137.5	4.06045838330996	1122	129.533053573296	145.466946426704
42	WGN39	142.500000000001	4.06045838331007	1122	134.533053573297	150.466946426706
43	WGN39	130	4.06045838330995	1122	122.033053573296	137.966946426704
44	WGN39	135.000000000001	4.06045838331006	1122	127.033053573297	142.966946426705
45	WGN39	115	4.06045838331002	1122	107.033053573296	122.966946426705
46	WGN39	130	4.06045838331002	1122	122.033053573296	137.966946426705
47	WGN39	135	4.06045838330997	1122	127.033053573296	142.966946426705
48	WGN39	125	4.06045838330998	1122	117.033053573296	132.966946426705
49	WGN39	115.000000000001	4.06045838330995	1122	107.033053573297	122.966946426705
50	WGN39	125.000000000001	4.06045838331007	1122	117.033053573296	132.966946426705
51	WGN39	117.500000000001	4.06045838331004	1122	109.533053573296	125.466946426705
52	WGN39	125	4.06045838331001	1122	117.033053573296	132.966946426705
53	WGN39	122.5	4.06045838331002	1122	114.533053573296	130.466946426705
54	WGN39	125	4.06045838331001	1122	117.033053573296	132.966946426705
55	WGN39	110	4.06045838331004	1122	102.033053573296	117.966946426704
56	WGN39	142.500000000001	4.06045838331004	1122	134.533053573297	150.466946426705
57	WGN39	122.5	4.06045838330997	1122	114.533053573296	130.466946426704
58	WGN39	130.000000000001	4.06045838331002	1122	122.033053573296	137.966946426705
59	WGN39	122.5	4.06045838330996	1122	114.533053573296	130.466946426704
60	WGN39	117.5	4.06045838331001	1122	109.533053573296	125.466946426704
61	WGN39	127.5	4.06045838330998	1122	119.533053573296	135.466946426705
62	WGN39	115.000000000001	4.06045838331003	1122	107.033053573296	122.966946426705
63	WGN39	137.5	4.06045838330997	1122	129.533053573296	145.466946426704
64	WGN39	130	4.06045838330999	1122	122.033053573296	137.966946426704
65	WGN39	137.500000000001	4.06045838331003	1122	129.533053573297	145.466946426705
66	WGN39	125	4.06045838330996	1122	117.033053573296	132.966946426704
67	WGN39	137.500000000001	4.06045838331	1122	129.533053573296	145.466946426705
68	WGN39	132.5	4.06045838330997	1122	124.533053573296	140.466946426704
69	WGN39	122.5	4.06045838330999	1122	114.533053573296	130.466946426705
70	WGN39	107.5	4.06045838331	1122	99.5330535732963	115.466946426705
71	WGN39	117.5	4.06045838330999	1122	109.533053573296	125.466946426704
72	WGN39	125	4.06045838331001	1122	117.033053573296	132.966946426704
73	WGN39	127.500000000001	4.06045838330998	1122	119.533053573297	135.466946426705
74	WGN39	117.5	4.06045838330998	1122	109.533053573296	125.466946426705
75	WGN39	135	4.06045838330999	1122	127.033053573296	142.966946426704
76	WGN39	130	4.06045838331001	1122	122.033053573296	137.966946426704
77	WGN39	112.5	4.06045838331001	1122	104.533053573296	120.466946426704
78	WGN39	122.5	4.06045838331001	1122	114.533053573296	130.466946426705
79	WGN39	117.5	4.06045838331003	1122	109.533053573296	125.466946426705
80	WGN39	117.5	4.06045838330998	1122	109.533053573296	125.466946426704
81	WGN39	105	4.06045838331	1122	97.033053573296	112.966946426704
82	WGN39	120	4.06045838330996	1122	112.033053573296	127.966946426704
83	WGN39	132.5	4.06045838331	1122	124.533053573296	140.466946426705
84	WGN39	137.5	4.06045838331	1122	129.533053573296	145.466946426705
85	WGN39	132.5	4.06045838331001	1122	124.533053573296	140.466946426704
86	WGN39	137.5	4.06045838331002	1122	129.533053573296	145.466946426705
87	WGN39	120	4.06045838330999	1122	112.033053573296	127.966946426704
88	WGN39	105	4.06045838331	1122	97.0330535732961	112.966946426704
89	WGN39	117.5	4.06045838330996	1122	109.533053573296	125.466946426704
90	WGN39	125	4.06045838331001	1122	117.033053573296	132.966946426705
91	WGN39	107.5	4.06045838330998	1122	99.5330535732963	115.466946426705
92	WGN39	130.578806767587	5.74363352445212	1122	119.309335130587	141.848278404588
93	WGN39	122.5	4.06045838330999	1122	114.533053573296	130.466946426705
94	WGN39	132.5	4.06045838331	1122	124.533053573296	140.466946426705
95	WGN39	120	4.06045838330999	1122	112.033053573296	127.966946426704
96	WGN39	115	4.06045838330999	1122	107.033053573296	122.966946426704
97	WGN39	125	4.06045838331	1122	117.033053573296	132.966946426705
98	WGN39	137.5	4.06045838331	1122	129.533053573296	145.466946426705
99	WGN39	117.5	4.06045838330999	1122	109.533053573296	125.466946426704
100	WGN39	142.5	4.06045838330999	1122	134.533053573296	150.466946426704
101	WGN39	142.5	4.06045838330999	1122	134.533053573296	150.466946426705
102	WGN39	135	4.06045838330997	1122	127.033053573296	142.966946426704
104	WGN39	115	4.06045838331001	1122	107.033053573296	122.966946426705
105	WGN39	132.5	4.06045838330999	1122	124.533053573296	140.466946426704
106	WGN39	132.5	4.06045838331	1122	124.533053573296	140.466946426705
107	WGN39	127.5	4.06045838330998	1122	119.533053573296	135.466946426704
108	WGN39	120.578806767587	5.74363352445213	1122	109.309335130587	131.848278404587
109	WGN39	125	4.06045838330999	1122	117.033053573296	132.966946426704
110	WGN39	127.5	4.06045838331	1122	119.533053573296	135.466946426705
111	WGN39	122.5	4.06045838330999	1122	114.533053573296	130.466946426705
112	WGN39	130	4.06045838330999	1122	122.033053573296	137.966946426704
113	WGN39	132.5	4.06045838330999	1122	124.533053573296	140.466946426704
114	WGN39	147.5	4.06045838330999	1122	139.533053573296	155.466946426704
115	WGN39	120	4.06045838330999	1122	112.033053573296	127.966946426704
116	WGN39	115	4.06045838330999	1122	107.033053573296	122.966946426704
117	WGN39	125	4.06045838330999	1122	117.033053573296	132.966946426704
118	WGN39	137.5	4.06045838330999	1122	129.533053573296	145.466946426704
120	WGN39	127.5	4.06045838330999	1122	119.533053573296	135.466946426705
121	WGN39	145.578806767587	5.74363352445213	1122	134.309335130587	156.848278404588
122	WGN39	125	4.06045838331	1122	117.033053573296	132.966946426705
123	WGN39	117.5	4.06045838330999	1122	109.533053573296	125.466946426704
124	WGN39	127.5	4.06045838331	1122	119.533053573296	135.466946426705
125	WGN39	132.5	4.06045838330999	1122	124.533053573296	140.466946426704
126	WGN39	127.5	4.06045838330999	1122	119.533053573296	135.466946426704
127	WGN39	125	4.06045838330999	1122	117.033053573296	132.966946426704
128	WGN39	134.421193232413	5.74363352445211	1122	123.151721595413	145.690664869414
129	WGN39	132.5	4.06045838330999	1122	124.533053573296	140.466946426704
130	WGN39	130	4.06045838331	1122	122.033053573296	137.966946426705
1	WGN45	127.5	4.06045838331014	1122	119.533053573296	135.466946426705
2	WGN45	125.000000000001	4.06045838331001	1122	117.033053573297	132.966946426706
3	WGN45	100.000000000001	4.06045838331003	1122	92.0330535732967	107.966946426705
4	WGN45	130.000000000002	4.06045838330998	1122	122.033053573297	137.966946426706
5	WGN45	120.000000000001	4.06045838331002	1122	112.033053573297	127.966946426705
6	WGN45	122.500000000001	4.06045838331009	1122	114.533053573297	130.466946426705
7	WGN45	122.500000000001	4.06045838331001	1122	114.533053573297	130.466946426706
8	WGN45	122.500000000001	4.06045838331006	1122	114.533053573297	130.466946426706
9	WGN45	120.000000000001	4.06045838331003	1122	112.033053573297	127.966946426705
10	WGN45	122.500000000001	4.06045838330999	1122	114.533053573297	130.466946426706
11	WGN45	120.000000000001	4.06045838331002	1122	112.033053573297	127.966946426706
12	WGN45	137.500000000001	4.06045838330994	1122	129.533053573297	145.466946426705
13	WGN45	120.000000000002	4.06045838330995	1122	112.033053573298	127.966946426706
14	WGN45	117.500000000001	4.06045838331002	1122	109.533053573297	125.466946426706
15	WGN45	120.000000000002	4.06045838330997	1122	112.033053573297	127.966946426706
16	WGN45	122.500000000001	4.06045838331002	1122	114.533053573297	130.466946426706
17	WGN45	110.000000000002	4.06045838331	1122	102.033053573297	117.966946426706
18	WGN45	97.5000000000017	4.06045838330997	1122	89.5330535732976	105.466946426706
19	WGN45	117.500000000002	4.06045838331002	1122	109.533053573297	125.466946426706
20	WGN45	135.000000000001	4.06045838330995	1122	127.033053573297	142.966946426705
22	WGN45	130.000000000001	4.06045838330995	1122	122.033053573297	137.966946426705
23	WGN45	117.500000000002	4.06045838330999	1122	109.533053573297	125.466946426706
24	WGN45	102.500000000001	4.06045838331002	1122	94.5330535732971	110.466946426706
26	WGN45	120.578806767588	5.74363352445206	1122	109.309335130588	131.848278404589
28	WGN45	95.0000000000012	4.06045838331001	1122	87.0330535732969	102.966946426705
29	WGN45	112.500000000001	4.06045838331004	1122	104.533053573297	120.466946426705
30	WGN45	70.5788067675889	5.7436335244521	1122	59.3093351305886	81.8482784045892
31	WGN45	132.500000000001	4.06045838330998	1122	124.533053573297	140.466946426706
32	WGN45	117.500000000001	4.06045838330999	1122	109.533053573297	125.466946426706
33	WGN45	102.500000000002	4.06045838330996	1122	94.5330535732979	110.466946426706
34	WGN45	107.500000000002	4.06045838330993	1122	99.5330535732979	115.466946426706
35	WGN45	130.000000000001	4.06045838330997	1122	122.033053573297	137.966946426705
36	WGN45	122.500000000002	4.06045838331001	1122	114.533053573297	130.466946426706
37	WGN45	127.500000000001	4.06045838331005	1122	119.533053573297	135.466946426706
40	WGN45	132.500000000002	4.06045838331001	1122	124.533053573297	140.466946426706
41	WGN45	137.500000000002	4.06045838331001	1122	129.533053573298	145.466946426706
42	WGN45	122.500000000002	4.06045838330995	1122	114.533053573297	130.466946426706
43	WGN45	120.000000000002	4.06045838331	1122	112.033053573297	127.966946426706
44	WGN45	130.000000000002	4.06045838331001	1122	122.033053573297	137.966946426706
45	WGN45	122.500000000001	4.06045838331002	1122	114.533053573297	130.466946426706
46	WGN45	110.000000000001	4.06045838331	1122	102.033053573297	117.966946426706
47	WGN45	100.578806767589	5.74363352445206	1122	89.3093351305888	111.848278404589
49	WGN45	132.500000000001	4.06045838331	1122	124.533053573297	140.466946426706
50	WGN45	105.578806767588	5.74363352445213	1122	94.3093351305879	116.848278404589
52	WGN45	114.421193232415	5.74363352445207	1122	103.151721595415	125.690664869415
53	WGN45	127.500000000001	4.06045838331	1122	119.533053573297	135.466946426706
54	WGN45	102.500000000002	4.06045838330998	1122	94.5330535732975	110.466946426706
55	WGN45	117.500000000001	4.06045838330998	1122	109.533053573297	125.466946426706
56	WGN45	127.500000000001	4.06045838330999	1122	119.533053573297	135.466946426706
57	WGN45	125.000000000001	4.06045838330997	1122	117.033053573297	132.966946426706
58	WGN45	115.000000000001	4.06045838331001	1122	107.033053573297	122.966946426706
59	WGN45	112.500000000002	4.06045838330998	1122	104.533053573297	120.466946426706
60	WGN45	104.421193232414	5.74363352445214	1122	93.151721595414	115.690664869415
61	WGN45	120.000000000001	4.06045838331	1122	112.033053573297	127.966946426706
62	WGN45	115.000000000001	4.06045838330996	1122	107.033053573297	122.966946426706
64	WGN45	130.000000000001	4.06045838331003	1122	122.033053573297	137.966946426706
65	WGN45	112.500000000002	4.06045838331	1122	104.533053573298	120.466946426706
66	WGN45	117.500000000002	4.06045838330996	1122	109.533053573298	125.466946426706
67	WGN45	99.421193232413	5.74363352445212	1122	88.1517215954127	110.690664869413
68	WGN45	120.000000000001	4.06045838331001	1122	112.033053573297	127.966946426705
69	WGN45	125.000000000002	4.06045838331001	1122	117.033053573297	132.966946426706
70	WGN45	117.500000000002	4.06045838330999	1122	109.533053573298	125.466946426706
71	WGN45	132.500000000001	4.06045838330999	1122	124.533053573297	140.466946426706
72	WGN45	125.000000000001	4.06045838331001	1122	117.033053573297	132.966946426705
73	WGN45	102.500000000001	4.06045838330998	1122	94.533053573297	110.466946426705
74	WGN45	115.578806767588	5.74363352445213	1122	104.309335130588	126.848278404589
75	WGN45	130.578806767588	5.7436335244521	1122	119.309335130588	141.848278404588
76	WGN45	140.000000000002	4.06045838331	1122	132.033053573297	147.966946426706
77	WGN45	100.578806767588	5.7436335244521	1122	89.3093351305875	111.848278404588
78	WGN45	112.500000000001	4.06045838331	1122	104.533053573297	120.466946426706
80	WGN45	117.500000000001	4.06045838330999	1122	109.533053573297	125.466946426706
81	WGN45	125.000000000001	4.06045838330999	1122	117.033053573297	132.966946426706
82	WGN45	124.421193232415	5.74363352445207	1122	113.151721595414	135.690664869415
84	WGN45	137.500000000001	4.06045838330999	1122	129.533053573297	145.466946426706
85	WGN45	137.500000000001	4.06045838330999	1122	129.533053573297	145.466946426706
86	WGN45	130.000000000001	4.06045838330999	1122	122.033053573297	137.966946426706
87	WGN45	70.5788067675879	5.74363352445214	1122	59.3093351305875	81.8482784045882
88	WGN45	135.000000000001	4.06045838330999	1122	127.033053573297	142.966946426706
89	WGN45	127.500000000001	4.06045838331001	1122	119.533053573297	135.466946426706
90	WGN45	120.000000000001	4.06045838331	1122	112.033053573297	127.966946426706
92	WGN45	115.000000000001	4.06045838331	1122	107.033053573297	122.966946426706
93	WGN45	99.4211932324149	5.74363352445209	1122	88.1517215954146	110.690664869415
94	WGN45	130.000000000001	4.06045838330999	1122	122.033053573297	137.966946426706
95	WGN45	117.500000000001	4.06045838331	1122	109.533053573297	125.466946426706
96	WGN45	89.4211932324144	5.74363352445212	1122	78.1517215954141	100.690664869415
98	WGN45	147.500000000002	4.06045838331	1122	139.533053573297	155.466946426706
99	WGN45	110.578806767589	5.74363352445207	1122	99.3093351305884	121.848278404589
100	WGN45	127.500000000001	4.06045838330999	1122	119.533053573297	135.466946426706
101	WGN45	120.000000000001	4.06045838330999	1122	112.033053573297	127.966946426706
102	WGN45	127.500000000001	4.06045838331	1122	119.533053573297	135.466946426706
103	WGN45	127.500000000001	4.06045838330999	1122	119.533053573297	135.466946426706
104	WGN45	125.000000000001	4.06045838331	1122	117.033053573297	132.966946426706
105	WGN45	127.500000000001	4.06045838331	1122	119.533053573297	135.466946426706
106	WGN45	120.000000000001	4.06045838331	1122	112.033053573297	127.966946426706
107	WGN45	120.000000000001	4.06045838330999	1122	112.033053573297	127.966946426706
108	WGN45	135.000000000001	4.06045838330999	1122	127.033053573297	142.966946426706
109	WGN45	130.000000000001	4.06045838330999	1122	122.033053573297	137.966946426706
110	WGN45	127.500000000001	4.06045838331	1122	119.533053573297	135.466946426706
111	WGN45	135.000000000001	4.06045838330999	1122	127.033053573297	142.966946426706
112	WGN45	110.578806767588	5.7436335244521	1122	99.3093351305881	121.848278404589
114	WGN45	120.000000000001	4.06045838331	1122	112.033053573297	127.966946426706
115	WGN45	94.4211932324145	5.74363352445212	1122	83.1517215954141	105.690664869415
116	WGN45	125.000000000001	4.06045838331	1122	117.033053573297	132.966946426706
117	WGN45	85.0000000000014	4.06045838331	1122	77.0330535732972	92.9669464267056
118	WGN45	122.500000000001	4.06045838331	1122	114.533053573297	130.466946426706
119	WGN45	117.500000000001	4.06045838330999	1122	109.533053573297	125.466946426706
120	WGN45	117.500000000001	4.06045838331	1122	109.533053573297	125.466946426706
121	WGN45	125.000000000001	4.06045838330999	1122	117.033053573297	132.966946426706
122	WGN45	134.421193232415	5.74363352445212	1122	123.151721595414	145.690664869415
123	WGN45	120.578806767588	5.74363352445211	1122	109.309335130588	131.848278404589
124	WGN45	122.500000000001	4.06045838330999	1122	114.533053573297	130.466946426706
126	WGN45	130.000000000001	4.06045838331	1122	122.033053573297	137.966946426706
127	WGN45	112.500000000001	4.06045838331	1122	104.533053573297	120.466946426706
128	WGN45	127.500000000001	4.06045838331	1122	119.533053573297	135.466946426706
129	WGN45	122.500000000001	4.06045838331	1122	114.533053573297	130.466946426706
1	WGN46	105.000000000001	4.06045838330988	1122	97.033053573297	112.966946426705
2	WGN46	102.500000000001	4.06045838330996	1122	94.5330535732972	110.466946426705
3	WGN46	105.000000000001	4.06045838330998	1122	97.0330535732966	112.966946426705
4	WGN46	97.5000000000009	4.06045838331004	1122	89.5330535732967	105.466946426705
6	WGN46	100.000000000001	4.06045838330992	1122	92.0330535732972	107.966946426705
7	WGN46	130	4.06045838330994	1122	122.033053573296	137.966946426704
8	WGN46	117.500000000001	4.06045838330998	1122	109.533053573297	125.466946426705
9	WGN46	107.500000000001	4.06045838330999	1122	99.5330535732968	115.466946426705
10	WGN46	107.500000000001	4.06045838331005	1122	99.5330535732966	115.466946426705
11	WGN46	130.000000000001	4.06045838331	1122	122.033053573297	137.966946426705
12	WGN46	95.0000000000009	4.06045838330998	1122	87.0330535732967	102.966946426705
13	WGN46	122.500000000001	4.06045838330998	1122	114.533053573296	130.466946426705
14	WGN46	107.500000000001	4.06045838331003	1122	99.5330535732965	115.466946426705
15	WGN46	137.5	4.06045838330997	1122	129.533053573296	145.466946426705
16	WGN46	127.500000000001	4.06045838330999	1122	119.533053573297	135.466946426705
17	WGN46	134.421193232414	5.74363352445209	1122	123.151721595413	145.690664869414
18	WGN46	125.000000000002	4.06045838331003	1122	117.033053573297	132.966946426706
19	WGN46	117.500000000001	4.06045838330997	1122	109.533053573297	125.466946426705
20	WGN46	105.000000000001	4.06045838331	1122	97.0330535732967	112.966946426705
21	WGN46	114.421193232415	5.74363352445214	1122	103.151721595414	125.690664869415
22	WGN46	132.5	4.06045838330993	1122	124.533053573296	140.466946426704
23	WGN46	125.578806767588	5.74363352445217	1122	114.309335130588	136.848278404589
24	WGN46	110.000000000001	4.06045838330998	1122	102.033053573297	117.966946426705
25	WGN46	112.500000000001	4.06045838330999	1122	104.533053573297	120.466946426705
26	WGN46	107.500000000001	4.06045838331002	1122	99.5330535732967	115.466946426705
27	WGN46	130	4.06045838330995	1122	122.033053573296	137.966946426705
28	WGN46	97.5000000000009	4.06045838331003	1122	89.5330535732967	105.466946426705
29	WGN46	120.000000000001	4.06045838331003	1122	112.033053573297	127.966946426705
30	WGN46	92.5000000000007	4.06045838331001	1122	84.5330535732965	100.466946426705
31	WGN46	122.500000000001	4.06045838330998	1122	114.533053573297	130.466946426705
32	WGN46	117.500000000001	4.06045838330998	1122	109.533053573297	125.466946426705
33	WGN46	117.500000000001	4.06045838331	1122	109.533053573297	125.466946426705
34	WGN46	135.000000000001	4.06045838331001	1122	127.033053573297	142.966946426705
36	WGN46	102.500000000001	4.06045838331002	1122	94.5330535732968	110.466946426705
37	WGN46	120.000000000001	4.06045838331	1122	112.033053573297	127.966946426705
38	WGN46	125.000000000001	4.06045838331003	1122	117.033053573297	132.966946426706
39	WGN46	102.500000000001	4.06045838330997	1122	94.5330535732969	110.466946426705
40	WGN46	105.000000000001	4.06045838331	1122	97.0330535732968	112.966946426705
41	WGN46	115.000000000001	4.06045838330997	1122	107.033053573297	122.966946426705
42	WGN46	90.0000000000012	4.06045838330996	1122	82.0330535732971	97.9669464267053
43	WGN46	85.0000000000011	4.06045838330998	1122	77.0330535732969	92.9669464267052
44	WGN46	95.0000000000009	4.06045838331001	1122	87.0330535732967	102.966946426705
45	WGN46	122.500000000001	4.06045838331001	1122	114.533053573297	130.466946426705
46	WGN46	115.000000000001	4.06045838330996	1122	107.033053573297	122.966946426705
47	WGN46	125.000000000001	4.06045838330999	1122	117.033053573297	132.966946426705
48	WGN46	127.500000000001	4.06045838331002	1122	119.533053573297	135.466946426705
49	WGN46	127.500000000001	4.06045838331002	1122	119.533053573297	135.466946426705
50	WGN46	115.000000000001	4.06045838331002	1122	107.033053573297	122.966946426705
51	WGN46	115.578806767588	5.74363352445214	1122	104.309335130588	126.848278404588
52	WGN46	105.000000000001	4.06045838331	1122	97.0330535732968	112.966946426705
53	WGN46	115.000000000001	4.06045838330996	1122	107.033053573297	122.966946426705
54	WGN46	122.500000000001	4.06045838331	1122	114.533053573297	130.466946426705
55	WGN46	107.500000000001	4.06045838331001	1122	99.5330535732967	115.466946426705
56	WGN46	132.500000000001	4.06045838330999	1122	124.533053573297	140.466946426705
57	WGN46	92.500000000001	4.06045838330999	1122	84.5330535732968	100.466946426705
58	WGN46	105.000000000001	4.06045838331	1122	97.0330535732967	112.966946426705
59	WGN46	112.500000000001	4.06045838331001	1122	104.533053573297	120.466946426705
60	WGN46	97.5000000000009	4.06045838330998	1122	89.5330535732967	105.466946426705
61	WGN46	122.500000000001	4.06045838331002	1122	114.533053573297	130.466946426705
62	WGN46	135.000000000001	4.06045838330999	1122	127.033053573297	142.966946426705
63	WGN46	125.000000000001	4.06045838331001	1122	117.033053573297	132.966946426706
64	WGN46	105.000000000001	4.06045838330999	1122	97.0330535732969	112.966946426705
65	WGN46	100.578806767588	5.74363352445217	1122	89.3093351305871	111.848278404588
66	WGN46	120.000000000001	4.06045838331001	1122	112.033053573297	127.966946426705
67	WGN46	125.000000000001	4.06045838330999	1122	117.033053573297	132.966946426705
68	WGN46	125.000000000001	4.06045838331001	1122	117.033053573297	132.966946426705
69	WGN46	107.500000000002	4.06045838330997	1122	99.5330535732975	115.466946426706
70	WGN46	117.500000000001	4.06045838331	1122	109.533053573297	125.466946426705
71	WGN46	122.500000000001	4.06045838330998	1122	114.533053573297	130.466946426705
72	WGN46	92.5000000000007	4.06045838331001	1122	84.5330535732965	100.466946426705
73	WGN46	95.000000000001	4.06045838330998	1122	87.0330535732969	102.966946426705
74	WGN46	105.000000000001	4.06045838331001	1122	97.0330535732966	112.966946426705
75	WGN46	100.000000000001	4.06045838330997	1122	92.0330535732967	107.966946426705
76	WGN46	105.000000000001	4.06045838330995	1122	97.0330535732968	112.966946426705
78	WGN46	120.000000000001	4.06045838330997	1122	112.033053573297	127.966946426705
79	WGN46	122.500000000001	4.06045838330996	1122	114.533053573297	130.466946426705
80	WGN46	130.000000000001	4.06045838330999	1122	122.033053573297	137.966946426705
81	WGN46	120.000000000001	4.06045838330998	1122	112.033053573297	127.966946426705
82	WGN46	92.500000000001	4.06045838330999	1122	84.5330535732968	100.466946426705
83	WGN46	122.500000000001	4.06045838331	1122	114.533053573297	130.466946426705
84	WGN46	102.500000000001	4.06045838331	1122	94.5330535732967	110.466946426705
85	WGN46	105.000000000001	4.06045838330998	1122	97.0330535732969	112.966946426705
86	WGN46	115.000000000001	4.06045838330999	1122	107.033053573297	122.966946426705
87	WGN46	115.000000000001	4.06045838330999	1122	107.033053573297	122.966946426705
88	WGN46	105.000000000001	4.06045838330999	1122	97.0330535732968	112.966946426705
89	WGN46	120.000000000001	4.06045838330999	1122	112.033053573297	127.966946426705
90	WGN46	137.500000000001	4.06045838330999	1122	129.533053573297	145.466946426705
91	WGN46	124.421193232414	5.74363352445209	1122	113.151721595414	135.690664869414
93	WGN46	92.500000000001	4.06045838330998	1122	84.5330535732968	100.466946426705
94	WGN46	115.000000000001	4.06045838330999	1122	107.033053573297	122.966946426705
95	WGN46	112.500000000001	4.06045838330998	1122	104.533053573297	120.466946426705
96	WGN46	122.500000000001	4.06045838330998	1122	114.533053573297	130.466946426705
98	WGN46	95.0000000000009	4.06045838331	1122	87.0330535732967	102.966946426705
100	WGN46	132.500000000001	4.06045838330999	1122	124.533053573297	140.466946426705
101	WGN46	105.000000000001	4.06045838330998	1122	97.0330535732969	112.966946426705
102	WGN46	110.000000000001	4.06045838330999	1122	102.033053573297	117.966946426705
103	WGN46	130.000000000001	4.06045838331	1122	122.033053573297	137.966946426705
104	WGN46	107.500000000001	4.06045838330998	1122	99.5330535732968	115.466946426705
106	WGN46	110.000000000001	4.06045838331	1122	102.033053573297	117.966946426705
107	WGN46	132.500000000001	4.06045838330999	1122	124.533053573297	140.466946426705
108	WGN46	120.000000000001	4.06045838330999	1122	112.033053573297	127.966946426705
109	WGN46	125.000000000001	4.06045838330998	1122	117.033053573297	132.966946426705
110	WGN46	115.000000000001	4.06045838330999	1122	107.033053573297	122.966946426705
111	WGN46	125.000000000001	4.06045838331	1122	117.033053573297	132.966946426705
112	WGN46	117.500000000001	4.06045838331	1122	109.533053573297	125.466946426705
113	WGN46	130.000000000001	4.06045838331	1122	122.033053573297	137.966946426705
114	WGN46	100.000000000001	4.06045838330999	1122	92.0330535732968	107.966946426705
115	WGN46	112.500000000001	4.06045838331	1122	104.533053573297	120.466946426705
116	WGN46	115.000000000001	4.06045838331	1122	107.033053573297	122.966946426705
117	WGN46	110.000000000001	4.06045838331	1122	102.033053573297	117.966946426705
118	WGN46	114.421193232414	5.74363352445211	1122	103.151721595414	125.690664869414
119	WGN46	127.500000000001	4.06045838330999	1122	119.533053573297	135.466946426705
120	WGN46	142.500000000001	4.06045838330999	1122	134.533053573297	150.466946426705
121	WGN46	110.000000000001	4.06045838330999	1122	102.033053573297	117.966946426705
122	WGN46	97.500000000001	4.06045838330999	1122	89.5330535732968	105.466946426705
123	WGN46	102.500000000001	4.06045838330999	1122	94.5330535732967	110.466946426705
124	WGN46	92.500000000001	4.06045838330999	1122	84.5330535732968	100.466946426705
125	WGN46	107.500000000001	4.06045838330999	1122	99.5330535732967	115.466946426705
126	WGN46	112.500000000001	4.06045838330999	1122	104.533053573297	120.466946426705
127	WGN46	142.500000000001	4.06045838330999	1122	134.533053573297	150.466946426705
128	WGN46	107.500000000001	4.06045838330999	1122	99.5330535732967	115.466946426705
129	WGN46	145.000000000001	4.06045838330999	1122	137.033053573297	152.966946426705
130	WGN46	92.500000000001	4.06045838330999	1122	84.5330535732968	100.466946426705
1	WGN55	117.500000000002	4.06045838331	1122	109.533053573297	125.466946426706
2	WGN55	120.000000000001	4.06045838331001	1122	112.033053573297	127.966946426705
3	WGN55	117.500000000001	4.06045838330992	1122	109.533053573297	125.466946426705
4	WGN55	122.500000000001	4.06045838330999	1122	114.533053573297	130.466946426705
5	WGN55	125.000000000001	4.06045838331001	1122	117.033053573297	132.966946426705
6	WGN55	125.000000000001	4.06045838331003	1122	117.033053573297	132.966946426705
7	WGN55	112.500000000001	4.06045838330998	1122	104.533053573297	120.466946426705
8	WGN55	110.000000000001	4.06045838331006	1122	102.033053573296	117.966946426705
9	WGN55	125.000000000001	4.06045838330999	1122	117.033053573297	132.966946426705
10	WGN55	122.500000000001	4.06045838331002	1122	114.533053573297	130.466946426705
11	WGN55	130.000000000001	4.06045838331	1122	122.033053573297	137.966946426705
12	WGN55	125.578806767588	5.74363352445214	1122	114.309335130587	136.848278404588
13	WGN55	117.500000000001	4.06045838331001	1122	109.533053573296	125.466946426705
14	WGN55	127.500000000001	4.06045838330997	1122	119.533053573297	135.466946426705
15	WGN55	115.000000000001	4.06045838330998	1122	107.033053573297	122.966946426705
16	WGN55	112.500000000001	4.06045838331	1122	104.533053573297	120.466946426705
17	WGN55	120.578806767588	5.74363352445211	1122	109.309335130587	131.848278404588
18	WGN55	132.500000000001	4.06045838331	1122	124.533053573297	140.466946426705
19	WGN55	120.000000000001	4.06045838331001	1122	112.033053573297	127.966946426705
20	WGN55	117.500000000001	4.06045838331004	1122	109.533053573296	125.466946426705
21	WGN55	127.500000000001	4.06045838330998	1122	119.533053573296	135.466946426705
22	WGN55	127.500000000001	4.06045838331004	1122	119.533053573297	135.466946426705
23	WGN55	120.000000000001	4.06045838330998	1122	112.033053573297	127.966946426705
24	WGN55	127.500000000001	4.06045838331001	1122	119.533053573297	135.466946426705
25	WGN55	130.000000000001	4.06045838331	1122	122.033053573297	137.966946426705
26	WGN55	115.000000000001	4.06045838330995	1122	107.033053573297	122.966946426705
27	WGN55	112.500000000001	4.06045838330999	1122	104.533053573297	120.466946426705
28	WGN55	115.578806767588	5.7436335244521	1122	104.309335130587	126.848278404588
29	WGN55	127.500000000001	4.06045838330999	1122	119.533053573297	135.466946426705
30	WGN55	125.000000000001	4.06045838330999	1122	117.033053573297	132.966946426705
31	WGN55	105.000000000001	4.06045838331001	1122	97.0330535732965	112.966946426705
32	WGN55	117.500000000001	4.06045838330997	1122	109.533053573297	125.466946426705
33	WGN55	105.000000000001	4.06045838330996	1122	97.0330535732969	112.966946426705
34	WGN55	117.500000000001	4.06045838330998	1122	109.533053573297	125.466946426705
35	WGN55	135	4.06045838330999	1122	127.033053573296	142.966946426704
36	WGN55	132.500000000001	4.06045838331005	1122	124.533053573297	140.466946426706
37	WGN55	122.500000000001	4.06045838331004	1122	114.533053573296	130.466946426705
38	WGN55	122.500000000001	4.06045838331	1122	114.533053573296	130.466946426705
40	WGN55	105.000000000001	4.06045838330996	1122	97.0330535732969	112.966946426705
41	WGN55	112.500000000001	4.06045838331001	1122	104.533053573297	120.466946426705
42	WGN55	115.000000000001	4.06045838331002	1122	107.033053573297	122.966946426705
43	WGN55	112.500000000001	4.06045838330997	1122	104.533053573297	120.466946426705
44	WGN55	115.000000000001	4.06045838330999	1122	107.033053573297	122.966946426705
45	WGN55	127.500000000001	4.06045838330997	1122	119.533053573296	135.466946426705
46	WGN55	92.5000000000013	4.06045838330995	1122	84.5330535732972	100.466946426705
47	WGN55	135.000000000001	4.06045838331004	1122	127.033053573297	142.966946426705
48	WGN55	110.000000000001	4.06045838330997	1122	102.033053573297	117.966946426705
49	WGN55	117.500000000001	4.06045838330998	1122	109.533053573297	125.466946426705
50	WGN55	112.500000000001	4.06045838331002	1122	104.533053573297	120.466946426705
52	WGN55	117.500000000001	4.06045838330999	1122	109.533053573297	125.466946426705
53	WGN55	110.000000000001	4.06045838331	1122	102.033053573296	117.966946426705
54	WGN55	107.500000000001	4.06045838331	1122	99.5330535732965	115.466946426705
55	WGN55	135.000000000001	4.06045838331001	1122	127.033053573297	142.966946426705
56	WGN55	130.000000000001	4.06045838330997	1122	122.033053573297	137.966946426705
57	WGN55	107.500000000001	4.06045838331	1122	99.5330535732965	115.466946426705
58	WGN55	127.500000000001	4.06045838330999	1122	119.533053573297	135.466946426705
59	WGN55	120.000000000001	4.06045838331003	1122	112.033053573297	127.966946426705
60	WGN55	112.500000000001	4.06045838331	1122	104.533053573296	120.466946426705
61	WGN55	112.500000000001	4.06045838330998	1122	104.533053573297	120.466946426705
62	WGN55	125.000000000001	4.06045838331	1122	117.033053573297	132.966946426705
63	WGN55	125.000000000001	4.06045838331001	1122	117.033053573296	132.966946426705
64	WGN55	127.500000000001	4.06045838331	1122	119.533053573297	135.466946426705
65	WGN55	130	4.06045838330999	1122	122.033053573296	137.966946426704
66	WGN55	132.5	4.06045838330998	1122	124.533053573296	140.466946426705
67	WGN55	122.500000000001	4.06045838331001	1122	114.533053573297	130.466946426705
68	WGN55	110.000000000001	4.06045838330999	1122	102.033053573297	117.966946426705
69	WGN55	112.500000000001	4.06045838330999	1122	104.533053573297	120.466946426705
70	WGN55	127.500000000001	4.06045838331	1122	119.533053573296	135.466946426705
71	WGN55	115.000000000001	4.06045838330998	1122	107.033053573297	122.966946426705
72	WGN55	107.500000000001	4.06045838331	1122	99.5330535732969	115.466946426705
73	WGN55	132.500000000001	4.06045838331	1122	124.533053573296	140.466946426705
74	WGN55	122.500000000001	4.06045838331	1122	114.533053573297	130.466946426705
75	WGN55	125.000000000001	4.06045838331001	1122	117.033053573297	132.966946426705
76	WGN55	117.500000000001	4.06045838330998	1122	109.533053573297	125.466946426705
77	WGN55	107.500000000001	4.06045838331001	1122	99.5330535732965	115.466946426705
78	WGN55	122.500000000001	4.06045838330999	1122	114.533053573297	130.466946426705
80	WGN55	117.500000000001	4.06045838331001	1122	109.533053573297	125.466946426705
81	WGN55	117.500000000001	4.06045838331	1122	109.533053573297	125.466946426705
82	WGN55	117.500000000001	4.06045838330999	1122	109.533053573297	125.466946426705
83	WGN55	112.500000000001	4.06045838330998	1122	104.533053573297	120.466946426705
84	WGN55	130.000000000001	4.06045838331002	1122	122.033053573297	137.966946426705
85	WGN55	120.000000000001	4.06045838330998	1122	112.033053573297	127.966946426705
86	WGN55	112.500000000001	4.06045838331	1122	104.533053573297	120.466946426705
87	WGN55	127.500000000001	4.06045838331001	1122	119.533053573297	135.466946426705
88	WGN55	115.000000000001	4.06045838331	1122	107.033053573297	122.966946426705
89	WGN55	130.000000000001	4.06045838330999	1122	122.033053573297	137.966946426705
90	WGN55	110.000000000001	4.06045838331001	1122	102.033053573297	117.966946426705
91	WGN55	130.000000000001	4.06045838330998	1122	122.033053573297	137.966946426705
92	WGN55	125.000000000001	4.06045838331	1122	117.033053573297	132.966946426705
93	WGN55	117.500000000001	4.06045838330998	1122	109.533053573297	125.466946426705
94	WGN55	122.500000000001	4.06045838331001	1122	114.533053573297	130.466946426705
95	WGN55	125.000000000001	4.06045838330998	1122	117.033053573296	132.966946426705
96	WGN55	107.500000000001	4.06045838331	1122	99.5330535732966	115.466946426705
97	WGN55	125.000000000001	4.06045838330999	1122	117.033053573297	132.966946426705
98	WGN55	117.500000000001	4.06045838331002	1122	109.533053573297	125.466946426705
99	WGN55	125.000000000001	4.06045838331	1122	117.033053573297	132.966946426705
100	WGN55	130.000000000001	4.06045838331	1122	122.033053573296	137.966946426705
101	WGN55	110.000000000001	4.06045838331001	1122	102.033053573296	117.966946426705
102	WGN55	115.000000000001	4.06045838331001	1122	107.033053573297	122.966946426705
103	WGN55	115.000000000001	4.06045838331	1122	107.033053573297	122.966946426705
104	WGN55	130.000000000001	4.06045838331	1122	122.033053573297	137.966946426705
105	WGN55	125.000000000001	4.06045838331	1122	117.033053573297	132.966946426705
106	WGN55	120.000000000001	4.06045838331	1122	112.033053573297	127.966946426705
107	WGN55	120.000000000001	4.06045838331	1122	112.033053573297	127.966946426705
108	WGN55	110.000000000001	4.06045838331001	1122	102.033053573296	117.966946426705
109	WGN55	117.500000000001	4.06045838331	1122	109.533053573297	125.466946426705
110	WGN55	127.500000000001	4.06045838331	1122	119.533053573297	135.466946426705
111	WGN55	127.500000000001	4.06045838331	1122	119.533053573297	135.466946426705
112	WGN55	110.000000000001	4.06045838330999	1122	102.033053573297	117.966946426705
113	WGN55	127.500000000001	4.06045838331	1122	119.533053573297	135.466946426705
114	WGN55	105.000000000001	4.06045838331	1122	97.0330535732966	112.966946426705
115	WGN55	122.500000000001	4.06045838331	1122	114.533053573297	130.466946426705
116	WGN55	99.4211932324139	5.74363352445212	1122	88.1517215954136	110.690664869414
117	WGN55	122.500000000001	4.06045838331	1122	114.533053573297	130.466946426705
118	WGN55	125.000000000001	4.06045838330999	1122	117.033053573297	132.966946426705
119	WGN55	122.500000000001	4.06045838330999	1122	114.533053573297	130.466946426705
120	WGN55	112.500000000001	4.06045838331	1122	104.533053573297	120.466946426705
121	WGN55	130.000000000001	4.06045838331	1122	122.033053573297	137.966946426705
122	WGN55	130.000000000001	4.06045838331	1122	122.033053573297	137.966946426705
123	WGN55	127.500000000001	4.06045838331	1122	119.533053573297	135.466946426705
124	WGN55	130.000000000001	4.06045838331	1122	122.033053573297	137.966946426705
125	WGN55	115.000000000001	4.06045838331	1122	107.033053573297	122.966946426705
126	WGN55	120.000000000001	4.06045838331	1122	112.033053573297	127.966946426705
128	WGN55	105.000000000001	4.06045838331	1122	97.0330535732966	112.966946426705
129	WGN55	110.000000000001	4.06045838331	1122	102.033053573297	117.966946426705
130	WGN55	125.000000000001	4.06045838331	1122	117.033053573297	132.966946426705
1	WGN63	122.500000000001	4.06045838331001	1122	114.533053573297	130.466946426706
2	WGN63	130.000000000001	4.06045838331002	1122	122.033053573297	137.966946426705
3	WGN63	137.500000000001	4.06045838330999	1122	129.533053573297	145.466946426705
4	WGN63	130.000000000001	4.06045838331001	1122	122.033053573297	137.966946426705
5	WGN63	120.000000000001	4.06045838330999	1122	112.033053573297	127.966946426705
6	WGN63	125.578806767588	5.7436335244521	1122	114.309335130587	136.848278404588
7	WGN63	120.000000000001	4.06045838331	1122	112.033053573297	127.966946426705
8	WGN63	127.500000000001	4.06045838331	1122	119.533053573297	135.466946426705
9	WGN63	130.000000000001	4.06045838330999	1122	122.033053573297	137.966946426705
10	WGN63	130.000000000001	4.06045838330996	1122	122.033053573297	137.966946426705
12	WGN63	147.500000000001	4.06045838330998	1122	139.533053573297	155.466946426705
13	WGN63	130.000000000001	4.06045838330998	1122	122.033053573296	137.966946426705
14	WGN63	130.000000000001	4.06045838330997	1122	122.033053573296	137.966946426705
16	WGN63	122.500000000001	4.06045838330996	1122	114.533053573297	130.466946426705
17	WGN63	145.000000000001	4.06045838330996	1122	137.033053573296	152.966946426705
18	WGN63	120.000000000001	4.06045838331001	1122	112.033053573296	127.966946426705
19	WGN63	145.000000000001	4.06045838331001	1122	137.033053573296	152.966946426705
20	WGN63	115.000000000001	4.06045838331002	1122	107.033053573296	122.966946426705
21	WGN63	135.000000000001	4.06045838331002	1122	127.033053573297	142.966946426705
22	WGN63	132.500000000001	4.06045838330997	1122	124.533053573297	140.466946426705
23	WGN63	130.000000000001	4.06045838331	1122	122.033053573297	137.966946426705
24	WGN63	130.000000000001	4.06045838330999	1122	122.033053573297	137.966946426705
25	WGN63	112.500000000001	4.06045838330998	1122	104.533053573297	120.466946426705
26	WGN63	135.000000000001	4.06045838330997	1122	127.033053573296	142.966946426705
27	WGN63	122.500000000001	4.06045838331001	1122	114.533053573297	130.466946426705
28	WGN63	135.000000000001	4.06045838330997	1122	127.033053573296	142.966946426705
29	WGN63	132.500000000001	4.06045838331001	1122	124.533053573297	140.466946426705
30	WGN63	130.000000000001	4.06045838330996	1122	122.033053573297	137.966946426705
31	WGN63	135.000000000001	4.06045838330998	1122	127.033053573297	142.966946426705
32	WGN63	135.000000000001	4.06045838331003	1122	127.033053573297	142.966946426705
33	WGN63	125.000000000001	4.06045838330997	1122	117.033053573296	132.966946426705
34	WGN63	135.000000000001	4.06045838330999	1122	127.033053573296	142.966946426705
35	WGN63	145.000000000001	4.06045838330998	1122	137.033053573296	152.966946426705
36	WGN63	130.000000000001	4.06045838330997	1122	122.033053573297	137.966946426705
37	WGN63	135.000000000001	4.06045838330999	1122	127.033053573297	142.966946426705
38	WGN63	120.000000000001	4.06045838331001	1122	112.033053573296	127.966946426705
39	WGN63	120.000000000001	4.06045838330998	1122	112.033053573297	127.966946426705
40	WGN63	117.500000000001	4.06045838331	1122	109.533053573297	125.466946426705
41	WGN63	130.578806767587	5.74363352445213	1122	119.309335130587	141.848278404588
42	WGN63	140.000000000001	4.06045838330996	1122	132.033053573296	147.966946426705
43	WGN63	130.000000000001	4.06045838330998	1122	122.033053573297	137.966946426705
44	WGN63	122.500000000001	4.06045838331002	1122	114.533053573296	130.466946426705
45	WGN63	122.500000000001	4.06045838331001	1122	114.533053573297	130.466946426705
46	WGN63	135.000000000001	4.06045838330996	1122	127.033053573296	142.966946426705
47	WGN63	117.500000000001	4.06045838330999	1122	109.533053573297	125.466946426705
48	WGN63	130.000000000001	4.06045838331002	1122	122.033053573297	137.966946426705
49	WGN63	125.000000000001	4.06045838331002	1122	117.033053573297	132.966946426705
50	WGN63	122.500000000001	4.06045838331002	1122	114.533053573297	130.466946426705
51	WGN63	134.421193232414	5.74363352445212	1122	123.151721595413	145.690664869414
52	WGN63	142.5	4.06045838330999	1122	134.533053573296	150.466946426705
53	WGN63	135.000000000001	4.06045838330997	1122	127.033053573297	142.966946426705
54	WGN63	125.000000000001	4.06045838330999	1122	117.033053573297	132.966946426705
55	WGN63	132.500000000001	4.06045838330999	1122	124.533053573297	140.466946426705
56	WGN63	142.500000000001	4.06045838330998	1122	134.533053573296	150.466946426705
57	WGN63	130.000000000001	4.06045838331	1122	122.033053573297	137.966946426705
58	WGN63	107.500000000001	4.06045838330999	1122	99.5330535732966	115.466946426705
59	WGN63	122.500000000001	4.06045838330998	1122	114.533053573297	130.466946426705
60	WGN63	137.500000000001	4.06045838331001	1122	129.533053573297	145.466946426705
61	WGN63	135.000000000001	4.06045838331	1122	127.033053573297	142.966946426705
62	WGN63	120.000000000001	4.06045838330997	1122	112.033053573297	127.966946426705
63	WGN63	125.000000000001	4.06045838330999	1122	117.033053573297	132.966946426705
64	WGN63	127.500000000001	4.06045838331	1122	119.533053573297	135.466946426705
65	WGN63	150.000000000001	4.06045838330999	1122	142.033053573297	157.966946426705
66	WGN63	125.000000000001	4.06045838330999	1122	117.033053573297	132.966946426705
67	WGN63	135.000000000001	4.06045838331001	1122	127.033053573297	142.966946426705
68	WGN63	125.000000000001	4.06045838330998	1122	117.033053573297	132.966946426705
69	WGN63	125	4.06045838331	1122	117.033053573296	132.966946426705
70	WGN63	135.000000000001	4.06045838331001	1122	127.033053573296	142.966946426705
72	WGN63	137.500000000001	4.06045838331	1122	129.533053573297	145.466946426705
73	WGN63	137.500000000001	4.06045838331	1122	129.533053573296	145.466946426705
74	WGN63	112.500000000001	4.06045838330998	1122	104.533053573297	120.466946426705
75	WGN63	130.000000000001	4.06045838331001	1122	122.033053573296	137.966946426705
76	WGN63	127.500000000001	4.06045838330999	1122	119.533053573297	135.466946426705
77	WGN63	132.500000000001	4.06045838331	1122	124.533053573297	140.466946426705
78	WGN63	117.500000000001	4.06045838331	1122	109.533053573297	125.466946426705
79	WGN63	132.500000000001	4.06045838330999	1122	124.533053573297	140.466946426705
80	WGN63	122.500000000001	4.06045838330999	1122	114.533053573297	130.466946426705
81	WGN63	132.500000000001	4.06045838331	1122	124.533053573296	140.466946426705
82	WGN63	125.000000000001	4.06045838331	1122	117.033053573297	132.966946426705
83	WGN63	135.000000000001	4.06045838331	1122	127.033053573297	142.966946426705
84	WGN63	127.500000000001	4.06045838331001	1122	119.533053573297	135.466946426705
85	WGN63	132.500000000001	4.06045838331	1122	124.533053573297	140.466946426705
86	WGN63	132.500000000001	4.06045838331	1122	124.533053573297	140.466946426705
87	WGN63	147.500000000001	4.06045838330999	1122	139.533053573297	155.466946426705
88	WGN63	125.000000000001	4.06045838331	1122	117.033053573297	132.966946426705
89	WGN63	132.500000000001	4.06045838330999	1122	124.533053573297	140.466946426705
90	WGN63	114.421193232414	5.74363352445214	1122	103.151721595413	125.690664869414
91	WGN63	132.500000000001	4.06045838330999	1122	124.533053573297	140.466946426705
92	WGN63	125.000000000001	4.06045838330999	1122	117.033053573297	132.966946426705
93	WGN63	122.500000000001	4.06045838331	1122	114.533053573297	130.466946426705
94	WGN63	132.500000000001	4.06045838331	1122	124.533053573297	140.466946426705
95	WGN63	140.578806767588	5.74363352445211	1122	129.309335130587	151.848278404588
96	WGN63	135.000000000001	4.06045838330999	1122	127.033053573297	142.966946426705
97	WGN63	137.500000000001	4.06045838331	1122	129.533053573297	145.466946426705
98	WGN63	142.500000000001	4.06045838331	1122	134.533053573297	150.466946426705
99	WGN63	127.500000000001	4.06045838330999	1122	119.533053573297	135.466946426705
100	WGN63	117.500000000001	4.06045838330999	1122	109.533053573297	125.466946426705
101	WGN63	132.500000000001	4.06045838331001	1122	124.533053573297	140.466946426705
102	WGN63	137.500000000001	4.06045838331	1122	129.533053573297	145.466946426705
103	WGN63	132.500000000001	4.06045838330999	1122	124.533053573297	140.466946426705
105	WGN63	127.500000000001	4.06045838331	1122	119.533053573297	135.466946426705
106	WGN63	135.578806767588	5.74363352445213	1122	124.309335130587	146.848278404588
107	WGN63	122.500000000001	4.06045838331	1122	114.533053573297	130.466946426705
109	WGN63	127.500000000001	4.06045838331	1122	119.533053573297	135.466946426705
110	WGN63	115.000000000001	4.06045838330999	1122	107.033053573297	122.966946426705
111	WGN63	137.500000000001	4.06045838330999	1122	129.533053573297	145.466946426705
112	WGN63	130.000000000001	4.06045838331	1122	122.033053573297	137.966946426705
114	WGN63	132.500000000001	4.06045838331	1122	124.533053573297	140.466946426705
115	WGN63	135.000000000001	4.06045838330999	1122	127.033053573297	142.966946426705
116	WGN63	130.000000000001	4.06045838330999	1122	122.033053573297	137.966946426705
117	WGN63	130.000000000001	4.06045838330999	1122	122.033053573297	137.966946426705
118	WGN63	137.500000000001	4.06045838330999	1122	129.533053573297	145.466946426705
119	WGN63	120.000000000001	4.06045838330999	1122	112.033053573297	127.966946426705
121	WGN63	142.500000000001	4.06045838330999	1122	134.533053573297	150.466946426705
122	WGN63	132.500000000001	4.06045838331	1122	124.533053573297	140.466946426705
123	WGN63	142.500000000001	4.06045838331	1122	134.533053573297	150.466946426705
124	WGN63	125.000000000001	4.06045838331	1122	117.033053573297	132.966946426705
125	WGN63	137.500000000001	4.06045838331	1122	129.533053573297	145.466946426705
126	WGN63	122.500000000001	4.06045838331	1122	114.533053573297	130.466946426705
127	WGN63	127.500000000001	4.06045838331	1122	119.533053573297	135.466946426705
128	WGN63	120.000000000001	4.06045838331	1122	112.033053573297	127.966946426705
129	WGN63	130.000000000001	4.06045838330999	1122	122.033053573297	137.966946426705
130	WGN63	130.000000000001	4.06045838331	1122	122.033053573297	137.966946426705
