plantID3	famID	emmean	SE	df	lower.CL	upper.CL
1	WGN07	99.9999999999788	6.39237286542732	1130	87.4577454063743	112.542254593583
2	WGN07	87.5000000000124	6.39237286542294	1130	74.9577454064164	100.042254593608
3	WGN07	102.499999999994	6.3923728654238	1130	89.9577454063968	115.042254593592
4	WGN07	57.4999999999972	6.39237286542311	1130	44.9577454064009	70.0422545935935
5	WGN07	105	6.39237286542347	1130	92.4577454064029	117.542254593597
6	WGN07	94.9999999999995	6.39237286542391	1130	82.4577454064016	107.542254593597
7	WGN07	97.4999999999993	6.39237286542381	1130	84.9577454064016	110.042254593597
8	WGN07	117.499999999998	6.39237286542366	1130	104.957745406401	130.042254593596
9	WGN07	119.999999999998	6.39237286542371	1130	107.457745406401	132.542254593596
10	WGN07	82.4999999999985	6.39237286542382	1130	69.9577454064008	95.0422545935962
11	WGN07	99.9999999999984	6.39237286542381	1130	87.4577454064008	112.542254593596
12	WGN07	69.9999999999983	6.39237286542379	1130	57.4577454064007	82.5422545935959
13	WGN07	94.9999999999988	6.39237286542379	1130	82.4577454064012	107.542254593596
14	WGN07	120	6.39237286542373	1130	107.457745406403	132.542254593598
15	WGN07	94.999999999999	6.39237286542366	1130	82.4577454064016	107.542254593596
16	WGN07	94.9999999999984	6.3923728654238	1130	82.4577454064007	107.542254593596
17	WGN07	110	6.39237286542382	1130	97.457745406402	122.542254593597
18	WGN07	94.9999999999991	6.39237286542388	1130	82.4577454064013	107.542254593597
20	WGN07	59.9999999999997	6.39237286542371	1130	47.4577454064022	72.5422545935971
21	WGN07	114.999999999999	6.39237286542393	1130	102.457745406401	127.542254593597
22	WGN07	104.999999999998	6.3923728654238	1130	92.4577454064007	117.542254593596
23	WGN07	107.499999999999	6.39237286542371	1130	94.9577454064017	120.042254593597
24	WGN07	87.4999999999992	6.39237286542379	1130	74.9577454064016	100.042254593597
25	WGN07	104.999999999999	6.39237286542373	1130	92.4577454064018	117.542254593597
26	WGN07	92.499999999999	6.39237286542407	1130	79.9577454064008	105.042254593597
27	WGN07	119.999999999999	6.39237286542384	1130	107.457745406401	132.542254593597
28	WGN07	109.999999999999	6.39237286542385	1130	97.4577454064017	122.542254593597
29	WGN07	102.499999999999	6.39237286542377	1130	89.9577454064013	115.042254593596
30	WGN07	99.999999999999	6.39237286542396	1130	87.457745406401	112.542254593597
31	WGN07	102.499999999999	6.39237286542382	1130	89.9577454064018	115.042254593597
32	WGN07	89.9999999999997	6.39237286542368	1130	77.4577454064024	102.542254593597
33	WGN07	107.5	6.3923728654238	1130	94.9577454064023	120.042254593598
34	WGN07	107.499999999999	6.39237286542388	1130	94.9577454064013	120.042254593597
35	WGN07	107.5	6.39237286542396	1130	94.9577454064022	120.042254593598
36	WGN07	89.9999999999994	6.39237286542394	1130	77.4577454064014	102.542254593597
37	WGN07	87.4999999999986	6.39237286542396	1130	74.9577454064007	100.042254593597
38	WGN07	127.499999999999	6.39237286542366	1130	114.957745406402	140.042254593597
39	WGN07	102.499999999999	6.39237286542379	1130	89.9577454064019	115.042254593597
40	WGN07	92.4999999999995	6.39237286542384	1130	79.9577454064018	105.042254593597
41	WGN07	97.4999999999986	6.39237286542373	1130	84.9577454064011	110.042254593596
42	WGN07	115	6.39237286542383	1130	102.457745406402	127.542254593597
44	WGN07	84.9999999999997	6.39237286542359	1130	72.4577454064025	97.5422545935969
46	WGN07	79.9999999999993	6.39237286542372	1130	67.4577454064018	92.5422545935968
47	WGN07	75.0000000000003	6.39237286542359	1130	62.457745406403	87.5422545935975
48	WGN07	89.9999999999993	6.39237286542391	1130	77.4577454064014	102.542254593597
49	WGN07	127.5	6.39237286542384	1130	114.957745406402	140.042254593598
50	WGN07	114.999999999999	6.3923728654237	1130	102.457745406402	127.542254593596
51	WGN07	114.999999999999	6.39237286542387	1130	102.457745406402	127.542254593597
52	WGN07	74.9999999999998	6.39237286542366	1130	62.4577454064024	87.5422545935971
53	WGN07	112.499999999999	6.39237286542375	1130	99.9577454064014	125.042254593596
54	WGN07	82.499999999999	6.39237286542386	1130	69.9577454064012	95.0422545935967
55	WGN07	92.4999999999994	6.39237286542369	1130	79.957745406402	105.042254593597
56	WGN07	57.5	6.39237286542376	1130	44.9577454064024	70.0422545935975
57	WGN07	105	6.39237286542365	1130	92.4577454064022	117.542254593597
58	WGN07	79.9999999999995	6.39237286542387	1130	67.4577454064017	92.5422545935972
59	WGN07	120	6.39237286542385	1130	107.457745406402	132.542254593598
60	WGN07	99.999999999999	6.39237286542391	1130	87.4577454064011	112.542254593597
61	WGN07	97.4999999999991	6.39237286542371	1130	84.9577454064017	110.042254593597
62	WGN07	18.874889478336	9.04217845275468	1130	1.13354262283256	36.6162363338394
63	WGN07	99.9999999999988	6.39237286542373	1130	87.4577454064013	112.542254593596
64	WGN07	84.9999999999991	6.39237286542386	1130	72.4577454064014	97.5422545935969
66	WGN07	97.499999999999	6.39237286542385	1130	84.9577454064012	110.042254593597
67	WGN07	97.4999999999993	6.39237286542361	1130	84.957745406402	110.042254593597
68	WGN07	99.9999999999995	6.39237286542368	1130	87.4577454064021	112.542254593597
69	WGN07	101.125110521661	9.0421784527545	1130	83.383763666158	118.866457377164
71	WGN07	87.4999999999996	6.39237286542376	1130	74.957745406402	100.042254593597
73	WGN07	94.9999999999991	6.39237286542375	1130	82.4577454064015	107.542254593597
74	WGN07	109.999999999999	6.39237286542371	1130	97.4577454064019	122.542254593597
75	WGN07	87.4999999999993	6.39237286542377	1130	74.9577454064017	100.042254593597
76	WGN07	90.0000000000005	6.39237286542373	1130	77.457745406403	102.542254593598
77	WGN07	117.5	6.39237286542378	1130	104.957745406402	130.042254593597
78	WGN07	95	6.39237286542375	1130	82.4577454064025	107.542254593598
79	WGN07	115	6.39237286542379	1130	102.457745406402	127.542254593597
80	WGN07	89.9999999999998	6.39237286542383	1130	77.4577454064022	102.542254593598
81	WGN07	97.4999999999991	6.39237286542376	1130	84.9577454064016	110.042254593597
82	WGN07	87.4999999999996	6.39237286542376	1130	74.9577454064021	100.042254593597
83	WGN07	87.4999999999993	6.39237286542368	1130	74.9577454064019	100.042254593597
84	WGN07	82.499999999999	6.39237286542386	1130	69.9577454064012	95.0422545935967
85	WGN07	99.9999999999987	6.39237286542375	1130	87.4577454064012	112.542254593596
86	WGN07	102.5	6.39237286542374	1130	89.9577454064022	115.042254593597
87	WGN07	92.4999999999988	6.39237286542386	1130	79.957745406401	105.042254593597
88	WGN07	94.9999999999992	6.39237286542362	1130	82.4577454064019	107.542254593596
89	WGN07	89.9999999999993	6.39237286542376	1130	77.4577454064018	102.542254593597
90	WGN07	114.999999999999	6.39237286542383	1130	102.457745406402	127.542254593597
91	WGN07	102.499999999999	6.39237286542375	1130	89.9577454064019	115.042254593597
92	WGN07	78.8748894783379	9.04217845275469	1130	61.1335426228345	96.6162363338414
93	WGN07	97.499999999999	6.39237286542376	1130	84.9577454064015	110.042254593597
94	WGN07	87.4999999999993	6.39237286542384	1130	74.9577454064016	100.042254593597
95	WGN07	112.5	6.39237286542379	1130	99.957745406402	125.042254593597
96	WGN07	74.9999999999993	6.39237286542374	1130	62.4577454064018	87.5422545935968
97	WGN07	116.125110521662	9.04217845275468	1130	98.3837636661584	133.866457377165
98	WGN07	79.9999999999994	6.39237286542371	1130	67.4577454064019	92.5422545935968
99	WGN07	99.9999999999994	6.39237286542386	1130	87.4577454064016	112.542254593597
100	WGN07	94.999999999999	6.39237286542374	1130	82.4577454064015	107.542254593597
101	WGN07	92.4999999999993	6.39237286542378	1130	79.9577454064017	105.042254593597
102	WGN07	89.999999999999	6.39237286542372	1130	77.4577454064015	102.542254593597
103	WGN07	107.499999999999	6.39237286542377	1130	94.9577454064016	120.042254593597
104	WGN07	100.000000000001	6.39237286542365	1130	87.4577454064033	112.542254593598
105	WGN07	107.499999999999	6.39237286542364	1130	94.9577454064013	120.042254593596
106	WGN07	114.999999999999	6.39237286542367	1130	102.457745406402	127.542254593597
107	WGN07	112.499999999999	6.39237286542378	1130	99.9577454064018	125.042254593597
108	WGN07	92.4999999999992	6.39237286542373	1130	79.9577454064017	105.042254593597
109	WGN07	49.9999999999983	6.39237286542394	1130	37.4577454064004	62.5422545935963
110	WGN07	94.9999999999991	6.39237286542372	1130	82.4577454064016	107.542254593597
112	WGN07	89.9999999999992	6.39237286542382	1130	77.4577454064015	102.542254593597
113	WGN07	84.9999999999987	6.39237286542379	1130	72.457745406401	97.5422545935963
114	WGN07	74.9999999999989	6.39237286542391	1130	62.457745406401	87.5422545935967
115	WGN07	117.499999999999	6.39237286542363	1130	104.957745406402	130.042254593596
116	WGN07	114.999999999999	6.39237286542374	1130	102.457745406402	127.542254593597
117	WGN07	125	6.39237286542374	1130	112.457745406402	137.542254593597
118	WGN07	64.9999999999993	6.39237286542377	1130	52.4577454064017	77.5422545935969
119	WGN07	99.9999999999995	6.39237286542369	1130	87.4577454064021	112.542254593597
120	WGN07	104.999999999999	6.3923728654238	1130	92.4577454064017	117.542254593597
121	WGN07	92.5	6.3923728654238	1130	79.9577454064024	105.042254593598
122	WGN07	111.125110521661	9.04217845275477	1130	93.3837636661578	128.866457377165
123	WGN07	109.999999999999	6.39237286542371	1130	97.4577454064013	122.542254593596
124	WGN07	114.999999999999	6.39237286542377	1130	102.457745406402	127.542254593597
125	WGN07	77.4999999999992	6.39237286542375	1130	64.9577454064016	90.0422545935967
126	WGN07	92.4999999999994	6.39237286542374	1130	79.9577454064018	105.042254593597
127	WGN07	102.499999999999	6.39237286542381	1130	89.9577454064014	115.042254593597
128	WGN07	92.4999999999997	6.39237286542377	1130	79.9577454064021	105.042254593597
129	WGN07	107.5	6.39237286542363	1130	94.9577454064022	120.042254593597
130	WGN07	89.9999999999995	6.3923728654238	1130	77.4577454064019	102.542254593597
1	WGN15	132.500000000002	6.39237286542473	1130	119.957745406402	145.042254593601
2	WGN15	112.500000000003	6.39237286542375	1130	99.9577454064051	125.0422545936
3	WGN15	115.000000000003	6.39237286542371	1130	102.457745406405	127.5422545936
4	WGN15	112.500000000002	6.39237286542377	1130	99.9577454064048	125.0422545936
5	WGN15	110.000000000002	6.39237286542383	1130	97.4577454064045	122.5422545936
7	WGN15	132.500000000002	6.39237286542382	1130	119.957745406405	145.0422545936
8	WGN15	120.000000000003	6.39237286542373	1130	107.457745406405	132.5422545936
9	WGN15	120.000000000002	6.39237286542392	1130	107.457745406404	132.5422545936
10	WGN15	125.000000000003	6.39237286542372	1130	112.457745406405	137.5422545936
11	WGN15	130.000000000002	6.39237286542385	1130	117.457745406405	142.5422545936
12	WGN15	125.000000000002	6.39237286542384	1130	112.457745406405	137.5422545936
13	WGN15	127.500000000002	6.39237286542374	1130	114.957745406405	140.0422545936
14	WGN15	110.000000000002	6.39237286542386	1130	97.4577454064041	122.5422545936
15	WGN15	102.500000000003	6.39237286542368	1130	89.957745406406	115.042254593601
16	WGN15	112.500000000003	6.39237286542372	1130	99.9577454064055	125.0422545936
17	WGN15	115.000000000003	6.39237286542378	1130	102.457745406405	127.5422545936
18	WGN15	135.000000000002	6.39237286542391	1130	122.457745406404	147.5422545936
19	WGN15	132.500000000003	6.39237286542378	1130	119.957745406405	145.0422545936
20	WGN15	135.000000000002	6.39237286542375	1130	122.457745406405	147.5422545936
21	WGN15	112.500000000001	6.39237286542393	1130	99.9577454064032	125.042254593599
22	WGN15	127.500000000002	6.39237286542369	1130	114.957745406404	140.042254593599
23	WGN15	125.000000000003	6.39237286542384	1130	112.457745406405	137.5422545936
24	WGN15	87.5000000000027	6.39237286542378	1130	74.9577454064051	100.0422545936
25	WGN15	132.500000000003	6.39237286542374	1130	119.957745406405	145.0422545936
26	WGN15	107.500000000003	6.39237286542369	1130	94.9577454064057	120.042254593601
27	WGN15	130.000000000002	6.3923728654239	1130	117.457745406405	142.5422545936
28	WGN15	130.000000000002	6.39237286542375	1130	117.457745406405	142.5422545936
29	WGN15	122.500000000002	6.39237286542372	1130	109.957745406405	135.0422545936
30	WGN15	122.500000000002	6.39237286542388	1130	109.957745406404	135.0422545936
31	WGN15	132.500000000002	6.39237286542391	1130	119.957745406405	145.0422545936
32	WGN15	120.000000000003	6.39237286542376	1130	107.457745406405	132.5422545936
33	WGN15	142.500000000002	6.39237286542373	1130	129.957745406405	155.0422545936
34	WGN15	137.500000000002	6.39237286542386	1130	124.957745406405	150.0422545936
35	WGN15	127.500000000002	6.39237286542358	1130	114.957745406405	140.0422545936
36	WGN15	117.500000000003	6.39237286542372	1130	104.957745406405	130.0422545936
37	WGN15	112.500000000003	6.39237286542381	1130	99.9577454064052	125.0422545936
38	WGN15	107.500000000003	6.39237286542373	1130	94.9577454064053	120.0422545936
39	WGN15	125.000000000003	6.3923728654238	1130	112.457745406405	137.5422545936
40	WGN15	127.500000000003	6.39237286542371	1130	114.957745406406	140.0422545936
41	WGN15	127.500000000002	6.39237286542375	1130	114.957745406405	140.0422545936
43	WGN15	107.500000000002	6.3923728654238	1130	94.9577454064046	120.0422545936
44	WGN15	122.500000000003	6.39237286542361	1130	109.957745406405	135.0422545936
45	WGN15	125.000000000003	6.39237286542382	1130	112.457745406405	137.5422545936
46	WGN15	115.000000000003	6.39237286542373	1130	102.457745406405	127.5422545936
47	WGN15	115.000000000003	6.39237286542381	1130	102.457745406405	127.5422545936
48	WGN15	117.500000000003	6.39237286542379	1130	104.957745406405	130.0422545936
50	WGN15	132.500000000002	6.39237286542381	1130	119.957745406405	145.0422545936
51	WGN15	117.500000000002	6.39237286542388	1130	104.957745406404	130.0422545936
52	WGN15	117.500000000002	6.39237286542372	1130	104.957745406405	130.0422545936
53	WGN15	115.000000000002	6.39237286542383	1130	102.457745406405	127.5422545936
54	WGN15	117.500000000003	6.39237286542358	1130	104.957745406406	130.0422545936
55	WGN15	102.500000000002	6.39237286542374	1130	89.9577454064047	115.0422545936
56	WGN15	145.000000000003	6.3923728654238	1130	132.457745406405	157.5422545936
57	WGN15	102.500000000002	6.39237286542378	1130	89.9577454064041	115.042254593599
58	WGN15	107.500000000003	6.39237286542375	1130	94.9577454064052	120.0422545936
59	WGN15	102.500000000002	6.39237286542374	1130	89.957745406405	115.0422545936
60	WGN15	112.500000000002	6.39237286542372	1130	99.9577454064045	125.042254593599
61	WGN15	122.500000000003	6.39237286542366	1130	109.957745406405	135.0422545936
62	WGN15	130.000000000002	6.3923728654239	1130	117.457745406404	142.5422545936
63	WGN15	127.500000000002	6.39237286542381	1130	114.957745406405	140.0422545936
64	WGN15	107.500000000003	6.39237286542374	1130	94.9577454064051	120.0422545936
65	WGN15	125.000000000002	6.39237286542398	1130	112.457745406404	137.5422545936
66	WGN15	122.500000000003	6.39237286542372	1130	109.957745406406	135.042254593601
67	WGN15	132.500000000003	6.39237286542382	1130	119.957745406405	145.0422545936
68	WGN15	95.0000000000031	6.39237286542382	1130	82.4577454064054	107.542254593601
69	WGN15	125.000000000002	6.39237286542375	1130	112.457745406405	137.5422545936
70	WGN15	132.500000000004	6.39237286542377	1130	119.957745406406	145.042254593601
71	WGN15	127.500000000003	6.39237286542376	1130	114.957745406405	140.0422545936
72	WGN15	135.000000000003	6.39237286542381	1130	122.457745406405	147.542254593601
73	WGN15	130.000000000002	6.39237286542374	1130	117.457745406405	142.5422545936
74	WGN15	105.000000000002	6.3923728654238	1130	92.4577454064042	117.5422545936
75	WGN15	122.500000000002	6.39237286542375	1130	109.957745406405	135.0422545936
77	WGN15	125.000000000003	6.39237286542383	1130	112.457745406405	137.5422545936
78	WGN15	117.500000000002	6.39237286542378	1130	104.957745406405	130.0422545936
79	WGN15	130.000000000003	6.39237286542377	1130	117.457745406406	142.542254593601
80	WGN15	127.500000000002	6.39237286542377	1130	114.957745406405	140.0422545936
81	WGN15	125.000000000003	6.39237286542376	1130	112.457745406405	137.5422545936
82	WGN15	127.500000000002	6.39237286542379	1130	114.957745406405	140.0422545936
83	WGN15	120.000000000003	6.3923728654238	1130	107.457745406405	132.5422545936
84	WGN15	107.500000000002	6.39237286542379	1130	94.9577454064049	120.0422545936
85	WGN15	135.000000000003	6.39237286542365	1130	122.457745406405	147.5422545936
86	WGN15	122.500000000003	6.39237286542369	1130	109.957745406405	135.0422545936
87	WGN15	115.000000000002	6.39237286542377	1130	102.457745406405	127.5422545936
88	WGN15	135.000000000003	6.39237286542382	1130	122.457745406405	147.542254593601
89	WGN15	130.000000000003	6.39237286542372	1130	117.457745406405	142.5422545936
90	WGN15	125.000000000003	6.39237286542384	1130	112.457745406405	137.5422545936
91	WGN15	100.000000000003	6.39237286542371	1130	87.4577454064057	112.542254593601
92	WGN15	125.000000000002	6.39237286542376	1130	112.457745406405	137.5422545936
93	WGN15	125.000000000002	6.39237286542387	1130	112.457745406405	137.5422545936
94	WGN15	135.000000000002	6.39237286542372	1130	122.457745406405	147.5422545936
95	WGN15	117.500000000003	6.39237286542382	1130	104.957745406405	130.0422545936
96	WGN15	116.125110521664	9.0421784527548	1130	98.3837636661603	133.866457377168
97	WGN15	135.000000000002	6.3923728654239	1130	122.457745406404	147.5422545936
98	WGN15	117.500000000002	6.39237286542382	1130	104.957745406404	130.0422545936
99	WGN15	122.500000000002	6.39237286542376	1130	109.957745406405	135.0422545936
100	WGN15	122.500000000002	6.3923728654237	1130	109.957745406404	135.042254593599
101	WGN15	132.500000000002	6.39237286542375	1130	119.957745406405	145.0422545936
102	WGN15	105.000000000002	6.39237286542381	1130	92.4577454064048	117.5422545936
103	WGN15	102.500000000003	6.39237286542373	1130	89.9577454064051	115.0422545936
104	WGN15	105.000000000003	6.39237286542378	1130	92.4577454064052	117.5422545936
106	WGN15	105.000000000002	6.39237286542383	1130	92.4577454064045	117.5422545936
107	WGN15	122.500000000003	6.39237286542368	1130	109.957745406405	135.0422545936
108	WGN15	145.000000000002	6.39237286542365	1130	132.457745406405	157.542254593599
109	WGN15	120.000000000002	6.39237286542383	1130	107.457745406405	132.5422545936
110	WGN15	125.000000000002	6.39237286542379	1130	112.457745406405	137.5422545936
111	WGN15	125.000000000002	6.39237286542374	1130	112.457745406405	137.5422545936
112	WGN15	115.000000000003	6.39237286542379	1130	102.457745406405	127.5422545936
113	WGN15	122.500000000002	6.39237286542374	1130	109.957745406405	135.0422545936
114	WGN15	135.000000000002	6.39237286542375	1130	122.457745406405	147.5422545936
115	WGN15	112.500000000003	6.39237286542378	1130	99.9577454064052	125.0422545936
116	WGN15	132.500000000002	6.39237286542375	1130	119.957745406405	145.0422545936
117	WGN15	112.500000000003	6.3923728654238	1130	99.957745406405	125.0422545936
118	WGN15	132.500000000003	6.39237286542375	1130	119.957745406405	145.0422545936
119	WGN15	127.500000000002	6.39237286542379	1130	114.957745406405	140.0422545936
120	WGN15	127.500000000002	6.39237286542381	1130	114.957745406404	140.042254593599
121	WGN15	112.500000000003	6.39237286542375	1130	99.9577454064052	125.0422545936
122	WGN15	105.000000000002	6.39237286542377	1130	92.4577454064043	117.5422545936
123	WGN15	115.000000000002	6.39237286542378	1130	102.457745406405	127.5422545936
124	WGN15	125.000000000002	6.39237286542385	1130	112.457745406405	137.5422545936
125	WGN15	105.000000000003	6.39237286542376	1130	92.457745406405	117.5422545936
126	WGN15	125.000000000003	6.39237286542387	1130	112.457745406405	137.542254593601
127	WGN15	120.000000000003	6.39237286542369	1130	107.457745406405	132.5422545936
128	WGN15	125.000000000002	6.39237286542379	1130	112.457745406405	137.5422545936
129	WGN15	107.500000000003	6.39237286542375	1130	94.9577454064051	120.0422545936
130	WGN15	127.500000000003	6.39237286542368	1130	114.957745406405	140.0422545936
1	WGN26	97.4999999999961	6.3923728654243	1130	84.9577454063975	110.042254593595
3	WGN26	107.499999999998	6.39237286542398	1130	94.9577454064002	120.042254593596
4	WGN26	127.499999999998	6.39237286542378	1130	114.9577454064	140.042254593595
5	WGN26	117.499999999997	6.39237286542362	1130	104.9577454064	130.042254593594
6	WGN26	102.499999999998	6.39237286542379	1130	89.9577454064008	115.042254593596
7	WGN26	129.999999999999	6.3923728654238	1130	117.457745406401	142.542254593596
8	WGN26	87.4999999999983	6.39237286542379	1130	74.9577454064006	100.042254593596
9	WGN26	94.9999999999977	6.39237286542385	1130	82.4577454064	107.542254593595
10	WGN26	114.999999999997	6.39237286542362	1130	102.4577454064	127.542254593595
11	WGN26	122.499999999999	6.39237286542388	1130	109.957745406401	135.042254593597
12	WGN26	107.499999999998	6.39237286542378	1130	94.9577454064008	120.042254593596
13	WGN26	127.499999999998	6.39237286542377	1130	114.957745406401	140.042254593596
14	WGN26	102.499999999998	6.39237286542377	1130	89.9577454064005	115.042254593596
15	WGN26	109.999999999998	6.39237286542372	1130	97.4577454064005	122.542254593596
17	WGN26	127.499999999999	6.39237286542384	1130	114.957745406401	140.042254593597
18	WGN26	112.499999999998	6.39237286542375	1130	99.9577454064007	125.042254593596
19	WGN26	122.499999999998	6.39237286542379	1130	109.9577454064	135.042254593595
20	WGN26	111.12511052166	9.04217845275461	1130	93.3837636661569	128.866457377163
21	WGN26	109.999999999998	6.39237286542379	1130	97.4577454064004	122.542254593596
22	WGN26	112.499999999998	6.39237286542372	1130	99.9577454064001	125.042254593595
23	WGN26	119.999999999998	6.39237286542384	1130	107.457745406401	132.542254593596
24	WGN26	97.4999999999981	6.39237286542368	1130	84.9577454064007	110.042254593595
25	WGN26	129.999999999998	6.39237286542375	1130	117.457745406401	142.542254593596
26	WGN26	112.499999999998	6.39237286542384	1130	99.9577454064004	125.042254593596
27	WGN26	79.9999999999975	6.39237286542383	1130	67.4577454063998	92.5422545935952
28	WGN26	132.499999999998	6.39237286542379	1130	119.957745406401	145.042254593596
29	WGN26	114.999999999999	6.39237286542387	1130	102.457745406401	127.542254593596
30	WGN26	109.999999999998	6.39237286542376	1130	97.4577454064004	122.542254593596
31	WGN26	117.499999999999	6.39237286542391	1130	104.957745406401	130.042254593597
32	WGN26	119.999999999998	6.39237286542382	1130	107.457745406401	132.542254593596
33	WGN26	113.874889478336	9.04217845275452	1130	96.1335426228324	131.616236333839
34	WGN26	122.499999999999	6.39237286542387	1130	109.957745406402	135.042254593597
35	WGN26	114.999999999998	6.39237286542385	1130	102.4577454064	127.542254593596
36	WGN26	114.999999999998	6.39237286542385	1130	102.457745406401	127.542254593596
38	WGN26	122.499999999998	6.39237286542377	1130	109.9577454064	135.042254593595
39	WGN26	109.999999999999	6.39237286542385	1130	97.4577454064011	122.542254593597
40	WGN26	97.4999999999982	6.39237286542376	1130	84.9577454064006	110.042254593596
41	WGN26	102.499999999998	6.39237286542385	1130	89.9577454064001	115.042254593596
42	WGN26	114.999999999998	6.39237286542368	1130	102.4577454064	127.542254593595
43	WGN26	117.499999999998	6.39237286542369	1130	104.957745406401	130.042254593596
44	WGN26	112.499999999998	6.39237286542382	1130	99.9577454064	125.042254593595
45	WGN26	132.499999999999	6.39237286542378	1130	119.957745406401	145.042254593596
46	WGN26	124.999999999998	6.39237286542375	1130	112.4577454064	137.542254593595
47	WGN26	124.999999999998	6.39237286542385	1130	112.457745406401	137.542254593596
48	WGN26	104.999999999999	6.39237286542389	1130	92.4577454064007	117.542254593596
49	WGN26	99.9999999999984	6.39237286542381	1130	87.4577454064007	112.542254593596
50	WGN26	102.499999999998	6.39237286542384	1130	89.9577454064002	115.042254593596
51	WGN26	132.499999999997	6.39237286542369	1130	119.957745406399	145.042254593594
52	WGN26	119.999999999998	6.39237286542373	1130	107.4577454064	132.542254593595
53	WGN26	127.499999999999	6.39237286542382	1130	114.957745406401	140.042254593596
54	WGN26	97.4999999999983	6.39237286542372	1130	84.9577454064008	110.042254593596
55	WGN26	114.999999999999	6.39237286542382	1130	102.457745406401	127.542254593596
56	WGN26	127.499999999999	6.39237286542384	1130	114.957745406401	140.042254593596
57	WGN26	134.999999999999	6.39237286542382	1130	122.457745406401	147.542254593596
58	WGN26	127.499999999998	6.39237286542374	1130	114.9577454064	140.042254593595
59	WGN26	93.8748894783362	9.0421784527545	1130	76.1335426228331	111.616236333839
60	WGN26	107.499999999998	6.39237286542377	1130	94.9577454064007	120.042254593596
61	WGN26	126.12511052166	9.04217845275465	1130	108.383763666157	143.866457377164
62	WGN26	112.499999999998	6.39237286542385	1130	99.9577454064006	125.042254593596
64	WGN26	107.499999999998	6.39237286542379	1130	94.9577454064004	120.042254593596
65	WGN26	118.874889478336	9.04217845275469	1130	101.133542622832	136.616236333839
66	WGN26	129.999999999998	6.3923728654238	1130	117.457745406401	142.542254593596
67	WGN26	94.9999999999981	6.39237286542382	1130	82.4577454064004	107.542254593596
68	WGN26	112.499999999999	6.39237286542382	1130	99.9577454064009	125.042254593596
69	WGN26	132.499999999998	6.39237286542375	1130	119.9577454064	145.042254593595
70	WGN26	109.999999999998	6.39237286542375	1130	97.4577454064002	122.542254593595
71	WGN26	109.999999999998	6.39237286542373	1130	97.4577454064004	122.542254593595
72	WGN26	102.499999999998	6.39237286542383	1130	89.9577454064004	115.042254593596
73	WGN26	102.499999999998	6.39237286542382	1130	89.9577454064003	115.042254593596
74	WGN26	114.999999999999	6.39237286542387	1130	102.457745406401	127.542254593596
75	WGN26	112.499999999999	6.39237286542376	1130	99.9577454064011	125.042254593596
76	WGN26	96.1251105216604	9.04217845275458	1130	78.3837636661572	113.866457377164
77	WGN26	104.999999999999	6.39237286542382	1130	92.4577454064009	117.542254593596
78	WGN26	119.999999999998	6.39237286542378	1130	107.4577454064	132.542254593596
79	WGN26	102.499999999998	6.3923728654237	1130	89.9577454064007	115.042254593596
80	WGN26	119.999999999998	6.39237286542381	1130	107.457745406401	132.542254593596
81	WGN26	129.999999999998	6.39237286542378	1130	117.457745406401	142.542254593596
82	WGN26	117.499999999998	6.39237286542375	1130	104.9577454064	130.042254593596
83	WGN26	104.999999999998	6.39237286542383	1130	92.4577454064004	117.542254593596
85	WGN26	94.999999999998	6.39237286542376	1130	82.4577454064004	107.542254593596
86	WGN26	92.4999999999981	6.39237286542373	1130	79.9577454064006	105.042254593596
87	WGN26	102.499999999998	6.39237286542374	1130	89.9577454064007	115.042254593596
88	WGN26	104.999999999998	6.39237286542381	1130	92.4577454064006	117.542254593596
89	WGN26	112.499999999998	6.39237286542377	1130	99.9577454064007	125.042254593596
90	WGN26	104.999999999998	6.39237286542376	1130	92.4577454064007	117.542254593596
91	WGN26	117.499999999998	6.39237286542378	1130	104.957745406401	130.042254593596
92	WGN26	84.9999999999982	6.39237286542372	1130	72.4577454064007	97.5422545935957
93	WGN26	102.499999999998	6.39237286542379	1130	89.9577454064004	115.042254593596
94	WGN26	97.4999999999982	6.39237286542379	1130	84.9577454064005	110.042254593596
95	WGN26	117.499999999999	6.39237286542382	1130	104.957745406401	130.042254593596
96	WGN26	102.499999999998	6.39237286542379	1130	89.9577454064006	115.042254593596
97	WGN26	114.999999999998	6.39237286542376	1130	102.457745406401	127.542254593596
98	WGN26	79.9999999999979	6.39237286542379	1130	67.4577454064003	92.5422545935956
99	WGN26	119.999999999998	6.39237286542371	1130	107.457745406401	132.542254593595
100	WGN26	92.4999999999981	6.39237286542378	1130	79.9577454064005	105.042254593596
101	WGN26	92.4999999999979	6.39237286542376	1130	79.9577454064004	105.042254593596
102	WGN26	109.999999999998	6.39237286542369	1130	97.4577454064005	122.542254593595
103	WGN26	82.4999999999981	6.39237286542381	1130	69.9577454064005	95.0422545935958
104	WGN26	124.999999999998	6.39237286542374	1130	112.4577454064	137.542254593595
105	WGN26	134.999999999998	6.39237286542381	1130	122.457745406401	147.542254593596
106	WGN26	118.874889478335	9.04217845275449	1130	101.133542622832	136.616236333838
108	WGN26	101.12511052166	9.04217845275454	1130	83.3837636661572	118.866457377163
109	WGN26	127.499999999998	6.39237286542381	1130	114.957745406401	140.042254593596
111	WGN26	139.999999999998	6.39237286542381	1130	127.457745406401	152.542254593596
112	WGN26	104.999999999998	6.39237286542376	1130	92.4577454064004	117.542254593596
113	WGN26	104.999999999998	6.39237286542378	1130	92.4577454064005	117.542254593596
114	WGN26	74.9999999999977	6.39237286542376	1130	62.4577454064001	87.5422545935952
115	WGN26	129.999999999998	6.39237286542377	1130	117.4577454064	142.542254593595
116	WGN26	78.8748894783359	9.04217845275462	1130	61.1335426228326	96.6162363338392
117	WGN26	87.4999999999978	6.39237286542378	1130	74.9577454064002	100.042254593595
118	WGN26	102.499999999998	6.39237286542381	1130	89.9577454064006	115.042254593596
119	WGN26	119.999999999998	6.39237286542378	1130	107.457745406401	132.542254593596
120	WGN26	84.9999999999981	6.39237286542374	1130	72.4577454064005	97.5422545935956
121	WGN26	132.499999999998	6.39237286542376	1130	119.957745406401	145.042254593596
122	WGN26	104.999999999998	6.39237286542373	1130	92.4577454064006	117.542254593596
123	WGN26	112.499999999998	6.39237286542373	1130	99.9577454064005	125.042254593596
124	WGN26	96.1251105216603	9.0421784527546	1130	78.383763666157	113.866457377164
125	WGN26	129.999999999998	6.39237286542373	1130	117.4577454064	142.542254593595
126	WGN26	123.874889478336	9.04217845275467	1130	106.133542622832	141.616236333839
127	WGN26	102.499999999998	6.39237286542376	1130	89.9577454064004	115.042254593596
128	WGN26	113.874889478336	9.04217845275466	1130	96.1335426228325	131.616236333839
129	WGN26	104.999999999998	6.39237286542371	1130	92.4577454064005	117.542254593595
130	WGN26	119.999999999998	6.39237286542379	1130	107.4577454064	132.542254593596
1	WGN36	93.8748894783404	9.0421784527553	1130	76.1335426228357	111.616236333845
2	WGN36	99.9999999999992	6.39237286542385	1130	87.4577454064015	112.542254593597
4	WGN36	139.999999999999	6.39237286542378	1130	127.457745406401	152.542254593596
5	WGN36	94.9999999999992	6.39237286542374	1130	82.4577454064016	107.542254593597
6	WGN36	84.9999999999991	6.39237286542382	1130	72.4577454064014	97.5422545935968
7	WGN36	115	6.3923728654238	1130	102.457745406402	127.542254593597
8	WGN36	122.499999999998	6.39237286542367	1130	109.957745406401	135.042254593595
9	WGN36	106.125110521661	9.04217845275471	1130	88.3837636661574	123.866457377164
10	WGN36	104.999999999999	6.39237286542378	1130	92.4577454064014	117.542254593597
11	WGN36	96.1251105216616	9.04217845275469	1130	78.3837636661581	113.866457377165
12	WGN36	107.5	6.39237286542389	1130	94.957745406402	120.042254593598
13	WGN36	122.5	6.39237286542384	1130	109.957745406402	135.042254593598
14	WGN36	115	6.39237286542392	1130	102.457745406402	127.542254593598
15	WGN36	94.9999999999995	6.39237286542376	1130	82.457745406402	107.542254593597
16	WGN36	102.499999999999	6.39237286542378	1130	89.9577454064015	115.042254593597
17	WGN36	104.999999999999	6.39237286542384	1130	92.4577454064015	117.542254593597
18	WGN36	106.125110521661	9.04217845275446	1130	88.3837636661584	123.866457377164
19	WGN36	104.999999999999	6.3923728654238	1130	92.4577454064016	117.542254593597
20	WGN36	112.499999999999	6.39237286542375	1130	99.9577454064013	125.042254593596
21	WGN36	109.999999999999	6.39237286542375	1130	97.4577454064013	122.542254593596
22	WGN36	107.499999999999	6.3923728654238	1130	94.9577454064016	120.042254593597
23	WGN36	124.999999999999	6.39237286542381	1130	112.457745406402	137.542254593597
24	WGN36	102.499999999999	6.39237286542383	1130	89.9577454064014	115.042254593597
26	WGN36	94.9999999999989	6.39237286542379	1130	82.4577454064013	107.542254593597
27	WGN36	112.499999999999	6.39237286542371	1130	99.9577454064013	125.042254593596
28	WGN36	109.999999999999	6.39237286542373	1130	97.4577454064014	122.542254593596
30	WGN36	124.999999999999	6.39237286542378	1130	112.457745406402	137.542254593597
31	WGN36	122.499999999999	6.39237286542375	1130	109.957745406401	135.042254593596
32	WGN36	86.1251105216614	9.04217845275443	1130	68.3837636661584	103.866457377164
33	WGN36	117.499999999999	6.39237286542378	1130	104.957745406402	130.042254593597
34	WGN36	104.999999999999	6.39237286542367	1130	92.4577454064014	117.542254593596
35	WGN36	122.499999999998	6.39237286542371	1130	109.957745406401	135.042254593596
36	WGN36	117.499999999999	6.39237286542371	1130	104.957745406401	130.042254593596
37	WGN36	98.874889478337	9.04217845275469	1130	81.1335426228335	116.61623633384
38	WGN36	73.8748894783365	9.04217845275465	1130	56.1335426228331	91.6162363338398
39	WGN36	114.999999999999	6.39237286542369	1130	102.457745406401	127.542254593596
40	WGN36	109.999999999999	6.39237286542381	1130	97.457745406401	122.542254593596
41	WGN36	104.999999999999	6.39237286542378	1130	92.4577454064016	117.542254593597
42	WGN36	94.9999999999988	6.39237286542377	1130	82.4577454064012	107.542254593596
43	WGN36	117.499999999999	6.39237286542374	1130	104.957745406402	130.042254593597
44	WGN36	94.9999999999988	6.39237286542384	1130	82.457745406401	107.542254593596
45	WGN36	112.499999999999	6.39237286542376	1130	99.9577454064014	125.042254593597
46	WGN36	127.499999999999	6.39237286542369	1130	114.957745406401	140.042254593596
47	WGN36	109.999999999999	6.39237286542391	1130	97.4577454064016	122.542254593597
48	WGN36	114.999999999998	6.39237286542363	1130	102.457745406401	127.542254593596
49	WGN36	129.999999999999	6.39237286542376	1130	117.457745406401	142.542254593597
51	WGN36	117.499999999999	6.39237286542372	1130	104.957745406401	130.042254593596
52	WGN36	102.499999999999	6.39237286542376	1130	89.9577454064015	115.042254593597
53	WGN36	94.999999999999	6.3923728654238	1130	82.4577454064014	107.542254593597
54	WGN36	94.9999999999994	6.39237286542386	1130	82.4577454064016	107.542254593597
55	WGN36	107.499999999999	6.39237286542371	1130	94.9577454064015	120.042254593596
56	WGN36	104.999999999999	6.39237286542373	1130	92.4577454064014	117.542254593596
57	WGN36	107.499999999999	6.39237286542376	1130	94.9577454064015	120.042254593597
58	WGN36	125	6.39237286542382	1130	112.457745406402	137.542254593597
59	WGN36	119.999999999999	6.39237286542371	1130	107.457745406401	132.542254593596
60	WGN36	117.499999999998	6.3923728654237	1130	104.957745406401	130.042254593596
62	WGN36	124.999999999998	6.39237286542365	1130	112.4577454064	137.542254593595
64	WGN36	109.999999999999	6.39237286542368	1130	97.4577454064012	122.542254593596
65	WGN36	109.999999999999	6.39237286542381	1130	97.4577454064017	122.542254593597
66	WGN36	117.499999999998	6.39237286542371	1130	104.957745406401	130.042254593596
68	WGN36	119.999999999999	6.39237286542375	1130	107.457745406402	132.542254593597
69	WGN36	96.1251105216611	9.04217845275454	1130	78.383763666158	113.866457377164
70	WGN36	99.9999999999991	6.39237286542379	1130	87.4577454064015	112.542254593597
71	WGN36	112.499999999999	6.39237286542378	1130	99.9577454064016	125.042254593597
72	WGN36	112.499999999999	6.3923728654238	1130	99.9577454064016	125.042254593597
74	WGN36	102.499999999999	6.39237286542378	1130	89.9577454064016	115.042254593597
75	WGN36	96.1251105216612	9.04217845275465	1130	78.3837636661578	113.866457377165
76	WGN36	114.999999999999	6.39237286542376	1130	102.457745406401	127.542254593596
77	WGN36	119.999999999999	6.39237286542379	1130	107.457745406402	132.542254593597
78	WGN36	64.9999999999993	6.39237286542373	1130	52.4577454064018	77.5422545935968
79	WGN36	89.9999999999992	6.39237286542377	1130	77.4577454064017	102.542254593597
80	WGN36	93.8748894783368	9.04217845275458	1130	76.1335426228335	111.61623633384
81	WGN36	107.499999999999	6.39237286542379	1130	94.9577454064016	120.042254593597
82	WGN36	109.999999999999	6.39237286542374	1130	97.4577454064015	122.542254593597
83	WGN36	107.499999999999	6.39237286542373	1130	94.9577454064015	120.042254593597
84	WGN36	112.499999999999	6.3923728654238	1130	99.9577454064015	125.042254593597
85	WGN36	124.999999999999	6.39237286542378	1130	112.457745406401	137.542254593597
86	WGN36	107.499999999999	6.39237286542377	1130	94.9577454064015	120.042254593597
87	WGN36	104.999999999999	6.39237286542377	1130	92.4577454064017	117.542254593597
88	WGN36	99.9999999999991	6.39237286542376	1130	87.4577454064016	112.542254593597
89	WGN36	127.499999999999	6.39237286542381	1130	114.957745406402	140.042254593597
90	WGN36	97.499999999999	6.39237286542377	1130	84.9577454064014	110.042254593597
92	WGN36	107.499999999999	6.39237286542381	1130	94.9577454064015	120.042254593597
93	WGN36	116.125110521661	9.04217845275458	1130	98.3837636661578	133.866457377164
94	WGN36	97.4999999999991	6.3923728654238	1130	84.9577454064015	110.042254593597
95	WGN36	92.4999999999993	6.39237286542376	1130	79.9577454064018	105.042254593597
96	WGN36	139.999999999999	6.39237286542376	1130	127.457745406402	152.542254593597
97	WGN36	89.9999999999991	6.39237286542375	1130	77.4577454064016	102.542254593597
98	WGN36	109.999999999999	6.39237286542379	1130	97.4577454064013	122.542254593597
99	WGN36	92.4999999999992	6.39237286542376	1130	79.9577454064017	105.042254593597
100	WGN36	92.499999999999	6.39237286542382	1130	79.9577454064013	105.042254593597
102	WGN36	103.874889478337	9.04217845275458	1130	86.1335426228336	121.61623633384
104	WGN36	119.999999999999	6.39237286542375	1130	107.457745406401	132.542254593596
105	WGN36	106.125110521661	9.04217845275458	1130	88.3837636661582	123.866457377165
106	WGN36	107.499999999999	6.3923728654238	1130	94.9577454064018	120.042254593597
107	WGN36	87.4999999999991	6.39237286542379	1130	74.9577454064015	100.042254593597
108	WGN36	87.4999999999992	6.39237286542376	1130	74.9577454064017	100.042254593597
109	WGN36	109.999999999999	6.39237286542382	1130	97.4577454064014	122.542254593597
110	WGN36	89.9999999999991	6.39237286542377	1130	77.4577454064015	102.542254593597
112	WGN36	102.499999999999	6.39237286542377	1130	89.9577454064015	115.042254593597
114	WGN36	109.999999999999	6.39237286542377	1130	97.4577454064015	122.542254593597
116	WGN36	108.874889478337	9.04217845275458	1130	91.1335426228334	126.61623633384
117	WGN36	124.999999999999	6.39237286542378	1130	112.457745406402	137.542254593597
118	WGN36	99.9999999999991	6.39237286542379	1130	87.4577454064015	112.542254593597
119	WGN36	126.125110521661	9.04217845275462	1130	108.383763666158	143.866457377165
120	WGN36	114.999999999999	6.39237286542377	1130	102.457745406401	127.542254593597
121	WGN36	89.9999999999991	6.39237286542379	1130	77.4577454064015	102.542254593597
122	WGN36	114.999999999999	6.39237286542377	1130	102.457745406401	127.542254593597
123	WGN36	119.999999999999	6.39237286542378	1130	107.457745406401	132.542254593597
124	WGN36	109.999999999999	6.39237286542377	1130	97.4577454064016	122.542254593597
125	WGN36	112.499999999999	6.39237286542376	1130	99.9577454064015	125.042254593597
126	WGN36	114.999999999999	6.39237286542379	1130	102.457745406402	127.542254593597
127	WGN36	109.999999999999	6.39237286542378	1130	97.4577454064015	122.542254593597
128	WGN36	109.999999999999	6.39237286542376	1130	97.4577454064015	122.542254593597
129	WGN36	94.999999999999	6.39237286542379	1130	82.4577454064014	107.542254593597
130	WGN36	99.9999999999991	6.39237286542375	1130	87.4577454064015	112.542254593597
1	WGN38	100	6.39237286542328	1130	87.4577454064036	112.542254593597
2	WGN38	79.999999999999	6.39237286542376	1130	67.4577454064015	92.5422545935966
3	WGN38	86.1251105216613	9.04217845275461	1130	68.383763666158	103.866457377165
4	WGN38	79.9999999999994	6.39237286542378	1130	67.4577454064018	92.542254593597
5	WGN38	99.9999999999993	6.39237286542391	1130	87.4577454064015	112.542254593597
6	WGN38	90.0000000000003	6.3923728654236	1130	77.457745406403	102.542254593598
7	WGN38	94.9999999999992	6.39237286542387	1130	82.4577454064015	107.542254593597
8	WGN38	74.999999999998	6.39237286542389	1130	62.4577454064001	87.5422545935958
10	WGN38	105	6.39237286542379	1130	92.457745406402	117.542254593597
11	WGN38	89.9999999999994	6.39237286542379	1130	77.4577454064018	102.542254593597
12	WGN38	80.0000000000005	6.3923728654236	1130	67.4577454064032	92.5422545935977
13	WGN38	112.499999999999	6.39237286542371	1130	99.9577454064015	125.042254593596
14	WGN38	92.4999999999995	6.39237286542375	1130	79.9577454064019	105.042254593597
16	WGN38	89.9999999999992	6.39237286542381	1130	77.4577454064016	102.542254593597
18	WGN38	119.999999999999	6.39237286542374	1130	107.457745406401	132.542254593596
19	WGN38	92.4999999999992	6.39237286542379	1130	79.9577454064016	105.042254593597
20	WGN38	99.9999999999993	6.39237286542377	1130	87.4577454064018	112.542254593597
21	WGN38	67.4999999999993	6.39237286542377	1130	54.9577454064017	80.0422545935969
22	WGN38	102.499999999999	6.39237286542389	1130	89.9577454064016	115.042254593597
23	WGN38	107.499999999999	6.39237286542386	1130	94.9577454064017	120.042254593597
24	WGN38	75.0000000000004	6.39237286542369	1130	62.457745406403	87.5422545935979
26	WGN38	109.999999999999	6.39237286542374	1130	97.4577454064015	122.542254593597
27	WGN38	117.5	6.39237286542384	1130	104.957745406402	130.042254593597
28	WGN38	119.999999999999	6.39237286542381	1130	107.457745406401	132.542254593597
29	WGN38	92.4999999999994	6.39237286542375	1130	79.9577454064018	105.042254593597
30	WGN38	92.4999999999994	6.39237286542381	1130	79.9577454064017	105.042254593597
32	WGN38	94.9999999999996	6.39237286542369	1130	82.4577454064022	107.542254593597
33	WGN38	109.999999999999	6.39237286542388	1130	97.4577454064016	122.542254593597
34	WGN38	94.9999999999992	6.39237286542376	1130	82.4577454064016	107.542254593597
35	WGN38	107.499999999999	6.39237286542379	1130	94.9577454064014	120.042254593597
36	WGN38	87.4999999999989	6.3923728654238	1130	74.9577454064012	100.042254593597
37	WGN38	89.9999999999993	6.39237286542371	1130	77.4577454064018	102.542254593597
38	WGN38	117.499999999999	6.39237286542383	1130	104.957745406402	130.042254593597
39	WGN38	89.9999999999991	6.3923728654238	1130	77.4577454064015	102.542254593597
40	WGN38	97.4999999999993	6.39237286542375	1130	84.9577454064017	110.042254593597
41	WGN38	115	6.39237286542378	1130	102.457745406402	127.542254593597
42	WGN38	79.9999999999991	6.39237286542379	1130	67.4577454064015	92.5422545935967
45	WGN38	114.999999999999	6.3923728654237	1130	102.457745406401	127.542254593596
46	WGN38	92.4999999999993	6.39237286542376	1130	79.9577454064017	105.042254593597
47	WGN38	107.499999999999	6.39237286542379	1130	94.9577454064017	120.042254593597
48	WGN38	114.999999999999	6.39237286542375	1130	102.457745406402	127.542254593597
49	WGN38	99.9999999999992	6.39237286542383	1130	87.4577454064015	112.542254593597
50	WGN38	97.4999999999993	6.39237286542379	1130	84.9577454064017	110.042254593597
51	WGN38	102.499999999999	6.39237286542382	1130	89.9577454064017	115.042254593597
52	WGN38	112.499999999999	6.39237286542379	1130	99.9577454064018	125.042254593597
53	WGN38	104.999999999999	6.39237286542381	1130	92.4577454064015	117.542254593597
54	WGN38	89.9999999999989	6.39237286542387	1130	77.4577454064012	102.542254593597
55	WGN38	101.125110521661	9.04217845275457	1130	83.3837636661582	118.866457377165
56	WGN38	82.4999999999997	6.39237286542371	1130	69.9577454064022	95.0422545935971
59	WGN38	112.499999999999	6.39237286542371	1130	99.9577454064015	125.042254593596
61	WGN38	87.4999999999994	6.39237286542374	1130	74.9577454064019	100.042254593597
63	WGN38	107.499999999999	6.39237286542374	1130	94.9577454064017	120.042254593597
64	WGN38	72.4999999999982	6.39237286542388	1130	59.9577454064004	85.042254593596
65	WGN38	102.499999999999	6.39237286542382	1130	89.9577454064017	115.042254593597
66	WGN38	92.4999999999994	6.39237286542379	1130	79.9577454064018	105.042254593597
67	WGN38	97.4999999999994	6.39237286542373	1130	84.9577454064019	110.042254593597
68	WGN38	94.9999999999993	6.39237286542384	1130	82.4577454064016	107.542254593597
69	WGN38	77.4999999999991	6.39237286542378	1130	64.9577454064015	90.0422545935967
70	WGN38	107.499999999999	6.39237286542379	1130	94.9577454064018	120.042254593597
72	WGN38	122.499999999999	6.39237286542377	1130	109.957745406402	135.042254593597
73	WGN38	119.999999999999	6.39237286542375	1130	107.457745406402	132.542254593597
74	WGN38	117.499999999999	6.39237286542375	1130	104.957745406402	130.042254593597
76	WGN38	107.499999999999	6.39237286542382	1130	94.9577454064017	120.042254593597
77	WGN38	112.5	6.39237286542381	1130	99.957745406402	125.042254593597
78	WGN38	102.499999999999	6.39237286542381	1130	89.9577454064017	115.042254593597
80	WGN38	87.4999999999992	6.39237286542383	1130	74.9577454064015	100.042254593597
81	WGN38	107.499999999999	6.39237286542376	1130	94.9577454064017	120.042254593597
82	WGN38	132.499999999999	6.39237286542376	1130	119.957745406402	145.042254593597
83	WGN38	89.9999999999993	6.39237286542378	1130	77.4577454064017	102.542254593597
84	WGN38	112.499999999999	6.3923728654237	1130	99.9577454064016	125.042254593596
85	WGN38	81.1251105216613	9.04217845275468	1130	63.3837636661579	98.8664573771647
86	WGN38	102.499999999999	6.39237286542378	1130	89.9577454064017	115.042254593597
87	WGN38	92.4999999999994	6.39237286542376	1130	79.9577454064018	105.042254593597
88	WGN38	102.499999999999	6.39237286542375	1130	89.9577454064017	115.042254593597
89	WGN38	122.499999999999	6.39237286542377	1130	109.957745406402	135.042254593597
90	WGN38	112.499999999999	6.39237286542377	1130	99.9577454064018	125.042254593597
91	WGN38	89.9999999999993	6.39237286542377	1130	77.4577454064017	102.542254593597
92	WGN38	104.999999999999	6.39237286542376	1130	92.4577454064018	117.542254593597
93	WGN38	97.4999999999994	6.39237286542376	1130	84.9577454064018	110.042254593597
94	WGN38	112.499999999999	6.39237286542376	1130	99.9577454064017	125.042254593597
95	WGN38	84.9999999999993	6.39237286542377	1130	72.4577454064018	97.5422545935969
96	WGN38	99.9999999999993	6.39237286542376	1130	87.4577454064017	112.542254593597
97	WGN38	84.9999999999993	6.39237286542376	1130	72.4577454064017	97.5422545935969
98	WGN38	112.499999999999	6.39237286542377	1130	99.9577454064017	125.042254593597
99	WGN38	94.9999999999994	6.39237286542378	1130	82.4577454064018	107.542254593597
100	WGN38	92.4999999999993	6.39237286542377	1130	79.9577454064018	105.042254593597
101	WGN38	107.499999999999	6.3923728654238	1130	94.9577454064017	120.042254593597
102	WGN38	97.4999999999993	6.39237286542377	1130	84.9577454064017	110.042254593597
103	WGN38	119.999999999999	6.39237286542377	1130	107.457745406402	132.542254593597
104	WGN38	122.499999999999	6.39237286542377	1130	109.957745406402	135.042254593597
106	WGN38	129.999999999999	6.39237286542378	1130	117.457745406402	142.542254593597
107	WGN38	112.499999999999	6.39237286542375	1130	99.9577454064017	125.042254593597
108	WGN38	102.499999999999	6.39237286542378	1130	89.9577454064017	115.042254593597
109	WGN38	92.4999999999993	6.39237286542378	1130	79.9577454064017	105.042254593597
110	WGN38	132.499999999999	6.39237286542375	1130	119.957745406402	145.042254593597
111	WGN38	112.499999999999	6.39237286542378	1130	99.9577454064018	125.042254593597
113	WGN38	94.9999999999994	6.39237286542376	1130	82.4577454064018	107.542254593597
114	WGN38	102.499999999999	6.39237286542378	1130	89.9577454064017	115.042254593597
115	WGN38	89.9999999999994	6.39237286542376	1130	77.4577454064019	102.542254593597
1	WGN39	122.500000000002	6.39237286542394	1130	109.957745406404	135.0422545936
2	WGN39	132.5	6.39237286542376	1130	119.957745406403	145.042254593598
3	WGN39	125	6.39237286542382	1130	112.457745406403	137.542254593598
4	WGN39	132.5	6.39237286542387	1130	119.957745406403	145.042254593598
5	WGN39	100	6.3923728654238	1130	87.4577454064026	112.542254593598
6	WGN39	130	6.39237286542371	1130	117.457745406403	142.542254593598
7	WGN39	142.5	6.39237286542371	1130	129.957745406403	155.042254593598
8	WGN39	132.500000000001	6.39237286542385	1130	119.957745406403	145.042254593599
9	WGN39	127.5	6.3923728654238	1130	114.957745406403	140.042254593598
10	WGN39	100.000000000001	6.39237286542373	1130	87.4577454064034	112.542254593598
11	WGN39	120	6.3923728654238	1130	107.457745406403	132.542254593598
12	WGN39	125	6.39237286542387	1130	112.457745406402	137.542254593598
13	WGN39	115.000000000001	6.39237286542367	1130	102.457745406403	127.542254593598
14	WGN39	107.500000000001	6.39237286542371	1130	94.9577454064032	120.042254593598
15	WGN39	132.5	6.39237286542379	1130	119.957745406403	145.042254593598
16	WGN39	122.5	6.39237286542385	1130	109.957745406403	135.042254593598
17	WGN39	112.5	6.39237286542389	1130	99.957745406402	125.042254593598
18	WGN39	135.000000000001	6.39237286542381	1130	122.457745406403	147.542254593598
19	WGN39	115	6.39237286542378	1130	102.457745406402	127.542254593598
20	WGN39	127.500000000001	6.39237286542385	1130	114.957745406403	140.042254593598
21	WGN39	115	6.3923728654239	1130	102.457745406402	127.542254593598
22	WGN39	125	6.39237286542372	1130	112.457745406403	137.542254593598
24	WGN39	127.5	6.39237286542381	1130	114.957745406403	140.042254593598
25	WGN39	112.5	6.39237286542383	1130	99.9577454064025	125.042254593598
26	WGN39	116.125110521662	9.04217845275467	1130	98.3837636661588	133.866457377166
27	WGN39	117.5	6.3923728654238	1130	104.957745406403	130.042254593598
28	WGN39	107.500000000001	6.3923728654237	1130	94.9577454064032	120.042254593598
29	WGN39	125	6.39237286542373	1130	112.457745406403	137.542254593598
30	WGN39	110.000000000001	6.39237286542373	1130	97.4577454064031	122.542254593598
31	WGN39	125	6.39237286542379	1130	112.457745406403	137.542254593598
32	WGN39	110.000000000001	6.39237286542366	1130	97.4577454064034	122.542254593598
34	WGN39	115.000000000001	6.39237286542379	1130	102.457745406403	127.542254593598
35	WGN39	122.5	6.39237286542373	1130	109.957745406403	135.042254593598
36	WGN39	122.5	6.39237286542379	1130	109.957745406403	135.042254593598
37	WGN39	110	6.39237286542384	1130	97.4577454064026	122.542254593598
38	WGN39	125	6.3923728654238	1130	112.457745406403	137.542254593598
39	WGN39	117.5	6.39237286542385	1130	104.957745406402	130.042254593598
40	WGN39	147.499999999999	6.39237286542364	1130	134.957745406402	160.042254593596
41	WGN39	130	6.39237286542386	1130	117.457745406403	142.542254593598
42	WGN39	145	6.39237286542375	1130	132.457745406402	157.542254593598
43	WGN39	125	6.3923728654237	1130	112.457745406403	137.542254593598
44	WGN39	117.5	6.39237286542382	1130	104.957745406402	130.042254593598
45	WGN39	112.500000000001	6.39237286542369	1130	99.9577454064032	125.042254593598
46	WGN39	72.5000000000008	6.39237286542375	1130	59.9577454064032	85.0422545935983
47	WGN39	120	6.39237286542368	1130	107.457745406403	132.542254593598
48	WGN39	92.5000000000005	6.39237286542375	1130	79.957745406403	105.042254593598
49	WGN39	117.500000000001	6.39237286542374	1130	104.957745406403	130.042254593598
50	WGN39	107.500000000001	6.39237286542368	1130	94.9577454064034	120.042254593598
51	WGN39	120	6.39237286542376	1130	107.457745406403	132.542254593598
52	WGN39	112.500000000001	6.39237286542376	1130	99.9577454064029	125.042254593598
53	WGN39	120	6.39237286542384	1130	107.457745406403	132.542254593598
54	WGN39	132.5	6.39237286542376	1130	119.957745406403	145.042254593598
55	WGN39	112.5	6.39237286542378	1130	99.9577454064028	125.042254593598
56	WGN39	150.000000000001	6.39237286542386	1130	137.457745406403	162.542254593599
57	WGN39	120	6.39237286542382	1130	107.457745406403	132.542254593598
58	WGN39	127.5	6.39237286542377	1130	114.957745406403	140.042254593598
59	WGN39	107.5	6.39237286542378	1130	94.9577454064028	120.042254593598
60	WGN39	115	6.39237286542377	1130	102.457745406403	127.542254593598
61	WGN39	127.5	6.39237286542374	1130	114.957745406403	140.042254593598
62	WGN39	107.5	6.39237286542378	1130	94.9577454064028	120.042254593598
63	WGN39	130	6.3923728654238	1130	117.457745406403	142.542254593598
64	WGN39	122.5	6.39237286542379	1130	109.957745406403	135.042254593598
65	WGN39	115	6.3923728654238	1130	102.457745406403	127.542254593598
66	WGN39	110	6.39237286542378	1130	97.4577454064025	122.542254593598
67	WGN39	130	6.39237286542369	1130	117.457745406402	142.542254593597
68	WGN39	118.874889478338	9.04217845275467	1130	101.133542622835	136.616236333842
69	WGN39	115	6.39237286542379	1130	102.457745406403	127.542254593598
70	WGN39	108.874889478338	9.04217845275461	1130	91.133542622835	126.616236333842
71	WGN39	122.5	6.39237286542375	1130	109.957745406403	135.042254593598
72	WGN39	122.5	6.39237286542376	1130	109.957745406403	135.042254593598
73	WGN39	115	6.39237286542374	1130	102.457745406403	127.542254593598
74	WGN39	130	6.39237286542375	1130	117.457745406403	142.542254593598
75	WGN39	147.5	6.39237286542375	1130	134.957745406402	160.042254593598
76	WGN39	130	6.3923728654238	1130	117.457745406403	142.542254593598
77	WGN39	97.5000000000002	6.3923728654238	1130	84.9577454064026	110.042254593598
78	WGN39	102.5	6.39237286542377	1130	89.9577454064029	115.042254593598
79	WGN39	110.000000000001	6.39237286542374	1130	97.457745406403	122.542254593598
80	WGN39	110	6.39237286542378	1130	97.4577454064029	122.542254593598
81	WGN39	112.5	6.39237286542375	1130	99.9577454064029	125.042254593598
82	WGN39	112.500000000001	6.39237286542373	1130	99.957745406403	125.042254593598
83	WGN39	115	6.39237286542375	1130	102.457745406403	127.542254593598
84	WGN39	122.5	6.39237286542374	1130	109.957745406403	135.042254593598
85	WGN39	130	6.39237286542376	1130	117.457745406403	142.542254593598
86	WGN39	115	6.39237286542378	1130	102.457745406403	127.542254593598
87	WGN39	125.000000000001	6.39237286542379	1130	112.457745406403	137.542254593598
88	WGN39	93.8748894783379	9.04217845275466	1130	76.1335426228345	111.616236333841
89	WGN39	107.5	6.39237286542379	1130	94.9577454064027	120.042254593598
90	WGN39	130	6.39237286542378	1130	117.457745406403	142.542254593598
91	WGN39	75.0000000000005	6.39237286542376	1130	62.457745406403	87.5422545935981
92	WGN39	110	6.39237286542375	1130	97.4577454064029	122.542254593598
93	WGN39	115	6.39237286542376	1130	102.457745406403	127.542254593598
94	WGN39	110	6.39237286542377	1130	97.4577454064028	122.542254593598
95	WGN39	132.5	6.39237286542376	1130	119.957745406403	145.042254593598
96	WGN39	115	6.39237286542379	1130	102.457745406403	127.542254593598
97	WGN39	122.5	6.39237286542377	1130	109.957745406403	135.042254593598
98	WGN39	132.5	6.39237286542376	1130	119.957745406403	145.042254593598
99	WGN39	107.5	6.39237286542376	1130	94.9577454064029	120.042254593598
100	WGN39	145	6.39237286542377	1130	132.457745406403	157.542254593598
101	WGN39	135	6.39237286542376	1130	122.457745406403	147.542254593598
102	WGN39	117.5	6.39237286542378	1130	104.957745406403	130.042254593598
104	WGN39	100	6.39237286542377	1130	87.4577454064028	112.542254593598
105	WGN39	117.5	6.39237286542379	1130	104.957745406403	130.042254593598
106	WGN39	125	6.39237286542377	1130	112.457745406403	137.542254593598
107	WGN39	132.5	6.39237286542376	1130	119.957745406403	145.042254593598
108	WGN39	115	6.39237286542378	1130	102.457745406403	127.542254593598
109	WGN39	122.5	6.39237286542378	1130	109.957745406403	135.042254593598
110	WGN39	122.5	6.39237286542378	1130	109.957745406403	135.042254593598
111	WGN39	120	6.39237286542376	1130	107.457745406403	132.542254593598
112	WGN39	105	6.39237286542376	1130	92.4577454064029	117.542254593598
113	WGN39	140.000000000001	6.39237286542378	1130	127.457745406403	152.542254593598
114	WGN39	120	6.39237286542377	1130	107.457745406403	132.542254593598
115	WGN39	120	6.39237286542376	1130	107.457745406403	132.542254593598
116	WGN39	130	6.39237286542377	1130	117.457745406403	142.542254593598
117	WGN39	127.5	6.39237286542378	1130	114.957745406403	140.042254593598
118	WGN39	135	6.39237286542376	1130	122.457745406403	147.542254593598
120	WGN39	120	6.39237286542378	1130	107.457745406403	132.542254593598
121	WGN39	120	6.39237286542378	1130	107.457745406403	132.542254593598
122	WGN39	127.5	6.39237286542377	1130	114.957745406403	140.042254593598
123	WGN39	107.5	6.39237286542377	1130	94.9577454064028	120.042254593598
124	WGN39	132.5	6.39237286542378	1130	119.957745406403	145.042254593598
125	WGN39	135	6.39237286542377	1130	122.457745406403	147.542254593598
126	WGN39	110	6.39237286542377	1130	97.4577454064028	122.542254593598
127	WGN39	110	6.39237286542377	1130	97.4577454064028	122.542254593598
128	WGN39	112.5	6.39237286542378	1130	99.9577454064027	125.042254593598
129	WGN39	112.5	6.39237286542377	1130	99.9577454064028	125.042254593598
130	WGN39	125	6.39237286542377	1130	112.457745406403	137.542254593598
1	WGN45	125.000000000003	6.39237286542408	1130	112.457745406405	137.542254593602
2	WGN45	119.999999999999	6.39237286542371	1130	107.457745406402	132.542254593597
3	WGN45	55.0000000000005	6.39237286542375	1130	42.457745406403	67.5422545935981
4	WGN45	134.999999999999	6.39237286542373	1130	122.457745406402	147.542254593597
5	WGN45	122.5	6.39237286542377	1130	109.957745406402	135.042254593598
6	WGN45	125	6.39237286542367	1130	112.457745406402	137.542254593597
7	WGN45	120	6.39237286542369	1130	107.457745406403	132.542254593597
8	WGN45	104.999999999999	6.39237286542385	1130	92.4577454064014	117.542254593597
9	WGN45	125	6.39237286542385	1130	112.457745406402	137.542254593598
10	WGN45	117.5	6.39237286542376	1130	104.957745406402	130.042254593597
11	WGN45	120	6.39237286542384	1130	107.457745406402	132.542254593597
12	WGN45	144.999999999999	6.39237286542363	1130	132.457745406401	157.542254593596
13	WGN45	120	6.39237286542383	1130	107.457745406402	132.542254593597
14	WGN45	122.5	6.3923728654238	1130	109.957745406402	135.042254593597
15	WGN45	126.125110521662	9.0421784527548	1130	108.383763666158	143.866457377166
16	WGN45	120	6.39237286542376	1130	107.457745406402	132.542254593597
17	WGN45	107.5	6.39237286542377	1130	94.9577454064021	120.042254593597
18	WGN45	107.499999999999	6.39237286542382	1130	94.9577454064017	120.042254593597
19	WGN45	97.5000000000003	6.39237286542371	1130	84.9577454064028	110.042254593598
20	WGN45	150	6.39237286542383	1130	137.457745406402	162.542254593598
22	WGN45	122.5	6.39237286542371	1130	109.957745406403	135.042254593597
23	WGN45	110	6.39237286542379	1130	97.457745406402	122.542254593597
24	WGN45	105	6.39237286542375	1130	92.4577454064022	117.542254593597
25	WGN45	99.9999999999998	6.39237286542375	1130	87.4577454064023	112.542254593597
26	WGN45	115	6.39237286542379	1130	102.457745406402	127.542254593597
28	WGN45	92.4999999999994	6.39237286542381	1130	79.9577454064018	105.042254593597
29	WGN45	102.499999999999	6.39237286542382	1130	89.9577454064017	115.042254593597
30	WGN45	41.1251105216638	9.04217845275457	1130	23.3837636661606	58.8664573771671
31	WGN45	132.499999999999	6.39237286542372	1130	119.957745406402	145.042254593597
32	WGN45	117.5	6.39237286542379	1130	104.957745406402	130.042254593597
33	WGN45	110	6.39237286542379	1130	97.4577454064021	122.542254593597
34	WGN45	107.5	6.3923728654237	1130	94.9577454064027	120.042254593598
35	WGN45	112.5	6.39237286542377	1130	99.957745406402	125.042254593597
36	WGN45	112.5	6.39237286542374	1130	99.9577454064023	125.042254593597
37	WGN45	142.5	6.39237286542375	1130	129.957745406402	155.042254593597
38	WGN45	112.5	6.39237286542382	1130	99.9577454064021	125.042254593597
40	WGN45	117.5	6.39237286542371	1130	104.957745406402	130.042254593597
41	WGN45	125	6.3923728654238	1130	112.457745406402	137.542254593597
42	WGN45	105	6.39237286542362	1130	92.4577454064032	117.542254593598
43	WGN45	97.4999999999994	6.39237286542377	1130	84.9577454064019	110.042254593597
44	WGN45	130	6.39237286542374	1130	117.457745406402	142.542254593597
45	WGN45	117.5	6.39237286542379	1130	104.957745406402	130.042254593597
46	WGN45	115	6.39237286542379	1130	102.457745406402	127.542254593597
47	WGN45	106.125110521662	9.04217845275466	1130	88.3837636661587	123.866457377165
48	WGN45	102.5	6.39237286542376	1130	89.9577454064021	115.042254593597
49	WGN45	120	6.39237286542374	1130	107.457745406402	132.542254593597
50	WGN45	112.5	6.39237286542382	1130	99.957745406402	125.042254593597
52	WGN45	127.5	6.39237286542374	1130	114.957745406402	140.042254593597
53	WGN45	130	6.3923728654238	1130	117.457745406402	142.542254593597
54	WGN45	94.9999999999995	6.3923728654238	1130	82.4577454064018	107.542254593597
55	WGN45	112.5	6.39237286542379	1130	99.9577454064022	125.042254593597
56	WGN45	127.5	6.39237286542371	1130	114.957745406402	140.042254593597
57	WGN45	120	6.39237286542379	1130	107.457745406402	132.542254593597
58	WGN45	120	6.39237286542379	1130	107.457745406402	132.542254593597
59	WGN45	117.5	6.39237286542385	1130	104.957745406402	130.042254593597
60	WGN45	103.874889478337	9.04217845275464	1130	86.1335426228339	121.616236333841
61	WGN45	117.5	6.39237286542382	1130	104.957745406402	130.042254593597
62	WGN45	117.5	6.39237286542383	1130	104.957745406402	130.042254593597
64	WGN45	122.5	6.3923728654237	1130	109.957745406402	135.042254593597
65	WGN45	112.5	6.39237286542374	1130	99.9577454064024	125.042254593597
66	WGN45	112.5	6.39237286542374	1130	99.9577454064025	125.042254593598
67	WGN45	81.1251105216621	9.04217845275465	1130	63.3837636661588	98.8664573771655
68	WGN45	125	6.39237286542378	1130	112.457745406402	137.542254593597
69	WGN45	135	6.39237286542374	1130	122.457745406402	147.542254593597
70	WGN45	113.874889478337	9.04217845275473	1130	96.1335426228336	131.616236333841
71	WGN45	105	6.39237286542378	1130	92.4577454064019	117.542254593597
72	WGN45	127.5	6.39237286542379	1130	114.957745406402	140.042254593598
73	WGN45	98.8748894783373	9.04217845275468	1130	81.1335426228339	116.616236333841
74	WGN45	122.5	6.39237286542377	1130	109.957745406402	135.042254593597
75	WGN45	120	6.39237286542379	1130	107.457745406402	132.542254593597
76	WGN45	137.5	6.39237286542377	1130	124.957745406402	150.042254593597
77	WGN45	110	6.39237286542379	1130	97.457745406402	122.542254593597
78	WGN45	122.5	6.39237286542375	1130	109.957745406402	135.042254593597
80	WGN45	117.5	6.39237286542376	1130	104.957745406402	130.042254593597
81	WGN45	112.5	6.39237286542376	1130	99.9577454064021	125.042254593597
82	WGN45	92.4999999999996	6.39237286542379	1130	79.957745406402	105.042254593597
84	WGN45	120	6.39237286542378	1130	107.457745406402	132.542254593597
85	WGN45	118.874889478338	9.04217845275467	1130	101.133542622834	136.616236333841
86	WGN45	127.5	6.39237286542377	1130	114.957745406402	140.042254593597
87	WGN45	102.5	6.39237286542375	1130	89.9577454064022	115.042254593597
88	WGN45	120	6.39237286542377	1130	107.457745406402	132.542254593597
89	WGN45	107.5	6.39237286542378	1130	94.9577454064021	120.042254593597
90	WGN45	107.5	6.39237286542377	1130	94.9577454064022	120.042254593597
92	WGN45	102.5	6.39237286542376	1130	89.9577454064023	115.042254593597
93	WGN45	102.5	6.39237286542377	1130	89.9577454064022	115.042254593597
94	WGN45	97.4999999999999	6.39237286542375	1130	84.9577454064024	110.042254593597
95	WGN45	105	6.39237286542377	1130	92.4577454064021	117.542254593597
96	WGN45	97.5	6.39237286542374	1130	84.9577454064025	110.042254593598
98	WGN45	132.5	6.39237286542377	1130	119.957745406402	145.042254593597
99	WGN45	111.125110521662	9.04217845275466	1130	93.3837636661584	128.866457377165
100	WGN45	127.5	6.39237286542376	1130	114.957745406402	140.042254593597
101	WGN45	110	6.39237286542377	1130	97.4577454064021	122.542254593597
102	WGN45	127.5	6.39237286542377	1130	114.957745406402	140.042254593597
103	WGN45	133.874889478338	9.04217845275462	1130	116.133542622834	151.616236333841
104	WGN45	137.5	6.39237286542379	1130	124.957745406402	150.042254593597
105	WGN45	105	6.39237286542376	1130	92.4577454064023	117.542254593597
106	WGN45	112.5	6.39237286542378	1130	99.9577454064021	125.042254593597
107	WGN45	105	6.39237286542376	1130	92.4577454064022	117.542254593597
108	WGN45	125	6.3923728654238	1130	112.457745406402	137.542254593597
109	WGN45	120	6.39237286542376	1130	107.457745406402	132.542254593597
110	WGN45	112.5	6.39237286542377	1130	99.9577454064021	125.042254593597
111	WGN45	125	6.39237286542377	1130	112.457745406402	137.542254593597
112	WGN45	97.4999999999998	6.39237286542376	1130	84.9577454064022	110.042254593597
113	WGN45	78.8748894783378	9.0421784527546	1130	61.1335426228346	96.6162363338411
114	WGN45	110	6.39237286542377	1130	97.4577454064021	122.542254593597
115	WGN45	77.4999999999999	6.39237286542376	1130	64.9577454064023	90.0422545935974
116	WGN45	125	6.39237286542377	1130	112.457745406402	137.542254593597
117	WGN45	105	6.39237286542377	1130	92.4577454064022	117.542254593597
118	WGN45	111.125110521662	9.04217845275464	1130	93.3837636661585	128.866457377165
119	WGN45	110	6.39237286542377	1130	97.4577454064021	122.542254593597
120	WGN45	99.9999999999997	6.39237286542377	1130	87.4577454064021	112.542254593597
121	WGN45	102.5	6.39237286542377	1130	89.9577454064021	115.042254593597
122	WGN45	117.5	6.39237286542376	1130	104.957745406402	130.042254593597
123	WGN45	115	6.39237286542376	1130	102.457745406402	127.542254593597
124	WGN45	132.5	6.39237286542376	1130	119.957745406402	145.042254593597
126	WGN45	130	6.39237286542377	1130	117.457745406402	142.542254593597
127	WGN45	115	6.39237286542376	1130	102.457745406402	127.542254593597
128	WGN45	120	6.39237286542376	1130	107.457745406402	132.542254593597
129	WGN45	110	6.39237286542377	1130	97.4577454064021	122.542254593597
130	WGN45	106.125110521662	9.04217845275463	1130	88.3837636661586	123.866457377165
1	WGN46	89.9999999999998	6.39237286542374	1130	77.4577454064023	102.542254593597
2	WGN46	102.5	6.39237286542373	1130	89.9577454064021	115.042254593597
3	WGN46	115	6.39237286542382	1130	102.457745406403	127.542254593598
4	WGN46	92.5000000000002	6.3923728654237	1130	79.9577454064028	105.042254593598
6	WGN46	86.1251105216617	9.04217845275462	1130	68.3837636661584	103.866457377165
7	WGN46	104.999999999999	6.39237286542376	1130	92.4577454064016	117.542254593597
8	WGN46	103.874889478337	9.04217845275471	1130	86.1335426228339	121.616236333841
9	WGN46	117.499999999999	6.39237286542377	1130	104.957745406401	130.042254593597
10	WGN46	100	6.3923728654239	1130	87.4577454064023	112.542254593598
11	WGN46	119.999999999999	6.39237286542372	1130	107.457745406402	132.542254593597
12	WGN46	99.9999999999993	6.39237286542376	1130	87.4577454064018	112.542254593597
13	WGN46	107.5	6.39237286542383	1130	94.9577454064021	120.042254593597
14	WGN46	92.4999999999993	6.39237286542378	1130	79.9577454064017	105.042254593597
15	WGN46	142.499999999998	6.39237286542371	1130	129.957745406401	155.042254593595
16	WGN46	129.999999999999	6.39237286542373	1130	117.457745406401	142.542254593596
17	WGN46	114.999999999999	6.39237286542372	1130	102.457745406402	127.542254593596
18	WGN46	137.499999999999	6.39237286542371	1130	124.957745406401	150.042254593596
19	WGN46	105	6.39237286542384	1130	92.4577454064021	117.542254593598
20	WGN46	106.125110521662	9.04217845275459	1130	88.3837636661585	123.866457377165
21	WGN46	123.874889478337	9.04217845275463	1130	106.133542622834	141.616236333841
22	WGN46	124.999999999999	6.39237286542371	1130	112.457745406401	137.542254593596
23	WGN46	139.999999999999	6.39237286542373	1130	127.457745406401	152.542254593596
24	WGN46	104.999999999999	6.39237286542373	1130	92.4577454064017	117.542254593597
25	WGN46	117.499999999999	6.39237286542377	1130	104.957745406402	130.042254593597
26	WGN46	115	6.39237286542381	1130	102.457745406402	127.542254593597
27	WGN46	131.125110521662	9.04217845275463	1130	113.383763666159	148.866457377165
28	WGN46	104.999999999999	6.39237286542377	1130	92.4577454064017	117.542254593597
29	WGN46	117.5	6.39237286542383	1130	104.957745406402	130.042254593598
30	WGN46	97.4999999999992	6.39237286542374	1130	84.9577454064017	110.042254593597
31	WGN46	109.999999999999	6.39237286542378	1130	97.4577454064017	122.542254593597
32	WGN46	125	6.39237286542382	1130	112.457745406402	137.542254593598
33	WGN46	97.4999999999997	6.39237286542387	1130	84.9577454064019	110.042254593597
34	WGN46	134.999999999999	6.39237286542377	1130	122.457745406401	147.542254593597
36	WGN46	94.9999999999993	6.39237286542383	1130	82.4577454064016	107.542254593597
37	WGN46	124.999999999999	6.39237286542371	1130	112.457745406401	137.542254593596
38	WGN46	122.499999999999	6.39237286542376	1130	109.957745406401	135.042254593596
39	WGN46	114.999999999999	6.39237286542373	1130	102.457745406402	127.542254593597
40	WGN46	99.9999999999994	6.39237286542382	1130	87.4577454064018	112.542254593597
41	WGN46	102.5	6.39237286542374	1130	89.9577454064021	115.042254593597
42	WGN46	87.499999999999	6.39237286542382	1130	74.9577454064013	100.042254593597
43	WGN46	105	6.39237286542382	1130	92.4577454064021	117.542254593597
44	WGN46	92.4999999999995	6.39237286542375	1130	79.9577454064019	105.042254593597
45	WGN46	107.5	6.39237286542379	1130	94.9577454064026	120.042254593598
46	WGN46	120	6.39237286542381	1130	107.457745406402	132.542254593597
47	WGN46	94.9999999999991	6.39237286542372	1130	82.4577454064016	107.542254593597
48	WGN46	124.999999999999	6.39237286542373	1130	112.457745406401	137.542254593596
49	WGN46	114.999999999999	6.39237286542375	1130	102.457745406402	127.542254593597
50	WGN46	114.999999999999	6.39237286542371	1130	102.457745406401	127.542254593596
52	WGN46	94.9999999999997	6.3923728654238	1130	82.4577454064021	107.542254593597
53	WGN46	104.999999999999	6.39237286542379	1130	92.4577454064019	117.542254593597
54	WGN46	124.999999999999	6.39237286542373	1130	112.457745406401	137.542254593596
55	WGN46	121.125110521662	9.04217845275465	1130	103.383763666158	138.866457377165
56	WGN46	134.999999999999	6.39237286542375	1130	122.457745406402	147.542254593597
57	WGN46	84.9999999999996	6.39237286542374	1130	72.4577454064021	97.5422545935971
58	WGN46	94.9999999999995	6.39237286542379	1130	82.4577454064019	107.542254593597
59	WGN46	114.999999999999	6.39237286542374	1130	102.457745406402	127.542254593597
60	WGN46	102.5	6.39237286542381	1130	89.957745406402	115.042254593597
61	WGN46	135	6.39237286542377	1130	122.457745406402	147.542254593597
62	WGN46	122.499999999999	6.39237286542377	1130	109.957745406402	135.042254593597
63	WGN46	102.5	6.39237286542377	1130	89.957745406402	115.042254593597
64	WGN46	92.4999999999995	6.39237286542374	1130	79.957745406402	105.042254593597
65	WGN46	99.9999999999995	6.39237286542375	1130	87.457745406402	112.542254593597
66	WGN46	109.999999999999	6.39237286542376	1130	97.4577454064019	122.542254593597
67	WGN46	127.5	6.39237286542381	1130	114.957745406402	140.042254593598
68	WGN46	115	6.39237286542379	1130	102.457745406402	127.542254593597
69	WGN46	99.9999999999996	6.39237286542381	1130	87.457745406402	112.542254593597
70	WGN46	115	6.39237286542378	1130	102.457745406402	127.542254593597
71	WGN46	102.5	6.39237286542379	1130	89.9577454064019	115.042254593597
72	WGN46	87.4999999999995	6.39237286542379	1130	74.9577454064019	100.042254593597
73	WGN46	104.999999999999	6.39237286542376	1130	92.4577454064017	117.542254593597
74	WGN46	92.4999999999994	6.39237286542377	1130	79.9577454064018	105.042254593597
75	WGN46	99.9999999999993	6.39237286542375	1130	87.4577454064018	112.542254593597
76	WGN46	105	6.39237286542378	1130	92.457745406402	117.542254593597
78	WGN46	64.9999999999996	6.39237286542377	1130	52.457745406402	77.5422545935972
79	WGN46	105	6.39237286542379	1130	92.457745406402	117.542254593597
80	WGN46	124.999999999999	6.39237286542377	1130	112.457745406402	137.542254593597
81	WGN46	107.5	6.3923728654238	1130	94.9577454064019	120.042254593597
82	WGN46	111.125110521661	9.04217845275461	1130	93.3837636661582	128.866457377165
83	WGN46	115	6.39237286542378	1130	102.457745406402	127.542254593597
84	WGN46	102.499999999999	6.39237286542375	1130	89.9577454064018	115.042254593597
85	WGN46	120	6.39237286542379	1130	107.457745406402	132.542254593597
86	WGN46	122.5	6.39237286542378	1130	109.957745406402	135.042254593597
87	WGN46	119.999999999999	6.39237286542377	1130	107.457745406402	132.542254593597
88	WGN46	105	6.3923728654238	1130	92.457745406402	117.542254593597
89	WGN46	117.5	6.39237286542379	1130	104.957745406402	130.042254593597
90	WGN46	124.999999999999	6.39237286542377	1130	112.457745406402	137.542254593597
91	WGN46	125	6.39237286542378	1130	112.457745406402	137.542254593597
92	WGN46	107.499999999999	6.39237286542381	1130	94.9577454064018	120.042254593597
93	WGN46	97.4999999999996	6.39237286542381	1130	84.9577454064019	110.042254593597
94	WGN46	112.499999999999	6.39237286542376	1130	99.9577454064019	125.042254593597
95	WGN46	109.999999999999	6.39237286542377	1130	97.4577454064018	122.542254593597
96	WGN46	130	6.39237286542378	1130	117.457745406402	142.542254593597
98	WGN46	82.4999999999993	6.39237286542381	1130	69.9577454064017	95.042254593597
100	WGN46	113.874889478337	9.04217845275461	1130	96.1335426228338	131.61623633384
101	WGN46	87.4999999999995	6.39237286542378	1130	74.9577454064019	100.042254593597
102	WGN46	117.499999999999	6.39237286542377	1130	104.957745406402	130.042254593597
103	WGN46	135	6.39237286542378	1130	122.457745406402	147.542254593597
104	WGN46	97.4999999999994	6.39237286542377	1130	84.9577454064018	110.042254593597
106	WGN46	122.5	6.39237286542379	1130	109.957745406402	135.042254593597
107	WGN46	122.499999999999	6.39237286542378	1130	109.957745406402	135.042254593597
108	WGN46	122.5	6.39237286542379	1130	109.957745406402	135.042254593597
109	WGN46	115	6.39237286542378	1130	102.457745406402	127.542254593597
110	WGN46	94.9999999999995	6.39237286542378	1130	82.4577454064019	107.542254593597
111	WGN46	122.499999999999	6.39237286542378	1130	109.957745406402	135.042254593597
112	WGN46	120	6.39237286542379	1130	107.457745406402	132.542254593597
113	WGN46	127.5	6.39237286542379	1130	114.957745406402	140.042254593597
114	WGN46	92.4999999999994	6.39237286542378	1130	79.9577454064018	105.042254593597
115	WGN46	117.499999999999	6.39237286542378	1130	104.957745406402	130.042254593597
116	WGN46	117.499999999999	6.39237286542378	1130	104.957745406402	130.042254593597
117	WGN46	117.5	6.39237286542379	1130	104.957745406402	130.042254593597
118	WGN46	125	6.39237286542379	1130	112.457745406402	137.542254593597
119	WGN46	107.499999999999	6.39237286542379	1130	94.9577454064018	120.042254593597
120	WGN46	125	6.39237286542378	1130	112.457745406402	137.542254593597
121	WGN46	97.4999999999994	6.39237286542378	1130	84.9577454064018	110.042254593597
122	WGN46	94.9999999999994	6.39237286542379	1130	82.4577454064018	107.542254593597
123	WGN46	104.999999999999	6.39237286542379	1130	92.4577454064018	117.542254593597
124	WGN46	92.4999999999994	6.39237286542378	1130	79.9577454064018	105.042254593597
125	WGN46	114.999999999999	6.39237286542378	1130	102.457745406402	127.542254593597
126	WGN46	109.999999999999	6.39237286542378	1130	97.4577454064018	122.542254593597
127	WGN46	132.499999999999	6.39237286542378	1130	119.957745406402	145.042254593597
128	WGN46	109.999999999999	6.39237286542378	1130	97.4577454064018	122.542254593597
129	WGN46	137.499999999999	6.39237286542378	1130	124.957745406402	150.042254593597
130	WGN46	82.4999999999994	6.39237286542378	1130	69.9577454064018	95.0422545935971
1	WGN55	127.499999999999	6.39237286542363	1130	114.957745406402	140.042254593597
2	WGN55	114.999999999999	6.39237286542377	1130	102.457745406401	127.542254593596
3	WGN55	107.499999999999	6.39237286542379	1130	94.9577454064017	120.042254593597
4	WGN55	117.499999999999	6.39237286542379	1130	104.957745406401	130.042254593597
5	WGN55	107.499999999999	6.39237286542379	1130	94.9577454064015	120.042254593597
6	WGN55	104.999999999999	6.39237286542375	1130	92.4577454064017	117.542254593597
7	WGN55	122.499999999999	6.39237286542385	1130	109.957745406401	135.042254593596
8	WGN55	114.999999999999	6.3923728654238	1130	102.457745406401	127.542254593597
9	WGN55	117.499999999999	6.39237286542376	1130	104.957745406401	130.042254593596
10	WGN55	119.999999999999	6.39237286542378	1130	107.457745406402	132.542254593597
11	WGN55	124.999999999999	6.39237286542371	1130	112.457745406402	137.542254593597
12	WGN55	117.499999999999	6.3923728654237	1130	104.957745406402	130.042254593597
13	WGN55	124.999999999999	6.39237286542377	1130	112.457745406401	137.542254593597
14	WGN55	114.999999999999	6.3923728654238	1130	102.457745406401	127.542254593597
15	WGN55	117.499999999999	6.39237286542374	1130	104.957745406402	130.042254593597
16	WGN55	117.499999999999	6.39237286542377	1130	104.957745406402	130.042254593597
17	WGN55	122.499999999999	6.39237286542379	1130	109.957745406402	135.042254593597
18	WGN55	127.499999999999	6.39237286542373	1130	114.957745406401	140.042254593596
19	WGN55	117.5	6.39237286542371	1130	104.957745406402	130.042254593597
20	WGN55	119.999999999999	6.39237286542382	1130	107.457745406401	132.542254593597
21	WGN55	144.999999999999	6.39237286542378	1130	132.457745406401	157.542254593597
22	WGN55	114.999999999999	6.39237286542373	1130	102.457745406402	127.542254593597
23	WGN55	122.499999999999	6.39237286542377	1130	109.957745406401	135.042254593597
24	WGN55	132.499999999999	6.3923728654238	1130	119.957745406402	145.042254593597
25	WGN55	139.999999999999	6.39237286542379	1130	127.457745406402	152.542254593597
26	WGN55	119.999999999999	6.39237286542381	1130	107.457745406401	132.542254593597
27	WGN55	112.499999999999	6.39237286542378	1130	99.9577454064015	125.042254593597
28	WGN55	117.499999999999	6.39237286542375	1130	104.957745406402	130.042254593597
29	WGN55	129.999999999999	6.39237286542374	1130	117.457745406401	142.542254593596
30	WGN55	104.999999999998	6.39237286542379	1130	92.4577454064008	117.542254593596
31	WGN55	122.499999999999	6.39237286542381	1130	109.957745406401	135.042254593597
32	WGN55	137.499999999999	6.39237286542375	1130	124.957745406402	150.042254593597
33	WGN55	107.499999999999	6.39237286542378	1130	94.9577454064015	120.042254593597
34	WGN55	122.499999999999	6.39237286542378	1130	109.957745406401	135.042254593596
35	WGN55	142.499999999999	6.39237286542377	1130	129.957745406401	155.042254593597
36	WGN55	122.499999999999	6.39237286542377	1130	109.957745406401	135.042254593597
37	WGN55	134.999999999999	6.39237286542379	1130	122.457745406402	147.542254593597
38	WGN55	97.4999999999992	6.39237286542375	1130	84.9577454064017	110.042254593597
40	WGN55	114.999999999999	6.39237286542382	1130	102.457745406401	127.542254593597
41	WGN55	119.999999999999	6.39237286542373	1130	107.457745406402	132.542254593597
42	WGN55	137.499999999999	6.39237286542376	1130	124.957745406402	150.042254593597
43	WGN55	124.999999999999	6.39237286542376	1130	112.457745406402	137.542254593597
44	WGN55	112.499999999999	6.39237286542378	1130	99.9577454064014	125.042254593597
45	WGN55	129.999999999999	6.39237286542371	1130	117.457745406402	142.542254593597
46	WGN55	71.1251105216596	9.04217845275475	1130	53.3837636661561	88.8664573771632
47	WGN55	129.999999999999	6.39237286542378	1130	117.457745406402	142.542254593597
48	WGN55	122.499999999999	6.39237286542373	1130	109.957745406401	135.042254593596
49	WGN55	99.9999999999988	6.3923728654238	1130	87.4577454064011	112.542254593596
50	WGN55	97.4999999999994	6.39237286542378	1130	84.9577454064018	110.042254593597
52	WGN55	112.499999999999	6.39237286542376	1130	99.9577454064016	125.042254593597
53	WGN55	117.499999999999	6.39237286542382	1130	104.957745406401	130.042254593597
54	WGN55	122.499999999999	6.39237286542376	1130	109.957745406401	135.042254593597
55	WGN55	129.999999999999	6.39237286542383	1130	117.457745406401	142.542254593597
56	WGN55	129.999999999999	6.39237286542376	1130	117.457745406402	142.542254593597
57	WGN55	54.9999999999989	6.39237286542378	1130	42.4577454064013	67.5422545935965
58	WGN55	127.499999999999	6.39237286542373	1130	114.957745406402	140.042254593597
59	WGN55	114.999999999999	6.39237286542373	1130	102.457745406402	127.542254593597
60	WGN55	104.999999999999	6.3923728654238	1130	92.4577454064011	117.542254593596
61	WGN55	99.9999999999989	6.39237286542377	1130	87.4577454064014	112.542254593597
62	WGN55	117.499999999999	6.39237286542375	1130	104.957745406402	130.042254593597
63	WGN55	112.499999999999	6.39237286542373	1130	99.9577454064018	125.042254593597
64	WGN55	97.4999999999987	6.39237286542381	1130	84.957745406401	110.042254593596
65	WGN55	134.999999999999	6.39237286542379	1130	122.457745406402	147.542254593597
66	WGN55	129.999999999999	6.39237286542374	1130	117.457745406401	142.542254593596
67	WGN55	111.125110521661	9.04217845275458	1130	93.3837636661581	128.866457377165
68	WGN55	87.4999999999992	6.39237286542377	1130	74.9577454064016	100.042254593597
69	WGN55	94.9999999999993	6.39237286542377	1130	82.4577454064017	107.542254593597
70	WGN55	139.999999999999	6.39237286542374	1130	127.457745406401	152.542254593596
71	WGN55	94.9999999999993	6.39237286542375	1130	82.4577454064018	107.542254593597
72	WGN55	104.999999999999	6.39237286542376	1130	92.4577454064017	117.542254593597
73	WGN55	127.499999999999	6.39237286542378	1130	114.957745406402	140.042254593597
74	WGN55	122.499999999999	6.39237286542378	1130	109.957745406401	135.042254593597
75	WGN55	127.499999999999	6.39237286542378	1130	114.957745406402	140.042254593597
76	WGN55	137.499999999999	6.39237286542378	1130	124.957745406401	150.042254593597
77	WGN55	111.125110521661	9.04217845275467	1130	93.3837636661578	128.866457377165
78	WGN55	119.999999999999	6.39237286542372	1130	107.457745406402	132.542254593597
80	WGN55	119.999999999999	6.39237286542378	1130	107.457745406401	132.542254593597
81	WGN55	117.499999999999	6.39237286542377	1130	104.957745406401	130.042254593597
82	WGN55	127.499999999999	6.39237286542378	1130	114.957745406401	140.042254593597
83	WGN55	124.999999999999	6.39237286542377	1130	112.457745406401	137.542254593597
84	WGN55	114.999999999999	6.39237286542377	1130	102.457745406401	127.542254593597
85	WGN55	107.499999999999	6.39237286542374	1130	94.9577454064018	120.042254593597
86	WGN55	117.499999999999	6.39237286542376	1130	104.957745406401	130.042254593597
87	WGN55	124.999999999999	6.39237286542374	1130	112.457745406402	137.542254593597
88	WGN55	112.499999999999	6.39237286542376	1130	99.9577454064016	125.042254593597
89	WGN55	137.499999999999	6.39237286542378	1130	124.957745406401	150.042254593597
90	WGN55	107.499999999999	6.39237286542374	1130	94.9577454064017	120.042254593597
91	WGN55	129.999999999999	6.39237286542376	1130	117.457745406402	142.542254593597
92	WGN55	122.499999999999	6.39237286542374	1130	109.957745406402	135.042254593597
93	WGN55	112.499999999999	6.39237286542377	1130	99.9577454064015	125.042254593597
94	WGN55	117.499999999999	6.39237286542377	1130	104.957745406401	130.042254593597
95	WGN55	144.999999999999	6.39237286542378	1130	132.457745406402	157.542254593597
96	WGN55	104.999999999999	6.39237286542376	1130	92.4577454064015	117.542254593597
97	WGN55	127.499999999999	6.39237286542377	1130	114.957745406401	140.042254593597
98	WGN55	104.999999999999	6.39237286542379	1130	92.4577454064014	117.542254593597
99	WGN55	112.499999999999	6.39237286542377	1130	99.9577454064015	125.042254593597
100	WGN55	122.499999999999	6.39237286542378	1130	109.957745406401	135.042254593597
101	WGN55	117.499999999999	6.39237286542378	1130	104.957745406401	130.042254593597
102	WGN55	99.999999999999	6.39237286542377	1130	87.4577454064015	112.542254593597
103	WGN55	107.499999999999	6.39237286542378	1130	94.9577454064014	120.042254593597
104	WGN55	137.499999999999	6.39237286542377	1130	124.957745406402	150.042254593597
105	WGN55	107.499999999999	6.39237286542377	1130	94.9577454064015	120.042254593597
106	WGN55	107.499999999999	6.39237286542376	1130	94.9577454064015	120.042254593597
107	WGN55	114.999999999999	6.39237286542378	1130	102.457745406401	127.542254593597
108	WGN55	109.999999999999	6.39237286542376	1130	97.4577454064015	122.542254593597
109	WGN55	117.499999999999	6.39237286542377	1130	104.957745406401	130.042254593597
110	WGN55	117.499999999999	6.39237286542377	1130	104.957745406401	130.042254593597
111	WGN55	122.499999999999	6.39237286542376	1130	109.957745406402	135.042254593597
112	WGN55	114.999999999999	6.39237286542375	1130	102.457745406402	127.542254593597
113	WGN55	122.499999999999	6.39237286542377	1130	109.957745406401	135.042254593597
114	WGN55	92.4999999999991	6.39237286542376	1130	79.9577454064015	105.042254593597
115	WGN55	119.999999999999	6.39237286542377	1130	107.457745406401	132.542254593597
116	WGN55	109.999999999999	6.39237286542377	1130	97.4577454064014	122.542254593597
117	WGN55	122.499999999999	6.39237286542376	1130	109.957745406401	135.042254593597
118	WGN55	104.999999999999	6.39237286542376	1130	92.4577454064015	117.542254593597
119	WGN55	134.999999999999	6.39237286542376	1130	122.457745406401	147.542254593597
120	WGN55	126.125110521661	9.04217845275464	1130	108.383763666158	143.866457377165
121	WGN55	124.999999999999	6.39237286542377	1130	112.457745406401	137.542254593597
122	WGN55	119.999999999999	6.39237286542377	1130	107.457745406401	132.542254593597
123	WGN55	119.999999999999	6.39237286542376	1130	107.457745406402	132.542254593597
124	WGN55	129.999999999999	6.39237286542376	1130	117.457745406401	142.542254593597
125	WGN55	104.999999999999	6.39237286542376	1130	92.4577454064015	117.542254593597
126	WGN55	119.999999999999	6.39237286542376	1130	107.457745406401	132.542254593597
128	WGN55	102.499999999999	6.39237286542377	1130	89.9577454064015	115.042254593597
129	WGN55	102.499999999999	6.39237286542376	1130	89.9577454064015	115.042254593597
130	WGN55	89.9999999999991	6.39237286542376	1130	77.4577454064015	102.542254593597
1	WGN63	115	6.39237286542384	1130	102.457745406402	127.542254593597
2	WGN63	122.5	6.39237286542383	1130	109.957745406402	135.042254593597
3	WGN63	125	6.39237286542382	1130	112.457745406402	137.542254593598
4	WGN63	127.5	6.39237286542375	1130	114.957745406402	140.042254593597
5	WGN63	120	6.39237286542375	1130	107.457745406402	132.542254593597
6	WGN63	127.499999999999	6.39237286542372	1130	114.957745406402	140.042254593597
7	WGN63	130	6.39237286542379	1130	117.457745406402	142.542254593597
8	WGN63	122.5	6.39237286542371	1130	109.957745406402	135.042254593597
9	WGN63	132.5	6.39237286542381	1130	119.957745406402	145.042254593598
10	WGN63	139.999999999999	6.39237286542378	1130	127.457745406402	152.542254593597
12	WGN63	149.999999999999	6.39237286542378	1130	137.457745406402	162.542254593597
13	WGN63	112.5	6.39237286542383	1130	99.9577454064019	125.042254593597
14	WGN63	132.5	6.39237286542377	1130	119.957745406402	145.042254593597
16	WGN63	107.499999999999	6.39237286542376	1130	94.9577454064019	120.042254593597
17	WGN63	127.5	6.39237286542375	1130	114.957745406402	140.042254593597
18	WGN63	135	6.39237286542377	1130	122.457745406402	147.542254593597
19	WGN63	145	6.39237286542378	1130	132.457745406402	157.542254593597
20	WGN63	125	6.39237286542379	1130	112.457745406402	137.542254593597
21	WGN63	132.5	6.39237286542376	1130	119.957745406402	145.042254593597
22	WGN63	124.999999999999	6.39237286542377	1130	112.457745406402	137.542254593597
23	WGN63	127.499999999999	6.39237286542378	1130	114.957745406401	140.042254593597
24	WGN63	130	6.39237286542379	1130	117.457745406402	142.542254593598
25	WGN63	110	6.39237286542373	1130	97.4577454064022	122.542254593597
26	WGN63	132.5	6.39237286542377	1130	119.957745406402	145.042254593597
27	WGN63	110	6.39237286542377	1130	97.457745406402	122.542254593597
28	WGN63	122.500000000001	6.39237286542379	1130	109.957745406403	135.042254593598
29	WGN63	122.499999999999	6.39237286542373	1130	109.957745406402	135.042254593597
30	WGN63	122.5	6.39237286542381	1130	109.957745406402	135.042254593597
31	WGN63	117.5	6.39237286542378	1130	104.957745406402	130.042254593597
32	WGN63	135	6.39237286542377	1130	122.457745406402	147.542254593597
33	WGN63	127.5	6.39237286542382	1130	114.957745406402	140.042254593598
34	WGN63	120	6.39237286542376	1130	107.457745406402	132.542254593597
35	WGN63	142.5	6.39237286542379	1130	129.957745406402	155.042254593597
36	WGN63	122.499999999999	6.39237286542373	1130	109.957745406402	135.042254593597
37	WGN63	117.5	6.39237286542375	1130	104.957745406402	130.042254593597
38	WGN63	121.125110521662	9.04217845275465	1130	103.383763666159	138.866457377165
39	WGN63	121.125110521662	9.0421784527546	1130	103.383763666159	138.866457377165
40	WGN63	105	6.39237286542374	1130	92.4577454064023	117.542254593597
41	WGN63	120	6.39237286542371	1130	107.457745406402	132.542254593597
42	WGN63	127.5	6.39237286542375	1130	114.957745406402	140.042254593597
43	WGN63	122.5	6.3923728654238	1130	109.957745406402	135.042254593597
44	WGN63	117.5	6.39237286542379	1130	104.957745406402	130.042254593597
45	WGN63	115	6.39237286542372	1130	102.457745406402	127.542254593597
46	WGN63	140	6.39237286542376	1130	127.457745406402	152.542254593597
47	WGN63	127.5	6.39237286542381	1130	114.957745406402	140.042254593598
48	WGN63	132.5	6.39237286542381	1130	119.957745406402	145.042254593598
49	WGN63	115	6.39237286542381	1130	102.457745406402	127.542254593597
50	WGN63	117.5	6.39237286542374	1130	104.957745406402	130.042254593597
51	WGN63	130	6.39237286542373	1130	117.457745406402	142.542254593597
52	WGN63	125	6.39237286542377	1130	112.457745406402	137.542254593597
53	WGN63	127.5	6.39237286542374	1130	114.957745406402	140.042254593597
54	WGN63	115	6.39237286542373	1130	102.457745406402	127.542254593597
55	WGN63	122.5	6.39237286542378	1130	109.957745406402	135.042254593597
56	WGN63	132.499999999999	6.39237286542373	1130	119.957745406402	145.042254593597
57	WGN63	137.5	6.3923728654238	1130	124.957745406402	150.042254593598
58	WGN63	102.5	6.39237286542377	1130	89.957745406402	115.042254593597
59	WGN63	120	6.39237286542377	1130	107.457745406402	132.542254593597
60	WGN63	125	6.39237286542377	1130	112.457745406402	137.542254593597
61	WGN63	92.4999999999998	6.39237286542374	1130	79.9577454064023	105.042254593597
62	WGN63	127.5	6.39237286542374	1130	114.957745406402	140.042254593597
63	WGN63	69.9999999999998	6.39237286542376	1130	57.4577454064023	82.5422545935974
64	WGN63	115	6.39237286542373	1130	102.457745406402	127.542254593597
65	WGN63	140	6.39237286542379	1130	127.457745406402	152.542254593597
66	WGN63	130	6.39237286542373	1130	117.457745406402	142.542254593597
67	WGN63	112.5	6.39237286542378	1130	99.9577454064019	125.042254593597
68	WGN63	112.5	6.39237286542379	1130	99.957745406402	125.042254593597
69	WGN63	92.4999999999995	6.39237286542379	1130	79.9577454064019	105.042254593597
70	WGN63	122.5	6.39237286542376	1130	109.957745406402	135.042254593597
72	WGN63	137.5	6.39237286542377	1130	124.957745406402	150.042254593597
73	WGN63	132.499999999999	6.39237286542375	1130	119.957745406402	145.042254593597
74	WGN63	117.5	6.39237286542378	1130	104.957745406402	130.042254593597
75	WGN63	135	6.39237286542377	1130	122.457745406402	147.542254593597
76	WGN63	115	6.39237286542379	1130	102.457745406402	127.542254593597
77	WGN63	110	6.39237286542377	1130	97.457745406402	122.542254593597
78	WGN63	122.5	6.39237286542379	1130	109.957745406402	135.042254593597
79	WGN63	130	6.39237286542375	1130	117.457745406402	142.542254593597
80	WGN63	127.5	6.39237286542376	1130	114.957745406402	140.042254593597
81	WGN63	120	6.39237286542377	1130	107.457745406402	132.542254593597
82	WGN63	127.5	6.39237286542379	1130	114.957745406402	140.042254593597
83	WGN63	127.5	6.39237286542378	1130	114.957745406402	140.042254593597
84	WGN63	110	6.39237286542379	1130	97.4577454064021	122.542254593597
85	WGN63	137.5	6.39237286542378	1130	124.957745406402	150.042254593597
86	WGN63	137.5	6.39237286542375	1130	124.957745406402	150.042254593597
87	WGN63	139.999999999999	6.39237286542375	1130	127.457745406402	152.542254593597
88	WGN63	120	6.39237286542375	1130	107.457745406402	132.542254593597
89	WGN63	117.5	6.39237286542377	1130	104.957745406402	130.042254593597
90	WGN63	116.125110521662	9.04217845275465	1130	98.3837636661585	133.866457377165
91	WGN63	115	6.39237286542378	1130	102.457745406402	127.542254593597
92	WGN63	125	6.39237286542377	1130	112.457745406402	137.542254593597
93	WGN63	115	6.39237286542376	1130	102.457745406402	127.542254593597
94	WGN63	127.5	6.39237286542377	1130	114.957745406402	140.042254593597
95	WGN63	132.5	6.39237286542377	1130	119.957745406402	145.042254593597
96	WGN63	122.5	6.39237286542378	1130	109.957745406402	135.042254593597
97	WGN63	135	6.39237286542376	1130	122.457745406402	147.542254593597
98	WGN63	143.874889478338	9.04217845275465	1130	126.133542622834	161.616236333841
99	WGN63	123.874889478338	9.04217845275465	1130	106.133542622834	141.616236333841
100	WGN63	112.5	6.39237286542377	1130	99.957745406402	125.042254593597
101	WGN63	118.874889478337	9.04217845275466	1130	101.133542622834	136.616236333841
102	WGN63	125	6.39237286542377	1130	112.457745406402	137.542254593597
103	WGN63	130	6.39237286542376	1130	117.457745406402	142.542254593597
105	WGN63	120	6.39237286542376	1130	107.457745406402	132.542254593597
106	WGN63	125	6.39237286542377	1130	112.457745406402	137.542254593597
107	WGN63	94.9999999999996	6.39237286542377	1130	82.457745406402	107.542254593597
109	WGN63	135	6.39237286542377	1130	122.457745406402	147.542254593597
110	WGN63	96.1251105216618	9.04217845275464	1130	78.3837636661584	113.866457377165
111	WGN63	115	6.39237286542377	1130	102.457745406402	127.542254593597
112	WGN63	135	6.39237286542377	1130	122.457745406402	147.542254593597
114	WGN63	135	6.39237286542377	1130	122.457745406402	147.542254593597
115	WGN63	127.5	6.39237286542376	1130	114.957745406402	140.042254593597
116	WGN63	140	6.39237286542377	1130	127.457745406402	152.542254593597
117	WGN63	122.5	6.39237286542376	1130	109.957745406402	135.042254593597
118	WGN63	132.5	6.39237286542377	1130	119.957745406402	145.042254593597
119	WGN63	117.5	6.39237286542377	1130	104.957745406402	130.042254593597
121	WGN63	125	6.39237286542377	1130	112.457745406402	137.542254593597
122	WGN63	127.5	6.39237286542376	1130	114.957745406402	140.042254593597
123	WGN63	107.5	6.39237286542377	1130	94.9577454064021	120.042254593597
124	WGN63	125	6.39237286542377	1130	112.457745406402	137.542254593597
125	WGN63	121.125110521662	9.04217845275463	1130	103.383763666158	138.866457377165
126	WGN63	110	6.39237286542376	1130	97.457745406402	122.542254593597
127	WGN63	120	6.39237286542377	1130	107.457745406402	132.542254593597
128	WGN63	105	6.39237286542377	1130	92.457745406402	117.542254593597
129	WGN63	140	6.39237286542377	1130	127.457745406402	152.542254593597
130	WGN63	127.5	6.39237286542377	1130	114.957745406402	140.042254593597
