plantID3	famID	emmean	SE	df	lower.CL	upper.CL
1	WGN07	85.0000000000386	5.48841334755122	1125	74.2313219190257	95.7686780810515
2	WGN07	82.5000000000009	5.48841334755376	1125	71.7313219189831	93.2686780810188
3	WGN07	85.0000000000027	5.48841334755447	1125	74.2313219189834	95.7686780810219
4	WGN07	65.0000000000022	5.48841334755448	1125	54.2313219189829	75.7686780810214
5	WGN07	90.0000000000016	5.48841334755436	1125	79.2313219189825	100.768678081021
6	WGN07	80.000000000003	5.48841334755445	1125	69.2313219189838	90.7686780810222
7	WGN07	85.0000000000019	5.48841334755463	1125	74.2313219189823	95.7686780810214
8	WGN07	107.500000000001	5.48841334755443	1125	96.7313219189818	118.26867808102
9	WGN07	102.500000000001	5.48841334755418	1125	91.7313219189823	113.26867808102
10	WGN07	77.5000000000019	5.48841334755437	1125	66.7313219189828	88.268678081021
11	WGN07	80.0000000000016	5.48841334755438	1125	69.2313219189826	90.7686780810207
12	WGN07	70.0000000000011	5.48841334755438	1125	59.231321918982	80.7686780810202
13	WGN07	85.0000000000018	5.48841334755433	1125	74.2313219189828	95.7686780810208
14	WGN07	92.5000000000013	5.48841334755438	1125	81.7313219189822	103.26867808102
15	WGN07	77.5000000000015	5.48841334755444	1125	66.7313219189823	88.2686780810207
16	WGN07	77.5000000000005	5.4884133475545	1125	66.7313219189812	88.2686780810198
17	WGN07	82.5000000000003	5.48841334755468	1125	71.7313219189806	93.2686780810199
18	WGN07	90.0000000000014	5.48841334755429	1125	79.2313219189824	100.76867808102
20	WGN07	51.6540852575504	7.76351171083269	1125	36.4214937783696	66.8866767367312
21	WGN07	95.0000000000014	5.48841334755432	1125	84.2313219189824	105.76867808102
22	WGN07	90.0000000000012	5.48841334755425	1125	79.2313219189823	100.76867808102
23	WGN07	80.0000000000016	5.48841334755442	1125	69.2313219189824	90.7686780810207
24	WGN07	77.5000000000018	5.48841334755442	1125	66.7313219189827	88.268678081021
25	WGN07	85.0000000000017	5.48841334755442	1125	74.2313219189825	95.7686780810209
26	WGN07	77.5000000000017	5.48841334755435	1125	66.7313219189827	88.2686780810208
27	WGN07	85.0000000000014	5.48841334755445	1125	74.2313219189822	95.7686780810207
28	WGN07	92.5000000000015	5.48841334755441	1125	81.7313219189824	103.268678081021
29	WGN07	90.000000000002	5.4884133475545	1125	79.2313219189827	100.768678081021
30	WGN07	67.5000000000018	5.48841334755436	1125	56.7313219189827	78.2686780810208
31	WGN07	90.000000000002	5.48841334755456	1125	79.2313219189826	100.768678081021
32	WGN07	87.5000000000017	5.48841334755434	1125	76.7313219189827	98.2686780810207
33	WGN07	85.0000000000017	5.48841334755443	1125	74.2313219189825	95.7686780810209
34	WGN07	90.0000000000015	5.48841334755442	1125	79.2313219189824	100.768678081021
35	WGN07	92.5000000000016	5.48841334755441	1125	81.7313219189825	103.268678081021
36	WGN07	67.5000000000025	5.48841334755439	1125	56.7313219189834	78.2686780810216
37	WGN07	87.5000000000014	5.48841334755436	1125	76.7313219189823	98.2686780810204
38	WGN07	92.5000000000021	5.48841334755447	1125	81.7313219189828	103.268678081021
39	WGN07	82.5000000000017	5.48841334755442	1125	71.7313219189825	93.2686780810208
40	WGN07	80.0000000000014	5.48841334755445	1125	69.2313219189821	90.7686780810206
41	WGN07	70.0000000000012	5.48841334755466	1125	59.2313219189815	80.7686780810208
42	WGN07	97.5000000000015	5.48841334755428	1125	86.7313219189826	108.26867808102
44	WGN07	67.5000000000023	5.4884133475543	1125	56.7313219189833	78.2686780810212
46	WGN07	82.500000000002	5.48841334755433	1125	71.731321918983	93.268678081021
47	WGN07	77.5000000000017	5.4884133475545	1125	66.7313219189824	88.2686780810211
48	WGN07	77.5000000000022	5.48841334755438	1125	66.7313219189831	88.2686780810213
49	WGN07	82.5000000000012	5.48841334755448	1125	71.7313219189819	93.2686780810205
50	WGN07	77.5000000000012	5.48841334755436	1125	66.7313219189821	88.2686780810202
51	WGN07	95.0000000000017	5.48841334755436	1125	84.2313219189827	105.768678081021
52	WGN07	67.5000000000014	5.48841334755452	1125	56.7313219189821	78.2686780810208
53	WGN07	85.0000000000022	5.4884133475545	1125	74.2313219189829	95.7686780810216
54	WGN07	72.500000000002	5.48841334755434	1125	61.731321918983	83.268678081021
55	WGN07	80.0000000000021	5.48841334755427	1125	69.2313219189833	90.768678081021
56	WGN07	82.5000000000014	5.48841334755439	1125	71.7313219189823	93.2686780810205
57	WGN07	82.5000000000025	5.48841334755449	1125	71.7313219189832	93.2686780810218
58	WGN07	87.5000000000018	5.48841334755434	1125	76.7313219189828	98.2686780810208
59	WGN07	77.5000000000015	5.4884133475543	1125	66.7313219189826	88.2686780810204
60	WGN07	82.5000000000018	5.48841334755437	1125	71.7313219189828	93.2686780810209
61	WGN07	82.5000000000016	5.48841334755435	1125	71.7313219189826	93.2686780810206
63	WGN07	87.5000000000017	5.48841334755437	1125	76.7313219189827	98.2686780810208
64	WGN07	75.0000000000019	5.48841334755447	1125	64.2313219189827	85.7686780810212
66	WGN07	82.5000000000014	5.4884133475543	1125	71.7313219189824	93.2686780810203
67	WGN07	60.0000000000029	5.48841334755432	1125	49.2313219189839	70.7686780810218
68	WGN07	77.500000000002	5.48841334755439	1125	66.7313219189829	88.2686780810211
69	WGN07	101.654085257551	7.76351171083286	1125	86.4214937783695	116.886676736732
71	WGN07	75.0000000000018	5.4884133475544	1125	64.2313219189827	85.7686780810209
73	WGN07	80.0000000000009	5.48841334755453	1125	69.2313219189815	90.7686780810203
74	WGN07	97.5000000000021	5.48841334755447	1125	86.7313219189829	108.268678081021
75	WGN07	75.0000000000013	5.48841334755453	1125	64.2313219189819	85.7686780810207
76	WGN07	80.0000000000016	5.48841334755445	1125	69.2313219189824	90.7686780810209
77	WGN07	82.5000000000016	5.48841334755437	1125	71.7313219189825	93.2686780810207
78	WGN07	70.0000000000013	5.48841334755452	1125	59.231321918982	80.7686780810207
79	WGN07	95.0000000000015	5.48841334755433	1125	84.2313219189825	105.76867808102
80	WGN07	85.0000000000021	5.48841334755432	1125	74.2313219189831	95.768678081021
81	WGN07	80.0000000000016	5.4884133475543	1125	69.2313219189827	90.7686780810205
82	WGN07	70.0000000000019	5.48841334755439	1125	59.2313219189828	80.768678081021
83	WGN07	77.5000000000017	5.48841334755443	1125	66.7313219189825	88.2686780810209
84	WGN07	72.5000000000016	5.48841334755445	1125	61.7313219189824	83.2686780810208
85	WGN07	90.0000000000018	5.48841334755451	1125	79.2313219189825	100.768678081021
86	WGN07	87.5000000000017	5.48841334755435	1125	76.7313219189827	98.2686780810207
87	WGN07	87.5000000000017	5.48841334755437	1125	76.7313219189826	98.2686780810207
88	WGN07	87.5000000000016	5.48841334755452	1125	76.7313219189823	98.268678081021
89	WGN07	77.5000000000022	5.4884133475544	1125	66.7313219189831	88.2686780810213
90	WGN07	82.5000000000018	5.48841334755422	1125	71.731321918983	93.2686780810206
91	WGN07	90.0000000000016	5.48841334755442	1125	79.2313219189824	100.768678081021
92	WGN07	83.3459147424535	7.76351171083274	1125	68.1133232632726	98.5785062216344
93	WGN07	82.500000000002	5.48841334755438	1125	71.7313219189829	93.2686780810211
94	WGN07	80.0000000000016	5.48841334755445	1125	69.2313219189824	90.7686780810209
95	WGN07	85.0000000000015	5.48841334755441	1125	74.2313219189824	95.7686780810207
96	WGN07	77.5000000000011	5.48841334755447	1125	66.7313219189818	88.2686780810204
97	WGN07	106.654085257551	7.76351171083286	1125	91.4214937783698	121.886676736732
98	WGN07	90.0000000000013	5.48841334755447	1125	79.2313219189821	100.768678081021
99	WGN07	87.5000000000017	5.48841334755449	1125	76.7313219189824	98.268678081021
100	WGN07	75.0000000000017	5.48841334755445	1125	64.2313219189825	85.7686780810209
101	WGN07	67.5000000000019	5.48841334755437	1125	56.7313219189828	78.2686780810209
102	WGN07	85.0000000000016	5.48841334755449	1125	74.2313219189823	95.7686780810209
103	WGN07	77.5000000000017	5.48841334755437	1125	66.7313219189826	88.2686780810207
104	WGN07	82.5000000000016	5.48841334755452	1125	71.7313219189823	93.268678081021
105	WGN07	100.000000000002	5.48841334755447	1125	89.2313219189829	110.768678081021
106	WGN07	82.5000000000013	5.48841334755444	1125	71.7313219189821	93.2686780810205
107	WGN07	92.5000000000016	5.48841334755441	1125	81.7313219189824	103.268678081021
108	WGN07	85.0000000000017	5.48841334755444	1125	74.2313219189825	95.7686780810209
109	WGN07	63.345914742453	7.76351171083284	1125	48.1133232632719	78.5785062216341
110	WGN07	80.0000000000015	5.48841334755428	1125	69.2313219189826	90.7686780810204
112	WGN07	87.5000000000015	5.48841334755428	1125	76.7313219189826	98.2686780810204
113	WGN07	62.5000000000016	5.48841334755441	1125	51.7313219189825	73.2686780810208
114	WGN07	77.5000000000016	5.48841334755436	1125	66.7313219189826	88.2686780810207
115	WGN07	85.0000000000016	5.48841334755443	1125	74.2313219189824	95.7686780810208
116	WGN07	90.0000000000018	5.48841334755434	1125	79.2313219189828	100.768678081021
117	WGN07	95.0000000000019	5.48841334755432	1125	84.2313219189829	105.768678081021
118	WGN07	75.0000000000016	5.48841334755441	1125	64.2313219189824	85.7686780810207
119	WGN07	80.0000000000015	5.48841334755453	1125	69.2313219189822	90.7686780810209
120	WGN07	90.0000000000016	5.4884133475544	1125	79.2313219189825	100.768678081021
121	WGN07	80.0000000000022	5.48841334755437	1125	69.2313219189832	90.7686780810213
122	WGN07	86.6540852575507	7.76351171083274	1125	71.4214937783698	101.886676736732
123	WGN07	80.0000000000018	5.4884133475545	1125	69.2313219189825	90.7686780810211
124	WGN07	75.000000000002	5.48841334755432	1125	64.2313219189831	85.768678081021
125	WGN07	75.0000000000017	5.48841334755432	1125	64.2313219189827	85.7686780810206
126	WGN07	85.0000000000012	5.48841334755436	1125	74.2313219189821	95.7686780810202
127	WGN07	82.5000000000019	5.48841334755446	1125	71.7313219189827	93.2686780810212
128	WGN07	85.0000000000015	5.4884133475545	1125	74.2313219189822	95.7686780810209
129	WGN07	92.5000000000017	5.48841334755442	1125	81.7313219189825	103.268678081021
130	WGN07	72.5000000000009	5.48841334755453	1125	61.7313219189815	83.2686780810203
1	WGN15	102.500000000003	5.48841334755355	1125	91.7313219189851	113.26867808102
2	WGN15	87.5000000000001	5.48841334755435	1125	76.7313219189811	98.2686780810191
3	WGN15	82.4999999999998	5.4884133475544	1125	71.7313219189807	93.2686780810189
4	WGN15	77.4999999999982	5.48841334755455	1125	66.7313219189788	88.2686780810176
5	WGN15	102.5	5.48841334755434	1125	91.7313219189806	113.268678081019
7	WGN15	114.999999999999	5.48841334755435	1125	104.23132191898	125.768678081018
8	WGN15	109.999999999999	5.4884133475544	1125	99.2313219189799	120.768678081018
9	WGN15	85.0000000000001	5.48841334755435	1125	74.231321918981	95.7686780810191
10	WGN15	94.9999999999997	5.48841334755442	1125	84.2313219189805	105.768678081019
11	WGN15	105	5.48841334755442	1125	94.2313219189803	115.768678081019
12	WGN15	97.4999999999996	5.48841334755434	1125	86.7313219189806	108.268678081019
13	WGN15	102.5	5.48841334755449	1125	91.7313219189804	113.268678081019
14	WGN15	92.4999999999995	5.48841334755444	1125	81.7313219189803	103.268678081019
15	WGN15	97.4999999999998	5.48841334755438	1125	86.7313219189807	108.268678081019
16	WGN15	94.9999999999998	5.48841334755443	1125	84.2313219189806	105.768678081019
17	WGN15	94.9999999999998	5.48841334755436	1125	84.2313219189808	105.768678081019
18	WGN15	99.9999999999997	5.48841334755443	1125	89.2313219189806	110.768678081019
19	WGN15	107.5	5.48841334755436	1125	96.7313219189805	118.268678081019
20	WGN15	89.9999999999998	5.4884133475544	1125	79.2313219189807	100.768678081019
21	WGN15	97.4999999999993	5.48841334755443	1125	86.7313219189801	108.268678081018
22	WGN15	102.5	5.48841334755438	1125	91.7313219189805	113.268678081019
23	WGN15	92.4999999999993	5.48841334755448	1125	81.73132191898	103.268678081019
24	WGN15	82.5000000000001	5.48841334755437	1125	71.7313219189811	93.2686780810192
25	WGN15	107.5	5.48841334755452	1125	96.7313219189805	118.268678081019
26	WGN15	80.0000000000002	5.48841334755437	1125	69.2313219189812	90.7686780810193
27	WGN15	99.9999999999994	5.48841334755442	1125	89.2313219189802	110.768678081019
28	WGN15	102.5	5.48841334755442	1125	91.7313219189803	113.268678081019
29	WGN15	92.4999999999996	5.48841334755444	1125	81.7313219189804	103.268678081019
30	WGN15	89.9999999999996	5.48841334755442	1125	79.2313219189804	100.768678081019
31	WGN15	97.4999999999995	5.48841334755445	1125	86.7313219189802	108.268678081019
32	WGN15	105	5.48841334755446	1125	94.2313219189804	115.768678081019
33	WGN15	107.5	5.48841334755442	1125	96.7313219189804	118.268678081019
34	WGN15	97.4999999999995	5.48841334755448	1125	86.7313219189802	108.268678081019
35	WGN15	92.4999999999998	5.48841334755434	1125	81.7313219189808	103.268678081019
36	WGN15	87.5	5.48841334755434	1125	76.731321918981	98.268678081019
37	WGN15	97.4999999999996	5.48841334755447	1125	86.7313219189804	108.268678081019
38	WGN15	77.499999999999	5.48841334755446	1125	66.7313219189798	88.2686780810183
39	WGN15	100	5.48841334755432	1125	89.2313219189812	110.768678081019
40	WGN15	107.5	5.48841334755461	1125	96.7313219189801	118.268678081019
41	WGN15	85.0000000000002	5.48841334755433	1125	74.2313219189812	95.7686780810192
43	WGN15	84.9999999999997	5.48841334755436	1125	74.2313219189807	95.7686780810188
44	WGN15	89.9999999999993	5.48841334755446	1125	79.2313219189801	100.768678081019
45	WGN15	97.4999999999993	5.48841334755451	1125	86.73132191898	108.268678081019
46	WGN15	102.5	5.48841334755434	1125	91.7313219189808	113.268678081019
47	WGN15	92.4999999999992	5.4884133475545	1125	81.7313219189799	103.268678081019
48	WGN15	84.9999999999989	5.48841334755449	1125	74.2313219189796	95.7686780810182
50	WGN15	102.499999999999	5.48841334755435	1125	91.7313219189803	113.268678081018
51	WGN15	102.5	5.48841334755437	1125	91.7313219189809	113.268678081019
52	WGN15	99.9999999999996	5.48841334755442	1125	89.2313219189804	110.768678081019
53	WGN15	79.9999999999998	5.48841334755438	1125	69.2313219189808	90.7686780810189
54	WGN15	102.499999999999	5.48841334755442	1125	91.7313219189802	113.268678081019
55	WGN15	94.9999999999996	5.48841334755434	1125	84.2313219189806	105.768678081019
56	WGN15	105	5.48841334755454	1125	94.2313219189802	115.768678081019
57	WGN15	92.5000000000001	5.48841334755432	1125	81.7313219189811	103.268678081019
58	WGN15	74.9999999999994	5.48841334755441	1125	64.2313219189803	85.7686780810185
59	WGN15	102.499999999999	5.48841334755441	1125	91.7313219189803	113.268678081019
60	WGN15	92.4999999999998	5.48841334755434	1125	81.7313219189808	103.268678081019
61	WGN15	92.4999999999989	5.48841334755443	1125	81.7313219189798	103.268678081018
62	WGN15	95.0000000000002	5.48841334755426	1125	84.2313219189814	105.768678081019
63	WGN15	99.9999999999993	5.48841334755443	1125	89.2313219189802	110.768678081019
64	WGN15	94.9999999999995	5.48841334755442	1125	84.2313219189803	105.768678081019
65	WGN15	82.4999999999996	5.48841334755446	1125	71.7313219189803	93.2686780810188
66	WGN15	84.9999999999998	5.48841334755439	1125	74.2313219189807	95.7686780810189
67	WGN15	97.4999999999997	5.48841334755443	1125	86.7313219189806	108.268678081019
68	WGN15	92.4999999999998	5.48841334755434	1125	81.7313219189808	103.268678081019
69	WGN15	94.9999999999994	5.48841334755438	1125	84.2313219189803	105.768678081018
70	WGN15	97.4999999999999	5.48841334755445	1125	86.7313219189807	108.268678081019
71	WGN15	99.9999999999995	5.48841334755451	1125	89.2313219189801	110.768678081019
72	WGN15	99.9999999999996	5.48841334755441	1125	89.2313219189804	110.768678081019
73	WGN15	105	5.48841334755439	1125	94.2313219189807	115.768678081019
74	WGN15	94.9999999999992	5.4884133475545	1125	84.2313219189799	105.768678081019
75	WGN15	99.9999999999998	5.4884133475544	1125	89.2313219189807	110.768678081019
77	WGN15	84.9999999999996	5.48841334755443	1125	74.2313219189805	95.7686780810188
78	WGN15	105	5.48841334755443	1125	94.2313219189803	115.768678081019
79	WGN15	105	5.48841334755439	1125	94.2313219189805	115.768678081019
80	WGN15	102.499999999999	5.48841334755447	1125	91.7313219189801	113.268678081019
81	WGN15	105	5.48841334755449	1125	94.2313219189807	115.768678081019
82	WGN15	94.9999999999995	5.48841334755448	1125	84.2313219189802	105.768678081019
83	WGN15	89.9999999999994	5.48841334755446	1125	79.2313219189802	100.768678081019
84	WGN15	97.4999999999997	5.4884133475544	1125	86.7313219189806	108.268678081019
85	WGN15	112.499999999999	5.48841334755452	1125	101.73132191898	123.268678081019
86	WGN15	97.4999999999995	5.48841334755445	1125	86.7313219189803	108.268678081019
87	WGN15	105	5.48841334755444	1125	94.2313219189805	115.768678081019
88	WGN15	105	5.48841334755445	1125	94.2313219189803	115.768678081019
89	WGN15	105	5.48841334755445	1125	94.2313219189804	115.768678081019
90	WGN15	104.999999999999	5.48841334755437	1125	94.2313219189804	115.768678081019
91	WGN15	94.9999999999996	5.4884133475544	1125	84.2313219189805	105.768678081019
92	WGN15	99.9999999999997	5.48841334755443	1125	89.2313219189805	110.768678081019
93	WGN15	87.4999999999993	5.48841334755439	1125	76.7313219189802	98.2686780810184
94	WGN15	102.5	5.48841334755445	1125	91.7313219189803	113.268678081019
95	WGN15	92.4999999999995	5.48841334755439	1125	81.7313219189804	103.268678081019
96	WGN15	101.654085257548	7.7635117108327	1125	86.4214937783676	116.886676736729
97	WGN15	99.9999999999995	5.48841334755442	1125	89.2313219189803	110.768678081019
98	WGN15	102.5	5.48841334755437	1125	91.7313219189805	113.268678081019
99	WGN15	95	5.48841334755429	1125	84.2313219189811	105.768678081019
100	WGN15	102.5	5.4884133475545	1125	91.7313219189802	113.268678081019
101	WGN15	102.499999999999	5.48841334755444	1125	91.7313219189802	113.268678081019
102	WGN15	94.9999999999995	5.48841334755442	1125	84.2313219189803	105.768678081019
103	WGN15	97.4999999999998	5.48841334755437	1125	86.7313219189807	108.268678081019
104	WGN15	74.9999999999996	5.48841334755438	1125	64.2313219189805	85.7686780810186
106	WGN15	84.9999999999997	5.48841334755447	1125	74.2313219189805	95.768678081019
107	WGN15	97.4999999999996	5.48841334755445	1125	86.7313219189804	108.268678081019
108	WGN15	102.5	5.48841334755441	1125	91.7313219189805	113.268678081019
109	WGN15	87.4999999999997	5.48841334755444	1125	76.7313219189805	98.2686780810189
110	WGN15	102.499999999999	5.4884133475544	1125	91.7313219189803	113.268678081019
111	WGN15	94.9999999999992	5.48841334755447	1125	84.2313219189799	105.768678081018
112	WGN15	84.9999999999995	5.48841334755441	1125	74.2313219189804	95.7686780810187
113	WGN15	107.499999999999	5.48841334755442	1125	96.7313219189803	118.268678081019
114	WGN15	112.499999999999	5.48841334755432	1125	101.73132191898	123.268678081018
115	WGN15	92.4999999999996	5.48841334755449	1125	81.7313219189803	103.268678081019
116	WGN15	97.4999999999995	5.48841334755435	1125	86.7313219189805	108.268678081019
117	WGN15	89.9999999999994	5.48841334755446	1125	79.2313219189802	100.768678081019
118	WGN15	107.499999999999	5.48841334755445	1125	96.7313219189803	118.268678081019
119	WGN15	99.9999999999993	5.48841334755448	1125	89.23132191898	110.768678081019
120	WGN15	102.5	5.48841334755444	1125	91.7313219189804	113.268678081019
121	WGN15	89.9999999999995	5.48841334755444	1125	79.2313219189803	100.768678081019
122	WGN15	84.9999999999993	5.48841334755445	1125	74.2313219189801	95.7686780810185
123	WGN15	89.9999999999992	5.48841334755448	1125	79.23132191898	100.768678081019
124	WGN15	87.4999999999995	5.48841334755443	1125	76.7313219189803	98.2686780810187
125	WGN15	104.999999999999	5.48841334755441	1125	94.23132191898	115.768678081018
126	WGN15	102.5	5.48841334755442	1125	91.7313219189804	113.268678081019
127	WGN15	84.9999999999995	5.48841334755434	1125	74.2313219189805	95.7686780810185
128	WGN15	112.5	5.48841334755448	1125	101.73132191898	123.268678081019
129	WGN15	87.4999999999996	5.48841334755441	1125	76.7313219189804	98.2686780810187
130	WGN15	110	5.48841334755445	1125	99.2313219189804	120.768678081019
1	WGN26	87.4999999999994	5.48841334755422	1125	76.7313219189806	98.2686780810182
3	WGN26	87.5000000000019	5.48841334755454	1125	76.7313219189825	98.2686780810213
4	WGN26	95.0000000000019	5.4884133475543	1125	84.2313219189829	105.768678081021
5	WGN26	92.5000000000016	5.48841334755426	1125	81.7313219189828	103.26867808102
6	WGN26	80.0000000000023	5.48841334755429	1125	69.2313219189834	90.7686780810212
7	WGN26	92.5000000000022	5.48841334755446	1125	81.731321918983	103.268678081021
8	WGN26	77.5000000000022	5.48841334755437	1125	66.7313219189832	88.2686780810213
9	WGN26	82.5000000000024	5.48841334755446	1125	71.7313219189831	93.2686780810216
10	WGN26	97.5000000000027	5.48841334755459	1125	86.7313219189832	108.268678081022
11	WGN26	95.0000000000025	5.48841334755452	1125	84.2313219189832	105.768678081022
12	WGN26	95.0000000000021	5.48841334755449	1125	84.2313219189828	105.768678081021
13	WGN26	95.000000000002	5.48841334755448	1125	84.2313219189828	105.768678081021
14	WGN26	105.000000000002	5.48841334755445	1125	94.2313219189829	115.768678081021
15	WGN26	95.0000000000022	5.48841334755446	1125	84.231321918983	105.768678081021
17	WGN26	102.500000000002	5.48841334755445	1125	91.731321918983	113.268678081021
18	WGN26	82.5000000000022	5.4884133475545	1125	71.7313219189829	93.2686780810215
19	WGN26	90.0000000000021	5.48841334755442	1125	79.2313219189829	100.768678081021
20	WGN26	76.6540852575505	7.76351171083288	1125	61.4214937783693	91.8866767367316
21	WGN26	97.5000000000025	5.48841334755453	1125	86.7313219189831	108.268678081022
22	WGN26	92.5000000000025	5.48841334755464	1125	81.7313219189829	103.268678081022
23	WGN26	87.500000000002	5.48841334755452	1125	76.7313219189827	98.2686780810214
24	WGN26	92.5000000000022	5.48841334755438	1125	81.7313219189831	103.268678081021
25	WGN26	87.5000000000019	5.48841334755436	1125	76.7313219189829	98.268678081021
26	WGN26	75.0000000000019	5.48841334755455	1125	64.2313219189825	85.7686780810213
27	WGN26	92.5000000000021	5.48841334755445	1125	81.7313219189829	103.268678081021
28	WGN26	100.000000000002	5.48841334755431	1125	89.2313219189827	110.768678081021
29	WGN26	97.500000000002	5.48841334755441	1125	86.7313219189829	108.268678081021
30	WGN26	82.500000000002	5.48841334755444	1125	71.7313219189829	93.2686780810212
31	WGN26	105.000000000002	5.48841334755447	1125	94.2313219189829	115.768678081021
32	WGN26	92.5000000000021	5.48841334755446	1125	81.7313219189829	103.268678081021
33	WGN26	113.345914742453	7.76351171083279	1125	98.1133232632724	128.578506221634
34	WGN26	97.5000000000024	5.48841334755448	1125	86.7313219189831	108.268678081022
35	WGN26	100.000000000002	5.48841334755442	1125	89.2313219189829	110.768678081021
36	WGN26	97.5000000000021	5.48841334755442	1125	86.7313219189829	108.268678081021
38	WGN26	107.500000000002	5.48841334755445	1125	96.7313219189831	118.268678081022
39	WGN26	112.500000000003	5.48841334755452	1125	101.731321918984	123.268678081022
40	WGN26	95.0000000000019	5.48841334755446	1125	84.2313219189827	105.768678081021
41	WGN26	85.0000000000019	5.4884133475545	1125	74.2313219189826	95.7686780810212
42	WGN26	95.0000000000022	5.48841334755451	1125	84.2313219189828	105.768678081021
43	WGN26	92.5000000000022	5.48841334755446	1125	81.7313219189829	103.268678081021
44	WGN26	100.000000000002	5.48841334755444	1125	89.2313219189828	110.768678081021
45	WGN26	90.0000000000021	5.48841334755447	1125	79.2313219189828	100.768678081021
46	WGN26	95.0000000000019	5.48841334755441	1125	84.2313219189828	105.768678081021
47	WGN26	86.6540852575509	7.76351171083281	1125	71.4214937783699	101.886676736732
48	WGN26	80.0000000000018	5.48841334755449	1125	69.2313219189825	90.7686780810211
49	WGN26	92.5000000000021	5.48841334755448	1125	81.7313219189828	103.268678081021
50	WGN26	115.000000000002	5.48841334755444	1125	104.231321918983	125.768678081021
51	WGN26	97.5000000000021	5.48841334755444	1125	86.7313219189829	108.268678081021
52	WGN26	100.000000000002	5.48841334755444	1125	89.2313219189829	110.768678081021
53	WGN26	105.000000000002	5.48841334755437	1125	94.2313219189826	115.768678081021
54	WGN26	90.0000000000021	5.48841334755448	1125	79.2313219189829	100.768678081021
55	WGN26	107.500000000002	5.48841334755439	1125	96.7313219189827	118.268678081021
56	WGN26	97.500000000002	5.48841334755443	1125	86.7313219189828	108.268678081021
57	WGN26	97.5000000000022	5.48841334755448	1125	86.731321918983	108.268678081022
58	WGN26	100.000000000002	5.48841334755445	1125	89.231321918983	110.768678081021
59	WGN26	88.3459147424533	7.76351171083267	1125	73.1133232632726	103.578506221634
60	WGN26	92.5000000000021	5.48841334755445	1125	81.7313219189829	103.268678081021
61	WGN26	91.654085257551	7.76351171083289	1125	76.4214937783698	106.886676736732
62	WGN26	95.000000000002	5.48841334755448	1125	84.2313219189828	105.768678081021
64	WGN26	90.0000000000021	5.48841334755438	1125	79.231321918983	100.768678081021
65	WGN26	83.3459147424532	7.76351171083282	1125	68.1133232632722	98.5785062216343
66	WGN26	95.0000000000024	5.48841334755442	1125	84.2313219189833	105.768678081022
67	WGN26	100.000000000002	5.4884133475544	1125	89.2313219189829	110.768678081021
68	WGN26	97.5000000000022	5.48841334755444	1125	86.731321918983	108.268678081021
69	WGN26	97.5000000000019	5.48841334755436	1125	86.7313219189829	108.268678081021
70	WGN26	97.5000000000018	5.4884133475544	1125	86.7313219189827	108.268678081021
71	WGN26	85.0000000000018	5.4884133475544	1125	74.2313219189827	95.768678081021
72	WGN26	87.5000000000019	5.48841334755446	1125	76.7313219189827	98.2686780810212
73	WGN26	102.500000000002	5.48841334755449	1125	91.7313219189832	113.268678081022
74	WGN26	97.5000000000022	5.48841334755446	1125	86.7313219189829	108.268678081021
75	WGN26	102.500000000003	5.48841334755449	1125	91.7313219189834	113.268678081022
76	WGN26	96.6540852575508	7.7635117108327	1125	81.42149377837	111.886676736732
77	WGN26	92.5000000000021	5.48841334755441	1125	81.7313219189829	103.268678081021
78	WGN26	80.0000000000022	5.48841334755447	1125	69.231321918983	90.7686780810215
79	WGN26	85.0000000000019	5.48841334755446	1125	74.2313219189827	95.7686780810212
80	WGN26	97.5000000000023	5.48841334755447	1125	86.731321918983	108.268678081022
81	WGN26	97.5000000000022	5.48841334755449	1125	86.7313219189829	108.268678081021
82	WGN26	87.5000000000021	5.48841334755443	1125	76.7313219189829	98.2686780810213
83	WGN26	100.000000000002	5.4884133475544	1125	89.2313219189827	110.768678081021
85	WGN26	95.0000000000021	5.48841334755442	1125	84.2313219189829	105.768678081021
86	WGN26	91.6540852575508	7.76351171083271	1125	76.42149377837	106.886676736732
87	WGN26	100.000000000002	5.48841334755441	1125	89.2313219189828	110.768678081021
88	WGN26	100.000000000002	5.48841334755442	1125	89.2313219189829	110.768678081021
89	WGN26	100.000000000002	5.48841334755443	1125	89.2313219189828	110.768678081021
90	WGN26	87.5000000000022	5.48841334755442	1125	76.7313219189831	98.2686780810214
91	WGN26	95.0000000000021	5.48841334755445	1125	84.2313219189829	105.768678081021
92	WGN26	82.5000000000021	5.48841334755445	1125	71.7313219189829	93.2686780810213
93	WGN26	102.500000000002	5.48841334755446	1125	91.7313219189828	113.268678081021
94	WGN26	87.5000000000021	5.48841334755442	1125	76.7313219189829	98.2686780810212
95	WGN26	105.000000000002	5.48841334755446	1125	94.2313219189829	115.768678081021
96	WGN26	82.5000000000022	5.48841334755439	1125	71.7313219189831	93.2686780810213
97	WGN26	102.500000000002	5.48841334755441	1125	91.7313219189831	113.268678081021
98	WGN26	80.000000000002	5.4884133475544	1125	69.2313219189829	90.7686780810212
99	WGN26	100.000000000002	5.48841334755442	1125	89.2313219189831	110.768678081021
100	WGN26	82.5000000000021	5.48841334755447	1125	71.7313219189828	93.2686780810214
101	WGN26	80.0000000000021	5.48841334755443	1125	69.231321918983	90.7686780810213
102	WGN26	85.000000000002	5.48841334755442	1125	74.2313219189828	95.7686780810212
103	WGN26	82.5000000000021	5.48841334755434	1125	71.7313219189831	93.2686780810211
104	WGN26	82.500000000002	5.48841334755442	1125	71.7313219189829	93.2686780810212
105	WGN26	102.500000000002	5.48841334755443	1125	91.7313219189828	113.268678081021
106	WGN26	98.3459147424532	7.7635117108328	1125	83.1133232632722	113.578506221634
108	WGN26	106.654085257551	7.76351171083281	1125	91.4214937783698	121.886676736732
109	WGN26	92.500000000002	5.48841334755439	1125	81.7313219189829	103.268678081021
111	WGN26	95.0000000000021	5.48841334755443	1125	84.2313219189829	105.768678081021
112	WGN26	95.0000000000019	5.48841334755442	1125	84.2313219189827	105.768678081021
113	WGN26	82.500000000002	5.48841334755435	1125	71.731321918983	93.268678081021
114	WGN26	85.0000000000021	5.48841334755442	1125	74.2313219189829	95.7686780810212
115	WGN26	97.5000000000022	5.48841334755449	1125	86.7313219189829	108.268678081021
116	WGN26	68.3459147424524	7.7635117108327	1125	53.1133232632716	83.5785062216331
117	WGN26	87.5000000000019	5.48841334755443	1125	76.7313219189828	98.2686780810211
118	WGN26	95.0000000000022	5.48841334755446	1125	84.231321918983	105.768678081021
119	WGN26	97.5000000000021	5.48841334755443	1125	86.731321918983	108.268678081021
120	WGN26	80.0000000000019	5.48841334755443	1125	69.2313219189827	90.7686780810211
121	WGN26	97.5000000000019	5.48841334755438	1125	86.7313219189828	108.268678081021
122	WGN26	97.500000000002	5.48841334755447	1125	86.7313219189828	108.268678081021
123	WGN26	87.5000000000021	5.48841334755445	1125	76.7313219189829	98.2686780810213
125	WGN26	97.5000000000021	5.48841334755441	1125	86.7313219189829	108.268678081021
126	WGN26	103.345914742453	7.76351171083275	1125	88.1133232632721	118.578506221634
127	WGN26	82.5000000000019	5.48841334755446	1125	71.7313219189827	93.2686780810212
128	WGN26	103.345914742453	7.76351171083267	1125	88.1133232632724	118.578506221634
129	WGN26	85.000000000002	5.4884133475544	1125	74.2313219189829	95.7686780810211
130	WGN26	92.500000000002	5.48841334755443	1125	81.7313219189828	103.268678081021
1	WGN36	88.3459147424528	7.76351171083263	1125	73.1133232632721	103.578506221633
2	WGN36	75.0000000000017	5.48841334755441	1125	64.2313219189825	85.7686780810208
4	WGN36	100.000000000001	5.48841334755432	1125	89.2313219189817	110.76867808102
5	WGN36	90.0000000000014	5.48841334755457	1125	79.2313219189819	100.768678081021
6	WGN36	92.5000000000013	5.48841334755445	1125	81.7313219189821	103.268678081021
7	WGN36	85.0000000000012	5.48841334755448	1125	74.2313219189819	95.7686780810205
8	WGN36	105.000000000002	5.48841334755443	1125	94.2313219189825	115.768678081021
9	WGN36	96.6540852575503	7.76351171083294	1125	81.421493778369	111.886676736732
10	WGN36	90.0000000000013	5.48841334755443	1125	79.2313219189821	100.76867808102
11	WGN36	76.6540852575498	7.76351171083277	1125	61.4214937783689	91.8866767367308
12	WGN36	87.5000000000013	5.48841334755437	1125	76.7313219189822	98.2686780810203
13	WGN36	97.5000000000011	5.48841334755435	1125	86.7313219189821	108.26867808102
14	WGN36	85.0000000000013	5.48841334755445	1125	74.231321918982	95.7686780810205
15	WGN36	92.5000000000013	5.48841334755435	1125	81.7313219189823	103.26867808102
16	WGN36	95.0000000000014	5.48841334755447	1125	84.2313219189821	105.768678081021
17	WGN36	102.500000000002	5.48841334755449	1125	91.7313219189824	113.268678081021
18	WGN36	86.6540852575502	7.76351171083271	1125	71.4214937783694	101.886676736731
19	WGN36	80.0000000000012	5.48841334755445	1125	69.231321918982	90.7686780810204
20	WGN36	100.000000000001	5.48841334755441	1125	89.231321918982	110.76867808102
21	WGN36	92.5000000000013	5.48841334755441	1125	81.7313219189822	103.26867808102
22	WGN36	92.5000000000014	5.48841334755444	1125	81.7313219189822	103.268678081021
23	WGN36	95.0000000000014	5.48841334755446	1125	84.2313219189821	105.768678081021
24	WGN36	92.5000000000014	5.48841334755447	1125	81.7313219189821	103.268678081021
26	WGN36	92.5000000000012	5.48841334755443	1125	81.731321918982	103.26867808102
27	WGN36	90.0000000000014	5.48841334755447	1125	79.2313219189821	100.768678081021
28	WGN36	97.5000000000011	5.4884133475544	1125	86.731321918982	108.26867808102
30	WGN36	95.0000000000013	5.48841334755443	1125	84.2313219189821	105.76867808102
31	WGN36	90.0000000000014	5.4884133475544	1125	79.2313219189823	100.768678081021
32	WGN36	91.6540852575502	7.76351171083278	1125	76.4214937783692	106.886676736731
33	WGN36	77.5000000000013	5.48841334755444	1125	66.7313219189821	88.2686780810205
34	WGN36	85.0000000000012	5.48841334755443	1125	74.231321918982	95.7686780810204
35	WGN36	100.000000000001	5.48841334755438	1125	89.2313219189821	110.76867808102
36	WGN36	92.5000000000014	5.48841334755447	1125	81.7313219189821	103.268678081021
37	WGN36	98.3459147424527	7.76351171083276	1125	83.1133232632718	113.578506221634
38	WGN36	73.3459147424522	7.76351171083278	1125	58.1133232632713	88.5785062216332
39	WGN36	97.5000000000014	5.48841334755447	1125	86.7313219189821	108.268678081021
40	WGN36	100.000000000001	5.48841334755446	1125	89.2313219189821	110.768678081021
41	WGN36	87.5000000000014	5.48841334755436	1125	76.7313219189824	98.2686780810205
42	WGN36	87.5000000000014	5.4884133475544	1125	76.7313219189823	98.2686780810205
43	WGN36	107.500000000001	5.48841334755441	1125	96.7313219189823	118.268678081021
44	WGN36	85.0000000000014	5.48841334755438	1125	74.2313219189823	95.7686780810205
45	WGN36	95.0000000000016	5.48841334755451	1125	84.2313219189823	105.768678081021
46	WGN36	92.5000000000014	5.48841334755445	1125	81.7313219189822	103.268678081021
47	WGN36	107.500000000001	5.48841334755437	1125	96.731321918982	118.26867808102
48	WGN36	85.0000000000013	5.48841334755443	1125	74.2313219189821	95.7686780810205
49	WGN36	95.0000000000015	5.48841334755448	1125	84.2313219189822	105.768678081021
51	WGN36	95.0000000000014	5.48841334755448	1125	84.2313219189822	105.768678081021
52	WGN36	85.0000000000011	5.48841334755443	1125	74.2313219189819	95.7686780810202
53	WGN36	90.0000000000013	5.48841334755436	1125	79.2313219189822	100.76867808102
54	WGN36	95.0000000000014	5.48841334755447	1125	84.2313219189821	105.768678081021
55	WGN36	82.5000000000015	5.48841334755439	1125	71.7313219189824	93.2686780810206
56	WGN36	90.0000000000013	5.48841334755443	1125	79.2313219189822	100.768678081021
57	WGN36	90.0000000000014	5.48841334755446	1125	79.2313219189821	100.768678081021
58	WGN36	100.000000000001	5.48841334755441	1125	89.2313219189821	110.76867808102
59	WGN36	87.5000000000012	5.48841334755445	1125	76.731321918982	98.2686780810205
60	WGN36	90.0000000000014	5.48841334755443	1125	79.2313219189822	100.768678081021
62	WGN36	102.500000000002	5.48841334755444	1125	91.7313219189824	113.268678081021
64	WGN36	97.5000000000012	5.48841334755438	1125	86.7313219189821	108.26867808102
65	WGN36	92.5000000000014	5.48841334755447	1125	81.7313219189822	103.268678081021
66	WGN36	97.5000000000013	5.48841334755441	1125	86.7313219189822	108.26867808102
68	WGN36	87.5000000000013	5.48841334755444	1125	76.7313219189821	98.2686780810205
69	WGN36	81.6540852575502	7.76351171083277	1125	66.4214937783692	96.8866767367311
70	WGN36	80.0000000000013	5.48841334755443	1125	69.2313219189821	90.7686780810205
71	WGN36	92.5000000000013	5.48841334755442	1125	81.7313219189822	103.26867808102
72	WGN36	92.5000000000013	5.48841334755443	1125	81.7313219189822	103.268678081021
74	WGN36	87.5000000000013	5.48841334755442	1125	76.7313219189822	98.2686780810205
75	WGN36	86.6540852575502	7.76351171083272	1125	71.4214937783693	101.886676736731
76	WGN36	90.0000000000014	5.48841334755443	1125	79.2313219189822	100.768678081021
77	WGN36	92.5000000000013	5.48841334755442	1125	81.7313219189822	103.26867808102
78	WGN36	80.0000000000012	5.48841334755446	1125	69.231321918982	90.7686780810205
79	WGN36	80.0000000000013	5.48841334755442	1125	69.2313219189821	90.7686780810205
80	WGN36	98.3459147424525	7.76351171083276	1125	83.1133232632716	113.578506221633
81	WGN36	87.5000000000013	5.48841334755445	1125	76.731321918982	98.2686780810205
82	WGN36	95.0000000000012	5.48841334755439	1125	84.2313219189821	105.76867808102
83	WGN36	90.0000000000013	5.48841334755442	1125	79.2313219189821	100.76867808102
84	WGN36	85.0000000000014	5.48841334755442	1125	74.2313219189822	95.7686780810205
85	WGN36	92.5000000000013	5.48841334755443	1125	81.7313219189821	103.268678081021
86	WGN36	90.0000000000013	5.48841334755439	1125	79.2313219189822	100.76867808102
87	WGN36	77.5000000000009	5.48841334755449	1125	66.7313219189816	88.2686780810202
88	WGN36	82.5000000000013	5.48841334755443	1125	71.7313219189822	93.2686780810205
89	WGN36	82.5000000000014	5.48841334755442	1125	71.7313219189822	93.2686780810206
90	WGN36	75.0000000000013	5.48841334755443	1125	64.2313219189821	85.7686780810204
92	WGN36	85.0000000000013	5.48841334755442	1125	74.2313219189822	95.7686780810205
93	WGN36	81.6540852575503	7.76351171083277	1125	66.4214937783693	96.8866767367312
94	WGN36	87.5000000000014	5.48841334755439	1125	76.7313219189823	98.2686780810205
95	WGN36	80.0000000000015	5.4884133475544	1125	69.2313219189823	90.7686780810206
96	WGN36	102.500000000001	5.48841334755443	1125	91.7313219189822	113.268678081021
97	WGN36	97.5000000000014	5.48841334755442	1125	86.7313219189823	108.268678081021
98	WGN36	92.5000000000014	5.48841334755442	1125	81.7313219189822	103.268678081021
99	WGN36	70.0000000000013	5.48841334755444	1125	59.2313219189821	80.7686780810204
100	WGN36	72.5000000000015	5.48841334755442	1125	61.7313219189823	83.2686780810206
102	WGN36	78.3459147424525	7.76351171083278	1125	63.1133232632715	93.5785062216334
104	WGN36	92.5000000000014	5.48841334755444	1125	81.7313219189822	103.268678081021
105	WGN36	106.65408525755	7.76351171083276	1125	91.4214937783693	121.886676736731
106	WGN36	90.0000000000013	5.48841334755442	1125	79.2313219189821	100.76867808102
107	WGN36	77.5000000000014	5.4884133475544	1125	66.7313219189822	88.2686780810205
108	WGN36	65.0000000000016	5.4884133475544	1125	54.2313219189825	75.7686780810207
109	WGN36	95.0000000000014	5.48841334755444	1125	84.2313219189822	105.768678081021
110	WGN36	80.0000000000013	5.48841334755442	1125	69.2313219189821	90.7686780810204
112	WGN36	92.5000000000013	5.48841334755438	1125	81.7313219189822	103.26867808102
114	WGN36	85.0000000000014	5.48841334755442	1125	74.2313219189822	95.7686780810205
116	WGN36	98.3459147424525	7.76351171083274	1125	83.1133232632716	113.578506221633
117	WGN36	97.5000000000013	5.4884133475544	1125	86.7313219189822	108.26867808102
118	WGN36	92.5000000000014	5.48841334755442	1125	81.7313219189822	103.268678081021
119	WGN36	96.6540852575501	7.76351171083272	1125	81.4214937783692	111.886676736731
120	WGN36	97.5000000000013	5.48841334755442	1125	86.7313219189821	108.26867808102
121	WGN36	80.0000000000014	5.4884133475544	1125	69.2313219189823	90.7686780810205
122	WGN36	90.0000000000014	5.48841334755445	1125	79.2313219189821	100.768678081021
123	WGN36	92.5000000000014	5.4884133475544	1125	81.7313219189822	103.26867808102
124	WGN36	82.5000000000013	5.48841334755441	1125	71.7313219189822	93.2686780810205
125	WGN36	87.5000000000015	5.48841334755441	1125	76.7313219189824	98.2686780810207
126	WGN36	102.500000000001	5.4884133475544	1125	91.7313219189821	113.26867808102
127	WGN36	92.5000000000014	5.48841334755442	1125	81.7313219189822	103.268678081021
128	WGN36	100.000000000001	5.48841334755441	1125	89.2313219189822	110.76867808102
129	WGN36	95.0000000000013	5.48841334755441	1125	84.2313219189822	105.76867808102
130	WGN36	100.000000000001	5.48841334755443	1125	89.2313219189822	110.768678081021
1	WGN38	100.000000000002	5.4884133475544	1125	89.2313219189825	110.768678081021
2	WGN38	85.000000000002	5.48841334755437	1125	74.2313219189829	95.7686780810211
3	WGN38	101.654085257551	7.76351171083276	1125	86.4214937783696	116.886676736731
4	WGN38	77.5000000000029	5.48841334755434	1125	66.7313219189839	88.2686780810219
5	WGN38	90.0000000000019	5.48841334755439	1125	79.2313219189828	100.768678081021
6	WGN38	80.0000000000017	5.48841334755446	1125	69.2313219189824	90.7686780810209
7	WGN38	90.0000000000015	5.48841334755451	1125	79.2313219189821	100.768678081021
8	WGN38	75.0000000000023	5.48841334755437	1125	64.2313219189832	85.7686780810213
10	WGN38	92.5000000000023	5.4884133475543	1125	81.7313219189834	103.268678081021
11	WGN38	80.0000000000019	5.48841334755442	1125	69.2313219189827	90.768678081021
12	WGN38	92.5000000000015	5.48841334755457	1125	81.7313219189821	103.268678081021
13	WGN38	82.5000000000013	5.48841334755444	1125	71.7313219189821	93.2686780810204
14	WGN38	87.500000000003	5.48841334755426	1125	76.7313219189841	98.2686780810218
16	WGN38	80.0000000000015	5.48841334755443	1125	69.2313219189824	90.7686780810207
18	WGN38	95.0000000000017	5.48841334755447	1125	84.2313219189825	105.768678081021
19	WGN38	87.500000000002	5.48841334755438	1125	76.731321918983	98.2686780810211
20	WGN38	87.5000000000018	5.48841334755439	1125	76.7313219189827	98.2686780810209
21	WGN38	70.0000000000018	5.48841334755441	1125	59.2313219189826	80.7686780810209
22	WGN38	85.0000000000018	5.48841334755443	1125	74.2313219189826	95.768678081021
23	WGN38	102.500000000002	5.48841334755446	1125	91.7313219189823	113.268678081021
24	WGN38	67.5000000000021	5.48841334755438	1125	56.731321918983	78.2686780810212
26	WGN38	97.5000000000017	5.48841334755436	1125	86.7313219189826	108.268678081021
27	WGN38	87.500000000002	5.4884133475544	1125	76.7313219189829	98.2686780810211
28	WGN38	105.000000000001	5.48841334755438	1125	94.2313219189823	115.768678081021
29	WGN38	90.0000000000014	5.48841334755451	1125	79.2313219189821	100.768678081021
30	WGN38	90.0000000000016	5.48841334755447	1125	79.2313219189824	100.768678081021
32	WGN38	87.5000000000016	5.48841334755448	1125	76.7313219189823	98.2686780810209
33	WGN38	102.500000000002	5.48841334755446	1125	91.7313219189828	113.268678081021
34	WGN38	90.0000000000017	5.48841334755443	1125	79.2313219189825	100.768678081021
35	WGN38	90.0000000000017	5.48841334755443	1125	79.2313219189825	100.768678081021
36	WGN38	77.5000000000019	5.48841334755439	1125	66.7313219189828	88.268678081021
37	WGN38	87.5000000000019	5.48841334755444	1125	76.7313219189828	98.2686780810211
38	WGN38	100.000000000002	5.48841334755445	1125	89.231321918983	110.768678081021
39	WGN38	90.0000000000013	5.48841334755448	1125	79.231321918982	100.768678081021
40	WGN38	87.5000000000016	5.48841334755444	1125	76.7313219189824	98.2686780810208
41	WGN38	95.0000000000017	5.48841334755444	1125	84.2313219189825	105.768678081021
42	WGN38	65.0000000000023	5.48841334755442	1125	54.2313219189831	75.7686780810214
45	WGN38	80.0000000000016	5.48841334755445	1125	69.2313219189824	90.7686780810208
46	WGN38	85.0000000000014	5.48841334755451	1125	74.2313219189821	95.7686780810208
47	WGN38	92.5000000000016	5.48841334755449	1125	81.7313219189823	103.268678081021
48	WGN38	82.5000000000019	5.48841334755442	1125	71.7313219189827	93.2686780810211
49	WGN38	95.0000000000018	5.48841334755438	1125	84.2313219189827	105.768678081021
50	WGN38	90.000000000002	5.48841334755438	1125	79.231321918983	100.768678081021
51	WGN38	92.5000000000019	5.48841334755442	1125	81.7313219189827	103.268678081021
52	WGN38	95.0000000000019	5.48841334755445	1125	84.2313219189827	105.768678081021
53	WGN38	97.5000000000017	5.48841334755445	1125	86.7313219189825	108.268678081021
54	WGN38	82.5000000000024	5.48841334755436	1125	71.7313219189833	93.2686780810214
55	WGN38	76.6540852575506	7.76351171083279	1125	61.4214937783696	91.8866767367315
56	WGN38	95.0000000000018	5.48841334755443	1125	84.2313219189826	105.768678081021
59	WGN38	105.000000000002	5.48841334755443	1125	94.2313219189825	115.768678081021
61	WGN38	90.0000000000018	5.48841334755444	1125	79.2313219189826	100.768678081021
63	WGN38	85.0000000000018	5.48841334755443	1125	74.2313219189826	95.768678081021
64	WGN38	82.5000000000017	5.48841334755445	1125	71.7313219189825	93.2686780810209
65	WGN38	103.345914742453	7.76351171083281	1125	88.113323263272	118.578506221634
66	WGN38	85.0000000000017	5.48841334755443	1125	74.2313219189826	95.7686780810209
67	WGN38	87.5000000000019	5.48841334755441	1125	76.7313219189828	98.2686780810211
68	WGN38	92.5000000000022	5.48841334755434	1125	81.7313219189832	103.268678081021
69	WGN38	72.5000000000018	5.48841334755442	1125	61.7313219189827	83.268678081021
70	WGN38	92.5000000000017	5.48841334755445	1125	81.7313219189824	103.268678081021
72	WGN38	100.000000000002	5.48841334755447	1125	89.2313219189824	110.768678081021
73	WGN38	85.0000000000017	5.48841334755444	1125	74.2313219189825	95.7686780810209
74	WGN38	85.0000000000015	5.48841334755444	1125	74.2313219189824	95.7686780810207
76	WGN38	90.0000000000019	5.4884133475544	1125	79.2313219189828	100.768678081021
77	WGN38	100.000000000002	5.48841334755444	1125	89.2313219189825	110.768678081021
78	WGN38	87.5000000000018	5.48841334755443	1125	76.7313219189826	98.268678081021
80	WGN38	75.000000000002	5.48841334755439	1125	64.2313219189829	85.7686780810211
81	WGN38	95.0000000000018	5.48841334755441	1125	84.2313219189826	105.768678081021
82	WGN38	95.0000000000018	5.48841334755442	1125	84.2313219189826	105.768678081021
83	WGN38	85.000000000002	5.48841334755441	1125	74.2313219189829	95.7686780810212
84	WGN38	90.0000000000018	5.48841334755441	1125	79.2313219189827	100.768678081021
85	WGN38	81.6540852575504	7.7635117108328	1125	66.4214937783694	96.8866767367314
86	WGN38	100.000000000002	5.48841334755441	1125	89.2313219189827	110.768678081021
87	WGN38	82.5000000000017	5.48841334755443	1125	71.7313219189826	93.2686780810209
88	WGN38	77.5000000000018	5.48841334755442	1125	66.7313219189826	88.268678081021
89	WGN38	100.000000000002	5.48841334755443	1125	89.2313219189826	110.768678081021
90	WGN38	97.5000000000018	5.48841334755442	1125	86.7313219189826	108.268678081021
91	WGN38	90.0000000000017	5.48841334755444	1125	79.2313219189825	100.768678081021
92	WGN38	87.5000000000017	5.48841334755443	1125	76.7313219189826	98.2686780810209
93	WGN38	80.0000000000017	5.48841334755442	1125	69.2313219189825	90.7686780810209
94	WGN38	95.0000000000017	5.48841334755442	1125	84.2313219189826	105.768678081021
95	WGN38	72.5000000000019	5.48841334755441	1125	61.7313219189827	83.268678081021
96	WGN38	92.5000000000017	5.48841334755443	1125	81.7313219189826	103.268678081021
97	WGN38	90.0000000000017	5.48841334755443	1125	79.2313219189826	100.768678081021
98	WGN38	97.5000000000018	5.48841334755442	1125	86.7313219189826	108.268678081021
99	WGN38	77.5000000000017	5.48841334755443	1125	66.7313219189825	88.2686780810209
100	WGN38	82.5000000000018	5.48841334755441	1125	71.7313219189827	93.268678081021
101	WGN38	87.5000000000018	5.48841334755442	1125	76.7313219189827	98.268678081021
102	WGN38	102.500000000002	5.4884133475544	1125	91.7313219189827	113.268678081021
103	WGN38	100.000000000002	5.48841334755443	1125	89.2313219189826	110.768678081021
104	WGN38	110.000000000002	5.4884133475544	1125	99.2313219189826	120.768678081021
106	WGN38	97.5000000000018	5.48841334755442	1125	86.7313219189827	108.268678081021
107	WGN38	102.500000000002	5.48841334755441	1125	91.7313219189826	113.268678081021
108	WGN38	90.0000000000019	5.48841334755441	1125	79.2313219189827	100.768678081021
109	WGN38	85.0000000000019	5.48841334755441	1125	74.2313219189828	95.768678081021
110	WGN38	107.500000000002	5.48841334755443	1125	96.7313219189826	118.268678081021
111	WGN38	90.0000000000018	5.48841334755442	1125	79.2313219189827	100.768678081021
113	WGN38	100.000000000002	5.48841334755442	1125	89.2313219189827	110.768678081021
114	WGN38	92.5000000000018	5.48841334755443	1125	81.7313219189826	103.268678081021
115	WGN38	87.5000000000018	5.48841334755442	1125	76.7313219189826	98.268678081021
1	WGN39	92.5000000000011	5.48841334755431	1125	81.7313219189821	103.26867808102
2	WGN39	97.500000000001	5.48841334755438	1125	86.7313219189819	108.26867808102
3	WGN39	97.5000000000015	5.48841334755449	1125	86.7313219189822	108.268678081021
4	WGN39	107.500000000001	5.48841334755438	1125	96.7313219189822	118.26867808102
5	WGN39	85.0000000000014	5.48841334755439	1125	74.2313219189823	95.7686780810205
6	WGN39	102.500000000001	5.48841334755443	1125	91.7313219189822	113.268678081021
7	WGN39	107.500000000001	5.48841334755445	1125	96.7313219189822	118.268678081021
8	WGN39	107.500000000002	5.4884133475545	1125	96.7313219189825	118.268678081021
9	WGN39	100.000000000002	5.48841334755446	1125	89.2313219189825	110.768678081021
10	WGN39	90.0000000000013	5.48841334755449	1125	79.231321918982	100.768678081021
11	WGN39	80.0000000000008	5.4884133475545	1125	69.2313219189815	90.7686780810201
12	WGN39	77.5000000000015	5.48841334755439	1125	66.7313219189824	88.2686780810206
13	WGN39	112.500000000001	5.48841334755443	1125	101.731321918982	123.26867808102
14	WGN39	85.000000000001	5.48841334755446	1125	74.2313219189818	95.7686780810203
15	WGN39	95.0000000000013	5.48841334755436	1125	84.2313219189822	105.76867808102
16	WGN39	85.0000000000016	5.48841334755437	1125	74.2313219189825	95.7686780810206
17	WGN39	92.5000000000014	5.48841334755443	1125	81.7313219189822	103.268678081021
18	WGN39	117.500000000002	5.48841334755447	1125	106.731321918983	128.268678081021
19	WGN39	87.5000000000012	5.48841334755442	1125	76.731321918982	98.2686780810203
20	WGN39	85.0000000000013	5.48841334755443	1125	74.2313219189821	95.7686780810205
21	WGN39	90.0000000000013	5.48841334755448	1125	79.231321918982	100.768678081021
22	WGN39	95.0000000000012	5.48841334755447	1125	84.2313219189819	105.76867808102
24	WGN39	100.000000000001	5.48841334755441	1125	89.2313219189821	110.76867808102
25	WGN39	87.5000000000015	5.48841334755434	1125	76.7313219189825	98.2686780810205
26	WGN39	81.65408525755	7.76351171083282	1125	66.421493778369	96.886676736731
27	WGN39	97.5000000000012	5.48841334755442	1125	86.731321918982	108.26867808102
28	WGN39	80.0000000000013	5.48841334755441	1125	69.2313219189821	90.7686780810204
29	WGN39	85.0000000000014	5.48841334755441	1125	74.2313219189823	95.7686780810206
30	WGN39	82.5000000000011	5.4884133475545	1125	71.7313219189818	93.2686780810205
31	WGN39	95.0000000000013	5.48841334755439	1125	84.2313219189822	105.76867808102
32	WGN39	90.0000000000013	5.48841334755437	1125	79.2313219189822	100.76867808102
34	WGN39	80.0000000000008	5.48841334755451	1125	69.2313219189815	90.7686780810201
35	WGN39	87.5000000000017	5.48841334755429	1125	76.7313219189828	98.2686780810206
36	WGN39	85.0000000000012	5.48841334755444	1125	74.231321918982	95.7686780810204
37	WGN39	77.5000000000007	5.48841334755454	1125	66.7313219189813	88.2686780810201
38	WGN39	82.5000000000009	5.48841334755449	1125	71.7313219189816	93.2686780810202
39	WGN39	90.0000000000014	5.48841334755445	1125	79.2313219189821	100.768678081021
40	WGN39	110.000000000001	5.48841334755443	1125	99.2313219189822	120.768678081021
41	WGN39	105.000000000001	5.48841334755442	1125	94.2313219189818	115.76867808102
42	WGN39	105.000000000001	5.48841334755442	1125	94.2313219189823	115.768678081021
43	WGN39	107.500000000001	5.48841334755439	1125	96.7313219189822	118.26867808102
44	WGN39	97.5000000000014	5.48841334755447	1125	86.7313219189821	108.268678081021
45	WGN39	85.0000000000015	5.48841334755438	1125	74.2313219189824	95.7686780810206
46	WGN39	80.0000000000016	5.48841334755437	1125	69.2313219189825	90.7686780810206
47	WGN39	95.0000000000011	5.4884133475544	1125	84.231321918982	105.76867808102
48	WGN39	72.500000000002	5.48841334755435	1125	61.731321918983	83.2686780810211
49	WGN39	90.0000000000014	5.48841334755439	1125	79.2313219189823	100.768678081021
50	WGN39	75.0000000000011	5.48841334755441	1125	64.231321918982	85.7686780810203
51	WGN39	105.000000000002	5.48841334755448	1125	94.2313219189823	115.768678081021
52	WGN39	105.000000000001	5.48841334755442	1125	94.2313219189821	115.76867808102
53	WGN39	90.0000000000012	5.48841334755451	1125	79.2313219189819	100.768678081021
54	WGN39	100.000000000001	5.48841334755446	1125	89.2313219189822	110.768678081021
55	WGN39	90.0000000000013	5.48841334755439	1125	79.2313219189821	100.76867808102
56	WGN39	97.5000000000012	5.48841334755438	1125	86.7313219189821	108.26867808102
57	WGN39	72.5000000000015	5.4884133475544	1125	61.7313219189824	83.2686780810206
58	WGN39	102.500000000001	5.48841334755443	1125	91.7313219189821	113.26867808102
59	WGN39	100.000000000001	5.48841334755442	1125	89.2313219189821	110.76867808102
60	WGN39	87.5000000000013	5.4884133475544	1125	76.7313219189822	98.2686780810205
61	WGN39	95.0000000000014	5.48841334755442	1125	84.2313219189822	105.768678081021
62	WGN39	90.0000000000013	5.48841334755443	1125	79.2313219189821	100.76867808102
63	WGN39	115.000000000001	5.48841334755438	1125	104.231321918982	125.76867808102
64	WGN39	95.0000000000014	5.48841334755442	1125	84.2313219189822	105.768678081021
65	WGN39	72.5000000000014	5.48841334755442	1125	61.7313219189822	83.2686780810205
66	WGN39	102.500000000001	5.48841334755441	1125	91.7313219189821	113.26867808102
67	WGN39	117.500000000001	5.48841334755441	1125	106.731321918982	128.26867808102
68	WGN39	113.345914742453	7.76351171083279	1125	98.1133232632717	128.578506221634
69	WGN39	92.5000000000014	5.48841334755441	1125	81.7313219189822	103.26867808102
70	WGN39	93.3459147424524	7.76351171083266	1125	78.1133232632717	108.578506221633
71	WGN39	92.5000000000013	5.48841334755451	1125	81.731321918982	103.268678081021
72	WGN39	90.0000000000014	5.48841334755438	1125	79.2313219189823	100.76867808102
73	WGN39	90.0000000000014	5.48841334755439	1125	79.2313219189823	100.768678081021
74	WGN39	102.500000000001	5.48841334755441	1125	91.7313219189821	113.26867808102
75	WGN39	100.000000000001	5.4884133475544	1125	89.2313219189821	110.76867808102
76	WGN39	100.000000000001	5.48841334755441	1125	89.2313219189822	110.76867808102
77	WGN39	80.0000000000012	5.48841334755444	1125	69.231321918982	90.7686780810204
78	WGN39	92.5000000000014	5.48841334755445	1125	81.7313219189821	103.268678081021
79	WGN39	87.5000000000013	5.48841334755445	1125	76.7313219189821	98.2686780810205
80	WGN39	100.000000000001	5.4884133475544	1125	89.2313219189822	110.76867808102
81	WGN39	97.5000000000013	5.48841334755446	1125	86.7313219189821	108.268678081021
82	WGN39	92.5000000000013	5.48841334755441	1125	81.7313219189822	103.26867808102
83	WGN39	100.000000000001	5.48841334755439	1125	89.2313219189822	110.76867808102
84	WGN39	112.500000000001	5.48841334755442	1125	101.731321918982	123.26867808102
85	WGN39	107.500000000001	5.48841334755437	1125	96.7313219189821	118.26867808102
86	WGN39	102.500000000001	5.48841334755444	1125	91.7313219189822	113.268678081021
87	WGN39	90.0000000000014	5.4884133475544	1125	79.2313219189822	100.768678081021
88	WGN39	83.3459147424526	7.76351171083268	1125	68.1133232632719	98.5785062216334
89	WGN39	92.5000000000013	5.48841334755443	1125	81.7313219189821	103.268678081021
90	WGN39	97.5000000000013	5.48841334755442	1125	86.7313219189821	108.26867808102
91	WGN39	87.5000000000014	5.4884133475544	1125	76.7313219189822	98.2686780810205
92	WGN39	92.5000000000013	5.4884133475544	1125	81.7313219189822	103.26867808102
93	WGN39	100.000000000001	5.4884133475544	1125	89.2313219189822	110.76867808102
94	WGN39	85.0000000000014	5.48841334755442	1125	74.2313219189822	95.7686780810205
95	WGN39	97.5000000000013	5.48841334755441	1125	86.7313219189821	108.26867808102
96	WGN39	95.0000000000013	5.48841334755443	1125	84.2313219189821	105.768678081021
97	WGN39	97.5000000000013	5.48841334755442	1125	86.7313219189822	108.26867808102
98	WGN39	92.5000000000013	5.48841334755441	1125	81.7313219189822	103.26867808102
99	WGN39	72.5000000000015	5.48841334755441	1125	61.7313219189824	83.2686780810206
100	WGN39	100.000000000001	5.48841334755442	1125	89.2313219189822	110.76867808102
101	WGN39	90.0000000000014	5.48841334755441	1125	79.2313219189822	100.76867808102
102	WGN39	102.500000000001	5.48841334755442	1125	91.7313219189822	113.26867808102
104	WGN39	92.5000000000013	5.48841334755441	1125	81.7313219189822	103.26867808102
105	WGN39	95.0000000000013	5.48841334755443	1125	84.2313219189822	105.768678081021
106	WGN39	102.500000000001	5.48841334755441	1125	91.7313219189822	113.26867808102
107	WGN39	107.500000000001	5.48841334755443	1125	96.7313219189822	118.268678081021
108	WGN39	107.500000000001	5.48841334755442	1125	96.7313219189822	118.26867808102
109	WGN39	105.000000000001	5.48841334755442	1125	94.2313219189822	115.76867808102
110	WGN39	102.500000000001	5.48841334755442	1125	91.7313219189822	113.26867808102
111	WGN39	87.5000000000013	5.48841334755443	1125	76.7313219189821	98.2686780810205
112	WGN39	102.500000000001	5.48841334755442	1125	91.7313219189822	113.268678081021
113	WGN39	105.000000000001	5.48841334755442	1125	94.2313219189822	115.76867808102
114	WGN39	87.5000000000013	5.48841334755442	1125	76.7313219189822	98.2686780810205
115	WGN39	105.000000000001	5.48841334755442	1125	94.2313219189822	115.76867808102
116	WGN39	97.5000000000013	5.48841334755442	1125	86.7313219189822	108.268678081021
117	WGN39	65.0000000000014	5.48841334755442	1125	54.2313219189822	75.7686780810205
118	WGN39	107.500000000001	5.48841334755442	1125	96.7313219189821	118.26867808102
120	WGN39	95.0000000000013	5.48841334755442	1125	84.2313219189822	105.76867808102
121	WGN39	77.5000000000014	5.48841334755442	1125	66.7313219189822	88.2686780810205
122	WGN39	97.5000000000014	5.48841334755442	1125	86.7313219189822	108.268678081021
123	WGN39	85.0000000000013	5.48841334755442	1125	74.2313219189822	95.7686780810205
124	WGN39	97.5000000000013	5.48841334755442	1125	86.7313219189821	108.26867808102
125	WGN39	105.000000000001	5.48841334755443	1125	94.2313219189822	115.768678081021
126	WGN39	77.5000000000013	5.48841334755442	1125	66.7313219189822	88.2686780810205
127	WGN39	85.0000000000013	5.48841334755442	1125	74.2313219189821	95.7686780810205
128	WGN39	97.5000000000013	5.48841334755442	1125	86.7313219189821	108.26867808102
129	WGN39	77.5000000000013	5.48841334755442	1125	66.7313219189822	88.2686780810205
130	WGN39	95.0000000000013	5.48841334755442	1125	84.2313219189821	105.76867808102
1	WGN45	102.500000000003	5.48841334755441	1125	91.7313219189835	113.268678081022
2	WGN45	97.5000000000011	5.4884133475544	1125	86.731321918982	108.26867808102
3	WGN45	82.5000000000014	5.48841334755447	1125	71.7313219189821	93.2686780810207
4	WGN45	122.500000000002	5.48841334755442	1125	111.731321918983	133.268678081021
5	WGN45	107.500000000002	5.48841334755437	1125	96.7313219189825	118.268678081021
6	WGN45	97.5000000000017	5.48841334755438	1125	86.7313219189826	108.268678081021
7	WGN45	115.000000000002	5.48841334755438	1125	104.231321918982	125.768678081021
8	WGN45	92.5000000000015	5.48841334755441	1125	81.7313219189824	103.268678081021
9	WGN45	100.000000000001	5.48841334755438	1125	89.2313219189818	110.76867808102
10	WGN45	87.5000000000018	5.4884133475544	1125	76.7313219189827	98.268678081021
11	WGN45	102.500000000002	5.48841334755445	1125	91.7313219189823	113.268678081021
12	WGN45	105.000000000002	5.48841334755442	1125	94.2313219189825	115.768678081021
13	WGN45	95.0000000000019	5.48841334755436	1125	84.2313219189829	105.768678081021
14	WGN45	97.5000000000012	5.48841334755446	1125	86.7313219189819	108.26867808102
15	WGN45	116.654085257551	7.76351171083284	1125	101.421493778369	131.886676736732
16	WGN45	102.500000000002	5.48841334755441	1125	91.7313219189824	113.268678081021
17	WGN45	85.0000000000015	5.48841334755442	1125	74.2313219189824	95.7686780810207
18	WGN45	90.0000000000014	5.48841334755446	1125	79.2313219189821	100.768678081021
19	WGN45	77.500000000002	5.48841334755437	1125	66.731321918983	88.2686780810211
20	WGN45	105.000000000002	5.48841334755447	1125	94.2313219189823	115.768678081021
22	WGN45	117.500000000002	5.48841334755447	1125	106.731321918982	128.268678081021
23	WGN45	102.500000000001	5.48841334755444	1125	91.7313219189823	113.268678081021
24	WGN45	92.5000000000016	5.4884133475544	1125	81.7313219189824	103.268678081021
25	WGN45	87.5000000000016	5.4884133475544	1125	76.7313219189825	98.2686780810208
26	WGN45	87.5000000000015	5.48841334755443	1125	76.7313219189823	98.2686780810207
28	WGN45	80.0000000000013	5.48841334755445	1125	69.231321918982	90.7686780810205
29	WGN45	85.0000000000013	5.48841334755446	1125	74.231321918982	95.7686780810205
31	WGN45	110.000000000002	5.48841334755443	1125	99.2313219189824	120.768678081021
32	WGN45	102.500000000001	5.48841334755447	1125	91.7313219189822	113.268678081021
33	WGN45	75.0000000000018	5.48841334755439	1125	64.2313219189827	85.7686780810209
34	WGN45	100.000000000002	5.48841334755442	1125	89.2313219189824	110.768678081021
35	WGN45	92.5000000000016	5.48841334755439	1125	81.7313219189825	103.268678081021
36	WGN45	92.5000000000016	5.48841334755437	1125	81.7313219189826	103.268678081021
37	WGN45	112.500000000001	5.48841334755441	1125	101.731321918982	123.268678081021
38	WGN45	92.5000000000014	5.48841334755445	1125	81.7313219189822	103.268678081021
40	WGN45	97.5000000000015	5.48841334755444	1125	86.7313219189823	108.268678081021
41	WGN45	107.500000000001	5.48841334755437	1125	96.7313219189824	118.268678081021
42	WGN45	95.0000000000015	5.48841334755441	1125	84.2313219189824	105.768678081021
43	WGN45	87.5000000000013	5.48841334755445	1125	76.7313219189821	98.2686780810205
44	WGN45	107.500000000002	5.48841334755445	1125	96.7313219189823	118.268678081021
45	WGN45	97.5000000000015	5.48841334755445	1125	86.7313219189823	108.268678081021
46	WGN45	120.000000000001	5.48841334755439	1125	109.231321918982	130.768678081021
47	WGN45	91.6540852575504	7.76351171083268	1125	76.4214937783697	106.886676736731
48	WGN45	92.5000000000015	5.48841334755441	1125	81.7313219189824	103.268678081021
49	WGN45	107.500000000002	5.48841334755443	1125	96.7313219189824	118.268678081021
50	WGN45	102.500000000001	5.48841334755442	1125	91.7313219189822	113.268678081021
52	WGN45	90.0000000000014	5.48841334755444	1125	79.2313219189822	100.768678081021
53	WGN45	97.5000000000015	5.48841334755442	1125	86.7313219189824	108.268678081021
54	WGN45	70.0000000000013	5.48841334755443	1125	59.2313219189821	80.7686780810205
55	WGN45	105.000000000001	5.48841334755443	1125	94.2313219189822	115.768678081021
56	WGN45	107.500000000002	5.4884133475544	1125	96.7313219189824	118.268678081021
57	WGN45	105.000000000001	5.48841334755445	1125	94.2313219189822	115.768678081021
58	WGN45	100.000000000002	5.48841334755444	1125	89.2313219189824	110.768678081021
59	WGN45	95.0000000000014	5.48841334755444	1125	84.2313219189822	105.768678081021
60	WGN45	83.3459147424528	7.76351171083274	1125	68.1133232632719	98.5785062216337
61	WGN45	92.5000000000016	5.48841334755441	1125	81.7313219189824	103.268678081021
62	WGN45	102.500000000002	5.48841334755445	1125	91.7313219189823	113.268678081021
64	WGN45	95.0000000000015	5.48841334755443	1125	84.2313219189823	105.768678081021
65	WGN45	75.0000000000019	5.48841334755439	1125	64.2313219189828	85.768678081021
66	WGN45	92.5000000000015	5.48841334755443	1125	81.7313219189823	103.268678081021
67	WGN45	86.6540852575499	7.76351171083282	1125	71.4214937783689	101.886676736731
68	WGN45	102.500000000002	5.48841334755442	1125	91.7313219189823	113.268678081021
69	WGN45	97.5000000000016	5.48841334755437	1125	86.7313219189826	108.268678081021
70	WGN45	73.3459147424528	7.76351171083274	1125	58.1133232632719	88.5785062216337
71	WGN45	105.000000000002	5.48841334755442	1125	94.2313219189824	115.768678081021
72	WGN45	92.5000000000016	5.4884133475544	1125	81.7313219189825	103.268678081021
73	WGN45	98.3459147424528	7.7635117108327	1125	83.113323263272	113.578506221634
74	WGN45	92.5000000000014	5.48841334755445	1125	81.7313219189822	103.268678081021
75	WGN45	117.500000000002	5.48841334755442	1125	106.731321918983	128.268678081021
76	WGN45	92.5000000000016	5.48841334755438	1125	81.7313219189825	103.268678081021
77	WGN45	90.0000000000016	5.4884133475544	1125	79.2313219189825	100.768678081021
78	WGN45	100.000000000002	5.48841334755442	1125	89.2313219189824	110.768678081021
80	WGN45	110.000000000002	5.48841334755443	1125	99.2313219189824	120.768678081021
81	WGN45	115.000000000001	5.4884133475544	1125	104.231321918982	125.76867808102
82	WGN45	90.0000000000015	5.48841334755442	1125	79.2313219189824	100.768678081021
84	WGN45	97.5000000000016	5.48841334755438	1125	86.7313219189825	108.268678081021
85	WGN45	108.345914742453	7.76351171083279	1125	93.1133232632718	123.578506221634
86	WGN45	105.000000000002	5.48841334755441	1125	94.2313219189824	115.768678081021
87	WGN45	92.5000000000016	5.48841334755442	1125	81.7313219189824	103.268678081021
88	WGN45	95.0000000000017	5.48841334755437	1125	84.2313219189826	105.768678081021
89	WGN45	102.500000000001	5.48841334755441	1125	91.7313219189823	113.268678081021
90	WGN45	100.000000000001	5.4884133475544	1125	89.2313219189824	110.768678081021
92	WGN45	102.500000000002	5.48841334755439	1125	91.7313219189824	113.268678081021
93	WGN45	97.5000000000015	5.48841334755442	1125	86.7313219189823	108.268678081021
94	WGN45	102.500000000002	5.48841334755443	1125	91.7313219189824	113.268678081021
95	WGN45	90.0000000000016	5.4884133475544	1125	79.2313219189825	100.768678081021
96	WGN45	87.5000000000017	5.48841334755442	1125	76.7313219189825	98.2686780810209
98	WGN45	100.000000000002	5.48841334755441	1125	89.2313219189824	110.768678081021
99	WGN45	91.6540852575504	7.76351171083277	1125	76.4214937783695	106.886676736731
100	WGN45	102.500000000001	5.48841334755441	1125	91.7313219189823	113.268678081021
101	WGN45	107.500000000002	5.48841334755441	1125	96.7313219189824	118.268678081021
102	WGN45	100.000000000002	5.48841334755442	1125	89.2313219189824	110.768678081021
103	WGN45	103.345914742453	7.7635117108328	1125	88.1133232632717	118.578506221634
104	WGN45	112.500000000002	5.48841334755443	1125	101.731321918982	123.268678081021
105	WGN45	100.000000000001	5.48841334755442	1125	89.2313219189823	110.768678081021
106	WGN45	107.500000000002	5.48841334755442	1125	96.7313219189823	118.268678081021
107	WGN45	105.000000000001	5.4884133475544	1125	94.2313219189824	115.768678081021
108	WGN45	90.0000000000016	5.48841334755441	1125	79.2313219189824	100.768678081021
109	WGN45	100.000000000001	5.48841334755442	1125	89.2313219189823	110.768678081021
110	WGN45	92.5000000000016	5.48841334755441	1125	81.7313219189824	103.268678081021
111	WGN45	102.500000000002	5.48841334755442	1125	91.7313219189824	113.268678081021
112	WGN45	82.5000000000016	5.48841334755441	1125	71.7313219189824	93.2686780810207
113	WGN45	85.0000000000016	5.4884133475544	1125	74.2313219189825	95.7686780810208
114	WGN45	87.5000000000016	5.48841334755442	1125	76.7313219189824	98.2686780810207
115	WGN45	77.5000000000016	5.48841334755441	1125	66.7313219189825	88.2686780810208
116	WGN45	102.500000000002	5.48841334755442	1125	91.7313219189824	113.268678081021
117	WGN45	95.0000000000015	5.48841334755442	1125	84.2313219189823	105.768678081021
118	WGN45	86.6540852575503	7.76351171083278	1125	71.4214937783693	101.886676736731
119	WGN45	90.0000000000016	5.4884133475544	1125	79.2313219189824	100.768678081021
120	WGN45	92.5000000000015	5.48841334755443	1125	81.7313219189823	103.268678081021
121	WGN45	85.0000000000015	5.48841334755442	1125	74.2313219189823	95.7686780810207
122	WGN45	92.5000000000015	5.48841334755442	1125	81.7313219189824	103.268678081021
123	WGN45	102.500000000001	5.48841334755442	1125	91.7313219189823	113.268678081021
124	WGN45	100.000000000002	5.48841334755442	1125	89.2313219189823	110.768678081021
126	WGN45	112.500000000001	5.48841334755442	1125	101.731321918982	123.268678081021
127	WGN45	97.5000000000015	5.48841334755442	1125	86.7313219189823	108.268678081021
128	WGN45	97.5000000000015	5.48841334755442	1125	86.7313219189824	108.268678081021
129	WGN45	100.000000000002	5.48841334755442	1125	89.2313219189824	110.768678081021
130	WGN45	81.6540852575503	7.76351171083277	1125	66.4214937783693	96.8866767367312
1	WGN46	87.5000000000018	5.48841334755442	1125	76.7313219189826	98.268678081021
2	WGN46	77.5000000000018	5.48841334755446	1125	66.7313219189826	88.2686780810211
3	WGN46	95.000000000002	5.48841334755439	1125	84.2313219189829	105.768678081021
4	WGN46	90.000000000002	5.48841334755441	1125	79.2313219189828	100.768678081021
6	WGN46	76.6540852575509	7.76351171083276	1125	61.4214937783699	91.8866767367318
7	WGN46	90.0000000000017	5.48841334755439	1125	79.2313219189826	100.768678081021
8	WGN46	83.3459147424531	7.76351171083279	1125	68.1133232632721	98.5785062216341
9	WGN46	100.000000000002	5.48841334755449	1125	89.2313219189828	110.768678081021
10	WGN46	95.0000000000016	5.48841334755444	1125	84.2313219189824	105.768678081021
11	WGN46	97.5000000000014	5.48841334755431	1125	86.7313219189825	108.26867808102
12	WGN46	87.5000000000018	5.4884133475544	1125	76.7313219189827	98.2686780810209
13	WGN46	87.5000000000013	5.48841334755441	1125	76.7313219189822	98.2686780810205
14	WGN46	95.0000000000016	5.48841334755433	1125	84.2313219189826	105.768678081021
15	WGN46	100.000000000002	5.48841334755444	1125	89.2313219189831	110.768678081021
16	WGN46	92.5000000000017	5.48841334755438	1125	81.7313219189826	103.268678081021
17	WGN46	102.500000000002	5.48841334755439	1125	91.7313219189827	113.268678081021
18	WGN46	97.5000000000016	5.48841334755437	1125	86.7313219189826	108.268678081021
19	WGN46	87.5000000000019	5.48841334755444	1125	76.7313219189827	98.2686780810211
20	WGN46	76.6540852575507	7.76351171083273	1125	61.4214937783699	91.8866767367316
21	WGN46	88.345914742453	7.76351171083268	1125	73.1133232632722	103.578506221634
22	WGN46	95.0000000000016	5.48841334755436	1125	84.2313219189826	105.768678081021
23	WGN46	90.0000000000018	5.4884133475544	1125	79.2313219189827	100.768678081021
24	WGN46	77.5000000000013	5.48841334755452	1125	66.7313219189819	88.2686780810206
25	WGN46	87.5000000000019	5.48841334755435	1125	76.7313219189829	98.2686780810209
26	WGN46	95.0000000000019	5.48841334755441	1125	84.2313219189827	105.768678081021
27	WGN46	86.6540852575507	7.76351171083279	1125	71.4214937783697	101.886676736732
28	WGN46	90.0000000000017	5.48841334755436	1125	79.2313219189827	100.768678081021
29	WGN46	90.0000000000019	5.48841334755447	1125	79.2313219189826	100.768678081021
30	WGN46	80.0000000000017	5.48841334755447	1125	69.2313219189824	90.768678081021
31	WGN46	92.5000000000019	5.48841334755444	1125	81.7313219189827	103.268678081021
32	WGN46	95.0000000000018	5.4884133475544	1125	84.2313219189827	105.768678081021
33	WGN46	97.5000000000018	5.4884133475544	1125	86.7313219189827	108.268678081021
34	WGN46	92.5000000000019	5.48841334755444	1125	81.7313219189827	103.268678081021
36	WGN46	87.5000000000019	5.48841334755445	1125	76.7313219189826	98.2686780810211
37	WGN46	107.500000000002	5.48841334755446	1125	96.7313219189829	118.268678081021
38	WGN46	85.0000000000018	5.48841334755443	1125	74.2313219189827	95.768678081021
39	WGN46	72.5000000000016	5.48841334755447	1125	61.7313219189824	83.2686780810209
40	WGN46	90.0000000000018	5.48841334755439	1125	79.2313219189827	100.768678081021
41	WGN46	95.0000000000018	5.48841334755442	1125	84.2313219189827	105.768678081021
42	WGN46	90.0000000000018	5.48841334755439	1125	79.2313219189827	100.768678081021
43	WGN46	90.0000000000018	5.48841334755437	1125	79.2313219189827	100.768678081021
44	WGN46	82.5000000000018	5.48841334755441	1125	71.7313219189827	93.268678081021
45	WGN46	90.0000000000019	5.48841334755445	1125	79.2313219189827	100.768678081021
46	WGN46	92.5000000000019	5.48841334755444	1125	81.7313219189827	103.268678081021
47	WGN46	95.0000000000017	5.48841334755437	1125	84.2313219189827	105.768678081021
48	WGN46	95.0000000000018	5.48841334755441	1125	84.2313219189827	105.768678081021
49	WGN46	90.0000000000018	5.48841334755445	1125	79.2313219189826	100.768678081021
50	WGN46	87.5000000000019	5.48841334755445	1125	76.7313219189826	98.2686780810211
52	WGN46	90.0000000000019	5.48841334755445	1125	79.2313219189826	100.768678081021
53	WGN46	95.0000000000018	5.48841334755439	1125	84.2313219189827	105.768678081021
54	WGN46	92.5000000000018	5.48841334755439	1125	81.7313219189827	103.268678081021
55	WGN46	101.654085257551	7.76351171083275	1125	86.4214937783697	116.886676736732
56	WGN46	107.500000000002	5.48841334755445	1125	96.7313219189829	118.268678081021
57	WGN46	90.0000000000018	5.48841334755438	1125	79.2313219189827	100.768678081021
58	WGN46	87.5000000000017	5.48841334755443	1125	76.7313219189826	98.2686780810209
59	WGN46	85.0000000000019	5.48841334755444	1125	74.2313219189827	95.7686780810211
60	WGN46	85.0000000000018	5.48841334755441	1125	74.2313219189827	95.768678081021
61	WGN46	97.5000000000016	5.48841334755438	1125	86.7313219189825	108.268678081021
62	WGN46	100.000000000002	5.48841334755442	1125	89.2313219189827	110.768678081021
63	WGN46	90.0000000000018	5.48841334755438	1125	79.2313219189827	100.768678081021
64	WGN46	90.0000000000019	5.48841334755445	1125	79.2313219189827	100.768678081021
65	WGN46	87.5000000000019	5.48841334755441	1125	76.7313219189827	98.268678081021
66	WGN46	100.000000000002	5.4884133475544	1125	89.2313219189826	110.768678081021
67	WGN46	92.5000000000019	5.48841334755442	1125	81.7313219189827	103.268678081021
68	WGN46	85.0000000000018	5.48841334755443	1125	74.2313219189827	95.768678081021
69	WGN46	97.5000000000018	5.48841334755441	1125	86.7313219189827	108.268678081021
70	WGN46	97.5000000000018	5.48841334755442	1125	86.7313219189827	108.268678081021
71	WGN46	92.5000000000019	5.48841334755446	1125	81.7313219189826	103.268678081021
72	WGN46	92.5000000000018	5.48841334755442	1125	81.7313219189826	103.268678081021
73	WGN46	85.0000000000018	5.48841334755441	1125	74.2313219189826	95.7686780810209
74	WGN46	82.5000000000019	5.48841334755443	1125	71.7313219189827	93.2686780810211
75	WGN46	87.5000000000019	5.48841334755439	1125	76.7313219189828	98.268678081021
76	WGN46	87.5000000000018	5.48841334755443	1125	76.7313219189826	98.268678081021
78	WGN46	77.5000000000019	5.48841334755439	1125	66.7313219189828	88.268678081021
79	WGN46	97.5000000000019	5.48841334755442	1125	86.7313219189827	108.268678081021
80	WGN46	90.0000000000018	5.4884133475544	1125	79.2313219189827	100.768678081021
81	WGN46	100.000000000002	5.4884133475544	1125	89.2313219189826	110.768678081021
82	WGN46	85.0000000000018	5.48841334755442	1125	74.2313219189827	95.768678081021
83	WGN46	75.000000000002	5.4884133475544	1125	64.2313219189829	85.7686780810211
84	WGN46	92.5000000000018	5.48841334755439	1125	81.7313219189827	103.268678081021
85	WGN46	87.5000000000018	5.48841334755439	1125	76.7313219189827	98.2686780810209
86	WGN46	95.0000000000018	5.48841334755441	1125	84.2313219189826	105.768678081021
87	WGN46	95.0000000000018	5.48841334755441	1125	84.2313219189827	105.768678081021
88	WGN46	92.5000000000018	5.4884133475544	1125	81.7313219189827	103.268678081021
89	WGN46	82.5000000000019	5.4884133475544	1125	71.7313219189828	93.268678081021
90	WGN46	102.500000000002	5.48841334755442	1125	91.7313219189827	113.268678081021
91	WGN46	97.5000000000018	5.48841334755441	1125	86.7313219189827	108.268678081021
92	WGN46	77.5000000000019	5.48841334755442	1125	66.7313219189827	88.268678081021
93	WGN46	97.5000000000019	5.48841334755443	1125	86.7313219189827	108.268678081021
94	WGN46	90.000000000002	5.48841334755444	1125	79.2313219189828	100.768678081021
95	WGN46	97.5000000000018	5.48841334755441	1125	86.7313219189827	108.268678081021
96	WGN46	100.000000000002	5.48841334755444	1125	89.2313219189827	110.768678081021
98	WGN46	80.000000000002	5.48841334755441	1125	69.2313219189828	90.7686780810211
100	WGN46	93.3459147424529	7.76351171083271	1125	78.1133232632721	108.578506221634
101	WGN46	72.5000000000018	5.48841334755442	1125	61.7313219189827	83.268678081021
102	WGN46	77.5000000000019	5.48841334755441	1125	66.7313219189827	88.268678081021
103	WGN46	100.000000000002	5.48841334755442	1125	89.2313219189827	110.768678081021
104	WGN46	80.0000000000018	5.48841334755442	1125	69.2313219189827	90.768678081021
106	WGN46	87.5000000000018	5.48841334755443	1125	76.7313219189827	98.268678081021
107	WGN46	95.0000000000018	5.48841334755442	1125	84.2313219189827	105.768678081021
108	WGN46	82.5000000000018	5.48841334755443	1125	71.7313219189826	93.268678081021
109	WGN46	82.5000000000018	5.48841334755442	1125	71.7313219189827	93.268678081021
110	WGN46	90.0000000000018	5.48841334755442	1125	79.2313219189827	100.768678081021
111	WGN46	92.5000000000018	5.48841334755442	1125	81.7313219189827	103.268678081021
112	WGN46	100.000000000002	5.48841334755441	1125	89.2313219189826	110.768678081021
113	WGN46	107.500000000002	5.48841334755441	1125	96.7313219189826	118.268678081021
114	WGN46	85.0000000000018	5.48841334755442	1125	74.2313219189826	95.768678081021
115	WGN46	102.500000000002	5.48841334755442	1125	91.7313219189827	113.268678081021
116	WGN46	90.0000000000018	5.48841334755442	1125	79.2313219189827	100.768678081021
117	WGN46	77.5000000000019	5.48841334755441	1125	66.7313219189827	88.268678081021
118	WGN46	92.5000000000018	5.48841334755442	1125	81.7313219189827	103.268678081021
119	WGN46	97.5000000000018	5.48841334755442	1125	86.7313219189826	108.268678081021
120	WGN46	92.5000000000018	5.48841334755441	1125	81.7313219189827	103.268678081021
121	WGN46	87.5000000000018	5.48841334755442	1125	76.7313219189827	98.268678081021
122	WGN46	87.5000000000018	5.48841334755442	1125	76.7313219189827	98.268678081021
123	WGN46	92.5000000000018	5.48841334755442	1125	81.7313219189827	103.268678081021
124	WGN46	70.0000000000018	5.48841334755442	1125	59.2313219189827	80.768678081021
125	WGN46	92.5000000000018	5.48841334755442	1125	81.7313219189827	103.268678081021
126	WGN46	87.5000000000019	5.48841334755442	1125	76.7313219189827	98.268678081021
127	WGN46	95.0000000000018	5.48841334755442	1125	84.2313219189826	105.768678081021
128	WGN46	107.500000000002	5.48841334755442	1125	96.7313219189826	118.268678081021
129	WGN46	105.000000000002	5.48841334755442	1125	94.2313219189827	115.768678081021
130	WGN46	77.5000000000019	5.48841334755442	1125	66.7313219189827	88.268678081021
1	WGN55	92.5000000000013	5.48841334755439	1125	81.7313219189822	103.26867808102
2	WGN55	90.0000000000018	5.4884133475544	1125	79.2313219189826	100.768678081021
3	WGN55	87.5000000000018	5.4884133475544	1125	76.7313219189827	98.2686780810209
4	WGN55	92.5000000000017	5.48841334755443	1125	81.7313219189825	103.268678081021
5	WGN55	92.5000000000016	5.48841334755447	1125	81.7313219189824	103.268678081021
6	WGN55	80.0000000000015	5.48841334755444	1125	69.2313219189823	90.7686780810207
7	WGN55	90.0000000000017	5.48841334755443	1125	79.2313219189825	100.768678081021
8	WGN55	80.0000000000015	5.48841334755444	1125	69.2313219189823	90.7686780810207
9	WGN55	90.0000000000017	5.48841334755444	1125	79.2313219189825	100.768678081021
10	WGN55	90.0000000000018	5.48841334755443	1125	79.2313219189826	100.768678081021
11	WGN55	90.0000000000017	5.48841334755442	1125	79.2313219189825	100.768678081021
12	WGN55	92.5000000000017	5.48841334755446	1125	81.7313219189824	103.268678081021
13	WGN55	90.0000000000018	5.4884133475544	1125	79.2313219189826	100.768678081021
14	WGN55	92.500000000002	5.4884133475544	1125	81.7313219189828	103.268678081021
15	WGN55	95.0000000000016	5.48841334755442	1125	84.2313219189824	105.768678081021
16	WGN55	90.0000000000017	5.4884133475544	1125	79.2313219189826	100.768678081021
17	WGN55	95.0000000000017	5.48841334755438	1125	84.2313219189826	105.768678081021
18	WGN55	95.0000000000017	5.4884133475544	1125	84.2313219189826	105.768678081021
19	WGN55	97.5000000000017	5.48841334755442	1125	86.7313219189825	108.268678081021
20	WGN55	87.5000000000017	5.4884133475544	1125	76.7313219189826	98.2686780810208
21	WGN55	97.5000000000017	5.48841334755446	1125	86.7313219189824	108.268678081021
22	WGN55	82.5000000000016	5.4884133475544	1125	71.7313219189825	93.2686780810207
23	WGN55	92.5000000000017	5.48841334755435	1125	81.7313219189827	103.268678081021
24	WGN55	97.5000000000018	5.48841334755443	1125	86.7313219189826	108.268678081021
25	WGN55	115.000000000002	5.48841334755443	1125	104.231321918982	125.768678081021
26	WGN55	97.5000000000016	5.48841334755437	1125	86.7313219189825	108.268678081021
27	WGN55	92.500000000002	5.48841334755438	1125	81.7313219189829	103.268678081021
28	WGN55	95.0000000000016	5.48841334755439	1125	84.2313219189825	105.768678081021
29	WGN55	100.000000000002	5.48841334755445	1125	89.2313219189825	110.768678081021
30	WGN55	85.0000000000018	5.48841334755439	1125	74.2313219189827	95.7686780810209
31	WGN55	92.5000000000015	5.48841334755438	1125	81.7313219189825	103.268678081021
32	WGN55	105.000000000001	5.48841334755443	1125	94.2313219189823	115.768678081021
33	WGN55	72.5000000000017	5.48841334755442	1125	61.7313219189825	83.2686780810208
34	WGN55	92.5000000000014	5.48841334755443	1125	81.7313219189822	103.268678081021
35	WGN55	92.5000000000015	5.48841334755439	1125	81.7313219189824	103.268678081021
36	WGN55	100.000000000001	5.4884133475544	1125	89.2313219189824	110.768678081021
37	WGN55	102.500000000002	5.48841334755445	1125	91.7313219189829	113.268678081021
38	WGN55	70.0000000000019	5.4884133475544	1125	59.2313219189828	80.768678081021
40	WGN55	90.0000000000017	5.48841334755444	1125	79.2313219189825	100.768678081021
41	WGN55	87.5000000000016	5.4884133475544	1125	76.7313219189825	98.2686780810208
42	WGN55	92.5000000000017	5.48841334755442	1125	81.7313219189825	103.268678081021
43	WGN55	92.5000000000017	5.48841334755442	1125	81.7313219189825	103.268678081021
44	WGN55	77.5000000000015	5.48841334755445	1125	66.7313219189822	88.2686780810207
45	WGN55	77.5000000000016	5.48841334755442	1125	66.7313219189825	88.2686780810208
46	WGN55	66.6540852575503	7.76351171083281	1125	51.4214937783693	81.8866767367313
47	WGN55	95.0000000000016	5.48841334755446	1125	84.2313219189824	105.768678081021
48	WGN55	85.0000000000016	5.48841334755439	1125	74.2313219189825	95.7686780810207
49	WGN55	77.5000000000015	5.48841334755442	1125	66.7313219189823	88.2686780810207
50	WGN55	95.0000000000016	5.4884133475544	1125	84.2313219189825	105.768678081021
52	WGN55	82.5000000000018	5.48841334755438	1125	71.7313219189827	93.2686780810209
53	WGN55	80.0000000000017	5.4884133475544	1125	69.2313219189826	90.7686780810209
54	WGN55	97.5000000000017	5.48841334755443	1125	86.7313219189826	108.268678081021
55	WGN55	115.000000000002	5.48841334755444	1125	104.231321918983	125.768678081021
56	WGN55	92.5000000000016	5.48841334755445	1125	81.7313219189824	103.268678081021
57	WGN55	78.3459147424527	7.76351171083279	1125	63.1133232632717	93.5785062216337
58	WGN55	95.0000000000017	5.48841334755445	1125	84.2313219189825	105.768678081021
59	WGN55	90.0000000000017	5.48841334755444	1125	79.2313219189825	100.768678081021
60	WGN55	80.0000000000017	5.4884133475544	1125	69.2313219189826	90.7686780810208
61	WGN55	80.0000000000015	5.48841334755444	1125	69.2313219189823	90.7686780810207
62	WGN55	92.5000000000018	5.48841334755444	1125	81.7313219189826	103.268678081021
63	WGN55	90.0000000000017	5.48841334755443	1125	79.2313219189825	100.768678081021
64	WGN55	80.0000000000017	5.48841334755441	1125	69.2313219189826	90.7686780810208
65	WGN55	75.0000000000015	5.48841334755444	1125	64.2313219189823	85.7686780810207
66	WGN55	92.5000000000017	5.48841334755441	1125	81.7313219189826	103.268678081021
67	WGN55	76.6540852575507	7.76351171083273	1125	61.4214937783698	91.8866767367315
68	WGN55	77.5000000000016	5.48841334755442	1125	66.7313219189825	88.2686780810208
69	WGN55	75.0000000000018	5.48841334755442	1125	64.2313219189826	85.7686780810209
70	WGN55	80.0000000000016	5.48841334755443	1125	69.2313219189825	90.7686780810208
71	WGN55	70.0000000000014	5.48841334755445	1125	59.2313219189822	80.7686780810206
72	WGN55	85.0000000000017	5.4884133475544	1125	74.2313219189826	95.7686780810209
73	WGN55	95.0000000000017	5.48841334755443	1125	84.2313219189825	105.768678081021
74	WGN55	95.0000000000017	5.48841334755438	1125	84.2313219189826	105.768678081021
75	WGN55	102.500000000002	5.48841334755446	1125	91.7313219189826	113.268678081021
76	WGN55	102.500000000002	5.48841334755439	1125	91.7313219189825	113.268678081021
77	WGN55	86.6540852575505	7.76351171083273	1125	71.4214937783696	101.886676736731
78	WGN55	80.0000000000015	5.48841334755445	1125	69.2313219189823	90.7686780810207
80	WGN55	102.500000000002	5.48841334755445	1125	91.7313219189826	113.268678081021
81	WGN55	85.0000000000017	5.48841334755441	1125	74.2313219189825	95.7686780810208
82	WGN55	90.0000000000017	5.48841334755443	1125	79.2313219189825	100.768678081021
83	WGN55	92.5000000000017	5.48841334755443	1125	81.7313219189825	103.268678081021
84	WGN55	87.5000000000016	5.48841334755444	1125	76.7313219189824	98.2686780810209
85	WGN55	90.0000000000017	5.4884133475544	1125	79.2313219189826	100.768678081021
86	WGN55	95.0000000000018	5.48841334755443	1125	84.2313219189826	105.768678081021
87	WGN55	92.5000000000017	5.48841334755445	1125	81.7313219189824	103.268678081021
88	WGN55	80.0000000000017	5.48841334755441	1125	69.2313219189826	90.7686780810209
89	WGN55	100.000000000002	5.48841334755443	1125	89.2313219189825	110.768678081021
90	WGN55	82.5000000000016	5.48841334755442	1125	71.7313219189825	93.2686780810208
91	WGN55	82.5000000000017	5.48841334755441	1125	71.7313219189826	93.2686780810209
92	WGN55	107.500000000002	5.48841334755442	1125	96.7313219189825	118.268678081021
93	WGN55	75.0000000000016	5.48841334755443	1125	64.2313219189825	85.7686780810208
94	WGN55	87.5000000000017	5.48841334755444	1125	76.7313219189825	98.2686780810209
95	WGN55	100.000000000002	5.48841334755442	1125	89.2313219189825	110.768678081021
96	WGN55	85.0000000000017	5.48841334755443	1125	74.2313219189825	95.7686780810209
97	WGN55	92.5000000000017	5.48841334755442	1125	81.7313219189825	103.268678081021
98	WGN55	92.5000000000017	5.48841334755441	1125	81.7313219189825	103.268678081021
99	WGN55	97.5000000000017	5.48841334755444	1125	86.7313219189825	108.268678081021
100	WGN55	87.5000000000017	5.48841334755442	1125	76.7313219189826	98.2686780810209
101	WGN55	85.0000000000017	5.48841334755442	1125	74.2313219189825	95.7686780810208
102	WGN55	85.0000000000017	5.48841334755442	1125	74.2313219189825	95.7686780810208
103	WGN55	77.5000000000018	5.48841334755441	1125	66.7313219189826	88.2686780810209
104	WGN55	102.500000000002	5.48841334755443	1125	91.7313219189825	113.268678081021
105	WGN55	90.0000000000017	5.48841334755442	1125	79.2313219189825	100.768678081021
106	WGN55	82.5000000000017	5.48841334755442	1125	71.7313219189825	93.2686780810209
107	WGN55	80.0000000000016	5.48841334755443	1125	69.2313219189825	90.7686780810208
108	WGN55	90.0000000000017	5.48841334755442	1125	79.2313219189825	100.768678081021
109	WGN55	85.0000000000017	5.48841334755442	1125	74.2313219189825	95.7686780810208
110	WGN55	90.0000000000017	5.48841334755442	1125	79.2313219189825	100.768678081021
111	WGN55	100.000000000002	5.48841334755442	1125	89.2313219189825	110.768678081021
112	WGN55	90.0000000000017	5.48841334755442	1125	79.2313219189825	100.768678081021
113	WGN55	87.5000000000017	5.48841334755443	1125	76.7313219189825	98.2686780810208
114	WGN55	80.0000000000016	5.48841334755443	1125	69.2313219189824	90.7686780810208
115	WGN55	105.000000000002	5.48841334755443	1125	94.2313219189825	115.768678081021
116	WGN55	85.0000000000017	5.48841334755443	1125	74.2313219189825	95.7686780810208
117	WGN55	92.5000000000016	5.48841334755441	1125	81.7313219189825	103.268678081021
118	WGN55	77.5000000000017	5.48841334755442	1125	66.7313219189825	88.2686780810208
119	WGN55	102.500000000002	5.48841334755443	1125	91.7313219189825	113.268678081021
120	WGN55	111.654085257551	7.76351171083277	1125	96.4214937783696	126.886676736731
121	WGN55	97.5000000000017	5.48841334755442	1125	86.7313219189825	108.268678081021
122	WGN55	95.0000000000017	5.48841334755442	1125	84.2313219189825	105.768678081021
123	WGN55	92.5000000000017	5.48841334755442	1125	81.7313219189825	103.268678081021
124	WGN55	90.0000000000017	5.48841334755442	1125	79.2313219189825	100.768678081021
125	WGN55	92.5000000000017	5.48841334755442	1125	81.7313219189825	103.268678081021
126	WGN55	92.5000000000017	5.48841334755442	1125	81.7313219189825	103.268678081021
128	WGN55	92.5000000000017	5.48841334755442	1125	81.7313219189825	103.268678081021
129	WGN55	85.0000000000017	5.48841334755442	1125	74.2313219189825	95.7686780810208
130	WGN55	95.0000000000016	5.48841334755442	1125	84.2313219189825	105.768678081021
1	WGN63	85.0000000000013	5.48841334755442	1125	74.2313219189821	95.7686780810204
2	WGN63	95.0000000000016	5.48841334755441	1125	84.2313219189824	105.768678081021
3	WGN63	105.000000000002	5.48841334755443	1125	94.2313219189827	115.768678081021
4	WGN63	92.5000000000018	5.48841334755443	1125	81.7313219189827	103.268678081021
5	WGN63	85.0000000000017	5.48841334755441	1125	74.2313219189825	95.7686780810208
6	WGN63	95.0000000000016	5.48841334755445	1125	84.2313219189824	105.768678081021
7	WGN63	87.5000000000018	5.48841334755446	1125	76.7313219189826	98.2686780810211
8	WGN63	90.0000000000018	5.48841334755444	1125	79.2313219189826	100.768678081021
9	WGN63	102.500000000002	5.48841334755445	1125	91.7313219189827	113.268678081021
10	WGN63	110.000000000001	5.48841334755441	1125	99.2313219189821	120.76867808102
12	WGN63	102.500000000002	5.48841334755445	1125	91.7313219189826	113.268678081021
13	WGN63	102.500000000002	5.48841334755443	1125	91.7313219189825	113.268678081021
14	WGN63	82.5000000000017	5.48841334755442	1125	71.7313219189825	93.2686780810209
16	WGN63	90.0000000000018	5.48841334755447	1125	79.2313219189826	100.768678081021
17	WGN63	112.500000000002	5.48841334755445	1125	101.731321918983	123.268678081021
18	WGN63	100.000000000002	5.48841334755445	1125	89.2313219189827	110.768678081021
19	WGN63	100.000000000002	5.48841334755442	1125	89.2313219189826	110.768678081021
20	WGN63	87.5000000000017	5.48841334755439	1125	76.7313219189826	98.2686780810208
21	WGN63	102.500000000001	5.48841334755439	1125	91.7313219189823	113.268678081021
22	WGN63	100.000000000002	5.48841334755445	1125	89.2313219189826	110.768678081021
23	WGN63	102.500000000002	5.48841334755445	1125	91.7313219189826	113.268678081021
24	WGN63	107.500000000002	5.48841334755445	1125	96.7313219189826	118.268678081021
25	WGN63	100.000000000002	5.48841334755442	1125	89.2313219189825	110.768678081021
26	WGN63	102.500000000002	5.48841334755444	1125	91.7313219189825	113.268678081021
27	WGN63	95.0000000000017	5.48841334755443	1125	84.2313219189825	105.768678081021
28	WGN63	112.500000000002	5.48841334755444	1125	101.731321918983	123.268678081021
29	WGN63	107.500000000002	5.48841334755444	1125	96.7313219189824	118.268678081021
30	WGN63	97.5000000000017	5.48841334755442	1125	86.7313219189825	108.268678081021
31	WGN63	97.5000000000017	5.48841334755442	1125	86.7313219189825	108.268678081021
32	WGN63	100.000000000002	5.48841334755441	1125	89.2313219189825	110.768678081021
33	WGN63	107.500000000001	5.48841334755438	1125	96.7313219189822	118.26867808102
34	WGN63	95.0000000000016	5.48841334755442	1125	84.2313219189824	105.768678081021
35	WGN63	102.500000000002	5.48841334755444	1125	91.7313219189828	113.268678081021
36	WGN63	95.0000000000017	5.48841334755441	1125	84.2313219189826	105.768678081021
37	WGN63	107.500000000002	5.48841334755442	1125	96.7313219189825	118.268678081021
38	WGN63	91.6540852575506	7.76351171083275	1125	76.4214937783697	106.886676736731
39	WGN63	106.654085257551	7.76351171083277	1125	91.4214937783696	121.886676736732
40	WGN63	72.5000000000017	5.48841334755443	1125	61.7313219189825	83.2686780810209
41	WGN63	100.000000000002	5.48841334755445	1125	89.2313219189827	110.768678081021
42	WGN63	100.000000000002	5.48841334755444	1125	89.2313219189825	110.768678081021
43	WGN63	95.0000000000017	5.48841334755441	1125	84.2313219189826	105.768678081021
44	WGN63	92.5000000000016	5.4884133475544	1125	81.7313219189825	103.268678081021
45	WGN63	102.500000000002	5.48841334755444	1125	91.7313219189826	113.268678081021
46	WGN63	107.500000000002	5.48841334755443	1125	96.7313219189827	118.268678081021
47	WGN63	102.500000000002	5.48841334755441	1125	91.7313219189825	113.268678081021
48	WGN63	110.000000000002	5.48841334755442	1125	99.2313219189826	120.768678081021
49	WGN63	97.5000000000018	5.48841334755444	1125	86.7313219189826	108.268678081021
50	WGN63	95.0000000000018	5.48841334755444	1125	84.2313219189826	105.768678081021
51	WGN63	120.000000000002	5.48841334755439	1125	109.231321918982	130.768678081021
52	WGN63	112.500000000002	5.48841334755442	1125	101.731321918983	123.268678081021
53	WGN63	100.000000000002	5.48841334755442	1125	89.2313219189825	110.768678081021
54	WGN63	107.500000000002	5.48841334755443	1125	96.7313219189825	118.268678081021
55	WGN63	100.000000000002	5.48841334755445	1125	89.2313219189826	110.768678081021
56	WGN63	105.000000000002	5.48841334755444	1125	94.2313219189825	115.768678081021
57	WGN63	107.500000000002	5.48841334755441	1125	96.7313219189824	118.268678081021
58	WGN63	90.0000000000016	5.48841334755442	1125	79.2313219189825	100.768678081021
59	WGN63	90.0000000000017	5.48841334755442	1125	79.2313219189825	100.768678081021
60	WGN63	90.0000000000017	5.48841334755442	1125	79.2313219189825	100.768678081021
61	WGN63	112.500000000002	5.48841334755444	1125	101.731321918983	123.268678081021
62	WGN63	97.5000000000017	5.48841334755443	1125	86.7313219189825	108.268678081021
63	WGN63	98.3459147424529	7.76351171083276	1125	83.113323263272	113.578506221634
64	WGN63	87.5000000000017	5.48841334755446	1125	76.7313219189825	98.268678081021
65	WGN63	120.000000000002	5.48841334755444	1125	109.231321918983	130.768678081021
66	WGN63	95.0000000000015	5.48841334755439	1125	84.2313219189824	105.768678081021
67	WGN63	97.5000000000018	5.48841334755443	1125	86.7313219189826	108.268678081021
68	WGN63	87.5000000000018	5.48841334755444	1125	76.7313219189826	98.268678081021
69	WGN63	95.0000000000017	5.48841334755444	1125	84.2313219189825	105.768678081021
70	WGN63	100.000000000002	5.48841334755442	1125	89.2313219189825	110.768678081021
72	WGN63	107.500000000002	5.48841334755442	1125	96.7313219189826	118.268678081021
73	WGN63	102.500000000002	5.48841334755441	1125	91.7313219189825	113.268678081021
74	WGN63	105.000000000002	5.48841334755443	1125	94.2313219189825	115.768678081021
75	WGN63	110.000000000002	5.48841334755443	1125	99.2313219189826	120.768678081021
76	WGN63	95.0000000000018	5.48841334755444	1125	84.2313219189826	105.768678081021
77	WGN63	97.5000000000016	5.48841334755442	1125	86.7313219189825	108.268678081021
78	WGN63	115.000000000002	5.48841334755444	1125	104.231321918983	125.768678081021
79	WGN63	90.0000000000016	5.48841334755441	1125	79.2313219189825	100.768678081021
80	WGN63	105.000000000002	5.48841334755441	1125	94.2313219189825	115.768678081021
81	WGN63	97.5000000000017	5.48841334755442	1125	86.7313219189825	108.268678081021
82	WGN63	105.000000000002	5.48841334755444	1125	94.2313219189826	115.768678081021
83	WGN63	102.500000000002	5.48841334755443	1125	91.7313219189825	113.268678081021
84	WGN63	100.000000000002	5.48841334755444	1125	89.2313219189826	110.768678081021
85	WGN63	95.0000000000017	5.48841334755443	1125	84.2313219189825	105.768678081021
86	WGN63	105.000000000002	5.48841334755441	1125	94.2313219189825	115.768678081021
87	WGN63	105.000000000002	5.4884133475544	1125	94.2313219189824	115.768678081021
88	WGN63	92.5000000000016	5.48841334755441	1125	81.7313219189825	103.268678081021
89	WGN63	95.0000000000017	5.48841334755442	1125	84.2313219189825	105.768678081021
90	WGN63	81.6540852575506	7.76351171083275	1125	66.4214937783697	96.8866767367315
91	WGN63	95.0000000000017	5.48841334755442	1125	84.2313219189825	105.768678081021
92	WGN63	105.000000000002	5.48841334755442	1125	94.2313219189825	115.768678081021
93	WGN63	102.500000000002	5.48841334755443	1125	91.7313219189825	113.268678081021
94	WGN63	102.500000000002	5.48841334755442	1125	91.7313219189825	113.268678081021
95	WGN63	90.0000000000017	5.48841334755442	1125	79.2313219189825	100.768678081021
96	WGN63	97.5000000000017	5.48841334755441	1125	86.7313219189825	108.268678081021
97	WGN63	102.500000000002	5.48841334755443	1125	91.7313219189825	113.268678081021
98	WGN63	123.345914742453	7.76351171083277	1125	108.113323263272	138.578506221634
99	WGN63	98.3459147424529	7.76351171083276	1125	83.1133232632719	113.578506221634
100	WGN63	92.5000000000017	5.48841334755442	1125	81.7313219189826	103.268678081021
101	WGN63	98.3459147424529	7.76351171083278	1125	83.1133232632719	113.578506221634
102	WGN63	100.000000000002	5.48841334755443	1125	89.2313219189825	110.768678081021
103	WGN63	95.0000000000017	5.48841334755443	1125	84.2313219189825	105.768678081021
105	WGN63	102.500000000002	5.48841334755442	1125	91.7313219189825	113.268678081021
106	WGN63	97.5000000000017	5.48841334755442	1125	86.7313219189825	108.268678081021
107	WGN63	90.0000000000017	5.48841334755442	1125	79.2313219189825	100.768678081021
109	WGN63	102.500000000002	5.48841334755442	1125	91.7313219189825	113.268678081021
110	WGN63	66.6540852575506	7.76351171083276	1125	51.4214937783697	81.8866767367316
111	WGN63	95.0000000000017	5.48841334755442	1125	84.2313219189825	105.768678081021
112	WGN63	100.000000000002	5.48841334755443	1125	89.2313219189825	110.768678081021
114	WGN63	105.000000000002	5.48841334755442	1125	94.2313219189825	115.768678081021
115	WGN63	102.500000000002	5.48841334755442	1125	91.7313219189825	113.268678081021
116	WGN63	112.500000000002	5.48841334755442	1125	101.731321918983	123.268678081021
117	WGN63	87.5000000000017	5.48841334755442	1125	76.7313219189825	98.2686780810209
118	WGN63	90.0000000000017	5.48841334755442	1125	79.2313219189825	100.768678081021
119	WGN63	102.500000000002	5.48841334755442	1125	91.7313219189826	113.268678081021
121	WGN63	107.500000000002	5.48841334755442	1125	96.7313219189825	118.268678081021
122	WGN63	97.5000000000017	5.48841334755442	1125	86.7313219189825	108.268678081021
123	WGN63	95.0000000000017	5.48841334755442	1125	84.2313219189825	105.768678081021
124	WGN63	95.0000000000017	5.48841334755442	1125	84.2313219189825	105.768678081021
125	WGN63	116.654085257551	7.76351171083277	1125	101.42149377837	131.886676736732
126	WGN63	92.5000000000017	5.48841334755442	1125	81.7313219189825	103.268678081021
127	WGN63	95.0000000000017	5.48841334755442	1125	84.2313219189825	105.768678081021
128	WGN63	95.0000000000017	5.48841334755442	1125	84.2313219189825	105.768678081021
129	WGN63	102.500000000002	5.48841334755442	1125	91.7313219189825	113.268678081021
130	WGN63	100.000000000002	5.48841334755442	1125	89.2313219189825	110.768678081021
