plantID3	famID	emmean	SE	df	lower.CL	upper.CL
1	WGN07	6.80000000000246	0.272453643604065	1115	6.26542038033122	7.33457961967369
2	WGN07	7.04999999999975	0.272453643604304	1115	6.51542038032804	7.58457961967145
3	WGN07	6.85000000000039	0.272453643604339	1115	6.31542038032862	7.38457961967217
4	WGN07	7.10000000000004	0.27245364360432	1115	6.56542038032831	7.63457961967178
5	WGN07	7.59999999999982	0.272453643604323	1115	7.06542038032808	8.13457961967156
6	WGN07	6.2000000000001	0.272453643604317	1115	5.66542038032837	6.73457961967182
7	WGN07	7.10000000000007	0.272453643604329	1115	6.56542038032832	7.63457961967182
8	WGN07	7.90000000000017	0.272453643604324	1115	7.36542038032843	8.43457961967191
9	WGN07	8.29999999999998	0.272453643604319	1115	7.76542038032825	8.83457961967172
10	WGN07	6.95000000000009	0.272453643604323	1115	6.41542038032835	7.48457961967183
11	WGN07	6.65000000000006	0.272453643604325	1115	6.11542038032831	7.1845796196718
12	WGN07	7.10000000000001	0.272453643604324	1115	6.56542038032827	7.63457961967175
13	WGN07	6.85000000000009	0.272453643604316	1115	6.31542038032836	7.38457961967181
14	WGN07	7.60000000000008	0.272453643604327	1115	7.06542038032834	8.13457961967183
15	WGN07	7.40000000000003	0.272453643604316	1115	6.86542038032831	7.93457961967176
16	WGN07	7.85000000000013	0.272453643604328	1115	7.31542038032838	8.38457961967188
17	WGN07	7.35000000000002	0.272453643604312	1115	6.8154203803283	7.88457961967174
18	WGN07	8.00000000000011	0.272453643604324	1115	7.46542038032837	8.53457961967185
20	WGN07	6.85000000000004	0.272453643604328	1115	6.31542038032829	7.38457961967179
21	WGN07	7.45000000000006	0.272453643604321	1115	6.91542038032833	7.9845796196718
22	WGN07	7.00000000000005	0.272453643604329	1115	6.4654203803283	7.53457961967181
23	WGN07	7.30000000000004	0.27245364360432	1115	6.7654203803283	7.83457961967177
24	WGN07	8.10000000000012	0.272453643604328	1115	7.56542038032837	8.63457961967187
25	WGN07	6.45000000000004	0.272453643604321	1115	5.91542038032831	6.98457961967178
26	WGN07	6.95000000000002	0.272453643604322	1115	6.41542038032828	7.48457961967175
27	WGN07	7.30000000000007	0.272453643604328	1115	6.76542038032832	7.83457961967182
28	WGN07	6.90000000000002	0.272453643604312	1115	6.3654203803283	7.43457961967174
29	WGN07	7.50000000000002	0.27245364360432	1115	6.96542038032829	8.03457961967175
30	WGN07	7.15000000000004	0.272453643604318	1115	6.61542038032831	7.68457961967177
31	WGN07	6.74999999999999	0.272453643604334	1115	6.21542038032823	7.28457961967175
32	WGN07	7.45000000000002	0.272453643604321	1115	6.91542038032828	7.98457961967175
33	WGN07	6.80000000000009	0.272453643604319	1115	6.26542038032835	7.33457961967182
34	WGN07	7.40000000000004	0.272453643604321	1115	6.8654203803283	7.93457961967178
35	WGN07	7.12289426523301	0.385393942672544	1115	6.36671517886746	7.87907335159855
36	WGN07	7.05	0.272453643604308	1115	6.51542038032829	7.58457961967171
37	WGN07	7.25000000000002	0.272453643604313	1115	6.7154203803283	7.78457961967174
38	WGN07	7.55000000000004	0.272453643604327	1115	7.01542038032829	8.08457961967179
39	WGN07	6.30000000000003	0.272453643604325	1115	5.76542038032829	6.83457961967178
40	WGN07	6.70000000000006	0.272453643604325	1115	6.16542038032832	7.23457961967181
41	WGN07	7.65000000000008	0.272453643604328	1115	7.11542038032833	8.18457961967183
42	WGN07	7.00000000000009	0.272453643604321	1115	6.46542038032836	7.53457961967183
44	WGN07	6.65000000000002	0.27245364360432	1115	6.11542038032828	7.18457961967175
46	WGN07	6.20000000000007	0.272453643604321	1115	5.66542038032833	6.7345796196718
47	WGN07	7.20000000000005	0.272453643604321	1115	6.66542038032832	7.73457961967179
48	WGN07	6.35000000000015	0.272453643604321	1115	5.81542038032842	6.88457961967189
49	WGN07	7.55000000000007	0.272453643604325	1115	7.01542038032833	8.08457961967181
50	WGN07	7.75000000000004	0.272453643604323	1115	7.2154203803283	8.28457961967178
51	WGN07	6.72289426523302	0.385393942672541	1115	5.96671517886748	7.47907335159856
52	WGN07	7.20000000000005	0.27245364360432	1115	6.66542038032831	7.73457961967178
53	WGN07	6.85000000000005	0.272453643604329	1115	6.31542038032829	7.3845796196718
54	WGN07	6.85000000000007	0.272453643604321	1115	6.31542038032833	7.38457961967181
55	WGN07	7.00000000000005	0.272453643604326	1115	6.4654203803283	7.5345796196718
56	WGN07	6.85000000000005	0.272453643604318	1115	6.31542038032832	7.38457961967178
57	WGN07	7.15000000000004	0.272453643604314	1115	6.61542038032832	7.68457961967177
58	WGN07	7.64999999999996	0.272453643604322	1115	7.11542038032823	8.1845796196717
59	WGN07	6.55000000000003	0.272453643604327	1115	6.01542038032829	7.08457961967178
60	WGN07	7.10000000000006	0.272453643604321	1115	6.56542038032833	7.6345796196718
61	WGN07	6.95000000000005	0.27245364360432	1115	6.41542038032832	7.48457961967178
63	WGN07	6.45000000000005	0.272453643604325	1115	5.9154203803283	6.98457961967179
64	WGN07	6.84999999999999	0.272453643604328	1115	6.31542038032824	7.38457961967174
66	WGN07	7.40000000000002	0.272453643604318	1115	6.86542038032829	7.93457961967175
67	WGN07	7.20000000000004	0.272453643604321	1115	6.6654203803283	7.73457961967177
68	WGN07	6.35000000000004	0.27245364360433	1115	5.81542038032828	6.88457961967179
69	WGN07	7.17710573476706	0.38539394267254	1115	6.42092664840152	7.93328482113259
71	WGN07	8.00000000000002	0.27245364360432	1115	7.46542038032828	8.53457961967175
73	WGN07	7.1000000000001	0.272453643604327	1115	6.56542038032836	7.63457961967185
74	WGN07	7.35000000000007	0.272453643604321	1115	6.81542038032833	7.8845796196718
75	WGN07	6.55000000000007	0.272453643604325	1115	6.01542038032832	7.08457961967181
76	WGN07	6.60000000000004	0.27245364360432	1115	6.06542038032831	7.13457961967178
77	WGN07	6.95000000000005	0.27245364360432	1115	6.41542038032831	7.48457961967178
78	WGN07	7.00000000000002	0.272453643604317	1115	6.46542038032829	7.53457961967175
79	WGN07	8.05000000000006	0.272453643604321	1115	7.51542038032833	8.5845796196718
80	WGN07	7.45000000000005	0.272453643604325	1115	6.9154203803283	7.98457961967179
81	WGN07	6.40000000000004	0.272453643604323	1115	5.8654203803283	6.93457961967178
82	WGN07	6.50000000000006	0.272453643604326	1115	5.96542038032832	7.03457961967181
83	WGN07	7.15000000000001	0.272453643604324	1115	6.61542038032827	7.68457961967176
84	WGN07	7.65000000000006	0.272453643604325	1115	7.11542038032831	8.1845796196718
85	WGN07	7.50000000000006	0.272453643604323	1115	6.96542038032832	8.0345796196718
86	WGN07	7.35000000000012	0.272453643604331	1115	6.81542038032836	7.88457961967188
87	WGN07	7.20000000000005	0.272453643604325	1115	6.66542038032831	7.73457961967179
88	WGN07	6.60000000000005	0.27245364360432	1115	6.06542038032831	7.13457961967178
89	WGN07	7.60000000000004	0.272453643604319	1115	7.06542038032831	8.13457961967177
90	WGN07	7.90000000000003	0.272453643604315	1115	7.36542038032831	8.43457961967175
91	WGN07	7.45000000000007	0.272453643604324	1115	6.91542038032833	7.98457961967181
92	WGN07	7.82289426523305	0.385393942672552	1115	7.06671517886749	8.57907335159861
93	WGN07	6.75000000000006	0.272453643604324	1115	6.21542038032831	7.2845796196718
94	WGN07	7.30000000000003	0.272453643604322	1115	6.76542038032829	7.83457961967177
95	WGN07	7.45000000000006	0.272453643604326	1115	6.91542038032831	7.9845796196718
96	WGN07	7.20000000000008	0.272453643604325	1115	6.66542038032834	7.73457961967182
97	WGN07	7.67710573476708	0.385393942672545	1115	6.92092664840153	8.43328482113263
98	WGN07	7.60000000000002	0.272453643604318	1115	7.0654203803283	8.13457961967175
99	WGN07	7.30000000000005	0.27245364360432	1115	6.76542038032831	7.83457961967178
100	WGN07	7.15000000000003	0.272453643604318	1115	6.6154203803283	7.68457961967176
101	WGN07	7.65000000000008	0.272453643604331	1115	7.11542038032832	8.18457961967183
102	WGN07	7.80000000000005	0.272453643604322	1115	7.26542038032832	8.33457961967179
103	WGN07	6.65000000000005	0.272453643604315	1115	6.11542038032832	7.18457961967177
104	WGN07	7.65000000000005	0.272453643604324	1115	7.11542038032831	8.1845796196718
105	WGN07	7.00000000000005	0.272453643604317	1115	6.46542038032832	7.53457961967177
106	WGN07	7.2000000000001	0.27245364360432	1115	6.66542038032837	7.73457961967184
107	WGN07	8.00000000000006	0.272453643604324	1115	7.46542038032832	8.5345796196718
108	WGN07	7.45000000000003	0.272453643604322	1115	6.91542038032829	7.98457961967177
109	WGN07	6.72289426523303	0.385393942672538	1115	5.9667151788675	7.47907335159856
110	WGN07	7.45000000000006	0.272453643604322	1115	6.91542038032833	7.9845796196718
112	WGN07	6.75000000000008	0.272453643604327	1115	6.21542038032833	7.28457961967183
113	WGN07	6.55000000000006	0.272453643604321	1115	6.01542038032832	7.0845796196718
114	WGN07	6.00000000000011	0.272453643604329	1115	5.46542038032836	6.53457961967186
115	WGN07	7.20000000000004	0.272453643604321	1115	6.6654203803283	7.73457961967177
116	WGN07	7.55000000000007	0.272453643604326	1115	7.01542038032832	8.08457961967181
117	WGN07	6.90000000000007	0.272453643604323	1115	6.36542038032833	7.4345796196718
118	WGN07	7.30000000000009	0.27245364360432	1115	6.76542038032835	7.83457961967182
119	WGN07	6.75000000000004	0.272453643604319	1115	6.21542038032831	7.28457961967177
120	WGN07	7.25000000000004	0.272453643604318	1115	6.71542038032831	7.78457961967177
121	WGN07	6.9499999999999	0.272453643604318	1115	6.41542038032817	7.48457961967163
122	WGN07	6.37710573476712	0.385393942672535	1115	5.62092664840159	7.13328482113264
123	WGN07	6.75000000000007	0.272453643604323	1115	6.21542038032833	7.28457961967181
124	WGN07	7.85000000000002	0.27245364360432	1115	7.31542038032829	8.38457961967176
125	WGN07	7.75000000000005	0.272453643604322	1115	7.21542038032831	8.28457961967179
126	WGN07	7.60000000000005	0.272453643604321	1115	7.06542038032831	8.13457961967178
127	WGN07	7.75000000000004	0.272453643604323	1115	7.2154203803283	8.28457961967178
128	WGN07	6.95000000000002	0.272453643604317	1115	6.41542038032829	7.48457961967175
129	WGN07	7.35000000000005	0.272453643604322	1115	6.81542038032832	7.88457961967179
130	WGN07	7.15000000000007	0.27245364360432	1115	6.61542038032834	7.68457961967181
1	WGN15	7.99999999999966	0.272453643604275	1115	7.46542038032802	8.53457961967131
2	WGN15	8.99999999999994	0.272453643604328	1115	8.4654203803282	9.53457961967169
3	WGN15	7.94999999999989	0.272453643604319	1115	7.41542038032816	8.48457961967162
4	WGN15	7.64999999999992	0.272453643604322	1115	7.11542038032818	8.18457961967165
5	WGN15	7.99999999999991	0.27245364360432	1115	7.46542038032817	8.53457961967164
7	WGN15	8.3499999999999	0.272453643604323	1115	7.81542038032816	8.88457961967164
8	WGN15	8.44999999999992	0.272453643604328	1115	7.91542038032817	8.98457961967167
9	WGN15	8.59999999999989	0.272453643604317	1115	8.06542038032816	9.13457961967162
10	WGN15	8.24999999999988	0.272453643604315	1115	7.71542038032816	8.78457961967161
11	WGN15	7.89999999999991	0.272453643604319	1115	7.36542038032817	8.43457961967164
12	WGN15	9.04999999999991	0.272453643604325	1115	8.51542038032816	9.58457961967165
13	WGN15	8.79999999999987	0.272453643604317	1115	8.26542038032815	9.3345796196716
14	WGN15	7.5999999999999	0.272453643604319	1115	7.06542038032817	8.13457961967163
15	WGN15	8.1499999999999	0.272453643604319	1115	7.61542038032817	8.68457961967163
16	WGN15	7.9499999999999	0.27245364360432	1115	7.41542038032817	8.48457961967163
17	WGN15	8.09999999999989	0.272453643604316	1115	7.56542038032817	8.63457961967162
18	WGN15	8.6499999999999	0.272453643604324	1115	8.11542038032816	9.18457961967164
19	WGN15	7.6999999999999	0.27245364360432	1115	7.16542038032817	8.23457961967163
20	WGN15	8.5499999999999	0.272453643604319	1115	8.01542038032817	9.08457961967163
21	WGN15	7.5499999999999	0.272453643604318	1115	7.01542038032817	8.08457961967163
22	WGN15	8.04999999999989	0.272453643604321	1115	7.51542038032816	8.58457961967163
23	WGN15	7.49999999999989	0.272453643604322	1115	6.96542038032816	8.03457961967163
24	WGN15	5.50000000000004	0.272453643604315	1115	4.96542038032832	6.03457961967177
25	WGN15	8.54999999999989	0.272453643604323	1115	8.01542038032815	9.08457961967163
26	WGN15	7.34999999999991	0.272453643604319	1115	6.81542038032818	7.88457961967164
27	WGN15	7.6499999999999	0.272453643604321	1115	7.11542038032816	8.18457961967163
28	WGN15	8.0999999999999	0.272453643604324	1115	7.56542038032816	8.63457961967164
29	WGN15	6.89999999999988	0.272453643604323	1115	6.36542038032814	7.43457961967162
30	WGN15	8.1999999999999	0.272453643604327	1115	7.66542038032816	8.73457961967165
31	WGN15	8.14999999999988	0.272453643604319	1115	7.61542038032815	8.68457961967162
32	WGN15	8.6499999999999	0.272453643604324	1115	8.11542038032816	9.18457961967164
33	WGN15	7.94999999999989	0.272453643604322	1115	7.41542038032816	8.48457961967163
34	WGN15	7.9499999999999	0.272453643604325	1115	7.41542038032815	8.48457961967164
35	WGN15	8.54999999999989	0.272453643604321	1115	8.01542038032815	9.08457961967162
36	WGN15	8.64999999999986	0.272453643604323	1115	8.11542038032812	9.1845796196716
37	WGN15	8.89999999999991	0.272453643604324	1115	8.36542038032817	9.43457961967165
38	WGN15	6.54999999999988	0.272453643604322	1115	6.01542038032814	7.08457961967162
39	WGN15	7.9999999999999	0.272453643604329	1115	7.46542038032815	8.53457961967165
40	WGN15	8.6499999999999	0.272453643604323	1115	8.11542038032816	9.18457961967164
41	WGN15	8.1499999999999	0.272453643604322	1115	7.61542038032816	8.68457961967163
43	WGN15	8.1499999999999	0.272453643604316	1115	7.61542038032817	8.68457961967162
44	WGN15	7.7499999999999	0.272453643604324	1115	7.21542038032816	8.28457961967164
45	WGN15	9.04999999999988	0.27245364360432	1115	8.51542038032814	9.58457961967161
46	WGN15	7.69999999999982	0.272453643604323	1115	7.16542038032808	8.23457961967156
47	WGN15	8.49999999999988	0.27245364360432	1115	7.96542038032815	9.03457961967161
48	WGN15	7.5999999999999	0.27245364360432	1115	7.06542038032816	8.13457961967163
50	WGN15	7.6999999999999	0.272453643604323	1115	7.16542038032816	8.23457961967164
51	WGN15	7.59999999999993	0.272453643604321	1115	7.0654203803282	8.13457961967167
52	WGN15	7.94999999999988	0.272453643604317	1115	7.41542038032815	8.4845796196716
53	WGN15	8.3499999999999	0.272453643604322	1115	7.81542038032816	8.88457961967164
54	WGN15	8.5999999999999	0.272453643604322	1115	8.06542038032816	9.13457961967163
55	WGN15	7.99999999999988	0.272453643604323	1115	7.46542038032814	8.53457961967162
56	WGN15	8.14999999999989	0.272453643604328	1115	7.61542038032814	8.68457961967164
57	WGN15	8.94999999999988	0.272453643604326	1115	8.41542038032813	9.48457961967162
58	WGN15	7.4999999999999	0.272453643604324	1115	6.96542038032815	8.03457961967164
59	WGN15	7.5999999999999	0.272453643604319	1115	7.06542038032817	8.13457961967164
60	WGN15	8.39999999999989	0.272453643604326	1115	7.86542038032815	8.93457961967164
61	WGN15	7.24999999999984	0.27245364360432	1115	6.7154203803281	7.78457961967157
62	WGN15	8.19999999999988	0.272453643604319	1115	7.66542038032815	8.73457961967161
63	WGN15	7.84999999999989	0.27245364360432	1115	7.31542038032815	8.38457961967162
64	WGN15	7.0499999999999	0.272453643604322	1115	6.51542038032816	7.58457961967163
65	WGN15	7.79999999999989	0.272453643604325	1115	7.26542038032815	8.33457961967163
66	WGN15	7.94999999999989	0.272453643604323	1115	7.41542038032815	8.48457961967163
67	WGN15	7.7999999999999	0.272453643604319	1115	7.26542038032817	8.33457961967163
68	WGN15	7.74999999999989	0.272453643604321	1115	7.21542038032816	8.28457961967163
69	WGN15	8.29999999999989	0.272453643604321	1115	7.76542038032815	8.83457961967162
70	WGN15	7.84999999999989	0.272453643604324	1115	7.31542038032815	8.38457961967163
71	WGN15	8.29999999999989	0.272453643604321	1115	7.76542038032815	8.83457961967162
72	WGN15	8.7999999999999	0.272453643604322	1115	8.26542038032817	9.33457961967164
73	WGN15	7.64999999999992	0.272453643604317	1115	7.11542038032819	8.18457961967164
74	WGN15	8.49999999999988	0.27245364360432	1115	7.96542038032815	9.03457961967161
75	WGN15	8.74999999999993	0.272453643604327	1115	8.21542038032819	9.28457961967168
77	WGN15	7.84999999999989	0.27245364360432	1115	7.31542038032816	8.38457961967163
78	WGN15	7.9999999999999	0.272453643604325	1115	7.46542038032816	8.53457961967165
79	WGN15	8.49999999999989	0.27245364360432	1115	7.96542038032816	9.03457961967162
80	WGN15	8.49999999999989	0.272453643604322	1115	7.96542038032815	9.03457961967163
81	WGN15	7.79999999999991	0.272453643604324	1115	7.26542038032817	8.33457961967165
82	WGN15	7.99999999999987	0.27245364360432	1115	7.46542038032814	8.53457961967161
83	WGN15	7.34999999999989	0.272453643604325	1115	6.81542038032815	7.88457961967163
84	WGN15	7.64999999999989	0.272453643604324	1115	7.11542038032815	8.18457961967163
85	WGN15	8.54999999999993	0.272453643604329	1115	8.01542038032818	9.08457961967168
86	WGN15	8.19999999999996	0.272453643604325	1115	7.66542038032822	8.7345796196717
87	WGN15	7.49999999999989	0.272453643604321	1115	6.96542038032816	8.03457961967163
88	WGN15	8.0499999999999	0.272453643604322	1115	7.51542038032816	8.58457961967164
89	WGN15	8.5499999999999	0.272453643604317	1115	8.01542038032817	9.08457961967162
90	WGN15	8.64999999999987	0.272453643604325	1115	8.11542038032813	9.18457961967161
91	WGN15	7.44999999999988	0.272453643604322	1115	6.91542038032815	7.98457961967162
92	WGN15	8.19999999999989	0.272453643604323	1115	7.66542038032815	8.73457961967163
93	WGN15	7.7999999999999	0.272453643604321	1115	7.26542038032817	8.33457961967164
94	WGN15	8.1499999999999	0.272453643604321	1115	7.61542038032817	8.68457961967164
95	WGN15	7.59999999999992	0.272453643604323	1115	7.06542038032818	8.13457961967166
96	WGN15	8.0771057347669	0.38539394267254	1115	7.32092664840137	8.83328482113244
97	WGN15	8.0499999999999	0.272453643604324	1115	7.51542038032816	8.58457961967164
98	WGN15	7.74999999999991	0.272453643604319	1115	7.21542038032818	8.28457961967164
99	WGN15	8.49999999999993	0.272453643604323	1115	7.96542038032819	9.03457961967167
100	WGN15	8.89999999999989	0.27245364360432	1115	8.36542038032816	9.43457961967163
101	WGN15	7.84999999999989	0.272453643604323	1115	7.31542038032816	8.38457961967163
102	WGN15	7.9499999999999	0.272453643604322	1115	7.41542038032816	8.48457961967163
103	WGN15	7.8999999999999	0.272453643604319	1115	7.36542038032816	8.43457961967163
104	WGN15	7.8999999999999	0.27245364360432	1115	7.36542038032817	8.43457961967163
106	WGN15	7.29999999999988	0.272453643604321	1115	6.76542038032814	7.83457961967161
107	WGN15	7.49999999999989	0.272453643604323	1115	6.96542038032816	8.03457961967163
108	WGN15	8.84999999999988	0.272453643604321	1115	8.31542038032815	9.38457961967162
109	WGN15	7.2999999999999	0.272453643604321	1115	6.76542038032816	7.83457961967163
110	WGN15	7.94999999999989	0.272453643604318	1115	7.41542038032816	8.48457961967162
111	WGN15	10.0999999999999	0.272453643604325	1115	9.56542038032818	10.6345796196717
112	WGN15	8.0499999999999	0.272453643604321	1115	7.51542038032816	8.58457961967163
113	WGN15	8.4499999999999	0.272453643604322	1115	7.91542038032817	8.98457961967164
114	WGN15	9.29999999999989	0.27245364360432	1115	8.76542038032816	9.83457961967162
115	WGN15	7.4999999999999	0.27245364360432	1115	6.96542038032817	8.03457961967164
116	WGN15	8.4999999999999	0.272453643604321	1115	7.96542038032817	9.03457961967164
117	WGN15	7.4999999999999	0.272453643604319	1115	6.96542038032817	8.03457961967163
118	WGN15	8.34999999999989	0.272453643604321	1115	7.81542038032815	8.88457961967162
119	WGN15	7.74999999999985	0.272453643604323	1115	7.2154203803281	8.28457961967159
120	WGN15	7.74999999999989	0.272453643604323	1115	7.21542038032815	8.28457961967163
121	WGN15	8.24999999999989	0.27245364360432	1115	7.71542038032816	8.78457961967163
122	WGN15	7.8999999999999	0.27245364360432	1115	7.36542038032816	8.43457961967163
123	WGN15	8.59999999999991	0.27245364360432	1115	8.06542038032817	9.13457961967164
124	WGN15	8.19999999999987	0.272453643604323	1115	7.66542038032813	8.73457961967161
125	WGN15	7.5999999999999	0.272453643604324	1115	7.06542038032815	8.13457961967164
126	WGN15	8.3499999999999	0.272453643604322	1115	7.81542038032816	8.88457961967164
127	WGN15	8.54999999999992	0.272453643604327	1115	8.01542038032817	9.08457961967166
128	WGN15	8.84999999999991	0.272453643604327	1115	8.31542038032816	9.38457961967166
129	WGN15	7.79999999999989	0.272453643604323	1115	7.26542038032815	8.33457961967163
130	WGN15	7.4999999999999	0.272453643604324	1115	6.96542038032816	8.03457961967164
1	WGN26	6.70000000000024	0.272453643604298	1115	6.16542038032855	7.23457961967193
3	WGN26	8.15000000000015	0.272453643604328	1115	7.6154203803284	8.6845796196719
4	WGN26	7.85000000000014	0.272453643604323	1115	7.3154203803284	8.38457961967188
5	WGN26	8.50000000000009	0.272453643604322	1115	7.96542038032835	9.03457961967182
6	WGN26	8.00000000000007	0.272453643604319	1115	7.46542038032834	8.5345796196718
7	WGN26	9.00000000000002	0.272453643604321	1115	8.46542038032829	9.53457961967176
8	WGN26	7.85000000000016	0.272453643604325	1115	7.31542038032842	8.3845796196719
9	WGN26	6.75000000000007	0.272453643604319	1115	6.21542038032834	7.2845796196718
10	WGN26	9.25000000000023	0.272453643604326	1115	8.71542038032848	9.78457961967197
11	WGN26	9.80000000000005	0.272453643604321	1115	9.26542038032832	10.3345796196718
12	WGN26	8.60000000000002	0.272453643604319	1115	8.06542038032829	9.13457961967175
13	WGN26	8.70000000000006	0.27245364360432	1115	8.16542038032833	9.2345796196718
14	WGN26	8.30000000000002	0.272453643604315	1115	7.76542038032829	8.83457961967174
15	WGN26	7.40000000000013	0.272453643604328	1115	6.86542038032838	7.93457961967188
17	WGN26	9.15000000000018	0.272453643604325	1115	8.61542038032844	9.68457961967193
18	WGN26	8.90000000000006	0.27245364360432	1115	8.36542038032832	9.43457961967179
19	WGN26	8.65000000000011	0.272453643604323	1115	8.11542038032837	9.18457961967184
20	WGN26	8.67710573476713	0.385393942672536	1115	7.9209266484016	9.43328482113266
21	WGN26	9.00000000000008	0.272453643604322	1115	8.46542038032834	9.53457961967182
22	WGN26	8.40000000000014	0.272453643604324	1115	7.8654203803284	8.93457961967188
23	WGN26	8.65000000000007	0.272453643604323	1115	8.11542038032834	9.18457961967181
24	WGN26	8.20000000000008	0.272453643604321	1115	7.66542038032834	8.73457961967181
25	WGN26	7.65000000000008	0.272453643604321	1115	7.11542038032835	8.18457961967182
26	WGN26	8.85000000000009	0.27245364360432	1115	8.31542038032836	9.38457961967183
27	WGN26	7.65000000000008	0.272453643604318	1115	7.11542038032835	8.18457961967181
28	WGN26	8.80000000000001	0.272453643604316	1115	8.26542038032828	9.33457961967173
29	WGN26	7.65000000000011	0.272453643604325	1115	7.11542038032837	8.18457961967185
30	WGN26	9.00000000000004	0.272453643604319	1115	8.46542038032831	9.53457961967177
31	WGN26	9.20000000000006	0.272453643604322	1115	8.66542038032832	9.73457961967179
32	WGN26	8.35000000000021	0.272453643604326	1115	7.81542038032846	8.88457961967195
33	WGN26	10.6228942652331	0.385393942672543	1115	9.86671517886754	11.3790733515986
34	WGN26	8.60000000000007	0.272453643604323	1115	8.06542038032833	9.13457961967181
35	WGN26	8.15000000000018	0.272453643604329	1115	7.61542038032843	8.68457961967194
36	WGN26	10.6500000000001	0.272453643604321	1115	10.1154203803284	11.1845796196719
38	WGN26	9.2000000000002	0.272453643604325	1115	8.66542038032846	9.73457961967194
39	WGN26	8.10000000000014	0.272453643604324	1115	7.5654203803284	8.63457961967188
40	WGN26	9.40000000000008	0.27245364360432	1115	8.86542038032835	9.93457961967181
41	WGN26	7.85000000000009	0.272453643604324	1115	7.31542038032835	8.38457961967183
42	WGN26	8.95000000000011	0.272453643604321	1115	8.41542038032837	9.48457961967184
43	WGN26	8.10000000000015	0.272453643604324	1115	7.56542038032841	8.6345796196719
44	WGN26	9.5000000000001	0.272453643604324	1115	8.96542038032836	10.0345796196718
45	WGN26	9.70000000000011	0.272453643604323	1115	9.16542038032837	10.2345796196719
46	WGN26	8.85000000000002	0.272453643604318	1115	8.31542038032829	9.38457961967174
47	WGN26	7.40000000000008	0.272453643604317	1115	6.86542038032835	7.93457961967181
48	WGN26	9.55000000000009	0.272453643604322	1115	9.01542038032836	10.0845796196718
49	WGN26	9.05000000000017	0.272453643604326	1115	8.51542038032843	9.58457961967192
50	WGN26	8.80000000000003	0.272453643604317	1115	8.2654203803283	9.33457961967175
51	WGN26	7.95000000000011	0.272453643604322	1115	7.41542038032838	8.48457961967185
52	WGN26	7.85000000000012	0.272453643604323	1115	7.31542038032838	8.38457961967186
53	WGN26	8.95000000000014	0.272453643604322	1115	8.4154203803284	9.48457961967188
54	WGN26	7.75000000000006	0.27245364360432	1115	7.21542038032833	8.2845796196718
55	WGN26	8.3500000000001	0.272453643604321	1115	7.81542038032836	8.88457961967183
56	WGN26	8.75000000000013	0.272453643604324	1115	8.21542038032839	9.28457961967187
57	WGN26	7.75000000000007	0.27245364360432	1115	7.21542038032834	8.2845796196718
58	WGN26	7.85000000000005	0.272453643604319	1115	7.31542038032832	8.38457961967178
59	WGN26	9.12289426523307	0.385393942672546	1115	8.36671517886752	9.87907335159862
60	WGN26	7.90000000000009	0.272453643604321	1115	7.36542038032835	8.43457961967182
61	WGN26	8.67710573476707	0.38539394267254	1115	7.92092664840154	9.43328482113261
62	WGN26	8.85000000000006	0.272453643604321	1115	8.31542038032832	9.3845796196718
64	WGN26	8.40000000000007	0.27245364360432	1115	7.86542038032834	8.93457961967181
65	WGN26	9.72289426523303	0.385393942672538	1115	8.96671517886749	10.4790733515986
66	WGN26	8.10000000000008	0.272453643604323	1115	7.56542038032834	8.63457961967182
67	WGN26	7.95000000000011	0.272453643604321	1115	7.41542038032838	8.48457961967185
68	WGN26	9.1000000000001	0.272453643604322	1115	8.56542038032836	9.63457961967184
69	WGN26	9.10000000000011	0.272453643604323	1115	8.56542038032837	9.63457961967185
70	WGN26	9.00000000000003	0.27245364360432	1115	8.4654203803283	9.53457961967177
71	WGN26	8.40000000000012	0.272453643604321	1115	7.86542038032839	8.93457961967186
72	WGN26	8.25000000000009	0.272453643604323	1115	7.71542038032835	8.78457961967183
73	WGN26	8.55000000000008	0.272453643604323	1115	8.01542038032834	9.08457961967182
74	WGN26	9.10000000000013	0.272453643604323	1115	8.5654203803284	9.63457961967187
75	WGN26	8.65000000000012	0.272453643604325	1115	8.11542038032838	9.18457961967186
76	WGN26	7.37710573476711	0.385393942672545	1115	6.62092664840156	8.13328482113265
77	WGN26	8.3500000000001	0.272453643604321	1115	7.81542038032837	8.88457961967184
78	WGN26	9.80000000000008	0.272453643604321	1115	9.26542038032835	10.3345796196718
79	WGN26	8.65000000000008	0.272453643604321	1115	8.11542038032835	9.18457961967182
80	WGN26	8.35000000000008	0.272453643604322	1115	7.81542038032835	8.88457961967182
81	WGN26	8.70000000000012	0.272453643604323	1115	8.16542038032838	9.23457961967186
82	WGN26	8.3500000000001	0.272453643604323	1115	7.81542038032836	8.88457961967184
83	WGN26	8.65000000000011	0.272453643604324	1115	8.11542038032836	9.18457961967185
85	WGN26	8.25000000000009	0.272453643604322	1115	7.71542038032835	8.78457961967183
86	WGN26	7.6500000000001	0.272453643604324	1115	7.11542038032836	8.18457961967184
87	WGN26	7.5500000000001	0.272453643604321	1115	7.01542038032836	8.08457961967183
88	WGN26	8.0000000000001	0.272453643604319	1115	7.46542038032836	8.53457961967183
89	WGN26	8.95000000000017	0.272453643604329	1115	8.41542038032842	9.48457961967192
90	WGN26	8.25000000000009	0.272453643604321	1115	7.71542038032835	8.78457961967182
91	WGN26	7.95000000000009	0.272453643604322	1115	7.41542038032835	8.48457961967182
92	WGN26	7.30000000000009	0.272453643604321	1115	6.76542038032836	7.83457961967183
93	WGN26	7.95000000000011	0.272453643604322	1115	7.41542038032837	8.48457961967184
94	WGN26	7.9500000000001	0.272453643604319	1115	7.41542038032836	8.48457961967183
95	WGN26	8.7500000000001	0.272453643604322	1115	8.21542038032836	9.28457961967183
96	WGN26	8.95000000000012	0.272453643604323	1115	8.41542038032838	9.48457961967186
97	WGN26	8.8500000000001	0.272453643604323	1115	8.31542038032836	9.38457961967184
98	WGN26	8.70000000000009	0.27245364360432	1115	8.16542038032835	9.23457961967182
99	WGN26	9.4500000000001	0.272453643604324	1115	8.91542038032836	9.98457961967184
100	WGN26	7.80000000000011	0.272453643604323	1115	7.26542038032837	8.33457961967185
101	WGN26	7.2500000000001	0.272453643604322	1115	6.71542038032836	7.78457961967184
102	WGN26	8.65000000000009	0.272453643604322	1115	8.11542038032836	9.18457961967183
103	WGN26	8.35000000000011	0.272453643604324	1115	7.81542038032836	8.88457961967185
104	WGN26	7.75000000000011	0.272453643604322	1115	7.21542038032837	8.28457961967185
105	WGN26	8.8000000000001	0.272453643604321	1115	8.26542038032837	9.33457961967184
106	WGN26	9.32289426523306	0.38539394267254	1115	8.56671517886752	10.0790733515986
108	WGN26	8.87710573476714	0.385393942672542	1115	8.1209266484016	9.63328482113268
109	WGN26	8.30000000000007	0.272453643604318	1115	7.76542038032834	8.8345796196718
111	WGN26	10.6500000000001	0.272453643604325	1115	10.1154203803284	11.1845796196719
112	WGN26	8.25000000000009	0.272453643604323	1115	7.71542038032835	8.78457961967183
113	WGN26	7.6000000000001	0.272453643604322	1115	7.06542038032836	8.13457961967184
114	WGN26	8.92289426523306	0.38539394267254	1115	8.16671517886752	9.6790733515986
115	WGN26	8.25000000000009	0.272453643604322	1115	7.71542038032836	8.78457961967183
116	WGN26	7.72289426523305	0.38539394267254	1115	6.96671517886751	8.47907335159859
117	WGN26	7.15000000000007	0.272453643604321	1115	6.61542038032834	7.68457961967181
118	WGN26	8.3500000000001	0.272453643604323	1115	7.81542038032836	8.88457961967184
119	WGN26	8.6000000000001	0.272453643604323	1115	8.06542038032837	9.13457961967184
120	WGN26	8.15000000000012	0.272453643604323	1115	7.61542038032838	8.68457961967186
121	WGN26	7.60000000000011	0.272453643604323	1115	7.06542038032837	8.13457961967185
122	WGN26	9.9500000000001	0.272453643604323	1115	9.41542038032836	10.4845796196718
123	WGN26	7.50000000000011	0.272453643604323	1115	6.96542038032837	8.03457961967185
124	WGN26	7.97710573476713	0.385393942672543	1115	7.22092664840159	8.73328482113267
125	WGN26	8.55000000000009	0.272453643604322	1115	8.01542038032836	9.08457961967183
126	WGN26	9.72289426523305	0.385393942672544	1115	8.9667151788675	10.4790733515986
127	WGN26	8.10000000000008	0.272453643604324	1115	7.56542038032833	8.63457961967182
128	WGN26	9.32289426523307	0.385393942672541	1115	8.56671517886753	10.0790733515986
129	WGN26	8.10000000000011	0.272453643604323	1115	7.56542038032837	8.63457961967184
130	WGN26	8.70000000000008	0.27245364360432	1115	8.16542038032835	9.23457961967182
1	WGN36	9.3228942652333	0.385393942672545	1115	8.56671517886775	10.0790733515988
2	WGN36	7.80000000000007	0.27245364360432	1115	7.26542038032834	8.33457961967181
4	WGN36	8.25000000000001	0.272453643604328	1115	7.71542038032826	8.78457961967176
5	WGN36	8.30000000000008	0.272453643604321	1115	7.76542038032835	8.83457961967182
6	WGN36	7.1500000000001	0.27245364360432	1115	6.61542038032837	7.68457961967184
7	WGN36	8.35	0.272453643604327	1115	7.81542038032826	8.88457961967175
8	WGN36	8.65000000000004	0.272453643604328	1115	8.1154203803283	9.18457961967179
9	WGN36	9.27710573476712	0.385393942672545	1115	8.52092664840157	10.0332848211327
10	WGN36	8.55000000000008	0.272453643604319	1115	8.01542038032835	9.08457961967181
11	WGN36	7.17710573476704	0.385393942672544	1115	6.4209266484015	7.93328482113259
12	WGN36	7.55000000000008	0.272453643604321	1115	7.01542038032834	8.08457961967181
13	WGN36	8.05000000000008	0.272453643604321	1115	7.51542038032835	8.58457961967182
14	WGN36	9.00000000000004	0.272453643604321	1115	8.4654203803283	9.53457961967178
15	WGN36	8.40000000000003	0.272453643604323	1115	7.86542038032829	8.93457961967177
16	WGN36	8.25000000000003	0.272453643604323	1115	7.71542038032829	8.78457961967177
17	WGN36	7.20000000000008	0.272453643604321	1115	6.66542038032834	7.73457961967181
18	WGN36	8.07710573476706	0.385393942672544	1115	7.32092664840152	8.83328482113261
19	WGN36	7.20000000000009	0.272453643604322	1115	6.66542038032835	7.73457961967183
20	WGN36	8.05000000000007	0.27245364360432	1115	7.51542038032834	8.58457961967181
21	WGN36	8.50000000000004	0.272453643604323	1115	7.9654203803283	9.03457961967178
22	WGN36	8.25000000000004	0.27245364360432	1115	7.71542038032831	8.78457961967178
23	WGN36	7.6	0.272453643604327	1115	7.06542038032825	8.13457961967174
24	WGN36	7.45000000000003	0.272453643604326	1115	6.91542038032829	7.98457961967178
26	WGN36	8.75000000000007	0.272453643604326	1115	8.21542038032832	9.28457961967182
27	WGN36	7.45000000000008	0.27245364360432	1115	6.91542038032834	7.98457961967181
28	WGN36	8.80000000000008	0.27245364360432	1115	8.26542038032834	9.33457961967181
30	WGN36	8.1000000000001	0.272453643604322	1115	7.56542038032837	8.63457961967184
31	WGN36	8.85000000000004	0.272453643604329	1115	8.31542038032828	9.38457961967179
32	WGN36	8.07710573476709	0.385393942672541	1115	7.32092664840155	8.83328482113263
33	WGN36	7.75000000000008	0.27245364360432	1115	7.21542038032835	8.28457961967181
34	WGN36	7.85000000000001	0.272453643604325	1115	7.31542038032827	8.38457961967176
35	WGN36	9.30000000000006	0.272453643604325	1115	8.76542038032832	9.8345796196718
36	WGN36	7.40000000000009	0.272453643604319	1115	6.86542038032836	7.93457961967182
37	WGN36	9.42289426523305	0.385393942672538	1115	8.66671517886752	10.1790733515986
38	WGN36	7.12289426523304	0.385393942672544	1115	6.36671517886749	7.87907335159858
39	WGN36	8.30000000000006	0.272453643604321	1115	7.76542038032833	8.8345796196718
40	WGN36	8.05000000000001	0.272453643604327	1115	7.51542038032826	8.58457961967176
41	WGN36	8.30000000000009	0.27245364360432	1115	7.76542038032835	8.83457961967182
42	WGN36	7.70000000000006	0.272453643604321	1115	7.16542038032832	8.2345796196718
43	WGN36	7.25000000000015	0.272453643604319	1115	6.71542038032842	7.78457961967188
44	WGN36	7.90000000000007	0.272453643604321	1115	7.36542038032834	8.43457961967181
45	WGN36	8.75000000000003	0.272453643604326	1115	8.21542038032829	9.28457961967178
46	WGN36	7.55000000000003	0.272453643604322	1115	7.01542038032829	8.08457961967177
47	WGN36	8.10000000000004	0.272453643604323	1115	7.5654203803283	8.63457961967178
48	WGN36	8.90000000000004	0.272453643604323	1115	8.3654203803283	9.43457961967178
49	WGN36	8.45000000000005	0.272453643604324	1115	7.91542038032831	8.98457961967179
51	WGN36	7.30000000000004	0.272453643604323	1115	6.7654203803283	7.83457961967178
52	WGN36	8.60000000000004	0.272453643604322	1115	8.06542038032831	9.13457961967178
53	WGN36	8.50000000000007	0.272453643604321	1115	7.96542038032833	9.0345796196718
54	WGN36	6.80000000000002	0.272453643604324	1115	6.26542038032828	7.33457961967176
55	WGN36	7.35000000000007	0.272453643604321	1115	6.81542038032833	7.8845796196718
56	WGN36	8.10000000000008	0.272453643604319	1115	7.56542038032835	8.63457961967181
57	WGN36	7.90000000000001	0.272453643604324	1115	7.36542038032827	8.43457961967176
58	WGN36	7.75000000000003	0.272453643604324	1115	7.21542038032829	8.28457961967177
59	WGN36	8.65000000000004	0.272453643604327	1115	8.11542038032829	9.18457961967179
60	WGN36	7.40000000000006	0.272453643604322	1115	6.86542038032832	7.9345796196718
62	WGN36	7.85000000000009	0.272453643604318	1115	7.31542038032836	8.38457961967182
64	WGN36	7.20000000000007	0.272453643604321	1115	6.66542038032834	7.73457961967181
65	WGN36	7.75000000000009	0.272453643604319	1115	7.21542038032836	8.28457961967182
66	WGN36	8.50000000000007	0.27245364360432	1115	7.96542038032834	9.03457961967181
68	WGN36	8.55000000000002	0.272453643604322	1115	8.01542038032829	9.08457961967176
69	WGN36	8.27710573476711	0.385393942672539	1115	7.52092664840158	9.03328482113265
70	WGN36	7.45000000000008	0.27245364360432	1115	6.91542038032834	7.98457961967181
71	WGN36	8.25000000000005	0.272453643604323	1115	7.71542038032831	8.78457961967179
72	WGN36	8.95000000000006	0.272453643604322	1115	8.41542038032832	9.4845796196718
74	WGN36	8.05000000000006	0.272453643604319	1115	7.51542038032833	8.5845796196718
75	WGN36	8.07710573476706	0.385393942672541	1115	7.32092664840152	8.8332848211326
76	WGN36	7.00000000000009	0.272453643604322	1115	6.46542038032835	7.53457961967182
77	WGN36	7.95000000000003	0.272453643604322	1115	7.4154203803283	8.48457961967177
78	WGN36	7.82289426523304	0.385393942672542	1115	7.0667151788675	8.57907335159858
79	WGN36	8.25000000000005	0.272453643604324	1115	7.71542038032831	8.78457961967179
80	WGN36	7.42289426523305	0.385393942672541	1115	6.66671517886751	8.17907335159859
81	WGN36	8.60000000000007	0.27245364360432	1115	8.06542038032833	9.1345796196718
82	WGN36	7.90000000000004	0.272453643604322	1115	7.3654203803283	8.43457961967178
83	WGN36	8.40000000000006	0.272453643604321	1115	7.86542038032833	8.9345796196718
84	WGN36	6.9500000000001	0.272453643604319	1115	6.41542038032837	7.48457961967183
85	WGN36	7.75000000000006	0.272453643604322	1115	7.21542038032832	8.28457961967179
86	WGN36	8.55000000000007	0.272453643604321	1115	8.01542038032834	9.08457961967181
87	WGN36	7.55000000000007	0.272453643604322	1115	7.01542038032833	8.08457961967181
88	WGN36	7.65000000000007	0.272453643604321	1115	7.11542038032834	8.18457961967181
89	WGN36	7.60000000000005	0.272453643604323	1115	7.06542038032831	8.13457961967178
90	WGN36	7.05000000000008	0.27245364360432	1115	6.51542038032835	7.58457961967182
92	WGN36	7.95000000000005	0.272453643604323	1115	7.41542038032831	8.48457961967179
93	WGN36	9.57710573476709	0.385393942672545	1115	8.82092664840154	10.3332848211326
94	WGN36	8.60000000000006	0.272453643604321	1115	8.06542038032833	9.1345796196718
95	WGN36	7.45000000000007	0.272453643604322	1115	6.91542038032833	7.9845796196718
96	WGN36	8.20000000000005	0.272453643604322	1115	7.66542038032831	8.73457961967179
97	WGN36	7.50000000000009	0.272453643604322	1115	6.96542038032835	8.03457961967182
98	WGN36	7.85000000000006	0.272453643604322	1115	7.31542038032833	8.3845796196718
99	WGN36	6.50000000000004	0.272453643604323	1115	5.9654203803283	7.03457961967178
100	WGN36	7.75000000000004	0.272453643604323	1115	7.2154203803283	8.28457961967177
102	WGN36	8.62289426523303	0.385393942672541	1115	7.8667151788675	9.37907335159857
104	WGN36	8.75000000000005	0.272453643604321	1115	8.21542038032832	9.28457961967179
105	WGN36	7.47710573476705	0.38539394267254	1115	6.72092664840152	8.23328482113259
106	WGN36	8.70000000000005	0.272453643604323	1115	8.16542038032831	9.23457961967179
107	WGN36	8.90000000000004	0.272453643604323	1115	8.3654203803283	9.43457961967178
108	WGN36	8.70000000000005	0.27245364360432	1115	8.16542038032832	9.23457961967179
109	WGN36	8.05000000000005	0.272453643604322	1115	7.51542038032832	8.58457961967179
110	WGN36	7.70000000000006	0.272453643604321	1115	7.16542038032833	8.2345796196718
112	WGN36	7.55000000000006	0.272453643604321	1115	7.01542038032832	8.08457961967179
114	WGN36	8.05000000000006	0.272453643604321	1115	7.51542038032833	8.5845796196718
116	WGN36	8.72289426523303	0.385393942672545	1115	7.96671517886748	9.47907335159857
117	WGN36	8.30000000000005	0.272453643604322	1115	7.76542038032831	8.83457961967179
118	WGN36	7.85000000000004	0.272453643604323	1115	7.31542038032831	8.38457961967178
119	WGN36	9.17710573476708	0.385393942672541	1115	8.42092664840154	9.93328482113262
120	WGN36	7.75000000000007	0.272453643604322	1115	7.21542038032833	8.2845796196718
121	WGN36	7.22289426523302	0.385393942672544	1115	6.46671517886747	7.97907335159856
122	WGN36	7.60000000000005	0.272453643604323	1115	7.06542038032831	8.13457961967178
123	WGN36	7.70000000000005	0.272453643604322	1115	7.16542038032831	8.23457961967179
124	WGN36	7.70000000000008	0.272453643604321	1115	7.16542038032834	8.23457961967181
125	WGN36	8.95000000000005	0.272453643604322	1115	8.41542038032831	9.48457961967179
126	WGN36	8.65000000000005	0.272453643604322	1115	8.11542038032832	9.18457961967179
127	WGN36	8.35000000000006	0.272453643604321	1115	7.81542038032832	8.88457961967179
128	WGN36	8.40000000000006	0.272453643604322	1115	7.86542038032832	8.93457961967179
129	WGN36	8.00000000000006	0.272453643604321	1115	7.46542038032833	8.5345796196718
130	WGN36	8.55000000000006	0.272453643604322	1115	8.01542038032832	9.08457961967179
1	WGN38	7.95000000000005	0.272453643604316	1115	7.41542038032833	8.48457961967178
2	WGN38	6.35000000000007	0.272453643604318	1115	5.81542038032834	6.8845796196718
3	WGN38	8.37710573476705	0.385393942672534	1115	7.62092664840152	9.13328482113257
4	WGN38	7.10000000000001	0.272453643604327	1115	6.56542038032826	7.63457961967175
5	WGN38	7.65000000000005	0.272453643604317	1115	7.11542038032832	8.18457961967178
6	WGN38	7.55000000000005	0.272453643604317	1115	7.01542038032832	8.08457961967177
7	WGN38	7.80000000000001	0.27245364360432	1115	7.26542038032828	8.33457961967175
8	WGN38	7.10000000000005	0.272453643604319	1115	6.56542038032832	7.63457961967178
10	WGN38	8.90000000000003	0.272453643604325	1115	8.36542038032829	9.43457961967177
11	WGN38	8.00000000000003	0.272453643604322	1115	7.46542038032829	8.53457961967177
12	WGN38	7.80000000000003	0.272453643604319	1115	7.2654203803283	8.33457961967176
13	WGN38	8.35000000000002	0.272453643604321	1115	7.81542038032829	8.88457961967176
14	WGN38	7.95000000000003	0.272453643604322	1115	7.41542038032829	8.48457961967176
16	WGN38	7.80000000000004	0.272453643604322	1115	7.2654203803283	8.33457961967177
18	WGN38	8.25000000000001	0.272453643604318	1115	7.71542038032828	8.78457961967174
19	WGN38	7.50000000000003	0.272453643604326	1115	6.96542038032829	8.03457961967178
20	WGN38	7.35000000000001	0.272453643604326	1115	6.81542038032826	7.88457961967175
21	WGN38	7.90000000000003	0.272453643604324	1115	7.36542038032829	8.43457961967177
22	WGN38	8.20000000000003	0.272453643604325	1115	7.66542038032829	8.73457961967177
23	WGN38	8.45000000000003	0.272453643604323	1115	7.91542038032829	8.98457961967177
24	WGN38	7.60000000000002	0.272453643604324	1115	7.06542038032828	8.13457961967176
26	WGN38	8.45000000000002	0.272453643604321	1115	7.91542038032828	8.98457961967176
27	WGN38	7.85000000000002	0.272453643604325	1115	7.31542038032828	8.38457961967177
28	WGN38	7.85000000000002	0.272453643604322	1115	7.31542038032829	8.38457961967176
29	WGN38	8.50000000000005	0.272453643604325	1115	7.96542038032831	9.03457961967179
30	WGN38	8.70000000000001	0.272453643604321	1115	8.16542038032828	9.23457961967175
32	WGN38	7.75000000000003	0.272453643604317	1115	7.21542038032831	8.28457961967176
33	WGN38	7.65000000000003	0.272453643604324	1115	7.11542038032829	8.18457961967177
34	WGN38	6.80000000000002	0.272453643604323	1115	6.26542038032828	7.33457961967176
35	WGN38	7.15000000000002	0.272453643604321	1115	6.61542038032829	7.68457961967176
36	WGN38	7.75000000000003	0.272453643604323	1115	7.21542038032829	8.28457961967176
37	WGN38	9.35000000000001	0.27245364360432	1115	8.81542038032828	9.88457961967174
38	WGN38	7.45000000000003	0.272453643604321	1115	6.91542038032829	7.98457961967177
39	WGN38	8.15000000000003	0.272453643604326	1115	7.61542038032829	8.68457961967178
40	WGN38	8.30000000000002	0.27245364360432	1115	7.76542038032829	8.83457961967175
41	WGN38	8.40000000000002	0.272453643604321	1115	7.86542038032829	8.93457961967176
42	WGN38	5.95000000000001	0.272453643604324	1115	5.41542038032826	6.48457961967175
45	WGN38	7.80000000000003	0.272453643604323	1115	7.26542038032829	8.33457961967177
46	WGN38	7.80000000000002	0.272453643604325	1115	7.26542038032828	8.33457961967177
47	WGN38	7.65000000000003	0.272453643604325	1115	7.11542038032828	8.18457961967177
48	WGN38	8.30000000000004	0.272453643604322	1115	7.7654203803283	8.83457961967178
49	WGN38	8.50000000000003	0.272453643604324	1115	7.96542038032829	9.03457961967177
50	WGN38	8.70000000000002	0.272453643604321	1115	8.16542038032828	9.23457961967175
51	WGN38	7.45000000000003	0.272453643604322	1115	6.91542038032829	7.98457961967176
52	WGN38	8.90000000000001	0.272453643604321	1115	8.36542038032827	9.43457961967174
53	WGN38	7.15000000000004	0.272453643604319	1115	6.61542038032831	7.68457961967178
54	WGN38	6.85000000000004	0.272453643604321	1115	6.3154203803283	7.38457961967178
55	WGN38	7.47710573476705	0.385393942672543	1115	6.72092664840151	8.23328482113259
56	WGN38	8.55000000000003	0.272453643604323	1115	8.01542038032829	9.08457961967177
59	WGN38	7.75000000000003	0.272453643604318	1115	7.2154203803283	8.28457961967176
61	WGN38	7.00000000000001	0.272453643604324	1115	6.46542038032827	7.53457961967175
63	WGN38	7.10000000000004	0.272453643604321	1115	6.5654203803283	7.63457961967177
64	WGN38	7.30000000000002	0.272453643604323	1115	6.76542038032829	7.83457961967176
65	WGN38	7.75000000000002	0.272453643604325	1115	7.21542038032828	8.28457961967176
66	WGN38	7.95000000000003	0.272453643604325	1115	7.41542038032828	8.48457961967177
67	WGN38	7.20000000000002	0.272453643604322	1115	6.66542038032828	7.73457961967176
68	WGN38	8.30000000000003	0.272453643604319	1115	7.7654203803283	8.83457961967176
69	WGN38	7.39999999999999	0.272453643604323	1115	6.86542038032825	7.93457961967173
70	WGN38	8.45000000000004	0.272453643604323	1115	7.9154203803283	8.98457961967178
72	WGN38	8.65000000000004	0.272453643604325	1115	8.1154203803283	9.18457961967179
73	WGN38	7.55000000000003	0.272453643604321	1115	7.0154203803283	8.08457961967177
74	WGN38	8.7	0.272453643604318	1115	8.16542038032827	9.23457961967173
76	WGN38	7.00000000000005	0.272453643604319	1115	6.46542038032832	7.53457961967178
77	WGN38	7.00000000000003	0.272453643604321	1115	6.46542038032829	7.53457961967176
78	WGN38	7.25000000000003	0.272453643604322	1115	6.71542038032829	7.78457961967176
80	WGN38	8.55000000000002	0.272453643604321	1115	8.01542038032828	9.08457961967175
81	WGN38	7.90000000000003	0.272453643604323	1115	7.36542038032829	8.43457961967177
82	WGN38	7.95000000000003	0.272453643604321	1115	7.41542038032829	8.48457961967176
83	WGN38	8.90000000000004	0.272453643604323	1115	8.3654203803283	9.43457961967178
84	WGN38	8.50000000000003	0.272453643604321	1115	7.96542038032829	9.03457961967177
85	WGN38	6.87710573476706	0.385393942672542	1115	6.12092664840152	7.6332848211326
86	WGN38	8.45000000000003	0.272453643604322	1115	7.91542038032829	8.98457961967176
87	WGN38	8.30000000000003	0.272453643604322	1115	7.76542038032829	8.83457961967176
88	WGN38	7.55000000000003	0.272453643604322	1115	7.01542038032829	8.08457961967176
89	WGN38	7.95000000000003	0.272453643604322	1115	7.41542038032829	8.48457961967177
90	WGN38	7.60000000000003	0.272453643604322	1115	7.06542038032829	8.13457961967177
91	WGN38	7.60000000000002	0.272453643604323	1115	7.06542038032828	8.13457961967176
92	WGN38	8.50000000000002	0.272453643604322	1115	7.96542038032829	9.03457961967176
93	WGN38	7.05000000000003	0.272453643604322	1115	6.51542038032829	7.58457961967176
94	WGN38	7.40000000000003	0.272453643604322	1115	6.86542038032829	7.93457961967176
95	WGN38	7.90000000000002	0.272453643604323	1115	7.36542038032828	8.43457961967176
96	WGN38	7.15000000000002	0.272453643604322	1115	6.61542038032828	7.68457961967176
97	WGN38	7.80000000000003	0.272453643604322	1115	7.26542038032829	8.33457961967176
98	WGN38	7.45000000000003	0.272453643604322	1115	6.91542038032829	7.98457961967176
99	WGN38	8.65000000000003	0.272453643604322	1115	8.11542038032829	9.18457961967177
100	WGN38	7.85000000000003	0.272453643604322	1115	7.31542038032829	8.38457961967176
101	WGN38	7.50000000000003	0.272453643604322	1115	6.96542038032829	8.03457961967176
102	WGN38	7.95000000000003	0.272453643604322	1115	7.41542038032829	8.48457961967176
103	WGN38	7.80000000000003	0.272453643604322	1115	7.26542038032829	8.33457961967176
104	WGN38	7.35000000000003	0.272453643604321	1115	6.8154203803283	7.88457961967177
106	WGN38	7.05000000000002	0.272453643604322	1115	6.51542038032828	7.58457961967176
107	WGN38	7.85000000000003	0.272453643604322	1115	7.31542038032829	8.38457961967176
108	WGN38	7.80000000000002	0.272453643604323	1115	7.26542038032828	8.33457961967176
109	WGN38	8.15000000000002	0.272453643604321	1115	7.61542038032829	8.68457961967176
110	WGN38	7.90000000000003	0.272453643604322	1115	7.36542038032829	8.43457961967176
111	WGN38	7.15000000000002	0.272453643604322	1115	6.61542038032829	7.68457961967176
113	WGN38	7.25000000000002	0.272453643604322	1115	6.71542038032829	7.78457961967176
114	WGN38	7.90000000000003	0.272453643604322	1115	7.36542038032829	8.43457961967176
115	WGN38	8.10000000000002	0.272453643604322	1115	7.56542038032829	8.63457961967176
1	WGN39	7.50000000000002	0.272453643604306	1115	6.96542038032831	8.03457961967173
2	WGN39	8.90000000000012	0.272453643604329	1115	8.36542038032837	9.43457961967188
3	WGN39	8.85000000000003	0.272453643604321	1115	8.31542038032829	9.38457961967176
4	WGN39	9.00000000000002	0.272453643604324	1115	8.46542038032828	9.53457961967176
5	WGN39	9.00000000000003	0.272453643604325	1115	8.46542038032828	9.53457961967177
6	WGN39	7.80000000000005	0.272453643604324	1115	7.26542038032831	8.33457961967179
7	WGN39	9.4	0.272453643604319	1115	8.86542038032827	9.93457961967173
8	WGN39	8.85000000000001	0.272453643604319	1115	8.31542038032828	9.38457961967174
9	WGN39	8.10000000000007	0.272453643604326	1115	7.56542038032833	8.63457961967182
10	WGN39	7.50000000000004	0.272453643604324	1115	6.9654203803283	8.03457961967178
11	WGN39	8.35000000000003	0.27245364360432	1115	7.8154203803283	8.88457961967176
12	WGN39	8.05000000000003	0.272453643604318	1115	7.5154203803283	8.58457961967176
13	WGN39	8.50000000000001	0.27245364360432	1115	7.96542038032828	9.03457961967174
14	WGN39	7.80000000000006	0.272453643604325	1115	7.26542038032832	8.3345796196718
15	WGN39	7.70000000000004	0.272453643604324	1115	7.1654203803283	8.23457961967178
16	WGN39	8.70000000000007	0.272453643604324	1115	8.16542038032833	9.23457961967181
17	WGN39	8.20000000000005	0.27245364360432	1115	7.66542038032832	8.73457961967178
18	WGN39	8.30000000000003	0.272453643604323	1115	7.76542038032829	8.83457961967177
19	WGN39	9.90000000000006	0.272453643604322	1115	9.36542038032833	10.4345796196718
20	WGN39	8.75000000000005	0.272453643604323	1115	8.21542038032831	9.28457961967179
21	WGN39	8.20000000000005	0.272453643604323	1115	7.66542038032831	8.73457961967179
22	WGN39	9.24999999999997	0.272453643604316	1115	8.71542038032825	9.7845796196717
24	WGN39	8.90000000000009	0.272453643604325	1115	8.36542038032835	9.43457961967183
25	WGN39	9.40000000000006	0.272453643604322	1115	8.86542038032832	9.93457961967179
26	WGN39	7.37710573476706	0.385393942672535	1115	6.62092664840153	8.13328482113259
27	WGN39	9.50000000000004	0.272453643604322	1115	8.96542038032831	10.0345796196718
28	WGN39	6.50000000000008	0.272453643604319	1115	5.96542038032835	7.03457961967181
29	WGN39	7.85000000000004	0.272453643604323	1115	7.3154203803283	8.38457961967178
30	WGN39	9.6000000000001	0.272453643604327	1115	9.06542038032835	10.1345796196718
31	WGN39	9.45000000000005	0.272453643604322	1115	8.91542038032831	9.98457961967179
32	WGN39	8.05000000000006	0.272453643604322	1115	7.51542038032832	8.58457961967179
34	WGN39	7.85000000000004	0.272453643604322	1115	7.3154203803283	8.38457961967177
35	WGN39	8.10000000000004	0.272453643604321	1115	7.5654203803283	8.63457961967177
36	WGN39	9.40000000000004	0.272453643604322	1115	8.8654203803283	9.93457961967177
37	WGN39	8.30000000000001	0.272453643604319	1115	7.76542038032828	8.83457961967174
38	WGN39	7.45000000000002	0.272453643604322	1115	6.91542038032828	7.98457961967175
39	WGN39	8.90000000000003	0.272453643604322	1115	8.36542038032829	9.43457961967176
40	WGN39	8.40000000000004	0.272453643604322	1115	7.86542038032831	8.93457961967178
41	WGN39	9.10000000000003	0.272453643604322	1115	8.56542038032829	9.63457961967177
42	WGN39	9.10000000000008	0.272453643604325	1115	8.56542038032833	9.63457961967182
43	WGN39	9.29999999999996	0.272453643604317	1115	8.76542038032824	9.83457961967169
44	WGN39	10	0.27245364360432	1115	9.46542038032828	10.5345796196717
45	WGN39	8.30000000000001	0.272453643604321	1115	7.76542038032827	8.83457961967174
46	WGN39	8.32289426523303	0.385393942672542	1115	7.56671517886749	9.07907335159857
47	WGN39	7.35000000000002	0.272453643604325	1115	6.81542038032828	7.88457961967177
48	WGN39	6.15000000000007	0.272453643604319	1115	5.61542038032833	6.6845796196718
49	WGN39	8.25000000000004	0.272453643604321	1115	7.71542038032831	8.78457961967178
50	WGN39	7.40000000000005	0.272453643604324	1115	6.8654203803283	7.93457961967179
51	WGN39	8.35000000000004	0.272453643604324	1115	7.8154203803283	8.88457961967178
52	WGN39	8.20000000000005	0.272453643604322	1115	7.66542038032832	8.73457961967179
53	WGN39	9.65000000000003	0.272453643604321	1115	9.11542038032829	10.1845796196718
54	WGN39	8.85000000000007	0.272453643604324	1115	8.31542038032833	9.38457961967182
55	WGN39	8.80000000000004	0.272453643604322	1115	8.2654203803283	9.33457961967178
56	WGN39	8.55000000000006	0.272453643604324	1115	8.01542038032832	9.0845796196718
57	WGN39	7.85000000000004	0.272453643604324	1115	7.3154203803283	8.38457961967179
58	WGN39	7.20000000000003	0.272453643604322	1115	6.6654203803283	7.73457961967177
59	WGN39	8.85000000000002	0.27245364360432	1115	8.31542038032829	9.38457961967176
60	WGN39	8.35000000000006	0.272453643604322	1115	7.81542038032832	8.8845796196718
61	WGN39	8.75000000000006	0.272453643604324	1115	8.21542038032832	9.28457961967181
62	WGN39	7.05000000000004	0.272453643604318	1115	6.51542038032831	7.58457961967177
63	WGN39	9.10000000000002	0.272453643604321	1115	8.56542038032828	9.63457961967175
64	WGN39	9.60000000000001	0.27245364360432	1115	9.06542038032828	10.1345796196717
65	WGN39	7.20000000000006	0.272453643604319	1115	6.66542038032833	7.73457961967179
66	WGN39	9.30000000000004	0.272453643604322	1115	8.7654203803283	9.83457961967178
67	WGN39	9.10000000000001	0.272453643604319	1115	8.56542038032828	9.63457961967174
68	WGN39	8.52289426523302	0.385393942672539	1115	7.76671517886749	9.27907335159856
69	WGN39	7.70000000000005	0.272453643604322	1115	7.16542038032831	8.23457961967179
70	WGN39	8.12289426523304	0.385393942672544	1115	7.36671517886749	8.87907335159858
71	WGN39	9.10000000000003	0.272453643604322	1115	8.56542038032829	9.63457961967176
72	WGN39	6.95000000000003	0.272453643604321	1115	6.41542038032829	7.48457961967176
73	WGN39	8.05000000000004	0.272453643604321	1115	7.5154203803283	8.58457961967177
74	WGN39	9.55000000000005	0.272453643604322	1115	9.01542038032831	10.0845796196718
75	WGN39	8.90000000000007	0.272453643604323	1115	8.36542038032833	9.43457961967181
76	WGN39	8.42289426523302	0.385393942672542	1115	7.66671517886748	9.17907335159856
77	WGN39	8.95000000000002	0.272453643604319	1115	8.41542038032829	9.48457961967175
78	WGN39	8.60000000000005	0.272453643604325	1115	8.06542038032831	9.1345796196718
79	WGN39	8.10000000000005	0.272453643604323	1115	7.56542038032831	8.63457961967178
80	WGN39	8.85000000000001	0.272453643604319	1115	8.31542038032828	9.38457961967175
81	WGN39	8.55000000000004	0.272453643604322	1115	8.0154203803283	9.08457961967177
82	WGN39	8.65000000000005	0.272453643604323	1115	8.11542038032831	9.18457961967179
83	WGN39	8.45000000000004	0.272453643604322	1115	7.9154203803283	8.98457961967178
84	WGN39	8.85000000000004	0.272453643604322	1115	8.3154203803283	9.38457961967178
85	WGN39	7.62289426523302	0.385393942672543	1115	6.86671517886747	8.37907335159856
86	WGN39	8.70000000000004	0.272453643604322	1115	8.1654203803283	9.23457961967178
87	WGN39	8.30000000000003	0.272453643604321	1115	7.7654203803283	8.83457961967177
88	WGN39	9.02289426523303	0.385393942672542	1115	8.26671517886748	9.77907335159857
89	WGN39	7.25000000000004	0.272453643604323	1115	6.7154203803283	7.78457961967178
90	WGN39	9.05000000000005	0.272453643604322	1115	8.51542038032831	9.58457961967178
91	WGN39	7.50000000000004	0.272453643604321	1115	6.9654203803283	8.03457961967178
92	WGN39	8.95000000000005	0.272453643604323	1115	8.41542038032832	9.48457961967179
93	WGN39	9.10000000000003	0.272453643604321	1115	8.5654203803283	9.63457961967177
94	WGN39	8.90000000000004	0.272453643604322	1115	8.36542038032831	9.43457961967178
95	WGN39	9.35000000000005	0.272453643604323	1115	8.81542038032831	9.88457961967179
96	WGN39	9.30000000000005	0.272453643604323	1115	8.76542038032831	9.83457961967179
97	WGN39	7.30000000000004	0.272453643604322	1115	6.7654203803283	7.83457961967178
98	WGN39	9.45000000000003	0.272453643604321	1115	8.9154203803283	9.98457961967177
99	WGN39	8.10000000000005	0.272453643604323	1115	7.56542038032831	8.63457961967178
100	WGN39	8.85000000000004	0.272453643604322	1115	8.3154203803283	9.38457961967178
101	WGN39	8.25000000000004	0.272453643604321	1115	7.7154203803283	8.78457961967177
102	WGN39	9.20000000000004	0.272453643604322	1115	8.66542038032831	9.73457961967178
104	WGN39	7.95000000000004	0.272453643604322	1115	7.41542038032831	8.48457961967178
105	WGN39	8.65000000000004	0.272453643604322	1115	8.1154203803283	9.18457961967178
106	WGN39	8.80000000000004	0.272453643604322	1115	8.2654203803283	9.33457961967178
107	WGN39	8.00000000000004	0.272453643604322	1115	7.46542038032831	8.53457961967178
108	WGN39	9.90000000000004	0.272453643604322	1115	9.3654203803283	10.4345796196718
109	WGN39	9.35000000000004	0.272453643604322	1115	8.81542038032831	9.88457961967178
110	WGN39	7.80000000000005	0.272453643604322	1115	7.26542038032831	8.33457961967178
111	WGN39	9.10000000000004	0.272453643604322	1115	8.56542038032831	9.63457961967178
112	WGN39	9.00000000000004	0.272453643604322	1115	8.46542038032831	9.53457961967178
113	WGN39	8.70000000000004	0.272453643604322	1115	8.1654203803283	9.23457961967178
114	WGN39	8.30000000000004	0.272453643604322	1115	7.7654203803283	8.83457961967178
115	WGN39	9.60000000000004	0.272453643604322	1115	9.06542038032831	10.1345796196718
116	WGN39	7.65000000000004	0.272453643604322	1115	7.11542038032831	8.18457961967178
117	WGN39	7.90000000000004	0.272453643604322	1115	7.36542038032831	8.43457961967178
118	WGN39	8.85000000000004	0.272453643604322	1115	8.31542038032831	9.38457961967178
120	WGN39	8.80000000000004	0.272453643604322	1115	8.2654203803283	9.33457961967178
121	WGN39	8.75000000000004	0.272453643604322	1115	8.21542038032831	9.28457961967178
122	WGN39	8.00000000000004	0.272453643604322	1115	7.4654203803283	8.53457961967178
123	WGN39	7.60000000000004	0.272453643604322	1115	7.0654203803283	8.13457961967178
124	WGN39	7.00000000000004	0.272453643604322	1115	6.46542038032831	7.53457961967178
125	WGN39	8.35000000000004	0.272453643604322	1115	7.8154203803283	8.88457961967178
126	WGN39	9.00000000000004	0.272453643604322	1115	8.46542038032831	9.53457961967178
127	WGN39	8.40000000000004	0.272453643604322	1115	7.86542038032831	8.93457961967178
128	WGN39	8.05000000000004	0.272453643604322	1115	7.5154203803283	8.58457961967178
129	WGN39	7.15000000000004	0.272453643604322	1115	6.6154203803283	7.68457961967178
130	WGN39	8.90000000000004	0.272453643604322	1115	8.36542038032831	9.43457961967178
1	WGN45	7.80000000000009	0.272453643604324	1115	7.26542038032835	8.33457961967183
2	WGN45	7.9500000000001	0.27245364360432	1115	7.41542038032837	8.48457961967183
3	WGN45	6.022894265233	0.385393942672546	1115	5.26671517886745	6.77907335159855
4	WGN45	7.45000000000008	0.272453643604319	1115	6.91542038032835	7.98457961967181
5	WGN45	7.20000000000007	0.272453643604318	1115	6.66542038032834	7.7345796196718
6	WGN45	7.70000000000004	0.272453643604324	1115	7.1654203803283	8.23457961967179
7	WGN45	6.50000000000008	0.272453643604319	1115	5.96542038032835	7.03457961967181
8	WGN45	7.15000000000009	0.272453643604316	1115	6.61542038032837	7.68457961967182
9	WGN45	7.25000000000006	0.272453643604324	1115	6.71542038032831	7.7845796196718
10	WGN45	8.10000000000005	0.27245364360432	1115	7.56542038032832	8.63457961967178
11	WGN45	7.15000000000007	0.27245364360432	1115	6.61542038032834	7.68457961967181
12	WGN45	7.80000000000005	0.272453643604325	1115	7.26542038032831	8.3345796196718
13	WGN45	7.35000000000006	0.272453643604325	1115	6.81542038032832	7.8845796196718
14	WGN45	7.60000000000007	0.272453643604319	1115	7.06542038032834	8.1345796196718
15	WGN45	7.77710573476711	0.385393942672541	1115	7.02092664840157	8.53328482113264
16	WGN45	6.75000000000005	0.272453643604322	1115	6.21542038032831	7.28457961967178
17	WGN45	7.40000000000007	0.272453643604322	1115	6.86542038032833	7.9345796196718
18	WGN45	7.85000000000006	0.272453643604319	1115	7.31542038032833	8.3845796196718
19	WGN45	7.00000000000008	0.272453643604319	1115	6.46542038032834	7.53457961967181
20	WGN45	8.50000000000007	0.272453643604323	1115	7.96542038032833	9.03457961967181
22	WGN45	7.00000000000009	0.272453643604318	1115	6.46542038032836	7.53457961967182
23	WGN45	6.95000000000007	0.272453643604322	1115	6.41542038032833	7.48457961967181
24	WGN45	7.30000000000007	0.272453643604322	1115	6.76542038032833	7.83457961967181
25	WGN45	7.10000000000004	0.272453643604325	1115	6.5654203803283	7.63457961967178
26	WGN45	8.60000000000007	0.272453643604322	1115	8.06542038032834	9.13457961967181
28	WGN45	7.05000000000007	0.272453643604321	1115	6.51542038032834	7.58457961967181
29	WGN45	6.85000000000008	0.27245364360432	1115	6.31542038032835	7.38457961967182
31	WGN45	8.10000000000007	0.272453643604323	1115	7.56542038032833	8.63457961967181
32	WGN45	8.45000000000005	0.272453643604319	1115	7.91542038032831	8.98457961967178
33	WGN45	6.55000000000004	0.272453643604324	1115	6.0154203803283	7.08457961967178
34	WGN45	7.35000000000006	0.272453643604325	1115	6.81542038032832	7.88457961967181
35	WGN45	7.65000000000007	0.27245364360432	1115	7.11542038032833	8.1845796196718
36	WGN45	8.20000000000007	0.272453643604323	1115	7.66542038032833	8.73457961967181
37	WGN45	7.90000000000006	0.272453643604321	1115	7.36542038032833	8.4345796196718
38	WGN45	7.65000000000006	0.272453643604326	1115	7.11542038032832	8.18457961967181
40	WGN45	7.65000000000006	0.272453643604323	1115	7.11542038032833	8.1845796196718
41	WGN45	7.00000000000007	0.272453643604321	1115	6.46542038032834	7.53457961967181
42	WGN45	6.90000000000006	0.272453643604323	1115	6.36542038032832	7.4345796196718
43	WGN45	7.20000000000007	0.27245364360432	1115	6.66542038032834	7.73457961967181
44	WGN45	7.95000000000006	0.27245364360432	1115	7.41542038032833	8.48457961967179
45	WGN45	8.00000000000006	0.272453643604322	1115	7.46542038032832	8.5345796196718
46	WGN45	7.30000000000007	0.27245364360432	1115	6.76542038032833	7.8345796196718
47	WGN45	7.0771057347671	0.385393942672539	1115	6.32092664840157	7.83328482113264
48	WGN45	7.10000000000006	0.272453643604323	1115	6.56542038032832	7.6345796196718
49	WGN45	8.05000000000007	0.272453643604326	1115	7.51542038032833	8.58457961967182
50	WGN45	7.65000000000006	0.272453643604321	1115	7.11542038032833	8.1845796196718
52	WGN45	7.65000000000006	0.272453643604322	1115	7.11542038032833	8.1845796196718
53	WGN45	7.50000000000006	0.272453643604324	1115	6.96542038032832	8.0345796196718
54	WGN45	6.50000000000006	0.272453643604323	1115	5.96542038032832	7.0345796196718
55	WGN45	7.20000000000007	0.272453643604323	1115	6.66542038032833	7.73457961967181
56	WGN45	7.35000000000008	0.272453643604321	1115	6.81542038032834	7.88457961967181
57	WGN45	8.60000000000007	0.272453643604323	1115	8.06542038032833	9.13457961967181
58	WGN45	7.85000000000007	0.272453643604323	1115	7.31542038032833	8.38457961967181
59	WGN45	7.25000000000006	0.272453643604323	1115	6.71542038032832	7.7845796196718
60	WGN45	6.72289426523305	0.385393942672541	1115	5.96671517886751	7.47907335159859
61	WGN45	7.85000000000007	0.272453643604322	1115	7.31542038032833	8.3845796196718
62	WGN45	7.70000000000006	0.272453643604322	1115	7.16542038032832	8.2345796196718
64	WGN45	8.05000000000007	0.27245364360432	1115	7.51542038032833	8.5845796196718
65	WGN45	6.90000000000009	0.272453643604322	1115	6.36542038032835	7.43457961967182
66	WGN45	7.20000000000003	0.272453643604325	1115	6.66542038032829	7.73457961967178
68	WGN45	7.90000000000006	0.272453643604322	1115	7.36542038032833	8.4345796196718
69	WGN45	7.30000000000007	0.27245364360432	1115	6.76542038032833	7.8345796196718
70	WGN45	8.32289426523304	0.385393942672543	1115	7.5667151788675	9.07907335159858
71	WGN45	8.40000000000007	0.272453643604322	1115	7.86542038032834	8.93457961967181
72	WGN45	7.15000000000008	0.272453643604321	1115	6.61542038032835	7.68457961967182
73	WGN45	7.62289426523305	0.385393942672541	1115	6.86671517886751	8.37907335159859
74	WGN45	6.50000000000008	0.272453643604321	1115	5.96542038032835	7.03457961967182
75	WGN45	7.80000000000006	0.272453643604323	1115	7.26542038032832	8.3345796196718
76	WGN45	7.60000000000006	0.272453643604321	1115	7.06542038032833	8.1345796196718
77	WGN45	7.12289426523305	0.385393942672541	1115	6.36671517886751	7.87907335159859
78	WGN45	7.35000000000007	0.272453643604321	1115	6.81542038032833	7.8845796196718
80	WGN45	7.65000000000007	0.272453643604322	1115	7.11542038032833	8.18457961967181
81	WGN45	7.05000000000007	0.272453643604322	1115	6.51542038032833	7.5845796196718
82	WGN45	6.95000000000006	0.272453643604323	1115	6.41542038032832	7.4845796196718
84	WGN45	7.20000000000006	0.272453643604322	1115	6.66542038032833	7.7345796196718
85	WGN45	8.32289426523304	0.385393942672542	1115	7.5667151788675	9.07907335159858
86	WGN45	7.00000000000007	0.272453643604321	1115	6.46542038032833	7.53457961967181
87	WGN45	7.35000000000007	0.272453643604322	1115	6.81542038032833	7.8845796196718
88	WGN45	7.30000000000007	0.27245364360432	1115	6.76542038032834	7.83457961967181
89	WGN45	8.00000000000006	0.272453643604322	1115	7.46542038032833	8.5345796196718
90	WGN45	7.25000000000006	0.272453643604324	1115	6.71542038032832	7.7845796196718
92	WGN45	7.05000000000007	0.272453643604322	1115	6.51542038032833	7.5845796196718
93	WGN45	6.45000000000006	0.272453643604322	1115	5.91542038032832	6.9845796196718
94	WGN45	6.80000000000007	0.272453643604321	1115	6.26542038032833	7.33457961967181
95	WGN45	8.35000000000007	0.272453643604322	1115	7.81542038032833	8.88457961967181
96	WGN45	6.80000000000008	0.272453643604321	1115	6.26542038032834	7.33457961967181
98	WGN45	6.85000000000006	0.272453643604322	1115	6.31542038032833	7.3845796196718
99	WGN45	6.77710573476709	0.38539394267254	1115	6.02092664840155	7.53328482113262
100	WGN45	7.55000000000007	0.272453643604321	1115	7.01542038032833	8.0845796196718
101	WGN45	7.80000000000007	0.272453643604322	1115	7.26542038032833	8.3345796196718
102	WGN45	8.20000000000007	0.272453643604322	1115	7.66542038032833	8.7345796196718
103	WGN45	8.12289426523304	0.385393942672541	1115	7.3667151788675	8.87907335159858
104	WGN45	7.90000000000007	0.272453643604323	1115	7.36542038032833	8.43457961967181
105	WGN45	7.60000000000007	0.272453643604322	1115	7.06542038032833	8.1345796196718
106	WGN45	7.15000000000006	0.272453643604322	1115	6.61542038032833	7.6845796196718
107	WGN45	8.15000000000007	0.272453643604322	1115	7.61542038032833	8.6845796196718
108	WGN45	7.85000000000007	0.272453643604323	1115	7.31542038032833	8.38457961967181
109	WGN45	8.30000000000008	0.272453643604322	1115	7.76542038032834	8.83457961967181
110	WGN45	7.65000000000007	0.272453643604321	1115	7.11542038032833	8.1845796196718
111	WGN45	7.70000000000007	0.272453643604322	1115	7.16542038032833	8.2345796196718
112	WGN45	6.85000000000006	0.272453643604322	1115	6.31542038032832	7.3845796196718
113	WGN45	6.42289426523304	0.385393942672542	1115	5.6667151788675	7.17907335159858
114	WGN45	8.25000000000007	0.272453643604322	1115	7.71542038032833	8.7845796196718
115	WGN45	6.85000000000006	0.272453643604322	1115	6.31542038032832	7.3845796196718
116	WGN45	7.20000000000007	0.272453643604322	1115	6.66542038032833	7.7345796196718
117	WGN45	7.30000000000006	0.272453643604322	1115	6.76542038032833	7.8345796196718
118	WGN45	7.07710573476709	0.385393942672542	1115	6.32092664840155	7.83328482113263
119	WGN45	7.70000000000006	0.272453643604322	1115	7.16542038032833	8.2345796196718
120	WGN45	8.20000000000007	0.272453643604322	1115	7.66542038032833	8.7345796196718
121	WGN45	6.70000000000007	0.272453643604322	1115	6.16542038032833	7.2345796196718
122	WGN45	7.60000000000006	0.272453643604322	1115	7.06542038032833	8.1345796196718
123	WGN45	8.10000000000006	0.272453643604322	1115	7.56542038032833	8.6345796196718
124	WGN45	8.05000000000006	0.272453643604322	1115	7.51542038032833	8.5845796196718
126	WGN45	7.45000000000006	0.272453643604322	1115	6.91542038032833	7.9845796196718
127	WGN45	7.40000000000007	0.272453643604322	1115	6.86542038032833	7.9345796196718
128	WGN45	7.75000000000007	0.272453643604322	1115	7.21542038032833	8.2845796196718
129	WGN45	7.50000000000006	0.272453643604322	1115	6.96542038032833	8.0345796196718
130	WGN45	8.17710573476709	0.385393942672542	1115	7.42092664840155	8.93328482113263
1	WGN46	7.54999999999995	0.272453643604326	1115	7.01542038032821	8.0845796196717
2	WGN46	7.05000000000009	0.272453643604316	1115	6.51542038032837	7.58457961967182
3	WGN46	8.00000000000007	0.272453643604321	1115	7.46542038032833	8.5345796196718
4	WGN46	7.60000000000006	0.272453643604318	1115	7.06542038032833	8.13457961967179
6	WGN46	7.5771057347671	0.385393942672539	1115	6.82092664840157	8.33328482113263
7	WGN46	7.60000000000006	0.272453643604319	1115	7.06542038032833	8.13457961967179
8	WGN46	6.22289426523302	0.385393942672545	1115	5.46671517886748	6.97907335159857
9	WGN46	7.50000000000006	0.272453643604318	1115	6.96542038032833	8.03457961967179
10	WGN46	6.35000000000006	0.272453643604322	1115	5.81542038032832	6.8845796196718
11	WGN46	7.60000000000005	0.272453643604323	1115	7.06542038032831	8.13457961967179
12	WGN46	7.80000000000006	0.272453643604323	1115	7.26542038032833	8.33457961967181
13	WGN46	6.55000000000007	0.27245364360432	1115	6.01542038032833	7.0845796196718
14	WGN46	8.05000000000005	0.272453643604319	1115	7.51542038032832	8.58457961967179
15	WGN46	7.75000000000007	0.27245364360432	1115	7.21542038032834	8.28457961967181
16	WGN46	7.20000000000007	0.272453643604325	1115	6.66542038032833	7.73457961967182
17	WGN46	7.50000000000007	0.272453643604321	1115	6.96542038032833	8.0345796196718
18	WGN46	7.75000000000005	0.272453643604318	1115	7.21542038032832	8.28457961967178
19	WGN46	8.45000000000006	0.272453643604323	1115	7.91542038032832	8.9845796196718
20	WGN46	7.97710573476707	0.385393942672537	1115	7.22092664840154	8.7332848211326
21	WGN46	6.42289426523306	0.385393942672537	1115	5.66671517886753	7.17907335159859
22	WGN46	7.65000000000006	0.272453643604321	1115	7.11542038032832	8.18457961967179
23	WGN46	8.65000000000008	0.272453643604324	1115	8.11542038032834	9.18457961967183
24	WGN46	7.45000000000006	0.272453643604326	1115	6.91542038032832	7.98457961967181
25	WGN46	7.30000000000006	0.272453643604325	1115	6.76542038032831	7.8345796196718
26	WGN46	7.40000000000006	0.272453643604323	1115	6.86542038032832	7.9345796196718
27	WGN46	7.37710573476708	0.38539394267254	1115	6.62092664840154	8.13328482113262
28	WGN46	7.70000000000007	0.272453643604324	1115	7.16542038032833	8.23457961967181
29	WGN46	6.95000000000006	0.272453643604322	1115	6.41542038032833	7.4845796196718
30	WGN46	6.85000000000006	0.272453643604322	1115	6.31542038032832	7.38457961967179
31	WGN46	7.50000000000006	0.272453643604321	1115	6.96542038032833	8.0345796196718
32	WGN46	6.90000000000007	0.272453643604321	1115	6.36542038032833	7.4345796196718
33	WGN46	7.70000000000006	0.272453643604323	1115	7.16542038032832	8.2345796196718
34	WGN46	7.50000000000006	0.272453643604323	1115	6.96542038032832	8.0345796196718
36	WGN46	7.55000000000006	0.272453643604324	1115	7.01542038032832	8.0845796196718
37	WGN46	7.85000000000006	0.272453643604322	1115	7.31542038032832	8.3845796196718
38	WGN46	6.80000000000005	0.272453643604324	1115	6.26542038032831	7.33457961967179
39	WGN46	6.90000000000007	0.27245364360432	1115	6.36542038032834	7.4345796196718
40	WGN46	7.30000000000006	0.272453643604322	1115	6.76542038032832	7.8345796196718
41	WGN46	7.80000000000006	0.27245364360432	1115	7.26542038032833	8.33457961967179
42	WGN46	7.65000000000006	0.272453643604319	1115	7.11542038032832	8.18457961967179
43	WGN46	7.50000000000006	0.272453643604321	1115	6.96542038032833	8.0345796196718
44	WGN46	7.05000000000006	0.272453643604323	1115	6.51542038032832	7.5845796196718
45	WGN46	7.15000000000006	0.272453643604323	1115	6.61542038032832	7.6845796196718
46	WGN46	8.00000000000005	0.27245364360432	1115	7.46542038032832	8.53457961967179
47	WGN46	7.45000000000006	0.272453643604322	1115	6.91542038032833	7.9845796196718
48	WGN46	7.50000000000006	0.272453643604323	1115	6.96542038032832	8.0345796196718
49	WGN46	7.80000000000006	0.272453643604323	1115	7.26542038032832	8.3345796196718
50	WGN46	6.95000000000005	0.272453643604323	1115	6.41542038032831	7.48457961967179
52	WGN46	7.20000000000007	0.27245364360432	1115	6.66542038032833	7.7345796196718
53	WGN46	7.15000000000007	0.27245364360432	1115	6.61542038032833	7.6845796196718
54	WGN46	7.95000000000006	0.272453643604322	1115	7.41542038032832	8.4845796196718
55	WGN46	7.37710573476708	0.385393942672541	1115	6.62092664840154	8.13328482113262
56	WGN46	7.75000000000006	0.272453643604322	1115	7.21542038032832	8.2845796196718
57	WGN46	6.80000000000007	0.272453643604319	1115	6.26542038032834	7.33457961967181
58	WGN46	6.95000000000006	0.272453643604322	1115	6.41542038032832	7.4845796196718
59	WGN46	8.95000000000006	0.272453643604321	1115	8.41542038032832	9.48457961967179
60	WGN46	7.55000000000006	0.272453643604323	1115	7.01542038032832	8.0845796196718
61	WGN46	8.20000000000005	0.272453643604319	1115	7.66542038032832	8.73457961967178
62	WGN46	7.60000000000006	0.272453643604322	1115	7.06542038032832	8.1345796196718
63	WGN46	7.20000000000007	0.272453643604321	1115	6.66542038032833	7.7345796196718
64	WGN46	7.72289426523303	0.385393942672542	1115	6.96671517886749	8.47907335159858
65	WGN46	7.05000000000005	0.27245364360432	1115	6.51542038032832	7.58457961967179
66	WGN46	7.65000000000006	0.272453643604321	1115	7.11542038032833	8.1845796196718
67	WGN46	8.20000000000005	0.27245364360432	1115	7.66542038032832	8.73457961967179
68	WGN46	7.10000000000006	0.272453643604322	1115	6.56542038032832	7.6345796196718
69	WGN46	7.60000000000006	0.27245364360432	1115	7.06542038032832	8.13457961967179
70	WGN46	7.25000000000006	0.272453643604322	1115	6.71542038032832	7.7845796196718
71	WGN46	8.45000000000007	0.272453643604322	1115	7.91542038032833	8.98457961967181
72	WGN46	7.35000000000006	0.272453643604322	1115	6.81542038032832	7.8845796196718
73	WGN46	7.15000000000007	0.272453643604321	1115	6.61542038032833	7.6845796196718
74	WGN46	7.05000000000006	0.272453643604322	1115	6.51542038032832	7.5845796196718
75	WGN46	7.35000000000006	0.272453643604321	1115	6.81542038032833	7.8845796196718
76	WGN46	7.05000000000006	0.272453643604322	1115	6.51542038032832	7.58457961967179
78	WGN46	7.00000000000006	0.272453643604321	1115	6.46542038032833	7.5345796196718
79	WGN46	8.50000000000007	0.272453643604322	1115	7.96542038032833	9.03457961967181
80	WGN46	7.25000000000006	0.272453643604322	1115	6.71542038032833	7.7845796196718
81	WGN46	7.75000000000006	0.272453643604322	1115	7.21542038032832	8.2845796196718
82	WGN46	6.97710573476709	0.385393942672542	1115	6.22092664840155	7.73328482113263
83	WGN46	6.70000000000007	0.272453643604321	1115	6.16542038032833	7.2345796196718
84	WGN46	7.30000000000006	0.27245364360432	1115	6.76542038032833	7.8345796196718
85	WGN46	7.40000000000006	0.272453643604322	1115	6.86542038032833	7.9345796196718
86	WGN46	7.70000000000006	0.272453643604321	1115	7.16542038032833	8.23457961967179
87	WGN46	7.70000000000006	0.272453643604322	1115	7.16542038032832	8.2345796196718
88	WGN46	6.45000000000006	0.272453643604322	1115	5.91542038032832	6.98457961967179
89	WGN46	7.55000000000006	0.272453643604323	1115	7.01542038032832	8.0845796196718
90	WGN46	7.55000000000006	0.272453643604323	1115	7.01542038032832	8.0845796196718
91	WGN46	7.25000000000005	0.272453643604322	1115	6.71542038032831	7.78457961967179
92	WGN46	7.45000000000006	0.272453643604321	1115	6.91542038032833	7.9845796196718
93	WGN46	7.05000000000006	0.272453643604321	1115	6.51542038032833	7.5845796196718
94	WGN46	8.60000000000006	0.272453643604321	1115	8.06542038032832	9.1345796196718
95	WGN46	7.90000000000006	0.272453643604321	1115	7.36542038032833	8.4345796196718
96	WGN46	8.45000000000007	0.272453643604322	1115	7.91542038032833	8.9845796196718
98	WGN46	7.50000000000006	0.272453643604322	1115	6.96542038032832	8.03457961967179
100	WGN46	8.42289426523304	0.385393942672542	1115	7.6667151788675	9.17907335159858
101	WGN46	6.65000000000006	0.272453643604322	1115	6.11542038032832	7.1845796196718
102	WGN46	6.30000000000007	0.272453643604321	1115	5.76542038032833	6.8345796196718
103	WGN46	7.25000000000006	0.272453643604322	1115	6.71542038032833	7.7845796196718
104	WGN46	7.05000000000006	0.272453643604322	1115	6.51542038032833	7.5845796196718
106	WGN46	6.95000000000006	0.272453643604322	1115	6.41542038032832	7.4845796196718
107	WGN46	8.60000000000006	0.272453643604322	1115	8.06542038032832	9.1345796196718
108	WGN46	7.20000000000006	0.272453643604321	1115	6.66542038032833	7.7345796196718
109	WGN46	7.40000000000006	0.272453643604322	1115	6.86542038032833	7.9345796196718
110	WGN46	7.80000000000006	0.272453643604322	1115	7.26542038032832	8.3345796196718
111	WGN46	8.25000000000006	0.272453643604322	1115	7.71542038032832	8.7845796196718
112	WGN46	8.05000000000006	0.272453643604321	1115	7.51542038032832	8.5845796196718
113	WGN46	7.35000000000006	0.272453643604321	1115	6.81542038032833	7.8845796196718
114	WGN46	7.45000000000006	0.272453643604321	1115	6.91542038032833	7.9845796196718
115	WGN46	7.30000000000006	0.272453643604322	1115	6.76542038032833	7.8345796196718
116	WGN46	8.50000000000006	0.272453643604321	1115	7.96542038032832	9.0345796196718
117	WGN46	6.60000000000006	0.272453643604322	1115	6.06542038032833	7.1345796196718
118	WGN46	7.20000000000006	0.272453643604321	1115	6.66542038032833	7.7345796196718
119	WGN46	8.10000000000006	0.272453643604322	1115	7.56542038032832	8.6345796196718
120	WGN46	8.00000000000006	0.272453643604322	1115	7.46542038032833	8.5345796196718
121	WGN46	7.55000000000006	0.272453643604322	1115	7.01542038032833	8.0845796196718
122	WGN46	7.00000000000006	0.272453643604322	1115	6.46542038032832	7.5345796196718
123	WGN46	7.55000000000006	0.272453643604321	1115	7.01542038032833	8.0845796196718
124	WGN46	7.45000000000006	0.272453643604322	1115	6.91542038032833	7.9845796196718
125	WGN46	7.75000000000006	0.272453643604322	1115	7.21542038032833	8.2845796196718
126	WGN46	6.95000000000006	0.272453643604322	1115	6.41542038032833	7.4845796196718
127	WGN46	8.35000000000006	0.272453643604322	1115	7.81542038032832	8.8845796196718
128	WGN46	8.20000000000006	0.272453643604322	1115	7.66542038032832	8.7345796196718
129	WGN46	8.05000000000006	0.272453643604322	1115	7.51542038032832	8.5845796196718
130	WGN46	6.20000000000006	0.272453643604322	1115	5.66542038032832	6.7345796196718
1	WGN55	8.10000000000008	0.272453643604325	1115	7.56542038032834	8.63457961967183
2	WGN55	7.05000000000009	0.27245364360432	1115	6.51542038032836	7.58457961967182
3	WGN55	7.25000000000009	0.272453643604321	1115	6.71542038032836	7.78457961967183
4	WGN55	8.20000000000008	0.272453643604323	1115	7.66542038032834	8.73457961967182
5	WGN55	8.10000000000007	0.272453643604324	1115	7.56542038032833	8.63457961967182
6	WGN55	7.35000000000009	0.272453643604319	1115	6.81542038032836	7.88457961967182
7	WGN55	8.05000000000009	0.272453643604323	1115	7.51542038032835	8.58457961967183
8	WGN55	7.55000000000009	0.272453643604319	1115	7.01542038032835	8.08457961967182
9	WGN55	8.00000000000006	0.272453643604323	1115	7.46542038032832	8.5345796196718
10	WGN55	7.70000000000008	0.272453643604322	1115	7.16542038032834	8.23457961967181
11	WGN55	8.00000000000007	0.272453643604321	1115	7.46542038032833	8.5345796196718
12	WGN55	7.70000000000007	0.272453643604321	1115	7.16542038032833	8.23457961967181
13	WGN55	7.25000000000008	0.272453643604322	1115	6.71542038032834	7.78457961967182
14	WGN55	8.10000000000007	0.27245364360432	1115	7.56542038032834	8.63457961967181
15	WGN55	8.35000000000008	0.272453643604323	1115	7.81542038032834	8.88457961967182
16	WGN55	7.60000000000007	0.27245364360432	1115	7.06542038032834	8.13457961967181
17	WGN55	7.85000000000007	0.272453643604322	1115	7.31542038032833	8.38457961967181
18	WGN55	7.25000000000009	0.272453643604321	1115	6.71542038032836	7.78457961967183
19	WGN55	7.90000000000008	0.272453643604321	1115	7.36542038032835	8.43457961967182
20	WGN55	7.70000000000009	0.272453643604321	1115	7.16542038032835	8.23457961967182
21	WGN55	7.05000000000007	0.272453643604322	1115	6.51542038032833	7.58457961967181
22	WGN55	7.45000000000009	0.27245364360432	1115	6.91542038032835	7.98457961967182
23	WGN55	7.65000000000006	0.272453643604324	1115	7.11542038032832	8.1845796196718
24	WGN55	7.90000000000008	0.27245364360432	1115	7.36542038032835	8.43457961967182
25	WGN55	7.95000000000007	0.272453643604323	1115	7.41542038032833	8.48457961967181
26	WGN55	6.95000000000006	0.272453643604324	1115	6.41542038032832	7.4845796196718
27	WGN55	7.15000000000008	0.272453643604321	1115	6.61542038032834	7.68457961967181
28	WGN55	7.65000000000007	0.272453643604324	1115	7.11542038032833	8.18457961967181
29	WGN55	7.80000000000009	0.272453643604321	1115	7.26542038032836	8.33457961967183
30	WGN55	7.85000000000008	0.272453643604322	1115	7.31542038032834	8.38457961967181
31	WGN55	7.95000000000008	0.272453643604319	1115	7.41542038032835	8.48457961967181
32	WGN55	7.80000000000008	0.272453643604321	1115	7.26542038032834	8.33457961967182
33	WGN55	7.00000000000004	0.272453643604323	1115	6.4654203803283	7.53457961967178
34	WGN55	7.90000000000008	0.272453643604321	1115	7.36542038032834	8.43457961967181
35	WGN55	7.80000000000007	0.272453643604322	1115	7.26542038032833	8.33457961967181
36	WGN55	6.95000000000009	0.272453643604321	1115	6.41542038032835	7.48457961967182
37	WGN55	8.55000000000009	0.272453643604324	1115	8.01542038032835	9.08457961967183
38	WGN55	7.3000000000001	0.272453643604321	1115	6.76542038032836	7.83457961967183
40	WGN55	7.70000000000008	0.272453643604322	1115	7.16542038032834	8.23457961967182
41	WGN55	7.75000000000007	0.272453643604322	1115	7.21542038032833	8.28457961967181
42	WGN55	7.45000000000009	0.272453643604322	1115	6.91542038032835	7.98457961967183
43	WGN55	7.95000000000008	0.272453643604323	1115	7.41542038032835	8.48457961967182
44	WGN55	7.30000000000008	0.272453643604322	1115	6.76542038032835	7.83457961967182
45	WGN55	7.10000000000008	0.272453643604321	1115	6.56542038032835	7.63457961967182
46	WGN55	6.9771057347671	0.385393942672541	1115	6.22092664840156	7.73328482113264
47	WGN55	7.75000000000007	0.272453643604321	1115	7.21542038032833	8.2845796196718
48	WGN55	7.55000000000008	0.272453643604322	1115	7.01542038032834	8.08457961967182
49	WGN55	7.90000000000007	0.272453643604323	1115	7.36542038032833	8.43457961967181
50	WGN55	7.25000000000008	0.272453643604322	1115	6.71542038032834	7.78457961967182
52	WGN55	7.95000000000008	0.272453643604322	1115	7.41542038032834	8.48457961967182
53	WGN55	7.45000000000007	0.272453643604323	1115	6.91542038032833	7.98457961967181
54	WGN55	7.90000000000007	0.272453643604322	1115	7.36542038032834	8.43457961967181
55	WGN55	7.00000000000009	0.272453643604321	1115	6.46542038032835	7.53457961967182
56	WGN55	7.85000000000008	0.272453643604321	1115	7.31542038032835	8.38457961967182
57	WGN55	7.82289426523306	0.385393942672541	1115	7.06671517886752	8.5790733515986
58	WGN55	7.30000000000008	0.272453643604321	1115	6.76542038032834	7.83457961967181
59	WGN55	7.75000000000008	0.272453643604323	1115	7.21542038032834	8.28457961967182
60	WGN55	7.30000000000007	0.272453643604323	1115	6.76542038032833	7.83457961967181
61	WGN55	7.35000000000008	0.272453643604321	1115	6.81542038032835	7.88457961967182
62	WGN55	7.62289426523304	0.385393942672545	1115	6.8667151788675	8.37907335159859
63	WGN55	7.60000000000008	0.272453643604322	1115	7.06542038032834	8.13457961967181
64	WGN55	7.10000000000009	0.27245364360432	1115	6.56542038032836	7.63457961967183
65	WGN55	7.45000000000008	0.272453643604321	1115	6.91542038032834	7.98457961967181
66	WGN55	7.80000000000008	0.272453643604322	1115	7.26542038032834	8.33457961967181
67	WGN55	7.17710573476713	0.385393942672542	1115	6.42092664840158	7.93328482113267
68	WGN55	7.55000000000007	0.272453643604322	1115	7.01542038032833	8.08457961967181
69	WGN55	6.95000000000007	0.272453643604323	1115	6.41542038032833	7.48457961967181
70	WGN55	7.15000000000007	0.272453643604323	1115	6.61542038032833	7.68457961967181
71	WGN55	7.55000000000007	0.272453643604322	1115	7.01542038032834	8.08457961967181
72	WGN55	6.70000000000007	0.272453643604322	1115	6.16542038032833	7.23457961967181
73	WGN55	7.65000000000008	0.272453643604321	1115	7.11542038032834	8.18457961967181
74	WGN55	8.10000000000007	0.272453643604323	1115	7.56542038032833	8.63457961967181
75	WGN55	7.90000000000007	0.272453643604322	1115	7.36542038032833	8.43457961967181
76	WGN55	7.10000000000009	0.27245364360432	1115	6.56542038032836	7.63457961967183
77	WGN55	6.6771057347671	0.385393942672541	1115	5.92092664840156	7.43328482113264
78	WGN55	7.05000000000009	0.27245364360432	1115	6.51542038032835	7.58457961967182
80	WGN55	7.50000000000008	0.272453643604321	1115	6.96542038032835	8.03457961967182
81	WGN55	7.15000000000008	0.272453643604322	1115	6.61542038032835	7.68457961967182
82	WGN55	7.10000000000007	0.272453643604323	1115	6.56542038032832	7.63457961967181
83	WGN55	7.70000000000007	0.272453643604322	1115	7.16542038032834	8.23457961967181
84	WGN55	7.65000000000008	0.272453643604322	1115	7.11542038032834	8.18457961967181
85	WGN55	8.45000000000008	0.272453643604322	1115	7.91542038032834	8.98457961967182
86	WGN55	7.40000000000008	0.272453643604321	1115	6.86542038032834	7.93457961967181
87	WGN55	7.65000000000008	0.272453643604321	1115	7.11542038032834	8.18457961967181
88	WGN55	7.75000000000008	0.272453643604321	1115	7.21542038032834	8.28457961967181
89	WGN55	7.30000000000007	0.272453643604323	1115	6.76542038032833	7.83457961967181
90	WGN55	6.75000000000009	0.272453643604322	1115	6.21542038032835	7.28457961967182
91	WGN55	8.35000000000007	0.272453643604322	1115	7.81542038032834	8.88457961967181
92	WGN55	6.85000000000008	0.272453643604321	1115	6.31542038032834	7.38457961967181
93	WGN55	8.55000000000008	0.272453643604322	1115	8.01542038032834	9.08457961967182
94	WGN55	7.35000000000006	0.272453643604322	1115	6.81542038032832	7.8845796196718
95	WGN55	8.20000000000008	0.272453643604322	1115	7.66542038032834	8.73457961967182
96	WGN55	7.75000000000007	0.272453643604322	1115	7.21542038032833	8.28457961967181
97	WGN55	7.10000000000007	0.272453643604322	1115	6.56542038032834	7.63457961967181
98	WGN55	7.40000000000007	0.272453643604322	1115	6.86542038032833	7.9345796196718
99	WGN55	7.30000000000008	0.272453643604321	1115	6.76542038032834	7.83457961967181
100	WGN55	8.05000000000008	0.272453643604322	1115	7.51542038032834	8.58457961967182
101	WGN55	7.15000000000008	0.272453643604321	1115	6.61542038032834	7.68457961967182
102	WGN55	7.10000000000008	0.272453643604321	1115	6.56542038032834	7.63457961967182
103	WGN55	7.00000000000008	0.272453643604322	1115	6.46542038032834	7.53457961967181
104	WGN55	8.60000000000007	0.272453643604321	1115	8.06542038032834	9.13457961967181
105	WGN55	7.85000000000008	0.272453643604321	1115	7.31542038032834	8.38457961967181
106	WGN55	7.55000000000008	0.272453643604322	1115	7.01542038032834	8.08457961967181
107	WGN55	8.20000000000008	0.272453643604322	1115	7.66542038032834	8.73457961967181
108	WGN55	7.80000000000008	0.272453643604322	1115	7.26542038032834	8.33457961967181
109	WGN55	7.80000000000008	0.272453643604322	1115	7.26542038032834	8.33457961967181
110	WGN55	8.15000000000007	0.272453643604322	1115	7.61542038032834	8.68457961967181
111	WGN55	8.25000000000007	0.272453643604321	1115	7.71542038032834	8.78457961967181
112	WGN55	7.95000000000007	0.272453643604322	1115	7.41542038032834	8.48457961967181
113	WGN55	7.75000000000008	0.272453643604322	1115	7.21542038032834	8.28457961967181
114	WGN55	7.55000000000008	0.272453643604322	1115	7.01542038032834	8.08457961967181
115	WGN55	6.60000000000008	0.272453643604322	1115	6.06542038032834	7.13457961967181
116	WGN55	7.45000000000008	0.272453643604322	1115	6.91542038032834	7.98457961967181
117	WGN55	8.00000000000008	0.272453643604321	1115	7.46542038032834	8.53457961967181
118	WGN55	6.85000000000007	0.272453643604322	1115	6.31542038032834	7.38457961967181
119	WGN55	7.80000000000008	0.272453643604322	1115	7.26542038032834	8.33457961967182
120	WGN55	8.57710573476711	0.385393942672541	1115	7.82092664840157	9.33328482113265
121	WGN55	7.00000000000008	0.272453643604322	1115	6.46542038032834	7.53457961967181
122	WGN55	7.35000000000008	0.272453643604322	1115	6.81542038032834	7.88457961967181
123	WGN55	7.40000000000008	0.272453643604322	1115	6.86542038032834	7.93457961967181
124	WGN55	8.00000000000008	0.272453643604322	1115	7.46542038032834	8.53457961967181
125	WGN55	7.65000000000008	0.272453643604322	1115	7.11542038032834	8.18457961967182
126	WGN55	6.85000000000008	0.272453643604322	1115	6.31542038032834	7.38457961967181
128	WGN55	6.80000000000008	0.272453643604322	1115	6.26542038032834	7.33457961967181
129	WGN55	7.55000000000008	0.272453643604322	1115	7.01542038032834	8.08457961967181
130	WGN55	6.50000000000008	0.272453643604322	1115	5.96542038032834	7.03457961967181
1	WGN63	8.10000000000001	0.272453643604322	1115	7.56542038032827	8.63457961967175
2	WGN63	9.70000000000003	0.272453643604319	1115	9.1654203803283	10.2345796196718
3	WGN63	8.25000000000006	0.272453643604324	1115	7.71542038032832	8.7845796196718
4	WGN63	8.70000000000006	0.27245364360432	1115	8.16542038032832	9.23457961967179
5	WGN63	8.95000000000004	0.272453643604319	1115	8.41542038032831	9.48457961967177
6	WGN63	7.90000000000006	0.272453643604321	1115	7.36542038032832	8.43457961967179
7	WGN63	9.30000000000006	0.272453643604322	1115	8.76542038032832	9.83457961967179
8	WGN63	8.65000000000006	0.272453643604323	1115	8.11542038032832	9.1845796196718
9	WGN63	8.45000000000006	0.27245364360432	1115	7.91542038032832	8.98457961967179
10	WGN63	8.30000000000006	0.272453643604322	1115	7.76542038032833	8.8345796196718
12	WGN63	9.90000000000006	0.272453643604322	1115	9.36542038032833	10.4345796196718
13	WGN63	8.15000000000006	0.272453643604322	1115	7.61542038032832	8.6845796196718
14	WGN63	8.20000000000007	0.272453643604325	1115	7.66542038032832	8.73457961967181
16	WGN63	8.70000000000005	0.272453643604321	1115	8.16542038032832	9.23457961967179
17	WGN63	8.00000000000006	0.272453643604325	1115	7.46542038032832	8.5345796196718
18	WGN63	8.55000000000005	0.27245364360432	1115	8.01542038032831	9.08457961967178
19	WGN63	8.35000000000006	0.272453643604323	1115	7.81542038032832	8.8845796196718
20	WGN63	8.60000000000006	0.272453643604322	1115	8.06542038032832	9.1345796196718
21	WGN63	9.85000000000002	0.272453643604319	1115	9.31542038032829	10.3845796196718
22	WGN63	8.55000000000006	0.272453643604321	1115	8.01542038032832	9.08457961967179
23	WGN63	9.35000000000006	0.272453643604322	1115	8.81542038032833	9.8845796196718
24	WGN63	8.50000000000007	0.272453643604324	1115	7.96542038032833	9.03457961967181
25	WGN63	9.25000000000003	0.272453643604319	1115	8.7154203803283	9.78457961967177
26	WGN63	9.55000000000008	0.272453643604324	1115	9.01542038032834	10.0845796196718
27	WGN63	8.40000000000006	0.272453643604324	1115	7.86542038032832	8.93457961967181
28	WGN63	8.90000000000006	0.272453643604323	1115	8.36542038032832	9.4345796196718
29	WGN63	7.60000000000006	0.272453643604321	1115	7.06542038032833	8.1345796196718
30	WGN63	8.40000000000006	0.272453643604321	1115	7.86542038032832	8.93457961967179
31	WGN63	8.45000000000005	0.272453643604323	1115	7.91542038032832	8.98457961967179
32	WGN63	8.45000000000006	0.272453643604323	1115	7.91542038032832	8.9845796196718
33	WGN63	8.20000000000005	0.272453643604324	1115	7.66542038032831	8.73457961967179
34	WGN63	8.40000000000006	0.272453643604322	1115	7.86542038032832	8.93457961967179
35	WGN63	8.60000000000006	0.272453643604324	1115	8.06542038032832	9.13457961967181
36	WGN63	8.35000000000006	0.27245364360432	1115	7.81542038032832	8.88457961967179
37	WGN63	8.95000000000006	0.272453643604322	1115	8.41542038032833	9.4845796196718
38	WGN63	9.77710573476707	0.38539394267254	1115	9.02092664840153	10.5332848211326
39	WGN63	8.87710573476708	0.385393942672541	1115	8.12092664840154	9.63328482113262
40	WGN63	6.25000000000007	0.272453643604321	1115	5.71542038032833	6.7845796196718
41	WGN63	8.40000000000005	0.272453643604321	1115	7.86542038032832	8.93457961967179
42	WGN63	8.00000000000006	0.272453643604321	1115	7.46542038032833	8.5345796196718
43	WGN63	8.75000000000006	0.272453643604321	1115	8.21542038032832	9.28457961967179
44	WGN63	7.70000000000005	0.272453643604323	1115	7.16542038032831	8.23457961967179
45	WGN63	8.55000000000006	0.272453643604322	1115	8.01542038032832	9.0845796196718
46	WGN63	9.75000000000006	0.272453643604321	1115	9.21542038032832	10.2845796196718
47	WGN63	8.90000000000004	0.27245364360432	1115	8.36542038032831	9.43457961967177
48	WGN63	8.75000000000006	0.272453643604322	1115	8.21542038032832	9.2845796196718
49	WGN63	8.10000000000006	0.272453643604322	1115	7.56542038032832	8.6345796196718
50	WGN63	6.35000000000006	0.272453643604322	1115	5.81542038032832	6.88457961967179
51	WGN63	9.70000000000006	0.272453643604321	1115	9.16542038032832	10.2345796196718
52	WGN63	10.2500000000001	0.272453643604321	1115	9.71542038032835	10.7845796196718
53	WGN63	9.20000000000006	0.272453643604322	1115	8.66542038032833	9.7345796196718
54	WGN63	8.85000000000005	0.272453643604321	1115	8.31542038032832	9.38457961967179
55	WGN63	8.70000000000006	0.272453643604322	1115	8.16542038032832	9.23457961967179
56	WGN63	9.10000000000005	0.272453643604321	1115	8.56542038032832	9.63457961967179
57	WGN63	10.2500000000001	0.272453643604321	1115	9.71542038032831	10.7845796196718
58	WGN63	8.20000000000006	0.272453643604321	1115	7.66542038032833	8.7345796196718
59	WGN63	9.20000000000007	0.272453643604323	1115	8.66542038032833	9.73457961967181
60	WGN63	8.55000000000006	0.272453643604321	1115	8.01542038032833	9.0845796196718
61	WGN63	8.30000000000006	0.272453643604322	1115	7.76542038032832	8.83457961967179
62	WGN63	8.70000000000006	0.272453643604322	1115	8.16542038032832	9.2345796196718
63	WGN63	8.22289426523303	0.385393942672542	1115	7.46671517886749	8.97907335159857
64	WGN63	8.20000000000006	0.272453643604321	1115	7.66542038032832	8.73457961967179
65	WGN63	9.00000000000006	0.272453643604323	1115	8.46542038032832	9.5345796196718
66	WGN63	8.15000000000007	0.272453643604321	1115	7.61542038032833	8.6845796196718
67	WGN63	8.75000000000007	0.272453643604322	1115	8.21542038032833	9.2845796196718
68	WGN63	8.00000000000004	0.272453643604322	1115	7.4654203803283	8.53457961967178
69	WGN63	8.85000000000006	0.272453643604323	1115	8.31542038032832	9.3845796196718
70	WGN63	8.95000000000005	0.272453643604321	1115	8.41542038032832	9.48457961967179
72	WGN63	7.80000000000005	0.272453643604322	1115	7.26542038032831	8.33457961967179
73	WGN63	8.10000000000004	0.272453643604322	1115	7.5654203803283	8.63457961967177
74	WGN63	9.45000000000006	0.272453643604322	1115	8.91542038032832	9.9845796196718
75	WGN63	9.05000000000006	0.272453643604322	1115	8.51542038032832	9.58457961967179
76	WGN63	8.35000000000006	0.272453643604322	1115	7.81542038032832	8.8845796196718
77	WGN63	9.60000000000007	0.272453643604322	1115	9.06542038032833	10.1345796196718
78	WGN63	9.25000000000006	0.272453643604322	1115	8.71542038032833	9.7845796196718
79	WGN63	9.40000000000007	0.272453643604322	1115	8.86542038032833	9.9345796196718
80	WGN63	9.90000000000005	0.272453643604322	1115	9.36542038032832	10.4345796196718
81	WGN63	7.85000000000005	0.272453643604321	1115	7.31542038032832	8.38457961967179
82	WGN63	8.05000000000006	0.272453643604322	1115	7.51542038032832	8.5845796196718
83	WGN63	9.30000000000005	0.272453643604321	1115	8.76542038032832	9.83457961967179
84	WGN63	7.90000000000006	0.272453643604322	1115	7.36542038032832	8.43457961967179
85	WGN63	9.65000000000005	0.272453643604321	1115	9.11542038032831	10.1845796196718
86	WGN63	9.60000000000005	0.272453643604321	1115	9.06542038032832	10.1345796196718
87	WGN63	8.75000000000006	0.272453643604322	1115	8.21542038032833	9.2845796196718
88	WGN63	8.65000000000006	0.272453643604322	1115	8.11542038032832	9.1845796196718
89	WGN63	8.60000000000006	0.272453643604322	1115	8.06542038032832	9.1345796196718
90	WGN63	8.87710573476708	0.385393942672541	1115	8.12092664840155	9.63328482113262
91	WGN63	8.55000000000006	0.272453643604322	1115	8.01542038032832	9.0845796196718
92	WGN63	9.60000000000005	0.272453643604322	1115	9.06542038032832	10.1345796196718
93	WGN63	8.00000000000006	0.272453643604321	1115	7.46542038032833	8.5345796196718
94	WGN63	9.25000000000006	0.272453643604322	1115	8.71542038032833	9.7845796196718
95	WGN63	9.50000000000007	0.272453643604321	1115	8.96542038032833	10.0345796196718
96	WGN63	9.10000000000006	0.272453643604322	1115	8.56542038032832	9.6345796196718
97	WGN63	9.15000000000006	0.272453643604321	1115	8.61542038032832	9.68457961967179
98	WGN63	8.62289426523304	0.38539394267254	1115	7.8667151788675	9.37907335159857
99	WGN63	7.92289426523303	0.385393942672541	1115	7.16671517886749	8.67907335159857
100	WGN63	7.95000000000006	0.272453643604322	1115	7.41542038032832	8.4845796196718
101	WGN63	8.72289426523304	0.385393942672542	1115	7.96671517886749	9.47907335159858
102	WGN63	8.70000000000006	0.272453643604322	1115	8.16542038032832	9.23457961967179
103	WGN63	8.20000000000006	0.272453643604321	1115	7.66542038032833	8.7345796196718
105	WGN63	7.65000000000006	0.272453643604321	1115	7.11542038032832	8.18457961967179
106	WGN63	8.80000000000006	0.272453643604322	1115	8.26542038032832	9.33457961967179
107	WGN63	9.50000000000006	0.272453643604322	1115	8.96542038032832	10.0345796196718
109	WGN63	8.20000000000006	0.272453643604321	1115	7.66542038032832	8.7345796196718
110	WGN63	8.47710573476708	0.385393942672541	1115	7.72092664840154	9.23328482113262
111	WGN63	9.25000000000006	0.272453643604322	1115	8.71542038032832	9.7845796196718
112	WGN63	9.15000000000006	0.272453643604322	1115	8.61542038032832	9.68457961967179
114	WGN63	8.25000000000006	0.272453643604322	1115	7.71542038032832	8.7845796196718
115	WGN63	9.55000000000006	0.272453643604322	1115	9.01542038032833	10.0845796196718
116	WGN63	8.55000000000006	0.272453643604322	1115	8.01542038032832	9.0845796196718
117	WGN63	8.80000000000006	0.272453643604322	1115	8.26542038032832	9.3345796196718
118	WGN63	8.70000000000006	0.272453643604322	1115	8.16542038032832	9.23457961967179
119	WGN63	9.00000000000006	0.272453643604322	1115	8.46542038032832	9.5345796196718
121	WGN63	8.10000000000006	0.272453643604322	1115	7.56542038032832	8.6345796196718
122	WGN63	7.55000000000006	0.272453643604322	1115	7.01542038032832	8.08457961967179
123	WGN63	8.15000000000006	0.272453643604322	1115	7.61542038032832	8.68457961967179
124	WGN63	9.45000000000006	0.272453643604322	1115	8.91542038032832	9.98457961967179
126	WGN63	8.65000000000006	0.272453643604322	1115	8.11542038032832	9.18457961967179
127	WGN63	8.95000000000006	0.272453643604322	1115	8.41542038032832	9.48457961967179
128	WGN63	9.25000000000006	0.272453643604322	1115	8.71542038032832	9.78457961967179
129	WGN63	9.05000000000006	0.272453643604322	1115	8.51542038032832	9.58457961967179
130	WGN63	10.1500000000001	0.272453643604322	1115	9.61542038032832	10.6845796196718
