plantID3	famID	emmean	SE	df	lower.CL	upper.CL
1	WGN07	7.4500000000017	0.307664663540586	1107	6.84632831384194	8.05367168616146
2	WGN07	7.70415162455095	0.435201701950601	1107	6.85023833398074	8.55806491512116
3	WGN07	7.70000000000073	0.307664663540673	1107	7.0963283138408	8.30367168616066
4	WGN07	8.05000000000091	0.30766466354066	1107	7.446328313841	8.65367168616082
5	WGN07	8.75000000000023	0.307664663540644	1107	8.14632831384036	9.35367168616011
6	WGN07	6.30000000000009	0.307664663540654	1107	5.69632831384019	6.90367168615998
7	WGN07	7.60000000000005	0.307664663540652	1107	6.99632831384016	8.20367168615994
8	WGN07	8.35000000000011	0.30766466354064	1107	7.74632831384024	8.95367168615998
9	WGN07	8.80000000000013	0.307664663540644	1107	8.19632831384025	9.40367168616001
10	WGN07	6.95000000000011	0.307664663540642	1107	6.34632831384024	7.55367168615998
11	WGN07	7.75000000000011	0.307664663540634	1107	7.14632831384026	8.35367168615997
12	WGN07	7.50000000000009	0.307664663540641	1107	6.89632831384022	8.10367168615996
13	WGN07	7.70000000000011	0.307664663540638	1107	7.09632831384025	8.30367168615997
14	WGN07	8.10000000000013	0.307664663540647	1107	7.49632831384025	8.70367168616001
15	WGN07	8.25000000000009	0.307664663540639	1107	7.64632831384022	8.85367168615995
16	WGN07	8.05000000000012	0.307664663540637	1107	7.44632831384026	8.65367168615998
17	WGN07	8.10000000000013	0.307664663540647	1107	7.49632831384025	8.70367168616001
18	WGN07	9.05000000000015	0.307664663540647	1107	8.44632831384027	9.65367168616003
20	WGN07	6.90000000000008	0.307664663540642	1107	6.29632831384021	7.50367168615995
21	WGN07	8.4500000000001	0.307664663540644	1107	7.84632831384023	9.05367168615997
22	WGN07	7.35000000000015	0.307664663540644	1107	6.74632831384027	7.95367168616002
23	WGN07	7.85000000000011	0.307664663540649	1107	7.24632831384022	8.45367168615999
24	WGN07	8.3500000000001	0.30766466354064	1107	7.74632831384024	8.95367168615997
25	WGN07	7.3500000000001	0.307664663540653	1107	6.74632831384021	7.95367168616
26	WGN07	7.7000000000001	0.307664663540645	1107	7.09632831384022	8.30367168615998
27	WGN07	9.50000000000008	0.307664663540653	1107	8.89632831384019	10.10367168616
28	WGN07	7.85000000000008	0.307664663540639	1107	7.24632831384021	8.45367168615994
29	WGN07	7.40000000000013	0.307664663540637	1107	6.79632831384027	8.00367168615999
30	WGN07	7.70000000000009	0.30766466354064	1107	7.09632831384022	8.30367168615996
31	WGN07	7.6500000000001	0.307664663540642	1107	7.04632831384023	8.25367168615997
32	WGN07	7.90000000000011	0.30766466354065	1107	7.29632831384023	8.50367168616
33	WGN07	7.5500000000001	0.307664663540646	1107	6.94632831384022	8.15367168615998
34	WGN07	8.90000000000011	0.307664663540644	1107	8.29632831384023	9.50367168615998
35	WGN07	8.25000000000011	0.307664663540648	1107	7.64632831384023	8.85367168616
36	WGN07	7.3500000000001	0.307664663540646	1107	6.74632831384022	7.95367168615998
37	WGN07	7.10000000000007	0.307664663540642	1107	6.49632831384019	7.70367168615994
38	WGN07	8.10000000000012	0.307664663540647	1107	7.49632831384024	8.70367168616
39	WGN07	7.10000000000009	0.307664663540642	1107	6.49632831384022	7.70367168615996
40	WGN07	7.10000000000009	0.307664663540646	1107	6.49632831384021	7.70367168615997
41	WGN07	8.25000000000006	0.307664663540643	1107	7.64632831384018	8.85367168615993
42	WGN07	8.30000000000008	0.30766466354064	1107	7.69632831384021	8.90367168615994
44	WGN07	7.4500000000001	0.307664663540635	1107	6.84632831384025	8.05367168615996
46	WGN07	7.35000000000011	0.307664663540641	1107	6.74632831384024	7.95367168615997
47	WGN07	7.15000000000009	0.307664663540634	1107	6.54632831384024	7.75367168615995
48	WGN07	7.2500000000001	0.307664663540642	1107	6.64632831384023	7.85367168615998
49	WGN07	8.20000000000005	0.307664663540636	1107	7.59632831384019	8.80367168615991
50	WGN07	8.20000000000016	0.307664663540648	1107	7.59632831384027	8.80367168616004
51	WGN07	7.60415162454882	0.435201701950505	1107	6.7502383339788	8.45806491511884
52	WGN07	7.75000000000009	0.307664663540637	1107	7.14632831384023	8.35367168615995
53	WGN07	7.3500000000001	0.307664663540646	1107	6.74632831384022	7.95367168615998
54	WGN07	8.2958483754514	0.435201701950522	1107	7.44193508488135	9.14976166602145
55	WGN07	7.40000000000012	0.307664663540644	1107	6.79632831384024	8.00367168615999
56	WGN07	7.8500000000001	0.307664663540643	1107	7.24632831384023	8.45367168615997
57	WGN07	8.10000000000011	0.307664663540644	1107	7.49632831384023	8.70367168615998
58	WGN07	8.20000000000015	0.307664663540637	1107	7.59632831384029	8.80367168616001
59	WGN07	7.45000000000011	0.307664663540652	1107	6.84632831384022	8.05367168616
60	WGN07	7.85000000000011	0.307664663540647	1107	7.24632831384023	8.45367168615999
61	WGN07	8.40000000000014	0.307664663540648	1107	7.79632831384026	9.00367168616002
63	WGN07	7.00000000000008	0.307664663540651	1107	6.39632831384019	7.60367168615997
64	WGN07	7.85000000000006	0.307664663540644	1107	7.24632831384019	8.45367168615994
66	WGN07	7.55000000000009	0.307664663540638	1107	6.94632831384023	8.15367168615996
67	WGN07	7.75000000000008	0.307664663540641	1107	7.14632831384021	8.35367168615995
68	WGN07	6.95000000000009	0.307664663540643	1107	6.34632831384021	7.55367168615996
69	WGN07	8.65000000000006	0.30766466354064	1107	8.04632831384019	9.25367168615992
71	WGN07	8.80000000000008	0.307664663540642	1107	8.19632831384021	9.40367168615995
73	WGN07	7.30000000000009	0.307664663540641	1107	6.69632831384022	7.90367168615996
74	WGN07	8.4500000000001	0.307664663540649	1107	7.84632831384022	9.05367168615999
75	WGN07	8.10000000000011	0.307664663540644	1107	7.49632831384023	8.70367168615999
76	WGN07	7.15000000000011	0.307664663540641	1107	6.54632831384024	7.75367168615997
77	WGN07	7.90000000000009	0.307664663540643	1107	7.29632831384022	8.50367168615997
78	WGN07	8.60000000000009	0.307664663540636	1107	7.99632831384023	9.20367168615995
79	WGN07	8.25000000000011	0.307664663540647	1107	7.64632831384023	8.85367168615999
80	WGN07	8.50000000000009	0.307664663540641	1107	7.89632831384022	9.10367168615996
81	WGN07	7.0500000000001	0.307664663540639	1107	6.44632831384024	7.65367168615997
82	WGN07	8.10000000000009	0.307664663540644	1107	7.49632831384021	8.70367168615996
83	WGN07	7.70000000000011	0.307664663540644	1107	7.09632831384023	8.30367168615998
84	WGN07	8.40000000000009	0.307664663540638	1107	7.79632831384023	9.00367168615996
85	WGN07	8.0000000000001	0.30766466354064	1107	7.39632831384024	8.60367168615997
86	WGN07	8.25000000000008	0.307664663540634	1107	7.64632831384022	8.85367168615993
87	WGN07	7.8000000000001	0.307664663540642	1107	7.19632831384023	8.40367168615998
88	WGN07	7.4000000000001	0.307664663540646	1107	6.79632831384022	8.00367168615997
89	WGN07	8.2000000000001	0.307664663540644	1107	7.59632831384022	8.80367168615997
90	WGN07	8.20000000000009	0.307664663540645	1107	7.59632831384021	8.80367168615997
91	WGN07	8.95000000000007	0.307664663540639	1107	8.34632831384021	9.55367168615993
92	WGN07	8.05000000000011	0.307664663540651	1107	7.44632831384022	8.65367168616
93	WGN07	7.60000000000009	0.307664663540642	1107	6.99632831384022	8.20367168615996
94	WGN07	7.65000000000008	0.307664663540638	1107	7.04632831384021	8.25367168615994
95	WGN07	8.0000000000001	0.307664663540633	1107	7.39632831384025	8.60367168615995
96	WGN07	8.05000000000009	0.307664663540643	1107	7.44632831384022	8.65367168615997
97	WGN07	8.35000000000007	0.307664663540638	1107	7.74632831384021	8.95367168615993
98	WGN07	8.05000000000011	0.307664663540645	1107	7.44632831384023	8.65367168615999
99	WGN07	8.75000000000013	0.307664663540642	1107	8.14632831384026	9.35367168616
100	WGN07	7.55000000000012	0.307664663540646	1107	6.94632831384024	8.15367168616
101	WGN07	8.65000000000011	0.307664663540644	1107	8.04632831384023	9.25367168615998
102	WGN07	8.6000000000001	0.307664663540643	1107	7.99632831384022	9.20367168615997
103	WGN07	7.75000000000009	0.307664663540648	1107	7.14632831384021	8.35367168615998
104	WGN07	7.65000000000009	0.307664663540643	1107	7.04632831384022	8.25367168615996
105	WGN07	7.8000000000001	0.307664663540643	1107	7.19632831384022	8.40367168615997
106	WGN07	8.2500000000001	0.307664663540643	1107	7.64632831384023	8.85367168615997
107	WGN07	8.35000000000009	0.307664663540639	1107	7.74632831384022	8.95367168615995
108	WGN07	7.85000000000011	0.307664663540648	1107	7.24632831384022	8.45367168615999
109	WGN07	8.35000000000007	0.307664663540636	1107	7.74632831384022	8.95367168615993
110	WGN07	8.05000000000009	0.30766466354064	1107	7.44632831384022	8.65367168615995
111	WGN07	8.4000000000001	0.307664663540645	1107	7.79632831384022	9.00367168615998
112	WGN07	8.20000000000011	0.307664663540646	1107	7.59632831384023	8.80367168615999
113	WGN07	7.65000000000007	0.307664663540632	1107	7.04632831384022	8.25367168615992
114	WGN07	6.90000000000012	0.307664663540633	1107	6.29632831384026	7.50367168615997
115	WGN07	8.45000000000009	0.307664663540638	1107	7.84632831384023	9.05367168615996
116	WGN07	8.25000000000009	0.307664663540646	1107	7.64632831384021	8.85367168615997
117	WGN07	7.40000000000009	0.307664663540644	1107	6.79632831384022	8.00367168615997
118	WGN07	8.15000000000015	0.307664663540643	1107	7.54632831384027	8.75367168616002
119	WGN07	7.70000000000009	0.307664663540646	1107	7.09632831384021	8.30367168615997
120	WGN07	7.4500000000001	0.307664663540644	1107	6.84632831384023	8.05367168615998
121	WGN07	6.95000000000009	0.307664663540645	1107	6.34632831384021	7.55367168615996
122	WGN07	6.90415162454884	0.435201701950507	1107	6.05023833397881	7.75806491511886
123	WGN07	7.20000000000009	0.307664663540643	1107	6.59632831384022	7.80367168615996
124	WGN07	8.40000000000012	0.307664663540644	1107	7.79632831384025	9.00367168615999
125	WGN07	8.0000000000001	0.307664663540642	1107	7.39632831384023	8.60367168615998
126	WGN07	7.90000000000011	0.307664663540646	1107	7.29632831384023	8.50367168615999
127	WGN07	9.00000000000012	0.307664663540642	1107	8.39632831384025	9.60367168615999
128	WGN07	7.35000000000012	0.307664663540635	1107	6.74632831384026	7.95367168615997
129	WGN07	8.3000000000001	0.307664663540643	1107	7.69632831384023	8.90367168615998
130	WGN07	7.90000000000009	0.307664663540636	1107	7.29632831384023	8.50367168615995
1	WGN15	9.34999999999995	0.307664663540617	1107	8.74632831384013	9.95367168615977
2	WGN15	8.20000000000003	0.307664663540635	1107	7.59632831384018	8.80367168615989
3	WGN15	8.19999999999991	0.30766466354065	1107	7.59632831384002	8.8036716861598
4	WGN15	8.44999999999993	0.307664663540648	1107	7.84632831384004	9.05367168615981
5	WGN15	9.19999999999996	0.307664663540651	1107	8.59632831384007	9.80367168615985
7	WGN15	8.69999999999994	0.307664663540649	1107	8.09632831384006	9.30367168615983
8	WGN15	9.44999999999996	0.307664663540635	1107	8.84632831384011	10.0536716861598
9	WGN15	9.34999999999994	0.307664663540639	1107	8.74632831384008	9.95367168615981
10	WGN15	8.74999999999997	0.30766466354064	1107	8.1463283138401	9.35367168615983
11	WGN15	8.69999999999999	0.30766466354064	1107	8.09632831384012	9.30367168615985
12	WGN15	9.24999999999998	0.307664663540641	1107	8.64632831384011	9.85367168615985
13	WGN15	10.0999999999999	0.307664663540639	1107	9.49632831384007	10.7036716861598
14	WGN15	8.84999999999994	0.307664663540646	1107	8.24632831384007	9.45367168615982
15	WGN15	8.99999999999998	0.307664663540641	1107	8.39632831384011	9.60367168615985
16	WGN15	8.14999999999996	0.307664663540643	1107	7.54632831384009	8.75367168615984
17	WGN15	8.80415162454871	0.435201701950509	1107	7.95023833397869	9.65806491511874
18	WGN15	8.54999999999992	0.307664663540649	1107	7.94632831384004	9.15367168615981
19	WGN15	8.59999999999997	0.307664663540644	1107	7.9963283138401	9.20367168615985
20	WGN15	8.34999999999995	0.307664663540649	1107	7.74632831384006	8.95367168615983
21	WGN15	9.34999999999998	0.307664663540647	1107	8.7463283138401	9.95367168615986
22	WGN15	8.84999999999994	0.30766466354065	1107	8.24632831384005	9.45367168615983
23	WGN15	8.79999999999998	0.307664663540645	1107	8.1963283138401	9.40367168615986
24	WGN15	6.50415162454886	0.435201701950497	1107	5.65023833397886	7.35806491511886
25	WGN15	8.94999999999998	0.307664663540643	1107	8.34632831384011	9.55367168615985
26	WGN15	8.29999999999997	0.30766466354064	1107	7.69632831384011	8.90367168615984
27	WGN15	8.09999999999998	0.307664663540641	1107	7.49632831384011	8.70367168615985
28	WGN15	8.59999999999993	0.30766466354065	1107	7.99632831384005	9.20367168615982
29	WGN15	8.84999999999996	0.307664663540642	1107	8.24632831384009	9.45367168615983
30	WGN15	8.64999999999997	0.307664663540641	1107	8.0463283138401	9.25367168615984
31	WGN15	9.10415162454872	0.435201701950507	1107	8.25023833397869	9.95806491511874
32	WGN15	9.84999999999998	0.307664663540648	1107	9.2463283138401	10.4536716861599
33	WGN15	8.64999999999998	0.307664663540639	1107	8.04632831384011	9.25367168615984
34	WGN15	8.29999999999994	0.307664663540644	1107	7.69632831384006	8.90367168615982
35	WGN15	8.54999999999994	0.307664663540641	1107	7.94632831384007	9.15367168615981
36	WGN15	8.49999999999998	0.307664663540643	1107	7.89632831384011	9.10367168615986
37	WGN15	9.04999999999996	0.307664663540642	1107	8.44632831384009	9.65367168615983
38	WGN15	6.65	0.307664663540646	1107	6.04632831384012	7.25367168615987
39	WGN15	8.69999999999994	0.307664663540646	1107	8.09632831384006	9.30367168615982
40	WGN15	8.44999999999995	0.307664663540644	1107	7.84632831384007	9.05367168615983
41	WGN15	9.49999999999997	0.307664663540648	1107	8.89632831384009	10.1036716861599
43	WGN15	8.39999999999997	0.307664663540644	1107	7.79632831384009	9.00367168615984
44	WGN15	8.14999999999997	0.307664663540642	1107	7.5463283138401	8.75367168615985
45	WGN15	9.89999999999997	0.307664663540648	1107	9.29632831384009	10.5036716861599
46	WGN15	8.04999999999994	0.307664663540643	1107	7.44632831384006	8.65367168615981
47	WGN15	8.24999999999998	0.307664663540643	1107	7.6463283138401	8.85367168615985
48	WGN15	8.79999999999997	0.307664663540644	1107	8.1963283138401	9.40367168615985
50	WGN15	9.95	0.307664663540645	1107	9.34632831384013	10.5536716861599
51	WGN15	8.04999999999994	0.307664663540645	1107	7.44632831384006	8.65367168615982
52	WGN15	8.14999999999994	0.307664663540644	1107	7.54632831384006	8.75367168615981
53	WGN15	8.44999999999998	0.307664663540646	1107	7.8463283138401	9.05367168615986
54	WGN15	8.50415162454869	0.435201701950517	1107	7.65023833397865	9.35806491511873
55	WGN15	9.09999999999997	0.307664663540641	1107	8.4963283138401	9.70367168615984
56	WGN15	8.29999999999996	0.307664663540644	1107	7.69632831384009	8.90367168615984
57	WGN15	8.19999999999997	0.307664663540643	1107	7.5963283138401	8.80367168615984
58	WGN15	8.14999999999998	0.307664663540647	1107	7.54632831384009	8.75367168615986
59	WGN15	8.44999999999991	0.307664663540644	1107	7.84632831384004	9.05367168615979
60	WGN15	8.29999999999997	0.30766466354064	1107	7.69632831384011	8.90367168615984
61	WGN15	9.09999999999995	0.307664663540644	1107	8.49632831384008	9.70367168615983
62	WGN15	9.39999999999994	0.307664663540644	1107	8.79632831384006	10.0036716861598
63	WGN15	8.39999999999999	0.307664663540638	1107	7.79632831384013	9.00367168615985
64	WGN15	7.64999999999993	0.307664663540646	1107	7.04632831384006	8.25367168615981
65	WGN15	8.15	0.307664663540639	1107	7.54632831384013	8.75367168615986
66	WGN15	7.89999999999994	0.307664663540647	1107	7.29632831384006	8.50367168615982
67	WGN15	8.84999999999997	0.307664663540644	1107	8.24632831384009	9.45367168615984
69	WGN15	8.64999999999997	0.307664663540641	1107	8.0463283138401	9.25367168615984
70	WGN15	8.14999999999997	0.307664663540639	1107	7.54632831384011	8.75367168615984
71	WGN15	8.59999999999997	0.307664663540646	1107	7.99632831384009	9.20367168615985
72	WGN15	8.80415162454869	0.435201701950507	1107	7.95023833397867	9.65806491511871
73	WGN15	8.89999999999997	0.307664663540644	1107	8.29632831384009	9.50367168615984
74	WGN15	9.09999999999997	0.307664663540644	1107	8.4963283138401	9.70367168615985
75	WGN15	9.2041516245487	0.435201701950508	1107	8.35023833397867	10.0580649151187
77	WGN15	8.04999999999994	0.307664663540644	1107	7.44632831384007	8.65367168615981
78	WGN15	7.74999999999997	0.307664663540642	1107	7.1463283138401	8.35367168615985
79	WGN15	8.69999999999997	0.307664663540642	1107	8.0963283138401	9.30367168615984
80	WGN15	8.79999999999996	0.307664663540645	1107	8.19632831384009	9.40367168615984
81	WGN15	9.19999999999999	0.307664663540646	1107	8.59632831384011	9.80367168615987
82	WGN15	8.04999999999998	0.307664663540644	1107	7.44632831384011	8.65367168615985
83	WGN15	8.94999999999997	0.307664663540645	1107	8.34632831384009	9.55367168615984
84	WGN15	8.29999999999999	0.307664663540644	1107	7.69632831384012	8.90367168615986
85	WGN15	9.29999999999998	0.30766466354064	1107	8.69632831384011	9.90367168615984
86	WGN15	8.54999999999997	0.307664663540644	1107	7.94632831384009	9.15367168615984
87	WGN15	8.74999999999997	0.307664663540645	1107	8.14632831384009	9.35367168615984
88	WGN15	8.79999999999997	0.307664663540641	1107	8.1963283138401	9.40367168615984
89	WGN15	8.74999999999994	0.307664663540644	1107	8.14632831384007	9.35367168615982
90	WGN15	8.94999999999998	0.307664663540641	1107	8.34632831384011	9.55367168615985
91	WGN15	7.94999999999996	0.307664663540642	1107	7.34632831384009	8.55367168615984
92	WGN15	8.74999999999997	0.307664663540641	1107	8.1463283138401	9.35367168615984
93	WGN15	8.7	0.307664663540643	1107	8.09632831384012	9.30367168615987
94	WGN15	8.29999999999998	0.307664663540641	1107	7.69632831384011	8.90367168615984
95	WGN15	8.49999999999995	0.307664663540644	1107	7.89632831384008	9.10367168615983
96	WGN15	8.59999999999996	0.307664663540648	1107	7.99632831384008	9.20367168615984
97	WGN15	8.44999999999999	0.307664663540639	1107	7.84632831384012	9.05367168615985
98	WGN15	8.99999999999999	0.307664663540647	1107	8.39632831384011	9.60367168615987
99	WGN15	8.59999999999996	0.307664663540643	1107	7.99632831384009	9.20367168615984
100	WGN15	8.84999999999997	0.307664663540646	1107	8.24632831384009	9.45367168615985
101	WGN15	9.04999999999997	0.307664663540644	1107	8.4463283138401	9.65367168615985
102	WGN15	8.29999999999997	0.307664663540646	1107	7.69632831384009	8.90367168615984
103	WGN15	8.44999999999995	0.307664663540647	1107	7.84632831384007	9.05367168615983
104	WGN15	8.84999999999996	0.307664663540643	1107	8.24632831384008	9.45367168615983
106	WGN15	7.44999999999995	0.307664663540645	1107	6.84632831384008	8.05367168615983
107	WGN15	9.59999999999996	0.307664663540641	1107	8.9963283138401	10.2036716861598
108	WGN15	10.2	0.307664663540643	1107	9.5963283138401	10.8036716861599
109	WGN15	8.99999999999996	0.307664663540644	1107	8.39632831384009	9.60367168615984
110	WGN15	8.19999999999997	0.307664663540642	1107	7.59632831384009	8.80367168615984
111	WGN15	9.94999999999996	0.307664663540641	1107	9.34632831384009	10.5536716861598
112	WGN15	8.94999999999997	0.307664663540647	1107	8.34632831384009	9.55367168615985
113	WGN15	9.19999999999996	0.307664663540642	1107	8.59632831384009	9.80367168615983
114	WGN15	10.4	0.307664663540645	1107	9.79632831384009	11.0036716861598
115	WGN15	7.59999999999996	0.307664663540643	1107	6.99632831384009	8.20367168615983
116	WGN15	8.39999999999996	0.30766466354064	1107	7.79632831384009	9.00367168615983
117	WGN15	8.09999999999994	0.307664663540646	1107	7.49632831384006	8.70367168615982
118	WGN15	8.39999999999997	0.307664663540643	1107	7.7963283138401	9.00367168615984
119	WGN15	9.09999999999996	0.307664663540643	1107	8.49632831384009	9.70367168615983
120	WGN15	9.59999999999996	0.307664663540644	1107	8.99632831384009	10.2036716861598
121	WGN15	8.74999999999999	0.307664663540637	1107	8.14632831384013	9.35367168615985
122	WGN15	8.69999999999998	0.307664663540643	1107	8.09632831384011	9.30367168615986
123	WGN15	8.69999999999996	0.307664663540642	1107	8.09632831384009	9.30367168615983
124	WGN15	8.04999999999997	0.307664663540642	1107	7.4463283138401	8.65367168615984
125	WGN15	7.99999999999998	0.30766466354064	1107	7.39632831384012	8.60367168615985
126	WGN15	8.69999999999997	0.307664663540642	1107	8.0963283138401	9.30367168615984
127	WGN15	8.94999999999997	0.307664663540643	1107	8.3463283138401	9.55367168615985
128	WGN15	8.69999999999997	0.307664663540649	1107	8.09632831384008	9.30367168615985
129	WGN15	8.24999999999996	0.307664663540644	1107	7.64632831384008	8.85367168615983
130	WGN15	8.69999999999993	0.307664663540648	1107	8.09632831384005	9.30367168615981
3	WGN26	8.44999999999994	0.307664663540638	1107	7.84632831384008	9.05367168615981
4	WGN26	10.1499999999999	0.307664663540639	1107	9.54632831384004	10.7536716861598
5	WGN26	8.79999999999995	0.307664663540636	1107	8.19632831384009	9.40367168615981
6	WGN26	8.69999999999993	0.307664663540632	1107	8.09632831384008	9.30367168615978
7	WGN26	9.44999999999992	0.30766466354064	1107	8.84632831384005	10.0536716861598
9	WGN26	7.84999999999991	0.307664663540644	1107	7.24632831384004	8.45367168615979
10	WGN26	10.0499999999999	0.307664663540645	1107	9.44632831384003	10.6536716861598
11	WGN26	9.70415162454863	0.435201701950501	1107	8.85023833397862	10.5580649151186
12	WGN26	10.2	0.307664663540654	1107	9.59632831384008	10.8036716861599
13	WGN26	9.6499999999999	0.307664663540639	1107	9.04632831384003	10.2536716861598
14	WGN26	9.69999999999988	0.307664663540638	1107	9.09632831384002	10.3036716861597
15	WGN26	8.14999999999987	0.307664663540648	1107	7.54632831383998	8.75367168615975
17	WGN26	9.74999999999992	0.307664663540645	1107	9.14632831384005	10.3536716861598
18	WGN26	9.60415162454867	0.435201701950508	1107	8.75023833397865	10.4580649151187
19	WGN26	8.89584837545114	0.43520170195052	1107	8.04193508488109	9.74976166602119
20	WGN26	10.3041516245486	0.435201701950498	1107	9.4502383339786	11.1580649151186
21	WGN26	8.99999999999993	0.307664663540641	1107	8.39632831384006	9.60367168615979
22	WGN26	8.84999999999989	0.307664663540646	1107	8.24632831384001	9.45367168615976
23	WGN26	9.39999999999991	0.307664663540646	1107	8.79632831384004	10.0036716861598
25	WGN26	8.74999999999989	0.307664663540643	1107	8.14632831384002	9.35367168615976
26	WGN26	10.1499999999999	0.307664663540648	1107	9.54632831384005	10.7536716861598
27	WGN26	10.0499999999999	0.307664663540637	1107	9.44632831384003	10.6536716861598
28	WGN26	10.4499999999999	0.307664663540643	1107	9.84632831384003	11.0536716861598
29	WGN26	9.09999999999991	0.307664663540641	1107	8.49632831384004	9.70367168615978
30	WGN26	9.14999999999992	0.307664663540641	1107	8.54632831384005	9.75367168615979
31	WGN26	9.19999999999992	0.307664663540646	1107	8.59632831384004	9.8036716861598
32	WGN26	8.84999999999991	0.307664663540643	1107	8.24632831384003	9.45367168615978
33	WGN26	9.90415162454866	0.435201701950515	1107	9.05023833397862	10.7580649151187
34	WGN26	9.7499999999999	0.307664663540641	1107	9.14632831384003	10.3536716861598
35	WGN26	9.69999999999991	0.307664663540643	1107	9.09632831384003	10.3036716861598
36	WGN26	10.2999999999999	0.307664663540639	1107	9.69632831384002	10.9036716861598
38	WGN26	9.54999999999991	0.307664663540643	1107	8.94632831384004	10.1536716861598
39	WGN26	9.84999999999992	0.307664663540642	1107	9.24632831384005	10.4536716861598
40	WGN26	9.7499999999999	0.30766466354064	1107	9.14632831384004	10.3536716861598
41	WGN26	9.49584837545118	0.435201701950507	1107	8.64193508488115	10.3497616660212
42	WGN26	10.3999999999999	0.307664663540642	1107	9.79632831384003	11.0036716861598
43	WGN26	8.14999999999995	0.30766466354064	1107	7.54632831384008	8.75367168615982
44	WGN26	10.6999999999999	0.307664663540645	1107	10.0963283138401	11.3036716861598
45	WGN26	10.2499999999999	0.307664663540641	1107	9.64632831384001	10.8536716861598
46	WGN26	10.2499999999999	0.307664663540639	1107	9.64632831384002	10.8536716861598
47	WGN26	8.49999999999993	0.307664663540641	1107	7.89632831384006	9.1036716861598
48	WGN26	10.3999999999999	0.307664663540642	1107	9.79632831384003	11.0036716861598
49	WGN26	9.44999999999991	0.307664663540637	1107	8.84632831384005	10.0536716861598
50	WGN26	10.1999999999999	0.307664663540642	1107	9.59632831384003	10.8036716861598
51	WGN26	8.64999999999991	0.307664663540645	1107	8.04632831384003	9.25367168615978
52	WGN26	8.7999999999999	0.307664663540646	1107	8.19632831384002	9.40367168615978
53	WGN26	9.09999999999991	0.307664663540642	1107	8.49632831384004	9.70367168615978
54	WGN26	8.79999999999992	0.307664663540642	1107	8.19632831384005	9.40367168615979
55	WGN26	8.79584837545117	0.435201701950507	1107	7.94193508488115	9.6497616660212
56	WGN26	9.44999999999991	0.307664663540643	1107	8.84632831384004	10.0536716861598
57	WGN26	8.6999999999999	0.307664663540647	1107	8.09632831384002	9.30367168615978
58	WGN26	10.0499999999999	0.307664663540643	1107	9.44632831384004	10.6536716861598
59	WGN26	9.79584837545117	0.435201701950502	1107	8.94193508488116	10.6497616660212
60	WGN26	8.44999999999993	0.30766466354064	1107	7.84632831384006	9.0536716861598
61	WGN26	9.2999999999999	0.307664663540645	1107	8.69632831384003	9.90367168615978
62	WGN26	9.39999999999992	0.307664663540642	1107	8.79632831384005	10.0036716861598
64	WGN26	8.5499999999999	0.307664663540646	1107	7.94632831384002	9.15367168615978
65	WGN26	10.1999999999999	0.307664663540644	1107	9.59632831384003	10.8036716861598
66	WGN26	9.49999999999993	0.307664663540642	1107	8.89632831384006	10.1036716861598
67	WGN26	9.09999999999991	0.307664663540642	1107	8.49632831384004	9.70367168615978
68	WGN26	9.69999999999992	0.307664663540644	1107	9.09632831384005	10.3036716861598
69	WGN26	8.4499999999999	0.307664663540642	1107	7.84632831384003	9.05367168615977
70	WGN26	9.19999999999991	0.307664663540645	1107	8.59632831384003	9.80367168615979
71	WGN26	9.79999999999994	0.307664663540643	1107	9.19632831384006	10.4036716861598
73	WGN26	9.84999999999993	0.307664663540645	1107	9.24632831384005	10.4536716861598
74	WGN26	9.54999999999991	0.307664663540643	1107	8.94632831384003	10.1536716861598
75	WGN26	10.5999999999999	0.307664663540648	1107	9.99632831384006	11.2036716861598
76	WGN26	8.94999999999991	0.307664663540643	1107	8.34632831384004	9.55367168615979
77	WGN26	8.99584837545118	0.435201701950504	1107	8.14193508488117	9.8497616660212
78	WGN26	9.59999999999993	0.307664663540645	1107	8.99632831384005	10.2036716861598
79	WGN26	9.60415162454865	0.43520170195051	1107	8.75023833397863	10.4580649151187
80	WGN26	8.84999999999991	0.307664663540644	1107	8.24632831384003	9.45367168615978
81	WGN26	8.54999999999992	0.307664663540643	1107	7.94632831384005	9.15367168615979
82	WGN26	8.74999999999991	0.307664663540646	1107	8.14632831384003	9.35367168615979
83	WGN26	9.19999999999991	0.307664663540643	1107	8.59632831384004	9.80367168615978
85	WGN26	9.59584837545119	0.435201701950508	1107	8.74193508488117	10.4497616660212
86	WGN26	8.29584837545116	0.435201701950515	1107	7.44193508488113	9.1497616660212
87	WGN26	9.04999999999992	0.307664663540644	1107	8.44632831384004	9.65367168615979
88	WGN26	8.44999999999991	0.307664663540642	1107	7.84632831384004	9.05367168615978
89	WGN26	9.99999999999992	0.307664663540646	1107	9.39632831384004	10.6036716861598
90	WGN26	8.69999999999991	0.307664663540641	1107	8.09632831384004	9.30367168615978
91	WGN26	8.7499999999999	0.30766466354064	1107	8.14632831384004	9.35367168615977
92	WGN26	8.69999999999992	0.307664663540643	1107	8.09632831384005	9.30367168615979
93	WGN26	8.99999999999991	0.307664663540642	1107	8.39632831384004	9.60367168615979
94	WGN26	9.14999999999992	0.307664663540641	1107	8.54632831384005	9.75367168615978
95	WGN26	9.89999999999991	0.307664663540641	1107	9.29632831384004	10.5036716861598
96	WGN26	9.29999999999991	0.30766466354064	1107	8.69632831384004	9.90367168615978
97	WGN26	8.7999999999999	0.307664663540644	1107	8.19632831384002	9.40367168615978
98	WGN26	9.64999999999993	0.307664663540647	1107	9.04632831384005	10.2536716861598
99	WGN26	10.4999999999999	0.307664663540638	1107	9.89632831384004	11.1036716861598
101	WGN26	8.44999999999993	0.307664663540641	1107	7.84632831384006	9.0536716861598
102	WGN26	9.29999999999991	0.307664663540643	1107	8.69632831384004	9.90367168615978
103	WGN26	10.0499999999999	0.307664663540642	1107	9.44632831384004	10.6536716861598
104	WGN26	9.74999999999991	0.307664663540642	1107	9.14632831384004	10.3536716861598
105	WGN26	9.09999999999991	0.307664663540646	1107	8.49632831384003	9.70367168615979
106	WGN26	9.64999999999991	0.307664663540642	1107	9.04632831384004	10.2536716861598
108	WGN26	10.0499999999999	0.307664663540642	1107	9.44632831384004	10.6536716861598
109	WGN26	9.64999999999991	0.307664663540641	1107	9.04632831384004	10.2536716861598
111	WGN26	10.6999999999999	0.307664663540642	1107	10.09632831384	11.3036716861598
112	WGN26	8.89999999999992	0.307664663540643	1107	8.29632831384004	9.50367168615979
113	WGN26	7.5499999999999	0.307664663540644	1107	6.94632831384002	8.15367168615978
115	WGN26	9.39999999999991	0.307664663540645	1107	8.79632831384003	10.0036716861598
116	WGN26	7.6499999999999	0.307664663540646	1107	7.04632831384002	8.25367168615978
117	WGN26	8.89584837545117	0.43520170195051	1107	8.04193508488114	9.74976166602119
118	WGN26	8.84999999999991	0.307664663540644	1107	8.24632831384004	9.45367168615979
119	WGN26	8.94999999999992	0.307664663540642	1107	8.34632831384004	9.55367168615979
121	WGN26	7.94999999999991	0.307664663540645	1107	7.34632831384003	8.55367168615978
122	WGN26	10.3499999999999	0.307664663540642	1107	9.74632831384005	10.9536716861598
123	WGN26	8.59999999999991	0.307664663540643	1107	7.99632831384004	9.20367168615978
125	WGN26	9.19999999999991	0.307664663540644	1107	8.59632831384003	9.80367168615978
127	WGN26	8.89999999999992	0.307664663540645	1107	8.29632831384004	9.50367168615979
128	WGN26	10.4499999999999	0.307664663540642	1107	9.84632831384004	11.0536716861598
129	WGN26	8.50415162454867	0.43520170195051	1107	7.65023833397864	9.3580649151187
130	WGN26	9.44999999999991	0.307664663540632	1107	8.84632831384006	10.0536716861598
1	WGN36	8.90000000000007	0.307664663540657	1107	8.29632831384017	9.50367168615997
2	WGN36	8.00000000000005	0.307664663540642	1107	7.39632831384017	8.60367168615992
4	WGN36	8.65000000000005	0.307664663540642	1107	8.04632831384018	9.25367168615992
5	WGN36	8.85000000000004	0.307664663540648	1107	8.24632831384016	9.45367168615992
6	WGN36	10.1000000000001	0.307664663540644	1107	9.4963283138402	10.70367168616
7	WGN36	9.55000000000003	0.30766466354064	1107	8.94632831384017	10.1536716861599
8	WGN36	9.05000000000005	0.307664663540641	1107	8.44632831384018	9.65367168615992
9	WGN36	8.70415162454876	0.435201701950508	1107	7.85023833397874	9.55806491511879
10	WGN36	8.80000000000005	0.307664663540643	1107	8.19632831384018	9.40367168615992
11	WGN36	8.55000000000004	0.307664663540644	1107	7.94632831384016	9.15367168615991
12	WGN36	9.00415162454879	0.435201701950506	1107	8.15023833397877	9.85806491511881
13	WGN36	8.95000000000005	0.307664663540638	1107	8.34632831384018	9.55367168615991
14	WGN36	8.80000000000005	0.307664663540644	1107	8.19632831384018	9.40367168615993
15	WGN36	9.35000000000005	0.307664663540646	1107	8.74632831384017	9.95367168615993
16	WGN36	8.60000000000004	0.307664663540646	1107	7.99632831384017	9.20367168615992
17	WGN36	8.60000000000006	0.307664663540643	1107	7.99632831384019	9.20367168615993
18	WGN36	8.85000000000003	0.307664663540648	1107	8.24632831384015	9.45367168615991
19	WGN36	8.25000000000004	0.307664663540647	1107	7.64632831384016	8.85367168615992
20	WGN36	9.00000000000006	0.30766466354064	1107	8.39632831384019	9.60367168615992
21	WGN36	8.90000000000005	0.307664663540637	1107	8.29632831384019	9.50367168615991
22	WGN36	9.25000000000004	0.30766466354064	1107	8.64632831384017	9.85367168615991
23	WGN36	8.95000000000004	0.307664663540644	1107	8.34632831384017	9.55367168615992
24	WGN36	8.00000000000005	0.307664663540643	1107	7.39632831384018	8.60367168615992
26	WGN36	9.25000000000007	0.307664663540649	1107	8.64632831384018	9.85367168615995
27	WGN36	8.70000000000005	0.307664663540644	1107	8.09632831384018	9.30367168615993
28	WGN36	8.90000000000005	0.307664663540646	1107	8.29632831384017	9.50367168615993
30	WGN36	9.35000000000005	0.307664663540643	1107	8.74632831384018	9.95367168615992
31	WGN36	9.80000000000007	0.307664663540645	1107	9.19632831384019	10.4036716861599
32	WGN36	8.05000000000009	0.307664663540636	1107	7.44632831384023	8.65367168615995
33	WGN36	8.50000000000007	0.307664663540637	1107	7.8963283138402	9.10367168615993
34	WGN36	8.55000000000008	0.307664663540642	1107	7.94632831384021	9.15367168615995
35	WGN36	8.80000000000005	0.307664663540646	1107	8.19632831384018	9.40367168615993
36	WGN36	8.70000000000005	0.307664663540645	1107	8.09632831384018	9.30367168615993
37	WGN36	9.5041516245488	0.435201701950506	1107	8.65023833397878	10.3580649151188
38	WGN36	7.60415162454874	0.435201701950516	1107	6.7502383339787	8.45806491511878
39	WGN36	8.50000000000006	0.307664663540642	1107	7.89632831384019	9.10367168615993
40	WGN36	8.65000000000005	0.307664663540645	1107	8.04632831384017	9.25367168615992
41	WGN36	8.75000000000005	0.307664663540644	1107	8.14632831384017	9.35367168615993
42	WGN36	9.00000000000005	0.307664663540641	1107	8.39632831384018	9.60367168615992
43	WGN36	8.65000000000006	0.307664663540643	1107	8.04632831384018	9.25367168615993
44	WGN36	8.55000000000005	0.307664663540645	1107	7.94632831384017	9.15367168615992
45	WGN36	9.30000000000006	0.307664663540645	1107	8.69632831384018	9.90367168615994
46	WGN36	9.05000000000006	0.307664663540645	1107	8.44632831384018	9.65367168615993
47	WGN36	8.30000000000006	0.307664663540642	1107	7.69632831384019	8.90367168615993
48	WGN36	9.10000000000005	0.307664663540641	1107	8.49632831384018	9.70367168615992
49	WGN36	9.25000000000006	0.307664663540643	1107	8.64632831384018	9.85367168615993
51	WGN36	7.95000000000006	0.307664663540642	1107	7.34632831384019	8.55367168615993
52	WGN36	8.95000000000005	0.307664663540641	1107	8.34632831384018	9.55367168615992
53	WGN36	8.50000000000005	0.307664663540644	1107	7.89632831384017	9.10367168615992
54	WGN36	8.65000000000005	0.307664663540641	1107	8.04632831384018	9.25367168615992
55	WGN36	8.40000000000004	0.307664663540645	1107	7.79632831384017	9.00367168615992
56	WGN36	8.80000000000005	0.307664663540643	1107	8.19632831384018	9.40367168615992
57	WGN36	8.50000000000005	0.307664663540643	1107	7.89632831384018	9.10367168615992
58	WGN36	7.85000000000005	0.307664663540643	1107	7.24632831384017	8.45367168615992
59	WGN36	9.10000000000005	0.307664663540642	1107	8.49632831384018	9.70367168615992
60	WGN36	7.60000000000006	0.307664663540642	1107	6.99632831384019	8.20367168615993
62	WGN36	8.75000000000005	0.307664663540643	1107	8.14632831384018	9.35367168615992
64	WGN36	8.50000000000006	0.307664663540641	1107	7.89632831384019	9.10367168615992
65	WGN36	8.85000000000005	0.307664663540644	1107	8.24632831384018	9.45367168615993
66	WGN36	10.25	0.307664663540641	1107	9.64632831384017	10.8536716861599
68	WGN36	9.50000000000005	0.307664663540644	1107	8.89632831384018	10.1036716861599
69	WGN36	9.10000000000005	0.307664663540644	1107	8.49632831384018	9.70367168615993
70	WGN36	8.05000000000004	0.307664663540644	1107	7.44632831384017	8.65367168615992
71	WGN36	8.80000000000005	0.307664663540642	1107	8.19632831384018	9.40367168615992
72	WGN36	10.7500000000001	0.307664663540643	1107	10.1463283138402	11.3536716861599
74	WGN36	9.75000000000006	0.307664663540642	1107	9.14632831384019	10.3536716861599
75	WGN36	9.05000000000005	0.307664663540643	1107	8.44632831384017	9.65367168615992
76	WGN36	8.00000000000006	0.307664663540643	1107	7.39632831384018	8.60367168615993
77	WGN36	8.60000000000004	0.307664663540645	1107	7.99632831384016	9.20367168615992
78	WGN36	9.25000000000005	0.307664663540645	1107	8.64632831384017	9.85367168615993
79	WGN36	9.65000000000005	0.307664663540643	1107	9.04632831384018	10.2536716861599
80	WGN36	8.50000000000004	0.307664663540643	1107	7.89632831384017	9.10367168615992
81	WGN36	9.05000000000005	0.307664663540647	1107	8.44632831384017	9.65367168615993
82	WGN36	8.90000000000006	0.307664663540644	1107	8.29632831384018	9.50367168615993
83	WGN36	8.75000000000004	0.307664663540644	1107	8.14632831384017	9.35367168615992
84	WGN36	8.20000000000004	0.307664663540645	1107	7.59632831384016	8.80367168615992
85	WGN36	8.55000000000004	0.307664663540643	1107	7.94632831384017	9.15367168615992
86	WGN36	9.30000000000005	0.307664663540642	1107	8.69632831384018	9.90367168615992
87	WGN36	8.20000000000005	0.307664663540643	1107	7.59632831384018	8.80367168615992
88	WGN36	9.00000000000005	0.307664663540644	1107	8.39632831384017	9.60367168615992
89	WGN36	7.95000000000004	0.307664663540645	1107	7.34632831384016	8.55367168615992
90	WGN36	7.05000000000005	0.307664663540643	1107	6.44632831384018	7.65367168615992
92	WGN36	8.10000000000003	0.307664663540647	1107	7.49632831384015	8.70367168615991
93	WGN36	10.5500000000001	0.307664663540644	1107	9.94632831384019	11.1536716861599
94	WGN36	9.30000000000006	0.307664663540645	1107	8.69632831384019	9.90367168615994
95	WGN36	8.50000000000006	0.307664663540643	1107	7.89632831384019	9.10367168615993
96	WGN36	9.95000000000004	0.307664663540642	1107	9.34632831384017	10.5536716861599
97	WGN36	8.60000000000006	0.307664663540643	1107	7.99632831384018	9.20367168615993
98	WGN36	7.80000000000006	0.307664663540641	1107	7.19632831384019	8.40367168615993
99	WGN36	7.40000000000005	0.307664663540644	1107	6.79632831384018	8.00367168615993
100	WGN36	8.20000000000005	0.307664663540643	1107	7.59632831384018	8.80367168615992
102	WGN36	10.15	0.307664663540643	1107	9.54632831384017	10.7536716861599
104	WGN36	8.80000000000005	0.307664663540643	1107	8.19632831384017	9.40367168615992
105	WGN36	8.05000000000005	0.307664663540642	1107	7.44632831384018	8.65367168615992
106	WGN36	9.70000000000006	0.307664663540645	1107	9.09632831384018	10.3036716861599
107	WGN36	8.45000000000005	0.307664663540642	1107	7.84632831384018	9.05367168615992
108	WGN36	8.85000000000005	0.307664663540643	1107	8.24632831384018	9.45367168615992
109	WGN36	9.15000000000005	0.307664663540643	1107	8.54632831384018	9.75367168615993
110	WGN36	8.10000000000005	0.307664663540644	1107	7.49632831384017	8.70367168615992
112	WGN36	8.00000000000005	0.307664663540644	1107	7.39632831384017	8.60367168615992
114	WGN36	8.85000000000004	0.307664663540643	1107	8.24632831384017	9.45367168615991
116	WGN36	9.25000000000005	0.307664663540642	1107	8.64632831384018	9.85367168615992
117	WGN36	8.45000000000005	0.307664663540643	1107	7.84632831384018	9.05367168615992
118	WGN36	8.60000000000004	0.307664663540643	1107	7.99632831384017	9.20367168615992
119	WGN36	10.15	0.307664663540642	1107	9.54632831384017	10.7536716861599
120	WGN36	8.40000000000004	0.307664663540643	1107	7.79632831384017	9.00367168615992
121	WGN36	8.05000000000005	0.307664663540644	1107	7.44632831384017	8.65367168615992
122	WGN36	9.85000000000005	0.307664663540642	1107	9.24632831384018	10.4536716861599
123	WGN36	8.70000000000004	0.307664663540645	1107	8.09632831384016	9.30367168615992
124	WGN36	7.85000000000005	0.307664663540641	1107	7.24632831384018	8.45367168615992
125	WGN36	9.15000000000006	0.307664663540642	1107	8.54632831384019	9.75367168615993
126	WGN36	8.50000000000005	0.307664663540643	1107	7.89632831384018	9.10367168615992
127	WGN36	8.90000000000005	0.307664663540643	1107	8.29632831384018	9.50367168615992
128	WGN36	8.40000000000005	0.307664663540642	1107	7.79632831384018	9.00367168615992
129	WGN36	9.45000000000005	0.307664663540643	1107	8.84632831384018	10.0536716861599
130	WGN36	9.05000000000005	0.307664663540642	1107	8.44632831384018	9.65367168615992
1	WGN38	9.40000000000001	0.307664663540635	1107	8.79632831384015	10.0036716861599
2	WGN38	7.04999999999998	0.307664663540644	1107	6.44632831384011	7.65367168615986
3	WGN38	8.70000000000001	0.307664663540642	1107	8.09632831384014	9.30367168615988
4	WGN38	7.95000000000003	0.307664663540639	1107	7.34632831384017	8.5536716861599
5	WGN38	8.19999999999999	0.307664663540642	1107	7.59632831384012	8.80367168615986
6	WGN38	8.40415162454875	0.435201701950505	1107	7.55023833397873	9.25806491511877
7	WGN38	9.00000000000001	0.307664663540646	1107	8.39632831384013	9.60367168615988
8	WGN38	7.95000000000005	0.307664663540638	1107	7.34632831384018	8.55367168615991
10	WGN38	8.59999999999996	0.307664663540643	1107	7.99632831384009	9.20367168615983
11	WGN38	9.20000000000002	0.307664663540644	1107	8.59632831384014	9.80367168615989
12	WGN38	7.80415162454876	0.435201701950502	1107	6.95023833397875	8.65806491511877
13	WGN38	8.9	0.307664663540643	1107	8.29632831384012	9.50367168615987
14	WGN38	8.54999999999998	0.307664663540646	1107	7.9463283138401	9.15367168615986
16	WGN38	8.7	0.307664663540641	1107	8.09632831384013	9.30367168615987
18	WGN38	9.2	0.307664663540643	1107	8.59632831384013	9.80367168615987
19	WGN38	9	0.307664663540642	1107	8.39632831384013	9.60367168615987
20	WGN38	8.65000000000001	0.30766466354064	1107	8.04632831384015	9.25367168615988
21	WGN38	8.5	0.307664663540642	1107	7.89632831384013	9.10367168615987
22	WGN38	8.39999999999999	0.307664663540645	1107	7.79632831384011	9.00367168615986
23	WGN38	9.05	0.307664663540644	1107	8.44632831384012	9.65367168615987
24	WGN38	9	0.307664663540641	1107	8.39632831384013	9.60367168615987
26	WGN38	9.65	0.307664663540643	1107	9.04632831384013	10.2536716861599
27	WGN38	8.39999999999998	0.307664663540645	1107	7.79632831384011	9.00367168615986
28	WGN38	8.9	0.307664663540645	1107	8.29632831384012	9.50367168615987
29	WGN38	9.45	0.307664663540645	1107	8.84632831384013	10.0536716861599
30	WGN38	9.35	0.307664663540642	1107	8.74632831384013	9.95367168615987
32	WGN38	8.9	0.307664663540641	1107	8.29632831384013	9.50367168615987
33	WGN38	8.55	0.307664663540643	1107	7.94632831384013	9.15367168615987
34	WGN38	7.95000000000001	0.307664663540642	1107	7.34632831384014	8.55367168615988
35	WGN38	9.05	0.307664663540641	1107	8.44632831384014	9.65367168615987
36	WGN38	8.2	0.307664663540644	1107	7.59632831384012	8.80367168615987
37	WGN38	9.75	0.307664663540641	1107	9.14632831384013	10.3536716861599
38	WGN38	8.29999999999999	0.307664663540645	1107	7.69632831384012	8.90367168615987
39	WGN38	8.9	0.307664663540643	1107	8.29632831384013	9.50367168615987
40	WGN38	8.8	0.307664663540643	1107	8.19632831384013	9.40367168615987
41	WGN38	9	0.307664663540643	1107	8.39632831384013	9.60367168615987
42	WGN38	7.10000000000002	0.307664663540642	1107	6.49632831384015	7.70367168615989
45	WGN38	8.55000000000001	0.307664663540642	1107	7.94632831384014	9.15367168615988
46	WGN38	8.55	0.307664663540643	1107	7.94632831384013	9.15367168615987
47	WGN38	8.19999999999999	0.307664663540645	1107	7.59632831384011	8.80367168615986
48	WGN38	8.75	0.307664663540644	1107	8.14632831384012	9.35367168615987
49	WGN38	10.15	0.307664663540641	1107	9.54632831384012	10.7536716861599
50	WGN38	8.95	0.307664663540644	1107	8.34632831384012	9.55367168615987
51	WGN38	7.99999999999999	0.307664663540644	1107	7.39632831384012	8.60367168615987
52	WGN38	9.9	0.307664663540644	1107	9.29632831384013	10.5036716861599
53	WGN38	8.7	0.307664663540642	1107	8.09632831384013	9.30367168615987
54	WGN38	8.4	0.307664663540643	1107	7.79632831384013	9.00367168615987
55	WGN38	8.9	0.307664663540642	1107	8.29632831384013	9.50367168615987
56	WGN38	8.65	0.307664663540643	1107	8.04632831384012	9.25367168615987
59	WGN38	8.65	0.307664663540643	1107	8.04632831384013	9.25367168615987
61	WGN38	8.19999999999999	0.307664663540644	1107	7.59632831384012	8.80367168615987
63	WGN38	8.4	0.307664663540643	1107	7.79632831384013	9.00367168615987
64	WGN38	8.64999999999999	0.307664663540644	1107	8.04632831384012	9.25367168615987
65	WGN38	9.1	0.307664663540642	1107	8.49632831384013	9.70367168615987
66	WGN38	9.05	0.307664663540642	1107	8.44632831384013	9.65367168615987
67	WGN38	8.25	0.307664663540643	1107	7.64632831384013	8.85367168615987
68	WGN38	8.5	0.307664663540644	1107	7.89632831384012	9.10367168615987
69	WGN38	8.29999999999999	0.307664663540643	1107	7.69632831384012	8.90367168615987
70	WGN38	10.1	0.307664663540644	1107	9.49632831384013	10.7036716861599
72	WGN38	8.7	0.307664663540643	1107	8.09632831384013	9.30367168615987
73	WGN38	8.25000000000001	0.307664663540642	1107	7.64632831384013	8.85367168615988
74	WGN38	9.35	0.307664663540642	1107	8.74632831384013	9.95367168615987
76	WGN38	7.65000000000001	0.307664663540642	1107	7.04632831384014	8.25367168615988
77	WGN38	7.85	0.307664663540643	1107	7.24632831384012	8.45367168615987
78	WGN38	8.3	0.307664663540642	1107	7.69632831384013	8.90367168615987
80	WGN38	8.59999999999999	0.307664663540644	1107	7.99632831384012	9.20367168615987
81	WGN38	8.85	0.307664663540643	1107	8.24632831384013	9.45367168615987
82	WGN38	8.6	0.307664663540642	1107	7.99632831384013	9.20367168615987
83	WGN38	9.4	0.307664663540642	1107	8.79632831384012	10.0036716861599
84	WGN38	10	0.307664663540643	1107	9.39632831384012	10.6036716861599
85	WGN38	7.9	0.307664663540642	1107	7.29632831384013	8.50367168615988
86	WGN38	8.35	0.307664663540643	1107	7.74632831384012	8.95367168615987
87	WGN38	8.5	0.307664663540643	1107	7.89632831384013	9.10367168615987
88	WGN38	8.14999999999999	0.307664663540643	1107	7.54632831384012	8.75367168615987
89	WGN38	8.7	0.307664663540643	1107	8.09632831384013	9.30367168615987
90	WGN38	9.05	0.307664663540644	1107	8.44632831384012	9.65367168615987
91	WGN38	7.99999999999999	0.307664663540643	1107	7.39632831384012	8.60367168615987
92	WGN38	8.65	0.307664663540643	1107	8.04632831384012	9.25367168615987
93	WGN38	8.05	0.307664663540643	1107	7.44632831384012	8.65367168615987
94	WGN38	9.15	0.307664663540644	1107	8.54632831384012	9.75367168615987
95	WGN38	9.2	0.307664663540643	1107	8.59632831384012	9.80367168615987
96	WGN38	8.8	0.307664663540643	1107	8.19632831384012	9.40367168615987
97	WGN38	7.95	0.307664663540643	1107	7.34632831384013	8.55367168615987
98	WGN38	8.7	0.307664663540643	1107	8.09632831384012	9.30367168615987
99	WGN38	8.69999999999999	0.307664663540643	1107	8.09632831384012	9.30367168615987
100	WGN38	8.4	0.307664663540643	1107	7.79632831384012	9.00367168615987
101	WGN38	8.25	0.307664663540643	1107	7.64632831384013	8.85367168615987
102	WGN38	8.7	0.307664663540643	1107	8.09632831384012	9.30367168615987
103	WGN38	8.2	0.307664663540643	1107	7.59632831384012	8.80367168615987
104	WGN38	8.4	0.307664663540643	1107	7.79632831384012	9.00367168615987
106	WGN38	7.20415162454873	0.435201701950508	1107	6.35023833397871	8.05806491511876
107	WGN38	8.94999999999999	0.307664663540643	1107	8.34632831384012	9.55367168615987
108	WGN38	8.09584837545127	0.435201701950507	1107	7.24193508488124	8.94976166602129
109	WGN38	9.69584837545126	0.435201701950508	1107	8.84193508488124	10.5497616660213
110	WGN38	8.7	0.307664663540643	1107	8.09632831384013	9.30367168615987
111	WGN38	8.05	0.307664663540643	1107	7.44632831384013	8.65367168615987
112	WGN38	9.40415162454873	0.435201701950508	1107	8.5502383339787	10.2580649151188
113	WGN38	7.99999999999999	0.307664663540643	1107	7.39632831384012	8.60367168615987
114	WGN38	8.44999999999999	0.307664663540643	1107	7.84632831384012	9.05367168615986
115	WGN38	8.55	0.307664663540643	1107	7.94632831384012	9.15367168615987
1	WGN39	8.60000000000008	0.307664663540617	1107	7.99632831384026	9.2036716861599
2	WGN39	9.69999999999996	0.307664663540639	1107	9.09632831384009	10.3036716861598
3	WGN39	9.19999999999999	0.307664663540643	1107	8.59632831384012	9.80367168615987
4	WGN39	9.29999999999997	0.307664663540643	1107	8.69632831384009	9.90367168615984
5	WGN39	10.35	0.307664663540646	1107	9.74632831384014	10.9536716861599
6	WGN39	9.05	0.307664663540647	1107	8.44632831384012	9.65367168615988
7	WGN39	9.3	0.307664663540643	1107	8.69632831384012	9.90367168615987
8	WGN39	10.25	0.307664663540645	1107	9.64632831384015	10.8536716861599
9	WGN39	8.34999999999998	0.307664663540647	1107	7.7463283138401	8.95367168615986
10	WGN39	9.24999999999998	0.307664663540639	1107	8.64632831384012	9.85367168615985
11	WGN39	8.99999999999999	0.30766466354064	1107	8.39632831384012	9.60367168615986
12	WGN39	8.35	0.30766466354064	1107	7.74632831384013	8.95367168615987
13	WGN39	9.29999999999996	0.30766466354064	1107	8.6963283138401	9.90367168615983
14	WGN39	8.34999999999999	0.30766466354064	1107	7.74632831384012	8.95367168615985
15	WGN39	8.25000000000001	0.307664663540645	1107	7.64632831384014	8.85367168615989
16	WGN39	10.35	0.307664663540644	1107	9.74632831384013	10.9536716861599
17	WGN39	8.39999999999999	0.307664663540645	1107	7.79632831384011	9.00367168615986
18	WGN39	8.85	0.307664663540641	1107	8.24632831384013	9.45367168615987
19	WGN39	9.65000000000001	0.307664663540646	1107	9.04632831384013	10.2536716861599
20	WGN39	9.5	0.307664663540644	1107	8.89632831384013	10.1036716861599
21	WGN39	8.99999999999999	0.307664663540646	1107	8.39632831384011	9.60367168615987
22	WGN39	9.29999999999998	0.307664663540642	1107	8.69632831384011	9.90367168615985
24	WGN39	9.34999999999998	0.307664663540641	1107	8.74632831384011	9.95367168615985
25	WGN39	9.69999999999998	0.30766466354064	1107	9.09632831384011	10.3036716861598
26	WGN39	7.79999999999999	0.307664663540644	1107	7.19632831384012	8.40367168615987
27	WGN39	9.90000000000001	0.307664663540644	1107	9.29632831384014	10.5036716861599
28	WGN39	6.89999999999994	0.307664663540646	1107	6.29632831384006	7.50367168615982
29	WGN39	8.8	0.30766466354064	1107	8.19632831384013	9.40367168615986
30	WGN39	11.25	0.307664663540645	1107	10.6463283138401	11.8536716861599
31	WGN39	10.2	0.307664663540644	1107	9.59632831384014	10.8036716861599
32	WGN39	9.15	0.307664663540649	1107	8.54632831384012	9.75367168615989
34	WGN39	8.89999999999997	0.307664663540639	1107	8.29632831384011	9.50367168615984
35	WGN39	8.59999999999998	0.307664663540639	1107	7.99632831384011	9.20367168615984
36	WGN39	10.1	0.30766466354064	1107	9.49632831384009	10.7036716861598
37	WGN39	8.24999999999998	0.307664663540643	1107	7.6463283138401	8.85367168615985
38	WGN39	6.90415162454871	0.435201701950511	1107	6.05023833397868	7.75806491511874
39	WGN39	9.49999999999999	0.307664663540645	1107	8.89632831384012	10.1036716861599
40	WGN39	8.84999999999998	0.307664663540644	1107	8.24632831384011	9.45367168615986
41	WGN39	9.7	0.307664663540646	1107	9.09632831384012	10.3036716861599
42	WGN39	9.24999999999997	0.307664663540641	1107	8.6463283138401	9.85367168615984
43	WGN39	9.14999999999998	0.307664663540643	1107	8.54632831384011	9.75367168615985
44	WGN39	10.65	0.307664663540641	1107	10.0463283138401	11.2536716861598
45	WGN39	9.55	0.307664663540646	1107	8.94632831384012	10.1536716861599
46	WGN39	8.79999999999998	0.307664663540642	1107	8.19632831384011	9.40367168615986
47	WGN39	8.14999999999998	0.307664663540645	1107	7.54632831384011	8.75367168615986
48	WGN39	6.19999999999998	0.307664663540644	1107	5.5963283138401	6.80367168615985
49	WGN39	9.49999999999997	0.30766466354064	1107	8.8963283138401	10.1036716861598
50	WGN39	7.84999999999998	0.307664663540643	1107	7.24632831384011	8.45367168615985
51	WGN39	9.29999999999999	0.307664663540645	1107	8.69632831384012	9.90367168615987
52	WGN39	8.69999999999999	0.307664663540645	1107	8.09632831384011	9.30367168615986
53	WGN39	10.45	0.307664663540645	1107	9.84632831384013	11.0536716861599
54	WGN39	9.94999999999998	0.307664663540641	1107	9.34632831384011	10.5536716861599
55	WGN39	9.49999999999998	0.307664663540641	1107	8.89632831384011	10.1036716861598
56	WGN39	9.09999999999999	0.307664663540643	1107	8.49632831384011	9.70367168615986
57	WGN39	8.09999999999999	0.307664663540642	1107	7.49632831384012	8.70367168615986
58	WGN39	7.95	0.307664663540641	1107	7.34632831384013	8.55367168615987
59	WGN39	9.14999999999999	0.307664663540643	1107	8.54632831384011	9.75367168615986
60	WGN39	8.74999999999998	0.307664663540641	1107	8.14632831384012	9.35367168615985
61	WGN39	9.74999999999999	0.307664663540644	1107	9.14632831384012	10.3536716861599
62	WGN39	7.84999999999998	0.307664663540643	1107	7.24632831384011	8.45367168615986
63	WGN39	9.84999999999998	0.307664663540643	1107	9.24632831384011	10.4536716861599
64	WGN39	9.94999999999999	0.307664663540643	1107	9.34632831384011	10.5536716861599
65	WGN39	7.65	0.307664663540642	1107	7.04632831384013	8.25367168615987
66	WGN39	9.99999999999997	0.307664663540641	1107	9.3963283138401	10.6036716861598
67	WGN39	9.54999999999998	0.307664663540642	1107	8.94632831384011	10.1536716861599
68	WGN39	9.3	0.307664663540645	1107	8.69632831384012	9.90367168615987
69	WGN39	8.59999999999999	0.307664663540644	1107	7.99632831384011	9.20367168615986
70	WGN39	8.89999999999999	0.307664663540645	1107	8.29632831384012	9.50367168615987
71	WGN39	10.2	0.307664663540643	1107	9.59632831384012	10.8036716861599
72	WGN39	7.39999999999999	0.307664663540644	1107	6.79632831384011	8.00367168615986
73	WGN39	8.64999999999998	0.307664663540644	1107	8.04632831384011	9.25367168615986
74	WGN39	9.89999999999998	0.307664663540642	1107	9.29632831384011	10.5036716861599
75	WGN39	9.59999999999998	0.307664663540643	1107	8.99632831384011	10.2036716861599
76	WGN39	9.14999999999998	0.307664663540642	1107	8.54632831384011	9.75367168615985
77	WGN39	9.94999999999999	0.307664663540643	1107	9.34632831384011	10.5536716861599
78	WGN39	9.24999999999998	0.307664663540643	1107	8.64632831384011	9.85367168615986
79	WGN39	9.14999999999999	0.307664663540643	1107	8.54632831384012	9.75367168615986
80	WGN39	9.34999999999999	0.307664663540643	1107	8.74632831384012	9.95367168615986
81	WGN39	9.74999999999999	0.307664663540644	1107	9.14632831384012	10.3536716861599
82	WGN39	8.84999999999999	0.307664663540642	1107	8.24632831384011	9.45367168615986
83	WGN39	9.24999999999998	0.307664663540642	1107	8.64632831384011	9.85367168615985
84	WGN39	9.74999999999998	0.307664663540643	1107	9.14632831384011	10.3536716861599
85	WGN39	8.94999999999999	0.307664663540644	1107	8.34632831384011	9.55367168615986
86	WGN39	9.04999999999999	0.307664663540643	1107	8.44632831384011	9.65367168615986
87	WGN39	8.84999999999999	0.307664663540643	1107	8.24632831384011	9.45367168615986
88	WGN39	8.89999999999999	0.307664663540643	1107	8.29632831384011	9.50367168615986
89	WGN39	7.74999999999998	0.307664663540644	1107	7.1463283138401	8.35367168615986
90	WGN39	10.3	0.307664663540644	1107	9.69632831384012	10.9036716861599
91	WGN39	7.79999999999998	0.307664663540644	1107	7.19632831384011	8.40367168615986
92	WGN39	9.29584837545125	0.435201701950508	1107	8.44193508488123	10.1497616660213
93	WGN39	10.65	0.307664663540642	1107	10.0463283138401	11.2536716861599
94	WGN39	8.89999999999999	0.307664663540643	1107	8.29632831384011	9.50367168615986
95	WGN39	9.29999999999999	0.307664663540643	1107	8.69632831384012	9.90367168615986
96	WGN39	9.14999999999998	0.307664663540643	1107	8.54632831384011	9.75367168615985
97	WGN39	7.6	0.307664663540642	1107	6.99632831384013	8.20367168615987
98	WGN39	9.59999999999999	0.307664663540642	1107	8.99632831384012	10.2036716861599
99	WGN39	8.74999999999998	0.307664663540645	1107	8.14632831384011	9.35367168615986
100	WGN39	9.34999999999999	0.307664663540643	1107	8.74632831384011	9.95367168615986
101	WGN39	8.49999999999999	0.307664663540644	1107	7.89632831384011	9.10367168615987
102	WGN39	9.54999999999998	0.307664663540642	1107	8.94632831384011	10.1536716861599
104	WGN39	8.44999999999998	0.307664663540643	1107	7.84632831384011	9.05367168615986
105	WGN39	10.1	0.307664663540642	1107	9.49632831384011	10.7036716861599
106	WGN39	9.09999999999999	0.307664663540643	1107	8.49632831384011	9.70367168615986
107	WGN39	8.44999999999999	0.307664663540643	1107	7.84632831384012	9.05367168615986
108	WGN39	9.60415162454872	0.435201701950508	1107	8.75023833397869	10.4580649151187
109	WGN39	9.39999999999998	0.307664663540643	1107	8.79632831384011	10.0036716861599
110	WGN39	8.89999999999999	0.307664663540643	1107	8.29632831384011	9.50367168615986
111	WGN39	10.4	0.307664663540643	1107	9.79632831384011	11.0036716861599
112	WGN39	9.94999999999998	0.307664663540643	1107	9.34632831384011	10.5536716861599
113	WGN39	9.29999999999999	0.307664663540643	1107	8.69632831384012	9.90367168615986
114	WGN39	9.09999999999999	0.307664663540643	1107	8.49632831384011	9.70367168615986
115	WGN39	9.59999999999999	0.307664663540643	1107	8.99632831384011	10.2036716861599
116	WGN39	8.64999999999999	0.307664663540643	1107	8.04632831384012	9.25367168615986
117	WGN39	8.79999999999999	0.307664663540643	1107	8.19632831384011	9.40367168615986
118	WGN39	9.99999999999999	0.307664663540643	1107	9.39632831384011	10.6036716861599
120	WGN39	9.89999999999999	0.307664663540643	1107	9.29632831384011	10.5036716861599
121	WGN39	10.2041516245487	0.435201701950508	1107	9.3502383339787	11.0580649151187
122	WGN39	8.54999999999999	0.307664663540643	1107	7.94632831384012	9.15367168615986
123	WGN39	8.39999999999999	0.307664663540643	1107	7.79632831384012	9.00367168615986
124	WGN39	8.24999999999999	0.307664663540643	1107	7.64632831384011	8.85367168615986
125	WGN39	9.29999999999999	0.307664663540643	1107	8.69632831384011	9.90367168615986
126	WGN39	10.25	0.307664663540643	1107	9.64632831384012	10.8536716861599
127	WGN39	8.99999999999999	0.307664663540643	1107	8.39632831384012	9.60367168615986
128	WGN39	9.29584837545125	0.435201701950509	1107	8.44193508488123	10.1497616660213
129	WGN39	8.49999999999999	0.307664663540643	1107	7.89632831384012	9.10367168615986
130	WGN39	9.19999999999999	0.307664663540643	1107	8.59632831384011	9.80367168615986
1	WGN45	8.65000000000012	0.307664663540646	1107	8.04632831384024	9.25367168616
2	WGN45	9.05000000000011	0.307664663540649	1107	8.44632831384022	9.65367168615999
3	WGN45	7.60000000000009	0.307664663540644	1107	6.99632831384022	8.20367168615996
4	WGN45	8.35000000000009	0.307664663540642	1107	7.74632831384022	8.95367168615996
5	WGN45	8.60000000000009	0.307664663540641	1107	7.99632831384022	9.20367168615996
6	WGN45	9.35000000000007	0.307664663540638	1107	8.74632831384021	9.95367168615993
7	WGN45	8.6500000000001	0.30766466354064	1107	8.04632831384023	9.25367168615997
8	WGN45	8.4000000000001	0.307664663540642	1107	7.79632831384023	9.00367168615997
9	WGN45	8.30000000000008	0.307664663540647	1107	7.6963283138402	8.90367168615996
10	WGN45	7.95000000000009	0.307664663540645	1107	7.34632831384021	8.55367168615997
11	WGN45	7.7500000000001	0.307664663540642	1107	7.14632831384023	8.35367168615997
12	WGN45	9.00000000000009	0.307664663540642	1107	8.39632831384022	9.60367168615996
13	WGN45	8.40000000000009	0.307664663540643	1107	7.79632831384021	9.00367168615996
14	WGN45	8.15000000000012	0.307664663540646	1107	7.54632831384024	8.75367168615999
15	WGN45	8.90000000000007	0.30766466354064	1107	8.29632831384021	9.50367168615994
16	WGN45	8.50000000000009	0.307664663540642	1107	7.89632831384022	9.10367168615996
17	WGN45	8.20000000000009	0.307664663540645	1107	7.59632831384021	8.80367168615997
18	WGN45	8.55000000000009	0.307664663540639	1107	7.94632831384023	9.15367168615996
19	WGN45	8.55000000000012	0.307664663540641	1107	7.94632831384025	9.15367168615999
20	WGN45	10.0500000000001	0.307664663540644	1107	9.44632831384022	10.65367168616
22	WGN45	8.5500000000001	0.307664663540643	1107	7.94632831384023	9.15367168615997
23	WGN45	8.4000000000001	0.307664663540638	1107	7.79632831384023	9.00367168615996
24	WGN45	7.89584837545135	0.43520170195051	1107	7.04193508488132	8.74976166602138
26	WGN45	8.00415162454883	0.43520170195051	1107	7.1502383339788	8.85806491511886
28	WGN45	7.65000000000009	0.307664663540642	1107	7.04632831384022	8.25367168615997
29	WGN45	8.1000000000001	0.307664663540644	1107	7.49632831384023	8.70367168615998
31	WGN45	8.55000000000009	0.307664663540647	1107	7.94632831384021	9.15367168615997
32	WGN45	9.00000000000008	0.30766466354064	1107	8.39632831384021	9.60367168615995
33	WGN45	7.15000000000004	0.307664663540645	1107	6.54632831384017	7.75367168615992
34	WGN45	7.7500000000001	0.307664663540643	1107	7.14632831384023	8.35367168615997
35	WGN45	8.70000000000011	0.307664663540644	1107	8.09632831384023	9.30367168615998
36	WGN45	8.90000000000009	0.307664663540645	1107	8.29632831384022	9.50367168615997
37	WGN45	8.7500000000001	0.307664663540642	1107	8.14632831384023	9.35367168615997
40	WGN45	8.5500000000001	0.307664663540646	1107	7.94632831384022	9.15367168615998
41	WGN45	8.20000000000009	0.307664663540641	1107	7.59632831384022	8.80367168615996
42	WGN45	8.25000000000009	0.307664663540643	1107	7.64632831384022	8.85367168615997
43	WGN45	8.45000000000009	0.307664663540643	1107	7.84632831384022	9.05367168615996
44	WGN45	9.5500000000001	0.307664663540643	1107	8.94632831384022	10.15367168616
45	WGN45	8.80000000000009	0.307664663540644	1107	8.19632831384022	9.40367168615997
46	WGN45	8.1500000000001	0.307664663540642	1107	7.54632831384023	8.75367168615997
49	WGN45	9.65000000000009	0.307664663540642	1107	9.04632831384022	10.25367168616
50	WGN45	6.70415162454883	0.435201701950508	1107	5.85023833397881	7.55806491511885
52	WGN45	8.69584837545135	0.435201701950507	1107	7.84193508488132	9.54976166602137
53	WGN45	8.35000000000009	0.307664663540642	1107	7.74632831384022	8.95367168615996
54	WGN45	6.95000000000012	0.30766466354064	1107	6.34632831384025	7.55367168615999
55	WGN45	8.25000000000008	0.307664663540644	1107	7.64632831384021	8.85367168615996
56	WGN45	8.10000000000009	0.307664663540642	1107	7.49632831384022	8.70367168615996
57	WGN45	8.65000000000009	0.307664663540641	1107	8.04632831384022	9.25367168615996
58	WGN45	8.85000000000008	0.30766466354064	1107	8.24632831384022	9.45367168615995
59	WGN45	7.40000000000009	0.307664663540643	1107	6.79632831384021	8.00367168615996
60	WGN45	7.39584837545134	0.435201701950511	1107	6.54193508488131	8.24976166602137
61	WGN45	8.2000000000001	0.307664663540644	1107	7.59632831384022	8.80367168615997
62	WGN45	8.45000000000009	0.30766466354064	1107	7.84632831384023	9.05367168615996
64	WGN45	8.95000000000009	0.307664663540643	1107	8.34632831384022	9.55367168615997
65	WGN45	8.75000000000009	0.307664663540644	1107	8.14632831384022	9.35367168615997
66	WGN45	7.90000000000007	0.307664663540643	1107	7.2963283138402	8.50367168615995
68	WGN45	8.50000000000008	0.307664663540642	1107	7.89632831384021	9.10367168615995
69	WGN45	8.15000000000008	0.307664663540647	1107	7.5463283138402	8.75367168615996
70	WGN45	8.40000000000009	0.307664663540642	1107	7.79632831384022	9.00367168615996
71	WGN45	8.5000000000001	0.307664663540643	1107	7.89632831384022	9.10367168615997
72	WGN45	7.6500000000001	0.307664663540642	1107	7.04632831384023	8.25367168615997
73	WGN45	8.29584837545137	0.435201701950508	1107	7.44193508488135	9.14976166602139
74	WGN45	8.50415162454883	0.435201701950508	1107	7.65023833397881	9.35806491511886
75	WGN45	8.00415162454882	0.435201701950511	1107	7.15023833397879	8.85806491511885
76	WGN45	8.95000000000009	0.307664663540641	1107	8.34632831384022	9.55367168615996
78	WGN45	7.79584837545136	0.435201701950507	1107	6.94193508488134	8.64976166602138
80	WGN45	8.40000000000009	0.307664663540644	1107	7.79632831384021	9.00367168615997
81	WGN45	8.25000000000009	0.307664663540643	1107	7.64632831384022	8.85367168615997
82	WGN45	7.79584837545136	0.435201701950506	1107	6.94193508488134	8.64976166602139
84	WGN45	7.9000000000001	0.307664663540642	1107	7.29632831384022	8.50367168615997
85	WGN45	9.80000000000009	0.307664663540643	1107	9.19632831384022	10.40367168616
86	WGN45	8.70000000000009	0.307664663540642	1107	8.09632831384022	9.30367168615996
88	WGN45	8.80000000000009	0.307664663540644	1107	8.19632831384022	9.40367168615997
89	WGN45	8.35000000000009	0.307664663540643	1107	7.74632831384022	8.95367168615996
90	WGN45	8.75000000000009	0.307664663540642	1107	8.14632831384022	9.35367168615996
92	WGN45	8.90000000000009	0.307664663540642	1107	8.29632831384022	9.50367168615996
93	WGN45	6.49584837545134	0.435201701950511	1107	5.64193508488131	7.34976166602137
94	WGN45	8.30000000000009	0.307664663540642	1107	7.69632831384022	8.90367168615996
95	WGN45	8.85000000000009	0.307664663540642	1107	8.24632831384022	9.45367168615996
96	WGN45	7.79584837545136	0.435201701950508	1107	6.94193508488134	8.64976166602139
98	WGN45	8.35000000000009	0.307664663540643	1107	7.74632831384022	8.95367168615996
99	WGN45	7.30415162454881	0.435201701950511	1107	6.45023833397878	8.15806491511884
100	WGN45	8.45000000000009	0.307664663540642	1107	7.84632831384022	9.05367168615996
101	WGN45	8.75000000000009	0.307664663540643	1107	8.14632831384022	9.35367168615997
102	WGN45	9.60000000000009	0.307664663540643	1107	8.99632831384022	10.20367168616
103	WGN45	8.90000000000009	0.307664663540642	1107	8.29632831384022	9.50367168615996
104	WGN45	7.75000000000009	0.307664663540643	1107	7.14632831384022	8.35367168615996
105	WGN45	9.00000000000009	0.307664663540644	1107	8.39632831384022	9.60367168615997
106	WGN45	8.50000000000009	0.307664663540643	1107	7.89632831384022	9.10367168615997
107	WGN45	9.9000000000001	0.307664663540643	1107	9.29632831384022	10.50367168616
108	WGN45	8.35000000000009	0.307664663540644	1107	7.74632831384022	8.95367168615996
109	WGN45	9.4000000000001	0.307664663540644	1107	8.79632831384022	10.00367168616
110	WGN45	8.80000000000009	0.307664663540643	1107	8.19632831384022	9.40367168615997
111	WGN45	8.65000000000009	0.307664663540643	1107	8.04632831384022	9.25367168615996
114	WGN45	8.60000000000009	0.307664663540642	1107	7.99632831384022	9.20367168615996
116	WGN45	8.55000000000009	0.307664663540643	1107	7.94632831384022	9.15367168615996
117	WGN45	8.60415162454883	0.435201701950508	1107	7.7502383339788	9.45806491511885
118	WGN45	8.55000000000009	0.307664663540643	1107	7.94632831384022	9.15367168615996
119	WGN45	8.50000000000009	0.307664663540643	1107	7.89632831384022	9.10367168615996
120	WGN45	8.65000000000009	0.307664663540643	1107	8.04632831384022	9.25367168615997
121	WGN45	7.45000000000009	0.307664663540643	1107	6.84632831384022	8.05367168615996
122	WGN45	8.69584837545136	0.435201701950508	1107	7.84193508488133	9.54976166602138
123	WGN45	9.20415162454883	0.435201701950509	1107	8.3502383339788	10.0580649151189
124	WGN45	9.25000000000009	0.307664663540643	1107	8.64632831384022	9.85367168615996
126	WGN45	8.90000000000009	0.307664663540643	1107	8.29632831384022	9.50367168615996
127	WGN45	8.00000000000009	0.307664663540643	1107	7.39632831384022	8.60367168615996
128	WGN45	9.30000000000009	0.307664663540643	1107	8.69632831384022	9.90367168615996
129	WGN45	8.30000000000009	0.307664663540643	1107	7.69632831384022	8.90367168615997
1	WGN46	9.10000000000004	0.307664663540638	1107	8.49632831384017	9.7036716861599
2	WGN46	8.10000000000009	0.307664663540643	1107	7.49632831384021	8.70367168615996
3	WGN46	8.1500000000001	0.30766466354064	1107	7.54632831384024	8.75367168615997
4	WGN46	8.45000000000006	0.307664663540645	1107	7.84632831384018	9.05367168615994
6	WGN46	8.30000000000007	0.307664663540645	1107	7.6963283138402	8.90367168615995
7	WGN46	8.50000000000009	0.307664663540642	1107	7.89632831384022	9.10367168615996
8	WGN46	7.90000000000011	0.307664663540641	1107	7.29632831384025	8.50367168615998
9	WGN46	8.15000000000007	0.307664663540643	1107	7.5463283138402	8.75367168615995
10	WGN46	8.05000000000012	0.307664663540638	1107	7.44632831384026	8.65367168615998
11	WGN46	8.90000000000008	0.307664663540637	1107	8.29632831384022	9.50367168615994
12	WGN46	7.50000000000005	0.307664663540644	1107	6.89632831384017	8.10367168615992
13	WGN46	7.70000000000009	0.307664663540642	1107	7.09632831384022	8.30367168615996
14	WGN46	7.95000000000008	0.307664663540642	1107	7.34632831384021	8.55367168615995
15	WGN46	8.70000000000008	0.307664663540642	1107	8.09632831384021	9.30367168615995
16	WGN46	8.55000000000008	0.307664663540642	1107	7.94632831384021	9.15367168615995
17	WGN46	9.49584837545135	0.435201701950506	1107	8.64193508488133	10.3497616660214
18	WGN46	8.50000000000006	0.307664663540646	1107	7.89632831384018	9.10367168615994
19	WGN46	9.45000000000007	0.307664663540641	1107	8.8463283138402	10.0536716861599
20	WGN46	7.95000000000007	0.307664663540644	1107	7.3463283138402	8.55367168615995
21	WGN46	7.89584837545134	0.435201701950511	1107	7.04193508488131	8.74976166602137
22	WGN46	8.40000000000009	0.307664663540641	1107	7.79632831384023	9.00367168615996
23	WGN46	8.80415162454882	0.43520170195051	1107	7.95023833397879	9.65806491511884
24	WGN46	8.80000000000008	0.307664663540642	1107	8.1963283138402	9.40367168615995
25	WGN46	8.45000000000008	0.307664663540643	1107	7.84632831384021	9.05367168615995
26	WGN46	8.80000000000008	0.307664663540645	1107	8.1963283138402	9.40367168615996
27	WGN46	7.8000000000001	0.30766466354064	1107	7.19632831384023	8.40367168615997
28	WGN46	8.10000000000006	0.307664663540646	1107	7.49632831384018	8.70367168615994
29	WGN46	7.30000000000004	0.307664663540646	1107	6.69632831384016	7.90367168615992
30	WGN46	8.00000000000007	0.307664663540644	1107	7.3963283138402	8.60367168615995
31	WGN46	8.60000000000009	0.307664663540642	1107	7.99632831384022	9.20367168615996
32	WGN46	8.40000000000009	0.307664663540642	1107	7.79632831384022	9.00367168615996
33	WGN46	8.50000000000008	0.307664663540644	1107	7.89632831384021	9.10367168615996
34	WGN46	8.05000000000006	0.307664663540645	1107	7.44632831384018	8.65367168615993
36	WGN46	9.00000000000008	0.307664663540645	1107	8.3963283138402	9.60367168615996
37	WGN46	8.75000000000008	0.307664663540643	1107	8.1463283138402	9.35367168615995
38	WGN46	7.90000000000005	0.307664663540646	1107	7.29632831384018	8.50367168615993
39	WGN46	7.4500000000001	0.307664663540641	1107	6.84632831384023	8.05367168615997
40	WGN46	8.05000000000008	0.307664663540643	1107	7.44632831384021	8.65367168615995
41	WGN46	9.45000000000007	0.307664663540642	1107	8.8463283138402	10.0536716861599
42	WGN46	8.40000000000009	0.30766466354064	1107	7.79632831384022	9.00367168615996
43	WGN46	8.25000000000008	0.307664663540642	1107	7.6463283138402	8.85367168615995
44	WGN46	8.50000000000008	0.307664663540644	1107	7.8963283138402	9.10367168615995
45	WGN46	9.25000000000008	0.307664663540644	1107	8.64632831384021	9.85367168615996
46	WGN46	8.35000000000009	0.30766466354064	1107	7.74632831384023	8.95367168615996
47	WGN46	9.40000000000008	0.307664663540643	1107	8.79632831384021	10.00367168616
48	WGN46	8.60000000000007	0.307664663540645	1107	7.99632831384019	9.20367168615995
49	WGN46	8.85000000000008	0.307664663540645	1107	8.2463283138402	9.45367168615995
50	WGN46	8.25000000000007	0.307664663540645	1107	7.64632831384019	8.85367168615995
51	WGN46	8.50415162454881	0.435201701950509	1107	7.65023833397878	9.35806491511883
52	WGN46	8.30000000000009	0.307664663540641	1107	7.69632831384022	8.90367168615995
53	WGN46	7.90000000000007	0.307664663540644	1107	7.2963283138402	8.50367168615995
54	WGN46	8.40000000000007	0.307664663540646	1107	7.79632831384019	9.00367168615995
55	WGN46	8.65000000000008	0.307664663540643	1107	8.04632831384021	9.25367168615995
56	WGN46	9.80000000000008	0.307664663540644	1107	9.19632831384021	10.40367168616
57	WGN46	8.05000000000007	0.307664663540644	1107	7.44632831384019	8.65367168615994
58	WGN46	8.05000000000007	0.307664663540645	1107	7.44632831384019	8.65367168615995
59	WGN46	10.1500000000001	0.307664663540642	1107	9.5463283138402	10.7536716861599
60	WGN46	8.95000000000008	0.307664663540642	1107	8.34632831384021	9.55367168615996
61	WGN46	9.15000000000008	0.307664663540642	1107	8.54632831384021	9.75367168615995
62	WGN46	9.20000000000009	0.307664663540644	1107	8.59632831384021	9.80367168615996
63	WGN46	8.25000000000006	0.307664663540646	1107	7.64632831384019	8.85367168615994
64	WGN46	8.20000000000008	0.307664663540643	1107	7.59632831384021	8.80367168615996
65	WGN46	8.90415162454882	0.435201701950508	1107	8.0502383339788	9.75806491511885
66	WGN46	8.4500000000001	0.30766466354064	1107	7.84632831384023	9.05367168615997
67	WGN46	8.95000000000009	0.307664663540642	1107	8.34632831384022	9.55367168615996
68	WGN46	8.35000000000009	0.307664663540641	1107	7.74632831384022	8.95367168615996
69	WGN46	8.45000000000009	0.307664663540641	1107	7.84632831384022	9.05367168615996
70	WGN46	8.35000000000008	0.307664663540644	1107	7.7463283138402	8.95367168615995
71	WGN46	9.10000000000009	0.307664663540642	1107	8.49632831384022	9.70367168615996
72	WGN46	8.05000000000008	0.307664663540642	1107	7.44632831384021	8.65367168615996
73	WGN46	7.90000000000009	0.307664663540641	1107	7.29632831384022	8.50367168615996
74	WGN46	8.10000000000008	0.307664663540643	1107	7.49632831384021	8.70367168615995
75	WGN46	7.80000000000008	0.307664663540643	1107	7.19632831384021	8.40367168615995
76	WGN46	7.7000000000001	0.307664663540641	1107	7.09632831384023	8.30367168615997
78	WGN46	8.30000000000007	0.307664663540644	1107	7.6963283138402	8.90367168615995
79	WGN46	9.05000000000008	0.307664663540645	1107	8.4463283138402	9.65367168615995
80	WGN46	7.75000000000008	0.307664663540643	1107	7.14632831384021	8.35367168615995
81	WGN46	8.50000000000007	0.307664663540644	1107	7.8963283138402	9.10367168615995
82	WGN46	8.95000000000008	0.307664663540643	1107	8.34632831384021	9.55367168615995
83	WGN46	8.1000000000001	0.307664663540641	1107	7.49632831384023	8.70367168615997
84	WGN46	8.55000000000008	0.307664663540643	1107	7.94632831384021	9.15367168615995
85	WGN46	8.70000000000008	0.307664663540643	1107	8.09632831384021	9.30367168615995
86	WGN46	8.80000000000008	0.307664663540641	1107	8.19632831384021	9.40367168615995
87	WGN46	9.20000000000008	0.307664663540643	1107	8.59632831384021	9.80367168615995
88	WGN46	7.70000000000008	0.307664663540643	1107	7.09632831384021	8.30367168615995
89	WGN46	7.75000000000008	0.307664663540643	1107	7.14632831384021	8.35367168615996
90	WGN46	8.60000000000008	0.307664663540643	1107	7.99632831384021	9.20367168615995
91	WGN46	7.79584837545134	0.43520170195051	1107	6.94193508488131	8.64976166602136
93	WGN46	8.30000000000008	0.307664663540643	1107	7.6963283138402	8.90367168615995
94	WGN46	9.15000000000008	0.307664663540643	1107	8.5463283138402	9.75367168615995
95	WGN46	8.90000000000009	0.307664663540642	1107	8.29632831384022	9.50367168615996
96	WGN46	10.1500000000001	0.307664663540644	1107	9.54632831384021	10.75367168616
98	WGN46	8.25000000000008	0.307664663540643	1107	7.64632831384021	8.85367168615996
100	WGN46	8.90000000000008	0.307664663540641	1107	8.29632831384021	9.50367168615995
101	WGN46	8.20000000000009	0.307664663540642	1107	7.59632831384022	8.80367168615996
102	WGN46	7.60000000000009	0.307664663540642	1107	6.99632831384022	8.20367168615996
103	WGN46	8.65000000000008	0.307664663540643	1107	8.04632831384021	9.25367168615996
104	WGN46	8.50000000000008	0.307664663540643	1107	7.89632831384021	9.10367168615995
106	WGN46	7.85000000000008	0.307664663540644	1107	7.2463283138402	8.45367168615995
107	WGN46	9.70000000000008	0.307664663540643	1107	9.09632831384021	10.30367168616
108	WGN46	7.75000000000008	0.307664663540642	1107	7.14632831384021	8.35367168615995
109	WGN46	8.40000000000008	0.307664663540642	1107	7.79632831384021	9.00367168615995
110	WGN46	8.45000000000008	0.307664663540643	1107	7.8463283138402	9.05367168615995
111	WGN46	9.90000000000008	0.307664663540643	1107	9.29632831384021	10.50367168616
112	WGN46	8.70000000000008	0.307664663540643	1107	8.09632831384021	9.30367168615996
113	WGN46	8.60000000000008	0.307664663540642	1107	7.99632831384021	9.20367168615995
114	WGN46	8.50000000000008	0.307664663540643	1107	7.8963283138402	9.10367168615995
115	WGN46	8.05000000000008	0.307664663540643	1107	7.4463283138402	8.65367168615995
116	WGN46	8.00000000000009	0.307664663540642	1107	7.39632831384021	8.60367168615996
117	WGN46	8.00000000000008	0.307664663540643	1107	7.39632831384021	8.60367168615995
118	WGN46	7.99584837545135	0.435201701950509	1107	7.14193508488132	8.84976166602137
119	WGN46	8.85000000000008	0.307664663540643	1107	8.24632831384021	9.45367168615995
120	WGN46	9.65000000000008	0.307664663540643	1107	9.04632831384021	10.25367168616
121	WGN46	8.25000000000008	0.307664663540643	1107	7.64632831384021	8.85367168615995
122	WGN46	8.55000000000008	0.307664663540643	1107	7.94632831384021	9.15367168615995
123	WGN46	8.20000000000008	0.307664663540643	1107	7.59632831384021	8.80367168615995
124	WGN46	7.85000000000008	0.307664663540643	1107	7.24632831384021	8.45367168615995
125	WGN46	8.15000000000008	0.307664663540643	1107	7.54632831384021	8.75367168615995
126	WGN46	8.25000000000008	0.307664663540643	1107	7.64632831384021	8.85367168615995
127	WGN46	8.75000000000008	0.307664663540643	1107	8.14632831384021	9.35367168615995
128	WGN46	9.50000000000008	0.307664663540643	1107	8.89632831384021	10.10367168616
129	WGN46	8.95000000000008	0.307664663540643	1107	8.34632831384021	9.55367168615995
130	WGN46	8.25000000000008	0.307664663540643	1107	7.64632831384021	8.85367168615995
1	WGN55	8.40000000000011	0.307664663540647	1107	7.79632831384023	9.00367168615999
2	WGN55	8.40000000000009	0.307664663540646	1107	7.79632831384021	9.00367168615997
3	WGN55	7.2500000000001	0.307664663540642	1107	6.64632831384023	7.85367168615997
4	WGN55	8.70000000000011	0.307664663540643	1107	8.09632831384023	9.30367168615998
5	WGN55	8.6500000000001	0.307664663540641	1107	8.04632831384023	9.25367168615997
6	WGN55	9.40000000000009	0.307664663540643	1107	8.79632831384022	10.00367168616
7	WGN55	8.1500000000001	0.307664663540639	1107	7.54632831384023	8.75367168615996
8	WGN55	8.50000000000011	0.307664663540644	1107	7.89632831384023	9.10367168615998
9	WGN55	9.1000000000001	0.307664663540645	1107	8.49632831384023	9.70367168615998
10	WGN55	9.75000000000009	0.307664663540643	1107	9.14632831384022	10.35367168616
11	WGN55	8.9500000000001	0.307664663540642	1107	8.34632831384022	9.55367168615997
12	WGN55	8.80415162454885	0.435201701950511	1107	7.95023833397882	9.65806491511888
13	WGN55	7.5500000000001	0.307664663540643	1107	6.94632831384022	8.15367168615997
14	WGN55	9.45000000000011	0.307664663540644	1107	8.84632831384023	10.05367168616
15	WGN55	8.90000000000009	0.307664663540642	1107	8.29632831384022	9.50367168615996
16	WGN55	8.4500000000001	0.307664663540643	1107	7.84632831384022	9.05367168615997
17	WGN55	9.70415162454882	0.435201701950508	1107	8.8502383339788	10.5580649151188
18	WGN55	8.8500000000001	0.307664663540643	1107	8.24632831384023	9.45367168615997
19	WGN55	9.05000000000008	0.307664663540642	1107	8.44632831384021	9.65367168615995
20	WGN55	8.9000000000001	0.307664663540644	1107	8.29632831384023	9.50367168615998
21	WGN55	7.70000000000008	0.307664663540645	1107	7.0963283138402	8.30367168615995
22	WGN55	8.2500000000001	0.307664663540644	1107	7.64632831384023	8.85367168615998
23	WGN55	8.5000000000001	0.307664663540643	1107	7.89632831384023	9.10367168615998
24	WGN55	9.20000000000008	0.307664663540641	1107	8.59632831384022	9.80367168615995
25	WGN55	8.8500000000001	0.307664663540644	1107	8.24632831384022	9.45367168615997
26	WGN55	7.85000000000008	0.307664663540643	1107	7.24632831384021	8.45367168615996
27	WGN55	8.4000000000001	0.307664663540646	1107	7.79632831384022	9.00367168615998
28	WGN55	7.80415162454883	0.435201701950508	1107	6.95023833397881	8.65806491511886
29	WGN55	8.9500000000001	0.307664663540643	1107	8.34632831384022	9.55367168615997
30	WGN55	8.20000000000011	0.307664663540645	1107	7.59632831384024	8.80367168615999
31	WGN55	9.2000000000001	0.307664663540643	1107	8.59632831384022	9.80367168615997
32	WGN55	9.15000000000009	0.307664663540643	1107	8.54632831384022	9.75367168615997
33	WGN55	7.55000000000009	0.307664663540645	1107	6.94632831384021	8.15367168615996
34	WGN55	8.7500000000001	0.307664663540639	1107	8.14632831384024	9.35367168615997
35	WGN55	9.1000000000001	0.307664663540645	1107	8.49632831384023	9.70367168615998
36	WGN55	8.3500000000001	0.307664663540642	1107	7.74632831384023	8.95367168615997
37	WGN55	9.25000000000008	0.307664663540642	1107	8.64632831384021	9.85367168615995
38	WGN55	7.7500000000001	0.307664663540642	1107	7.14632831384023	8.35367168615997
40	WGN55	9.05000000000009	0.307664663540642	1107	8.44632831384022	9.65367168615996
41	WGN55	9.30000000000013	0.307664663540647	1107	8.69632831384025	9.90367168616001
42	WGN55	8.4000000000001	0.307664663540645	1107	7.79632831384022	9.00367168615997
43	WGN55	9.40000000000009	0.307664663540643	1107	8.79632831384022	10.00367168616
44	WGN55	8.25000000000009	0.307664663540643	1107	7.64632831384021	8.85367168615996
45	WGN55	8.1000000000001	0.307664663540642	1107	7.49632831384023	8.70367168615997
46	WGN55	7.35000000000009	0.307664663540645	1107	6.74632831384021	7.95367168615996
47	WGN55	8.10000000000008	0.307664663540643	1107	7.4963283138402	8.70367168615995
48	WGN55	8.4500000000001	0.307664663540645	1107	7.84632831384022	9.05367168615997
49	WGN55	8.9500000000001	0.307664663540644	1107	8.34632831384022	9.55367168615997
50	WGN55	8.5000000000001	0.307664663540644	1107	7.89632831384022	9.10367168615997
52	WGN55	9.0000000000001	0.307664663540643	1107	8.39632831384022	9.60367168615997
53	WGN55	8.4500000000001	0.307664663540641	1107	7.84632831384023	9.05367168615997
54	WGN55	8.2500000000001	0.307664663540642	1107	7.64632831384023	8.85367168615997
55	WGN55	8.9500000000001	0.307664663540644	1107	8.34632831384022	9.55367168615997
56	WGN55	8.85000000000009	0.307664663540643	1107	8.24632831384022	9.45367168615997
57	WGN55	8.3000000000001	0.307664663540641	1107	7.69632831384023	8.90367168615997
58	WGN55	8.75000000000009	0.307664663540643	1107	8.14632831384022	9.35367168615996
59	WGN55	9.1000000000001	0.307664663540643	1107	8.49632831384023	9.70367168615997
60	WGN55	8.1000000000001	0.307664663540642	1107	7.49632831384022	8.70367168615997
61	WGN55	7.75000000000009	0.307664663540643	1107	7.14632831384022	8.35367168615996
62	WGN55	8.90000000000009	0.307664663540643	1107	8.29632831384022	9.50367168615997
63	WGN55	9.05000000000009	0.307664663540641	1107	8.44632831384022	9.65367168615996
64	WGN55	8.65000000000009	0.30766466354064	1107	8.04632831384023	9.25367168615996
65	WGN55	8.4500000000001	0.307664663540642	1107	7.84632831384023	9.05367168615997
66	WGN55	8.3500000000001	0.307664663540644	1107	7.74632831384023	8.95367168615998
67	WGN55	8.1500000000001	0.307664663540641	1107	7.54632831384023	8.75367168615997
68	WGN55	8.3500000000001	0.307664663540642	1107	7.74632831384023	8.95367168615997
69	WGN55	9.0000000000001	0.307664663540645	1107	8.39632831384023	9.60367168615998
70	WGN55	8.4000000000001	0.307664663540642	1107	7.79632831384023	9.00367168615997
71	WGN55	8.2500000000001	0.307664663540644	1107	7.64632831384022	8.85367168615997
72	WGN55	7.15000000000009	0.307664663540645	1107	6.54632831384022	7.75367168615997
73	WGN55	9.20000000000011	0.307664663540645	1107	8.59632831384023	9.80367168615998
74	WGN55	9.1000000000001	0.307664663540643	1107	8.49632831384022	9.70367168615997
75	WGN55	9.50000000000009	0.307664663540642	1107	8.89632831384022	10.10367168616
76	WGN55	7.9500000000001	0.307664663540642	1107	7.34632831384023	8.55367168615997
77	WGN55	7.3000000000001	0.307664663540643	1107	6.69632831384022	7.90367168615997
78	WGN55	8.00000000000009	0.307664663540643	1107	7.39632831384022	8.60367168615997
80	WGN55	8.5500000000001	0.307664663540644	1107	7.94632831384022	9.15367168615998
81	WGN55	7.9500000000001	0.307664663540644	1107	7.34632831384022	8.55367168615997
82	WGN55	7.95000000000009	0.307664663540645	1107	7.34632831384022	8.55367168615997
83	WGN55	8.8000000000001	0.307664663540643	1107	8.19632831384023	9.40367168615997
84	WGN55	9.2000000000001	0.307664663540643	1107	8.59632831384022	9.80367168615997
85	WGN55	9.1000000000001	0.307664663540643	1107	8.49632831384022	9.70367168615997
86	WGN55	7.9000000000001	0.307664663540643	1107	7.29632831384022	8.50367168615997
87	WGN55	8.7000000000001	0.307664663540642	1107	8.09632831384022	9.30367168615997
88	WGN55	8.4500000000001	0.307664663540643	1107	7.84632831384023	9.05367168615997
89	WGN55	8.2000000000001	0.307664663540644	1107	7.59632831384022	8.80367168615997
90	WGN55	7.7500000000001	0.307664663540642	1107	7.14632831384023	8.35367168615997
91	WGN55	9.7000000000001	0.307664663540644	1107	9.09632831384023	10.30367168616
92	WGN55	7.9500000000001	0.307664663540642	1107	7.34632831384023	8.55367168615997
93	WGN55	9.3500000000001	0.307664663540643	1107	8.74632831384023	9.95367168615997
94	WGN55	8.2500000000001	0.307664663540644	1107	7.64632831384022	8.85367168615997
95	WGN55	9.2500000000001	0.307664663540644	1107	8.64632831384023	9.85367168615998
96	WGN55	8.6000000000001	0.307664663540643	1107	7.99632831384022	9.20367168615997
97	WGN55	8.3000000000001	0.307664663540644	1107	7.69632831384022	8.90367168615997
98	WGN55	8.1500000000001	0.307664663540643	1107	7.54632831384022	8.75367168615997
99	WGN55	8.2000000000001	0.307664663540643	1107	7.59632831384022	8.80367168615997
100	WGN55	8.6000000000001	0.307664663540644	1107	7.99632831384023	9.20367168615997
101	WGN55	8.4500000000001	0.307664663540643	1107	7.84632831384023	9.05367168615997
102	WGN55	7.9500000000001	0.307664663540643	1107	7.34632831384023	8.55367168615997
103	WGN55	8.3500000000001	0.307664663540643	1107	7.74632831384023	8.95367168615997
104	WGN55	8.59584837545136	0.435201701950509	1107	7.74193508488134	9.44976166602139
105	WGN55	8.0500000000001	0.307664663540644	1107	7.44632831384022	8.65367168615997
106	WGN55	8.2500000000001	0.307664663540643	1107	7.64632831384022	8.85367168615997
107	WGN55	9.4000000000001	0.307664663540644	1107	8.79632831384023	10.00367168616
108	WGN55	9.2000000000001	0.307664663540644	1107	8.59632831384023	9.80367168615998
109	WGN55	9.4000000000001	0.307664663540643	1107	8.79632831384022	10.00367168616
110	WGN55	8.8500000000001	0.307664663540643	1107	8.24632831384023	9.45367168615997
111	WGN55	9.2000000000001	0.307664663540643	1107	8.59632831384022	9.80367168615997
112	WGN55	9.2500000000001	0.307664663540643	1107	8.64632831384023	9.85367168615997
113	WGN55	8.6500000000001	0.307664663540643	1107	8.04632831384022	9.25367168615997
114	WGN55	8.2500000000001	0.307664663540644	1107	7.64632831384022	8.85367168615997
115	WGN55	8.1500000000001	0.307664663540643	1107	7.54632831384023	8.75367168615997
116	WGN55	7.99584837545136	0.435201701950508	1107	7.14193508488134	8.84976166602138
117	WGN55	9.30000000000009	0.307664663540643	1107	8.69632831384022	9.90367168615997
118	WGN55	8.1000000000001	0.307664663540643	1107	7.49632831384022	8.70367168615997
119	WGN55	8.9000000000001	0.307664663540643	1107	8.29632831384023	9.50367168615997
120	WGN55	9.3500000000001	0.307664663540643	1107	8.74632831384023	9.95367168615997
121	WGN55	7.50000000000009	0.307664663540643	1107	6.89632831384022	8.10367168615997
122	WGN55	8.6000000000001	0.307664663540643	1107	7.99632831384022	9.20367168615997
123	WGN55	8.5000000000001	0.307664663540643	1107	7.89632831384022	9.10367168615997
124	WGN55	9.9500000000001	0.307664663540643	1107	9.34632831384022	10.55367168616
125	WGN55	8.4000000000001	0.307664663540643	1107	7.79632831384022	9.00367168615997
126	WGN55	7.7000000000001	0.307664663540643	1107	7.09632831384022	8.30367168615997
128	WGN55	7.9500000000001	0.307664663540643	1107	7.34632831384022	8.55367168615997
129	WGN55	9.1000000000001	0.307664663540643	1107	8.49632831384023	9.70367168615997
130	WGN55	8.4000000000001	0.307664663540643	1107	7.79632831384022	9.00367168615997
1	WGN63	9.40000000000009	0.307664663540641	1107	8.79632831384022	10.00367168616
2	WGN63	10.0000000000001	0.307664663540645	1107	9.39632831384024	10.60367168616
3	WGN63	9.7000000000001	0.307664663540642	1107	9.09632831384023	10.30367168616
4	WGN63	9.90000000000011	0.307664663540643	1107	9.29632831384023	10.50367168616
5	WGN63	10.2500000000001	0.307664663540643	1107	9.64632831384024	10.85367168616
6	WGN63	9.10415162454884	0.435201701950509	1107	8.25023833397882	9.95806491511887
7	WGN63	9.00000000000009	0.307664663540643	1107	8.39632831384021	9.60367168615996
8	WGN63	8.95000000000011	0.307664663540641	1107	8.34632831384025	9.55367168615998
9	WGN63	9.5000000000001	0.307664663540642	1107	8.89632831384023	10.10367168616
10	WGN63	9.70000000000011	0.307664663540643	1107	9.09632831384024	10.30367168616
12	WGN63	9.7000000000001	0.307664663540643	1107	9.09632831384022	10.30367168616
13	WGN63	10.0958483754514	0.435201701950506	1107	9.24193508488134	10.9497616660214
14	WGN63	8.3500000000001	0.307664663540644	1107	7.74632831384022	8.95367168615997
16	WGN63	9.05000000000011	0.307664663540644	1107	8.44632831384024	9.65367168615999
17	WGN63	8.70415162454884	0.435201701950506	1107	7.85023833397882	9.55806491511886
18	WGN63	9.5000000000001	0.307664663540643	1107	8.89632831384023	10.10367168616
19	WGN63	8.9000000000001	0.307664663540646	1107	8.29632831384022	9.50367168615997
20	WGN63	9.05000000000011	0.307664663540641	1107	8.44632831384024	9.65367168615998
21	WGN63	9.50000000000011	0.307664663540644	1107	8.89632831384023	10.10367168616
22	WGN63	9.0000000000001	0.307664663540643	1107	8.39632831384023	9.60367168615998
23	WGN63	10.0500000000001	0.307664663540644	1107	9.44632831384023	10.65367168616
24	WGN63	9.10000000000011	0.307664663540642	1107	8.49632831384024	9.70367168615998
25	WGN63	9.4500000000001	0.307664663540643	1107	8.84632831384023	10.05367168616
26	WGN63	10.3000000000001	0.307664663540644	1107	9.69632831384024	10.90367168616
27	WGN63	9.5500000000001	0.307664663540643	1107	8.94632831384023	10.15367168616
28	WGN63	10.5500000000001	0.307664663540643	1107	9.94632831384023	11.15367168616
29	WGN63	9.50000000000011	0.307664663540643	1107	8.89632831384024	10.10367168616
30	WGN63	9.90000000000011	0.307664663540642	1107	9.29632831384023	10.50367168616
31	WGN63	8.7000000000001	0.307664663540642	1107	8.09632831384023	9.30367168615997
32	WGN63	9.5000000000001	0.307664663540641	1107	8.89632831384024	10.10367168616
33	WGN63	9.10000000000011	0.307664663540644	1107	8.49632831384023	9.70367168615998
34	WGN63	9.00000000000011	0.307664663540642	1107	8.39632831384024	9.60367168615998
35	WGN63	8.85000000000011	0.307664663540641	1107	8.24632831384024	9.45367168615998
36	WGN63	9.15000000000011	0.307664663540642	1107	8.54632831384024	9.75367168615998
37	WGN63	9.80000000000011	0.307664663540641	1107	9.19632831384023	10.40367168616
38	WGN63	11.4000000000001	0.307664663540643	1107	10.7963283138402	12.00367168616
39	WGN63	9.95000000000009	0.307664663540643	1107	9.34632831384022	10.55367168616
40	WGN63	7.75000000000011	0.307664663540643	1107	7.14632831384024	8.35367168615999
41	WGN63	9.40415162454884	0.435201701950511	1107	8.55023833397881	10.2580649151189
42	WGN63	9.15000000000011	0.30766466354064	1107	8.54632831384024	9.75367168615998
43	WGN63	8.60000000000011	0.307664663540642	1107	7.99632831384024	9.20367168615998
44	WGN63	8.6500000000001	0.307664663540644	1107	8.04632831384023	9.25367168615998
45	WGN63	9.95000000000011	0.307664663540644	1107	9.34632831384023	10.55367168616
46	WGN63	9.8000000000001	0.30766466354064	1107	9.19632831384023	10.40367168616
47	WGN63	8.95000000000011	0.307664663540643	1107	8.34632831384023	9.55367168615998
48	WGN63	9.3000000000001	0.307664663540645	1107	8.69632831384022	9.90367168615998
49	WGN63	8.7500000000001	0.307664663540645	1107	8.14632831384023	9.35367168615998
50	WGN63	9.30000000000011	0.307664663540645	1107	8.69632831384023	9.90367168615998
51	WGN63	10.4958483754514	0.435201701950509	1107	9.64193508488134	11.3497616660214
52	WGN63	10.6500000000001	0.307664663540643	1107	10.0463283138402	11.25367168616
53	WGN63	10.2500000000001	0.307664663540642	1107	9.64632831384023	10.85367168616
54	WGN63	9.8000000000001	0.307664663540641	1107	9.19632831384023	10.40367168616
55	WGN63	9.60000000000011	0.307664663540644	1107	8.99632831384023	10.20367168616
56	WGN63	9.6500000000001	0.307664663540642	1107	9.04632831384023	10.25367168616
57	WGN63	10.9000000000001	0.307664663540644	1107	10.2963283138402	11.50367168616
58	WGN63	9.7500000000001	0.307664663540642	1107	9.14632831384023	10.35367168616
59	WGN63	8.8000000000001	0.307664663540643	1107	8.19632831384023	9.40367168615997
60	WGN63	9.90000000000011	0.307664663540641	1107	9.29632831384024	10.50367168616
61	WGN63	9.75000000000011	0.307664663540643	1107	9.14632831384024	10.35367168616
62	WGN63	9.10000000000011	0.307664663540642	1107	8.49632831384024	9.70367168615998
63	WGN63	9.6500000000001	0.307664663540642	1107	9.04632831384023	10.25367168616
64	WGN63	8.85000000000011	0.307664663540643	1107	8.24632831384023	9.45367168615998
65	WGN63	10.2000000000001	0.307664663540643	1107	9.59632831384023	10.80367168616
66	WGN63	8.65000000000011	0.307664663540642	1107	8.04632831384024	9.25367168615998
67	WGN63	8.7500000000001	0.307664663540642	1107	8.14632831384023	9.35367168615997
68	WGN63	8.65000000000012	0.307664663540643	1107	8.04632831384025	9.25367168615999
69	WGN63	10.4500000000001	0.307664663540643	1107	9.84632831384023	11.05367168616
70	WGN63	9.90000000000011	0.307664663540644	1107	9.29632831384024	10.50367168616
72	WGN63	8.50000000000011	0.307664663540642	1107	7.89632831384024	9.10367168615998
73	WGN63	8.80000000000011	0.307664663540642	1107	8.19632831384024	9.40367168615998
74	WGN63	10.3000000000001	0.307664663540642	1107	9.69632831384023	10.90367168616
75	WGN63	10.0500000000001	0.307664663540642	1107	9.44632831384023	10.65367168616
76	WGN63	9.30000000000011	0.307664663540642	1107	8.69632831384024	9.90367168615998
77	WGN63	10.7500000000001	0.307664663540643	1107	10.1463283138402	11.35367168616
78	WGN63	9.3000000000001	0.307664663540642	1107	8.69632831384023	9.90367168615998
79	WGN63	9.65000000000011	0.307664663540643	1107	9.04632831384023	10.25367168616
80	WGN63	10.1500000000001	0.307664663540643	1107	9.54632831384023	10.75367168616
81	WGN63	8.70000000000011	0.307664663540642	1107	8.09632831384024	9.30367168615998
82	WGN63	8.15000000000011	0.307664663540643	1107	7.54632831384023	8.75367168615998
83	WGN63	10.3500000000001	0.307664663540642	1107	9.74632831384023	10.95367168616
84	WGN63	9.25000000000011	0.307664663540642	1107	8.64632831384023	9.85367168615998
85	WGN63	10.6500000000001	0.307664663540642	1107	10.0463283138402	11.25367168616
86	WGN63	10.3500000000001	0.307664663540643	1107	9.74632831384024	10.95367168616
87	WGN63	9.8500000000001	0.307664663540642	1107	9.24632831384023	10.45367168616
88	WGN63	9.6000000000001	0.307664663540642	1107	8.99632831384023	10.20367168616
89	WGN63	9.40000000000011	0.307664663540643	1107	8.79632831384024	10.00367168616
90	WGN63	9.09584837545137	0.435201701950508	1107	8.24193508488135	9.9497616660214
91	WGN63	9.40000000000011	0.307664663540643	1107	8.79632831384023	10.00367168616
92	WGN63	9.60000000000011	0.307664663540642	1107	8.99632831384024	10.20367168616
93	WGN63	9.50000000000011	0.307664663540642	1107	8.89632831384024	10.10367168616
94	WGN63	9.65000000000011	0.307664663540643	1107	9.04632831384023	10.25367168616
95	WGN63	9.70415162454884	0.435201701950509	1107	8.85023833397882	10.5580649151189
96	WGN63	9.2500000000001	0.307664663540643	1107	8.64632831384023	9.85367168615998
97	WGN63	9.40000000000011	0.307664663540642	1107	8.79632831384023	10.00367168616
98	WGN63	9.30000000000011	0.307664663540642	1107	8.69632831384023	9.90367168615998
99	WGN63	8.75000000000011	0.307664663540642	1107	8.14632831384024	9.35367168615998
100	WGN63	9.35000000000011	0.307664663540643	1107	8.74632831384023	9.95367168615998
101	WGN63	10.4500000000001	0.307664663540643	1107	9.84632831384023	11.05367168616
102	WGN63	10.5500000000001	0.307664663540642	1107	9.94632831384023	11.15367168616
103	WGN63	9.7000000000001	0.307664663540643	1107	9.09632831384023	10.30367168616
105	WGN63	8.85000000000011	0.307664663540643	1107	8.24632831384023	9.45367168615998
106	WGN63	8.50415162454884	0.435201701950509	1107	7.65023833397882	9.35806491511887
107	WGN63	10.3000000000001	0.307664663540643	1107	9.69632831384023	10.90367168616
109	WGN63	8.40000000000011	0.307664663540643	1107	7.79632831384023	9.00367168615998
110	WGN63	8.90000000000011	0.307664663540642	1107	8.29632831384024	9.50367168615998
111	WGN63	9.65000000000011	0.307664663540643	1107	9.04632831384024	10.25367168616
112	WGN63	9.30000000000011	0.307664663540643	1107	8.69632831384023	9.90367168615998
114	WGN63	9.10000000000011	0.307664663540643	1107	8.49632831384023	9.70367168615998
115	WGN63	10.5000000000001	0.307664663540643	1107	9.89632831384023	11.10367168616
116	WGN63	9.45000000000011	0.307664663540642	1107	8.84632831384024	10.05367168616
117	WGN63	9.2500000000001	0.307664663540643	1107	8.64632831384023	9.85367168615998
118	WGN63	9.40000000000011	0.307664663540643	1107	8.79632831384023	10.00367168616
119	WGN63	10.1000000000001	0.307664663540643	1107	9.49632831384023	10.70367168616
121	WGN63	8.90000000000011	0.307664663540643	1107	8.29632831384023	9.50367168615998
122	WGN63	8.35000000000011	0.307664663540643	1107	7.74632831384023	8.95367168615998
123	WGN63	10.3000000000001	0.307664663540643	1107	9.69632831384023	10.90367168616
124	WGN63	10.7500000000001	0.307664663540643	1107	10.1463283138402	11.35367168616
125	WGN63	9.45000000000011	0.307664663540643	1107	8.84632831384023	10.05367168616
126	WGN63	9.60000000000011	0.307664663540643	1107	8.99632831384023	10.20367168616
127	WGN63	10.3500000000001	0.307664663540643	1107	9.74632831384023	10.95367168616
128	WGN63	8.85000000000011	0.307664663540643	1107	8.24632831384023	9.45367168615998
129	WGN63	10.0000000000001	0.307664663540643	1107	9.39632831384023	10.60367168616
130	WGN63	10.9500000000001	0.307664663540643	1107	10.3463283138402	11.55367168616
