plantID3	famID	emmean	SE	df	lower.CL	upper.CL
1	WGN07	5.5520833333333	0.377293711140613	191	4.80788582913023	6.29628083753637
2	WGN07	5.84791666666656	0.377293711140612	191	5.10371916246349	6.59211417086962
5	WGN07	5.89999999999994	0.266440239821538	191	5.3744567544075	6.42554324559238
7	WGN07	5.54791666666664	0.377293711140594	191	4.80371916246361	6.29211417086967
8	WGN07	6.3999999999999	0.266440239821534	191	5.87445675440747	6.92554324559234
9	WGN07	6.84791666666667	0.37729371114062	191	6.10371916246359	7.59211417086975
11	WGN07	5.55208333333331	0.377293711140621	191	4.80788582913023	6.29628083753639
13	WGN07	6.95208333333331	0.377293711140606	191	6.20788582913026	7.69628083753637
14	WGN07	5.85208333333334	0.377293711140616	191	5.10788582913027	6.59628083753642
15	WGN07	6.55208333333336	0.377293711140625	191	5.80788582913026	7.29628083753645
16	WGN07	5.55208333333335	0.377293711140621	191	4.80788582913027	6.29628083753643
17	WGN07	6.04999999999999	0.266440239821539	191	5.52445675440755	6.57554324559244
18	WGN07	7.75208333333335	0.37729371114062	191	7.00788582913027	8.49628083753643
21	WGN07	5.55	0.266440239821542	191	5.02445675440755	6.07554324559245
25	WGN07	5.95208333333333	0.377293711140617	191	5.20788582913025	6.6962808375364
28	WGN07	5.85208333333334	0.377293711140615	191	5.10788582913026	6.59628083753641
29	WGN07	6.35	0.26644023982154	191	5.82445675440755	6.87554324559244
31	WGN07	5.95	0.266440239821543	191	5.42445675440755	6.47554324559246
34	WGN07	6.55208333333333	0.377293711140615	191	5.80788582913026	7.2962808375364
35	WGN07	6.00000000000003	0.266440239821543	191	5.47445675440758	6.52554324559249
38	WGN07	6.45208333333334	0.37729371114062	191	5.70788582913026	7.19628083753642
40	WGN07	5.55208333333332	0.377293711140618	191	4.80788582913025	6.2962808375364
42	WGN07	6.54791666666666	0.377293711140621	191	5.80371916246357	7.29211417086974
47	WGN07	5.9	0.266440239821542	191	5.37445675440755	6.42554324559246
50	WGN07	6.04791666666667	0.377293711140615	191	5.3037191624636	6.79211417086974
58	WGN07	6.75208333333335	0.37729371114062	191	6.00788582913027	7.49628083753643
61	WGN07	6.44791666666664	0.377293711140611	191	5.70371916246357	7.1921141708697
64	WGN07	6.44791666666666	0.377293711140618	191	5.70371916246358	7.19211417086974
68	WGN07	5.15208333333334	0.377293711140619	191	4.40788582913026	5.89628083753642
69	WGN07	6.25208333333333	0.377293711140619	191	5.50788582913026	6.99628083753641
74	WGN07	7	0.266440239821542	191	6.47445675440755	7.52554324559245
75	WGN07	5.15208333333332	0.377293711140618	191	4.40788582913024	5.8962808375364
79	WGN07	6.8	0.266440239821543	191	6.27445675440755	7.32554324559246
82	WGN07	6.25208333333333	0.377293711140617	191	5.50788582913025	6.99628083753641
85	WGN07	6.64791666666667	0.377293711140615	191	5.9037191624636	7.39211417086974
87	WGN07	6.15	0.266440239821543	191	5.62445675440755	6.67554324559245
89	WGN07	5.65208333333335	0.377293711140618	191	4.90788582913027	6.39628083753643
90	WGN07	6.45208333333333	0.377293711140616	191	5.70788582913026	7.19628083753641
91	WGN07	6.94791666666669	0.377293711140623	191	6.2037191624636	7.69211417086978
94	WGN07	6.45208333333334	0.377293711140622	191	5.70788582913026	7.19628083753643
97	WGN07	6.55208333333334	0.377293711140615	191	5.80788582913026	7.29628083753641
98	WGN07	6.25	0.266440239821543	191	5.72445675440755	6.77554324559246
100	WGN07	6.15208333333333	0.377293711140615	191	5.40788582913026	6.8962808375364
105	WGN07	5.45000000000001	0.266440239821543	191	4.92445675440755	5.97554324559246
106	WGN07	5.34791666666668	0.37729371114062	191	4.6037191624636	6.09211417086977
108	WGN07	6.55208333333333	0.377293711140617	191	5.80788582913026	7.29628083753641
112	WGN07	6.35208333333334	0.377293711140619	191	5.60788582913026	7.09628083753642
115	WGN07	6.24791666666667	0.37729371114062	191	5.50371916246359	6.99211417086975
116	WGN07	5.75	0.26644023982154	191	5.22445675440755	6.27554324559245
117	WGN07	6.35208333333334	0.377293711140617	191	5.60788582913026	7.09628083753641
119	WGN07	6.24999999999996	0.266440239821539	191	5.72445675440751	6.7755432455924
122	WGN07	6.05208333333334	0.37729371114062	191	5.30788582913026	6.79628083753642
123	WGN07	5.25208333333332	0.37729371114061	191	4.50788582913026	5.99628083753638
124	WGN07	6.10000000000002	0.26644023982154	191	5.57445675440757	6.62554324559247
128	WGN07	5.55208333333332	0.377293711140618	191	4.80788582913024	6.2962808375364
129	WGN07	6.1	0.266440239821541	191	5.57445675440755	6.62554324559245
1	WGN15	9.25208333333334	0.377293711140616	191	8.50788582913027	9.99628083753641
5	WGN15	5.95208333333332	0.37729371114062	191	5.20788582913024	6.69628083753641
14	WGN15	5.55208333333327	0.377293711140621	191	4.80788582913018	6.29628083753635
15	WGN15	7.04791666666672	0.377293711140618	191	6.30371916246364	7.79211417086979
17	WGN15	5.95208333333339	0.377293711140618	191	5.20788582913032	6.69628083753647
19	WGN15	6.35208333333335	0.377293711140619	191	5.60788582913027	7.09628083753642
29	WGN15	5.3520833333333	0.37729371114062	191	4.60788582913022	6.09628083753638
33	WGN15	6.75208333333336	0.377293711140615	191	6.00788582913029	7.49628083753643
39	WGN15	6.15208333333335	0.377293711140616	191	5.40788582913028	6.89628083753642
40	WGN15	7.05208333333339	0.377293711140617	191	6.30788582913031	7.79628083753646
55	WGN15	5.70000000000003	0.266440239821542	191	5.17445675440758	6.22554324559249
59	WGN15	6.6520833333333	0.377293711140619	191	5.90788582913023	7.39628083753638
70	WGN15	6.1520833333334	0.377293711140613	191	5.40788582913034	6.89628083753647
73	WGN15	6.45208333333336	0.377293711140614	191	5.70788582913029	7.19628083753643
85	WGN15	6.30000000000002	0.266440239821543	191	5.77445675440757	6.82554324559247
93	WGN15	5.95208333333336	0.377293711140618	191	5.20788582913028	6.69628083753643
101	WGN15	5.80000000000004	0.266440239821541	191	5.27445675440759	6.32554324559249
115	WGN15	5.65208333333337	0.377293711140618	191	4.9078858291303	6.39628083753645
121	WGN15	6.25208333333337	0.377293711140615	191	5.5078858291303	6.99628083753644
122	WGN15	5.54791666666673	0.377293711140617	191	4.80371916246366	6.29211417086981
123	WGN15	6.35208333333336	0.377293711140618	191	5.60788582913029	7.09628083753644
128	WGN15	6.25208333333337	0.377293711140617	191	5.5078858291303	6.99628083753645
130	WGN15	5.85208333333337	0.377293711140617	191	5.10788582913029	6.59628083753644
1	WGN26	5.55000000000001	0.266440239821543	191	5.02445675440756	6.07554324559246
5	WGN26	6.44999999999999	0.26644023982154	191	5.92445675440754	6.97554324559244
7	WGN26	6.45208333333335	0.377293711140618	191	5.70788582913027	7.19628083753643
13	WGN26	6.15208333333334	0.377293711140618	191	5.40788582913026	6.89628083753642
15	WGN26	5.75208333333334	0.377293711140621	191	5.00788582913026	6.49628083753643
17	WGN26	7.25208333333337	0.37729371114062	191	6.50788582913029	7.99628083753645
18	WGN26	6.95208333333336	0.377293711140619	191	6.20788582913028	7.69628083753644
19	WGN26	6.85000000000002	0.266440239821544	191	6.32445675440757	7.37554324559248
20	WGN26	5.85208333333334	0.377293711140619	191	5.10788582913026	6.59628083753642
21	WGN26	7.05208333333334	0.377293711140618	191	6.30788582913026	7.79628083753642
22	WGN26	7.34791666666668	0.377293711140617	191	6.6037191624636	8.09211417086975
23	WGN26	5.55208333333335	0.377293711140616	191	4.80788582913028	6.29628083753642
24	WGN26	6.55208333333333	0.377293711140615	191	5.80788582913025	7.2962808375364
31	WGN26	6.60000000000001	0.266440239821543	191	6.07445675440756	7.12554324559246
35	WGN26	6.75208333333333	0.377293711140619	191	6.00788582913025	7.49628083753641
38	WGN26	6.75208333333334	0.377293711140617	191	6.00788582913026	7.49628083753642
39	WGN26	6.95000000000002	0.266440239821543	191	6.42445675440757	7.47554324559247
42	WGN26	7.40000000000001	0.266440239821543	191	6.87445675440756	7.92554324559246
43	WGN26	5.64791666666667	0.377293711140618	191	4.90371916246359	6.39211417086975
44	WGN26	7.55000000000001	0.266440239821541	191	7.02445675440755	8.07554324559245
46	WGN26	6.44791666666669	0.37729371114062	191	5.70371916246361	7.19211417086977
50	WGN26	7.15208333333335	0.37729371114062	191	6.40788582913027	7.89628083753643
51	WGN26	6.05000000000001	0.266440239821541	191	5.52445675440756	6.57554324559246
52	WGN26	6.65208333333333	0.377293711140615	191	5.90788582913026	7.3962808375364
53	WGN26	6.85208333333336	0.377293711140621	191	6.10788582913027	7.59628083753644
55	WGN26	6.3	0.266440239821542	191	5.77445675440755	6.82554324559245
57	WGN26	6.55208333333334	0.377293711140618	191	5.80788582913026	7.29628083753642
58	WGN26	7.74791666666668	0.377293711140618	191	7.0037191624636	8.49211417086976
60	WGN26	6.64791666666667	0.377293711140616	191	5.9037191624636	7.39211417086974
62	WGN26	7.05208333333334	0.377293711140619	191	6.30788582913026	7.79628083753642
66	WGN26	6.55208333333334	0.377293711140618	191	5.80788582913026	7.29628083753642
69	WGN26	6.25	0.266440239821542	191	5.72445675440755	6.77554324559245
70	WGN26	7.34791666666668	0.377293711140618	191	6.6037191624636	8.09211417086976
75	WGN26	6.95000000000002	0.266440239821543	191	6.42445675440757	7.47554324559247
77	WGN26	5.65208333333334	0.377293711140619	191	4.90788582913026	6.39628083753642
81	WGN26	6.45208333333334	0.377293711140619	191	5.70788582913026	7.19628083753642
82	WGN26	6.25208333333334	0.377293711140621	191	5.50788582913026	6.99628083753643
83	WGN26	6.75208333333333	0.377293711140619	191	6.00788582913025	7.49628083753642
85	WGN26	6.95208333333334	0.37729371114062	191	6.20788582913026	7.69628083753642
87	WGN26	5.75208333333333	0.377293711140617	191	5.00788582913026	6.49628083753641
88	WGN26	5.85208333333334	0.377293711140619	191	5.10788582913025	6.59628083753642
93	WGN26	5.7	0.26644023982154	191	5.17445675440756	6.22554324559245
94	WGN26	7.05208333333332	0.377293711140617	191	6.30788582913025	7.7962808375364
95	WGN26	6.25208333333334	0.377293711140617	191	5.50788582913026	6.99628083753641
97	WGN26	6.05208333333335	0.37729371114062	191	5.30788582913027	6.79628083753643
98	WGN26	6.55208333333334	0.37729371114062	191	5.80788582913026	7.29628083753643
99	WGN26	7.04791666666668	0.377293711140619	191	6.3037191624636	7.79211417086976
100	WGN26	6.05208333333334	0.377293711140615	191	5.30788582913027	6.79628083753641
105	WGN26	6.75000000000002	0.266440239821541	191	6.22445675440757	7.27554324559247
108	WGN26	6.95208333333334	0.377293711140616	191	6.20788582913026	7.69628083753641
109	WGN26	6.64791666666667	0.377293711140618	191	5.90371916246359	7.39211417086975
111	WGN26	7.65208333333335	0.377293711140619	191	6.90788582913027	8.39628083753643
112	WGN26	6.75208333333334	0.377293711140623	191	6.00788582913025	7.49628083753643
115	WGN26	6.05208333333335	0.377293711140611	191	5.30788582913028	6.79628083753641
117	WGN26	6.15208333333334	0.377293711140618	191	5.40788582913026	6.89628083753642
118	WGN26	6.65	0.266440239821539	191	6.12445675440756	7.17554324559245
121	WGN26	6.00000000000001	0.266440239821542	191	5.47445675440756	6.52554324559246
123	WGN26	6.15208333333335	0.377293711140618	191	5.40788582913027	6.89628083753643
125	WGN26	5.75208333333334	0.377293711140618	191	5.00788582913027	6.49628083753642
126	WGN26	5.94791666666668	0.377293711140618	191	5.2037191624636	6.69211417086975
127	WGN26	5.45208333333334	0.377293711140619	191	4.70788582913026	6.19628083753642
128	WGN26	7.24791666666665	0.377293711140618	191	6.50371916246357	7.99211417086972
130	WGN26	7.35208333333334	0.377293711140617	191	6.60788582913027	8.09628083753642
1	WGN36	7.14791666666664	0.377293711140622	191	6.40371916246355	7.89211417086972
2	WGN36	5.95208333333336	0.377293711140615	191	5.20788582913028	6.69628083753643
4	WGN36	6.30000000000001	0.266440239821542	191	5.77445675440756	6.82554324559246
8	WGN36	6.25000000000001	0.266440239821541	191	5.72445675440756	6.77554324559246
11	WGN36	6.35208333333334	0.377293711140618	191	5.60788582913026	7.09628083753642
13	WGN36	6.34791666666669	0.377293711140617	191	5.60371916246361	7.09211417086976
15	WGN36	5.95000000000001	0.266440239821543	191	5.42445675440756	6.47554324559246
16	WGN36	6.14791666666667	0.377293711140619	191	5.40371916246359	6.89211417086975
17	WGN36	6.15000000000002	0.266440239821542	191	5.62445675440757	6.67554324559247
20	WGN36	7.25	0.266440239821541	191	6.72445675440756	7.77554324559245
21	WGN36	6.05208333333335	0.377293711140616	191	5.30788582913027	6.79628083753642
22	WGN36	6.40000000000003	0.266440239821541	191	5.87445675440758	6.92554324559247
24	WGN36	6.65208333333335	0.37729371114062	191	5.90788582913027	7.39628083753643
26	WGN36	6.35000000000002	0.266440239821542	191	5.82445675440757	6.87554324559247
28	WGN36	6.15208333333335	0.377293711140618	191	5.40788582913027	6.89628083753643
30	WGN36	6.35000000000002	0.266440239821542	191	5.82445675440757	6.87554324559247
31	WGN36	6.05208333333335	0.37729371114062	191	5.30788582913027	6.79628083753643
32	WGN36	6.25208333333335	0.377293711140618	191	5.50788582913027	6.99628083753642
33	WGN36	5.44791666666666	0.377293711140619	191	4.70371916246358	6.19211417086974
34	WGN36	7.35208333333335	0.377293711140619	191	6.60788582913027	8.09628083753643
36	WGN36	5.75208333333333	0.37729371114062	191	5.00788582913025	6.49628083753641
37	WGN36	7.14791666666669	0.377293711140617	191	6.40371916246361	7.89211417086977
39	WGN36	6.20000000000002	0.266440239821541	191	5.67445675440757	6.72554324559247
42	WGN36	6.95208333333335	0.377293711140616	191	6.20788582913027	7.69628083753643
43	WGN36	6.94791666666669	0.377293711140615	191	6.20371916246362	7.69211417086976
46	WGN36	5.8	0.266440239821543	191	5.27445675440755	6.32554324559246
49	WGN36	6.15208333333335	0.37729371114062	191	5.40788582913026	6.89628083753643
51	WGN36	5.55208333333333	0.377293711140619	191	4.80788582913025	6.29628083753641
52	WGN36	7.15208333333334	0.377293711140622	191	6.40788582913026	7.89628083753643
55	WGN36	6.04791666666668	0.377293711140618	191	5.3037191624636	6.79211417086976
56	WGN36	6.65208333333335	0.377293711140618	191	5.90788582913027	7.39628083753643
57	WGN36	6.80000000000003	0.266440239821541	191	6.27445675440758	7.32554324559248
58	WGN36	5.70000000000003	0.266440239821541	191	5.17445675440758	6.22554324559248
59	WGN36	6.80000000000002	0.266440239821542	191	6.27445675440757	7.32554324559247
60	WGN36	5.94791666666668	0.377293711140619	191	5.2037191624636	6.69211417086976
62	WGN36	6.50000000000002	0.266440239821541	191	5.97445675440757	7.02554324559247
68	WGN36	6.85208333333335	0.377293711140617	191	6.10788582913027	7.59628083753642
69	WGN36	6.75208333333337	0.377293711140615	191	6.0078858291303	7.49628083753644
71	WGN36	6.75208333333335	0.377293711140617	191	6.00788582913028	7.49628083753643
74	WGN36	6.45208333333335	0.377293711140615	191	5.70788582913028	7.19628083753642
76	WGN36	6.35208333333336	0.377293711140616	191	5.60788582913028	7.09628083753643
78	WGN36	5.55208333333337	0.377293711140616	191	4.80788582913029	6.29628083753644
81	WGN36	7.00000000000002	0.266440239821541	191	6.47445675440757	7.52554324559247
82	WGN36	4.95208333333334	0.377293711140617	191	4.20788582913026	5.69628083753642
84	WGN36	5.75208333333335	0.377293711140618	191	5.00788582913027	6.49628083753643
89	WGN36	5.85208333333336	0.37729371114062	191	5.10788582913027	6.59628083753644
92	WGN36	6.25208333333335	0.377293711140618	191	5.50788582913027	6.99628083753643
95	WGN36	5.35208333333335	0.377293711140617	191	4.60788582913028	6.09628083753643
96	WGN36	7.35000000000001	0.266440239821543	191	6.82445675440756	7.87554324559246
98	WGN36	5.74791666666669	0.377293711140617	191	5.00371916246361	6.49211417086976
105	WGN36	5.85208333333336	0.377293711140616	191	5.10788582913028	6.59628083753643
109	WGN36	6.45208333333335	0.377293711140618	191	5.70788582913027	7.19628083753643
118	WGN36	6.24791666666668	0.377293711140618	191	5.5037191624636	6.99211417086976
120	WGN36	6.00000000000002	0.266440239821541	191	5.47445675440757	6.52554324559247
121	WGN36	6.44791666666669	0.377293711140614	191	5.70371916246362	7.19211417086976
122	WGN36	5.95000000000002	0.266440239821542	191	5.42445675440756	6.47554324559247
123	WGN36	5.60000000000001	0.266440239821544	191	5.07445675440755	6.12554324559246
124	WGN36	5.95208333333335	0.377293711140618	191	5.20788582913028	6.69628083753643
125	WGN36	6.45208333333334	0.37729371114062	191	5.70788582913026	7.19628083753642
126	WGN36	6.85000000000003	0.266440239821543	191	6.32445675440757	7.37554324559248
127	WGN36	6.15208333333335	0.377293711140617	191	5.40788582913027	6.89628083753643
128	WGN36	5.35208333333335	0.377293711140617	191	4.60788582913028	6.09628083753643
129	WGN36	7.05208333333338	0.377293711140614	191	6.30788582913031	7.79628083753645
130	WGN36	6.85208333333335	0.377293711140616	191	6.10788582913028	7.59628083753642
1	WGN38	6.10000000000002	0.266440239821546	191	5.57445675440756	6.62554324559248
3	WGN38	6.35208333333334	0.37729371114062	191	5.60788582913026	7.09628083753642
5	WGN38	6.75208333333333	0.377293711140617	191	6.00788582913026	7.49628083753641
6	WGN38	6.35208333333334	0.377293711140617	191	5.60788582913026	7.09628083753641
10	WGN38	7.45208333333334	0.377293711140618	191	6.70788582913026	8.19628083753641
20	WGN38	5.45208333333333	0.377293711140617	191	4.70788582913026	6.19628083753641
22	WGN38	5.85208333333335	0.377293711140619	191	5.10788582913027	6.59628083753643
23	WGN38	6.25208333333335	0.377293711140619	191	5.50788582913026	6.99628083753643
26	WGN38	6.45208333333335	0.377293711140619	191	5.70788582913027	7.19628083753643
28	WGN38	6.10000000000001	0.266440239821543	191	5.57445675440755	6.62554324559246
32	WGN38	6.05208333333335	0.377293711140616	191	5.30788582913027	6.79628083753642
33	WGN38	5.55208333333334	0.377293711140618	191	4.80788582913027	6.29628083753642
35	WGN38	5.84791666666668	0.377293711140615	191	5.10371916246361	6.59211417086976
38	WGN38	6.00000000000001	0.266440239821541	191	5.47445675440756	6.52554324559246
39	WGN38	5.95208333333335	0.377293711140619	191	5.20788582913027	6.69628083753643
46	WGN38	6.95208333333334	0.377293711140618	191	6.20788582913026	7.69628083753642
48	WGN38	7.24791666666667	0.377293711140617	191	6.5037191624636	7.99211417086975
52	WGN38	6.75000000000001	0.266440239821542	191	6.22445675440756	7.27554324559246
53	WGN38	5.75208333333334	0.37729371114062	191	5.00788582913026	6.49628083753643
59	WGN38	6.25000000000001	0.266440239821541	191	5.72445675440756	6.77554324559246
61	WGN38	5.35208333333334	0.377293711140618	191	4.60788582913026	6.09628083753642
65	WGN38	7.64791666666666	0.377293711140617	191	6.90371916246359	8.39211417086974
66	WGN38	5.95208333333334	0.377293711140617	191	5.20788582913027	6.69628083753642
67	WGN38	6.05000000000001	0.266440239821542	191	5.52445675440756	6.57554324559246
72	WGN38	6.25000000000001	0.266440239821543	191	5.72445675440756	6.77554324559246
73	WGN38	6.05000000000001	0.266440239821541	191	5.52445675440756	6.57554324559246
77	WGN38	5.30000000000001	0.266440239821541	191	4.77445675440756	5.82554324559246
78	WGN38	5.75	0.266440239821542	191	5.22445675440755	6.27554324559245
81	WGN38	6.75208333333334	0.377293711140618	191	6.00788582913026	7.49628083753642
82	WGN38	6.15000000000001	0.266440239821542	191	5.62445675440756	6.67554324559246
83	WGN38	5.34791666666669	0.37729371114062	191	4.60371916246361	6.09211417086977
84	WGN38	6.45000000000001	0.266440239821542	191	5.92445675440756	6.97554324559246
86	WGN38	5.80000000000001	0.266440239821541	191	5.27445675440756	6.32554324559245
89	WGN38	6.45208333333335	0.377293711140618	191	5.70788582913027	7.19628083753643
90	WGN38	5.85000000000001	0.266440239821542	191	5.32445675440756	6.37554324559246
92	WGN38	5.64791666666667	0.377293711140618	191	4.9037191624636	6.39211417086975
93	WGN38	5.45208333333333	0.377293711140617	191	4.70788582913026	6.19628083753641
94	WGN38	5.6	0.266440239821543	191	5.07445675440755	6.12554324559246
96	WGN38	5.65	0.266440239821542	191	5.12445675440755	6.17554324559246
97	WGN38	5.55208333333335	0.377293711140617	191	4.80788582913027	6.29628083753642
98	WGN38	6.10000000000001	0.266440239821543	191	5.57445675440756	6.62554324559246
99	WGN38	6.14791666666668	0.377293711140616	191	5.4037191624636	6.89211417086975
100	WGN38	6.35208333333334	0.377293711140619	191	5.60788582913027	7.09628083753642
101	WGN38	5.85208333333334	0.377293711140618	191	5.10788582913027	6.59628083753642
104	WGN38	6.85	0.266440239821541	191	6.32445675440755	7.37554324559245
106	WGN38	5.85208333333335	0.377293711140615	191	5.10788582913028	6.59628083753642
107	WGN38	6.75000000000001	0.266440239821542	191	6.22445675440756	7.27554324559246
109	WGN38	6.25208333333334	0.377293711140613	191	5.50788582913027	6.99628083753641
110	WGN38	6.15000000000001	0.266440239821542	191	5.62445675440756	6.67554324559246
111	WGN38	5.45208333333334	0.377293711140618	191	4.70788582913026	6.19628083753642
113	WGN38	6.00000000000001	0.266440239821541	191	5.47445675440756	6.52554324559246
2	WGN39	7.00000000000002	0.266440239821542	191	6.47445675440757	7.52554324559248
4	WGN39	6.40000000000004	0.266440239821541	191	5.87445675440759	6.92554324559249
7	WGN39	7.35208333333335	0.377293711140616	191	6.60788582913028	8.09628083753643
8	WGN39	7.65000000000002	0.266440239821541	191	7.12445675440757	8.17554324559247
9	WGN39	7.15208333333336	0.37729371114062	191	6.40788582913028	7.89628083753644
12	WGN39	6.95208333333336	0.377293711140616	191	6.20788582913028	7.69628083753643
15	WGN39	6.65208333333336	0.377293711140617	191	5.90788582913028	7.39628083753643
18	WGN39	7.35208333333334	0.37729371114062	191	6.60788582913026	8.09628083753642
19	WGN39	7.15208333333337	0.377293711140618	191	6.40788582913029	7.89628083753644
24	WGN39	7.59999999999999	0.266440239821543	191	7.07445675440754	8.12554324559244
31	WGN39	6.95208333333334	0.37729371114062	191	6.20788582913026	7.69628083753642
32	WGN39	7.25208333333336	0.377293711140618	191	6.50788582913028	7.99628083753644
41	WGN39	6.90000000000003	0.266440239821543	191	6.37445675440757	7.42554324559248
42	WGN39	7.45208333333336	0.377293711140619	191	6.70788582913028	8.19628083753644
43	WGN39	7.35208333333337	0.377293711140618	191	6.60788582913029	8.09628083753645
45	WGN39	6.55208333333336	0.377293711140618	191	5.80788582913028	7.29628083753644
47	WGN39	6.05208333333336	0.377293711140618	191	5.30788582913028	6.79628083753643
49	WGN39	6.3479166666667	0.377293711140617	191	5.60371916246362	7.09211417086977
51	WGN39	7.3479166666667	0.377293711140617	191	6.60371916246362	8.09211417086977
56	WGN39	7.05208333333336	0.37729371114062	191	6.30788582913028	7.79628083753644
58	WGN39	6.05208333333335	0.37729371114062	191	5.30788582913027	6.79628083753643
67	WGN39	7.40000000000002	0.266440239821542	191	6.87445675440757	7.92554324559248
68	WGN39	6.4479166666667	0.377293711140617	191	5.70371916246362	7.19211417086977
69	WGN39	6.45000000000003	0.266440239821542	191	5.92445675440758	6.97554324559248
73	WGN39	6.75208333333336	0.377293711140618	191	6.00788582913028	7.49628083753644
74	WGN39	7.15208333333336	0.377293711140618	191	6.40788582913028	7.89628083753644
75	WGN39	6.45000000000003	0.266440239821542	191	5.92445675440758	6.97554324559248
76	WGN39	7.05208333333336	0.37729371114062	191	6.30788582913028	7.79628083753644
78	WGN39	6.05208333333337	0.377293711140617	191	5.30788582913029	6.79628083753644
79	WGN39	6.75208333333336	0.377293711140618	191	6.00788582913028	7.49628083753644
81	WGN39	6.84791666666669	0.377293711140618	191	6.10371916246362	7.59211417086977
84	WGN39	6.84791666666669	0.377293711140617	191	6.10371916246362	7.59211417086977
86	WGN39	6.94791666666669	0.377293711140617	191	6.20371916246362	7.69211417086977
90	WGN39	6.35208333333336	0.377293711140619	191	5.60788582913028	7.09628083753643
98	WGN39	6.95000000000003	0.266440239821543	191	6.42445675440758	7.47554324559248
102	WGN39	6.95208333333336	0.37729371114062	191	6.20788582913028	7.69628083753644
107	WGN39	7.05208333333336	0.377293711140619	191	6.30788582913028	7.79628083753644
108	WGN39	8.30000000000003	0.266440239821542	191	7.77445675440758	8.82554324559248
110	WGN39	5.85208333333336	0.377293711140618	191	5.10788582913028	6.59628083753644
112	WGN39	7.75000000000003	0.266440239821541	191	7.22445675440758	8.27554324559248
115	WGN39	7.25000000000003	0.266440239821542	191	6.72445675440758	7.77554324559248
118	WGN39	6.90000000000003	0.266440239821542	191	6.37445675440758	7.42554324559248
122	WGN39	6.90000000000003	0.266440239821542	191	6.37445675440758	7.42554324559248
125	WGN39	6.55000000000003	0.266440239821542	191	6.02445675440758	7.07554324559248
130	WGN39	7.15208333333334	0.377293711140624	191	6.40788582913025	7.89628083753643
1	WGN45	5.55208333333334	0.377293711140618	191	4.80788582913026	6.29628083753642
4	WGN45	5.7	0.266440239821542	191	5.17445675440755	6.22554324559245
5	WGN45	6.44999999999999	0.266440239821541	191	5.92445675440754	6.97554324559244
6	WGN45	5.75208333333333	0.377293711140618	191	5.00788582913025	6.49628083753641
9	WGN45	6.65208333333333	0.377293711140618	191	5.90788582913025	7.39628083753641
11	WGN45	5.85208333333334	0.377293711140619	191	5.10788582913026	6.59628083753642
12	WGN45	6.25208333333334	0.377293711140619	191	5.50788582913026	6.99628083753642
13	WGN45	5.85	0.266440239821541	191	5.32445675440755	6.37554324559245
14	WGN45	5.75208333333333	0.377293711140614	191	5.00788582913026	6.4962808375364
15	WGN45	6.65208333333333	0.377293711140618	191	5.90788582913025	7.39628083753641
16	WGN45	5.45208333333333	0.377293711140616	191	4.70788582913026	6.19628083753641
17	WGN45	6.04791666666668	0.377293711140621	191	5.3037191624636	6.79211417086977
18	WGN45	6.05208333333333	0.377293711140621	191	5.30788582913025	6.79628083753642
20	WGN45	5.95208333333331	0.377293711140617	191	5.20788582913023	6.69628083753638
22	WGN45	5.75208333333333	0.377293711140619	191	5.00788582913025	6.49628083753641
28	WGN45	5.85208333333334	0.377293711140617	191	5.10788582913026	6.59628083753641
29	WGN45	8.05208333333334	0.377293711140619	191	7.30788582913027	8.79628083753642
31	WGN45	6.25208333333333	0.377293711140618	191	5.50788582913026	6.99628083753641
32	WGN45	6.65208333333334	0.377293711140619	191	5.90788582913026	7.39628083753642
34	WGN45	5.75208333333334	0.377293711140619	191	5.00788582913026	6.49628083753642
37	WGN45	6.45208333333334	0.37729371114062	191	5.70788582913026	7.19628083753642
40	WGN45	5.45208333333334	0.377293711140617	191	4.70788582913026	6.19628083753641
41	WGN45	5.6	0.266440239821543	191	5.07445675440754	6.12554324559245
43	WGN45	6.05208333333334	0.377293711140619	191	5.30788582913026	6.79628083753642
46	WGN45	5.7	0.266440239821542	191	5.17445675440755	6.22554324559245
47	WGN45	6.05208333333333	0.377293711140617	191	5.30788582913025	6.7962808375364
48	WGN45	5.05208333333334	0.377293711140618	191	4.30788582913026	5.79628083753642
49	WGN45	6.55208333333333	0.377293711140618	191	5.80788582913025	7.29628083753641
50	WGN45	6.15	0.266440239821541	191	5.62445675440755	6.67554324559245
53	WGN45	6.65208333333333	0.377293711140618	191	5.90788582913025	7.39628083753641
56	WGN45	6.25208333333334	0.377293711140619	191	5.50788582913026	6.99628083753642
58	WGN45	5.99999999999999	0.266440239821542	191	5.47445675440754	6.52554324559245
59	WGN45	5.35208333333334	0.377293711140617	191	4.60788582913026	6.09628083753641
61	WGN45	5.85208333333333	0.377293711140618	191	5.10788582913025	6.59628083753641
62	WGN45	5.25208333333333	0.377293711140617	191	4.50788582913026	5.99628083753641
64	WGN45	5.95208333333333	0.377293711140618	191	5.20788582913026	6.69628083753641
66	WGN45	5.54791666666667	0.377293711140618	191	4.80371916246359	6.29211417086974
68	WGN45	6.44791666666667	0.377293711140619	191	5.70371916246359	7.19211417086975
71	WGN45	6.44791666666667	0.377293711140618	191	5.70371916246359	7.19211417086975
74	WGN45	5.95208333333333	0.377293711140618	191	5.20788582913026	6.69628083753641
75	WGN45	6.1	0.266440239821542	191	5.57445675440755	6.62554324559245
76	WGN45	6.05	0.266440239821542	191	5.52445675440755	6.57554324559245
78	WGN45	5.75208333333333	0.377293711140617	191	5.00788582913026	6.49628083753641
80	WGN45	5.65	0.266440239821541	191	5.12445675440755	6.17554324559245
81	WGN45	6.5	0.266440239821543	191	5.97445675440755	7.02554324559245
84	WGN45	5.54791666666666	0.377293711140618	191	4.80371916246358	6.29211417086974
88	WGN45	6.09999999999999	0.266440239821541	191	5.57445675440754	6.62554324559244
90	WGN45	5.74791666666666	0.377293711140619	191	5.00371916246358	6.49211417086974
92	WGN45	6.35	0.266440239821542	191	5.82445675440755	6.87554324559245
93	WGN45	4.85208333333333	0.377293711140618	191	4.10788582913025	5.5962808375364
94	WGN45	6.44791666666667	0.377293711140619	191	5.70371916246359	7.19211417086975
95	WGN45	8.35208333333332	0.377293711140618	191	7.60788582913024	9.0962808375364
98	WGN45	5.75208333333333	0.377293711140617	191	5.00788582913025	6.49628083753641
100	WGN45	6.35208333333334	0.377293711140618	191	5.60788582913026	7.09628083753642
101	WGN45	6.05208333333333	0.377293711140618	191	5.30788582913025	6.79628083753641
104	WGN45	6.55208333333333	0.377293711140618	191	5.80788582913025	7.29628083753641
106	WGN45	5.8	0.266440239821542	191	5.27445675440755	6.32554324559245
107	WGN45	6.25208333333333	0.377293711140618	191	5.50788582913026	6.99628083753641
108	WGN45	6.55208333333333	0.377293711140618	191	5.80788582913025	7.29628083753641
109	WGN45	6.05208333333333	0.377293711140618	191	5.30788582913025	6.79628083753641
117	WGN45	7.15208333333333	0.377293711140618	191	6.40788582913025	7.89628083753641
119	WGN45	6.15208333333333	0.377293711140617	191	5.40788582913026	6.89628083753641
120	WGN45	6.34791666666666	0.377293711140617	191	5.60371916246359	7.09211417086974
121	WGN45	5.75208333333333	0.377293711140617	191	5.00788582913026	6.49628083753641
122	WGN45	6.25208333333333	0.377293711140618	191	5.50788582913026	6.99628083753641
123	WGN45	6.55208333333333	0.377293711140618	191	5.80788582913025	7.29628083753641
126	WGN45	6	0.266440239821541	191	5.47445675440755	6.52554324559245
127	WGN45	4.95208333333333	0.377293711140618	191	4.20788582913025	5.69628083753641
1	WGN46	5.25	0.266440239821541	191	4.72445675440755	5.77554324559245
2	WGN46	5.75000000000001	0.266440239821542	191	5.22445675440756	6.27554324559246
3	WGN46	6.35000000000002	0.266440239821544	191	5.82445675440756	6.87554324559247
4	WGN46	6.55208333333334	0.377293711140619	191	5.80788582913026	7.29628083753642
6	WGN46	6.85208333333334	0.377293711140619	191	6.10788582913026	7.59628083753642
7	WGN46	6.75208333333334	0.37729371114062	191	6.00788582913026	7.49628083753642
9	WGN46	6.4	0.266440239821542	191	5.87445675440755	6.92554324559245
11	WGN46	6.45208333333334	0.377293711140618	191	5.70788582913026	7.19628083753642
13	WGN46	5.2	0.266440239821542	191	4.67445675440755	5.72554324559245
16	WGN46	6.05000000000001	0.266440239821543	191	5.52445675440755	6.57554324559246
17	WGN46	6.10000000000002	0.266440239821543	191	5.57445675440757	6.62554324559248
18	WGN46	6.55	0.266440239821543	191	6.02445675440754	7.07554324559245
19	WGN46	5.9	0.26644023982154	191	5.37445675440756	6.42554324559245
23	WGN46	7.35208333333334	0.377293711140619	191	6.60788582913026	8.09628083753642
24	WGN46	5.84791666666667	0.377293711140617	191	5.10371916246359	6.59211417086974
25	WGN46	6.25	0.266440239821542	191	5.72445675440755	6.77554324559245
26	WGN46	6.15208333333332	0.377293711140618	191	5.40788582913024	6.89628083753639
28	WGN46	6.75208333333333	0.377293711140618	191	6.00788582913025	7.49628083753641
30	WGN46	6.15	0.266440239821542	191	5.62445675440755	6.67554324559245
31	WGN46	6.15	0.266440239821542	191	5.62445675440755	6.67554324559245
32	WGN46	5.8	0.266440239821541	191	5.27445675440755	6.32554324559245
33	WGN46	5.94791666666667	0.377293711140618	191	5.20371916246359	6.69211417086975
34	WGN46	5.95208333333336	0.37729371114062	191	5.20788582913027	6.69628083753644
36	WGN46	6.75	0.266440239821542	191	6.22445675440755	7.27554324559245
37	WGN46	6.20000000000001	0.266440239821543	191	5.67445675440755	6.72554324559246
38	WGN46	5.4	0.266440239821543	191	4.87445675440754	5.92554324559245
40	WGN46	6.55208333333333	0.377293711140618	191	5.80788582913025	7.29628083753641
41	WGN46	5.5	0.266440239821542	191	4.97445675440755	6.02554324559245
43	WGN46	5.85208333333334	0.377293711140618	191	5.10788582913026	6.59628083753641
44	WGN46	6.05208333333334	0.377293711140619	191	5.30788582913026	6.79628083753642
46	WGN46	6.34999999999999	0.266440239821541	191	5.82445675440754	6.87554324559244
48	WGN46	6.55	0.266440239821542	191	6.02445675440755	7.07554324559245
49	WGN46	6.2	0.266440239821544	191	5.67445675440755	6.72554324559246
50	WGN46	5.6	0.266440239821543	191	5.07445675440755	6.12554324559245
52	WGN46	5.65208333333334	0.377293711140618	191	4.90788582913026	6.39628083753641
53	WGN46	5.45208333333333	0.377293711140617	191	4.70788582913025	6.19628083753641
55	WGN46	6.35208333333334	0.377293711140619	191	5.60788582913026	7.09628083753642
56	WGN46	6.64999999999999	0.266440239821541	191	6.12445675440754	7.17554324559244
59	WGN46	7.00000000000001	0.266440239821543	191	6.47445675440756	7.52554324559246
60	WGN46	5.65	0.266440239821543	191	5.12445675440754	6.17554324559245
61	WGN46	6.54999999999999	0.266440239821541	191	6.02445675440754	7.07554324559244
62	WGN46	6.7	0.266440239821542	191	6.17445675440755	7.22554324559245
63	WGN46	6.1	0.266440239821542	191	5.57445675440754	6.62554324559245
64	WGN46	6.75	0.266440239821543	191	6.22445675440755	7.27554324559246
65	WGN46	7.05208333333333	0.377293711140619	191	6.30788582913025	7.79628083753641
66	WGN46	6.05208333333333	0.377293711140618	191	5.30788582913025	6.7962808375364
68	WGN46	5.55208333333333	0.377293711140619	191	4.80788582913025	6.29628083753641
69	WGN46	6.25208333333334	0.377293711140619	191	5.50788582913026	6.99628083753641
70	WGN46	5.5	0.266440239821542	191	4.97445675440755	6.02554324559245
71	WGN46	6.25	0.266440239821542	191	5.72445675440755	6.77554324559245
72	WGN46	6.15	0.266440239821542	191	5.62445675440755	6.67554324559245
73	WGN46	6.29999999999999	0.266440239821542	191	5.77445675440754	6.82554324559244
78	WGN46	5.75208333333333	0.377293711140619	191	5.00788582913025	6.49628083753641
79	WGN46	6.94791666666666	0.377293711140617	191	6.20371916246358	7.69211417086973
80	WGN46	6.35208333333335	0.37729371114062	191	5.60788582913027	7.09628083753643
81	WGN46	6.35208333333334	0.37729371114062	191	5.60788582913026	7.09628083753642
83	WGN46	4.75208333333334	0.377293711140618	191	4.00788582913026	5.49628083753642
84	WGN46	5.55208333333333	0.377293711140618	191	4.80788582913025	6.29628083753641
85	WGN46	5.75208333333333	0.377293711140618	191	5.00788582913025	6.49628083753641
86	WGN46	6.25208333333333	0.377293711140618	191	5.50788582913025	6.99628083753641
87	WGN46	6.74791666666666	0.377293711140617	191	6.00371916246358	7.49211417086974
88	WGN46	6.15	0.266440239821542	191	5.62445675440754	6.67554324559245
89	WGN46	5.85208333333333	0.377293711140619	191	5.10788582913025	6.59628083753642
91	WGN46	6.3	0.266440239821542	191	5.77445675440755	6.82554324559245
92	WGN46	5.34791666666667	0.377293711140619	191	4.60371916246359	6.09211417086975
94	WGN46	6.05	0.266440239821542	191	5.52445675440755	6.57554324559245
95	WGN46	6.19999999999999	0.266440239821542	191	5.67445675440754	6.72554324559244
96	WGN46	6.45	0.266440239821542	191	5.92445675440755	6.97554324559246
98	WGN46	6.35	0.266440239821542	191	5.82445675440755	6.87554324559245
103	WGN46	6.35208333333333	0.377293711140618	191	5.60788582913025	7.09628083753641
104	WGN46	5.8	0.266440239821542	191	5.27445675440755	6.32554324559245
106	WGN46	5.9	0.266440239821542	191	5.37445675440755	6.42554324559245
107	WGN46	6.35208333333334	0.377293711140618	191	5.60788582913026	7.09628083753641
109	WGN46	5.8	0.266440239821542	191	5.27445675440755	6.32554324559245
112	WGN46	6.1	0.266440239821541	191	5.57445675440755	6.62554324559245
113	WGN46	5.65	0.266440239821542	191	5.12445675440755	6.17554324559245
114	WGN46	6.15208333333333	0.377293711140618	191	5.40788582913026	6.89628083753641
115	WGN46	6.64791666666667	0.377293711140618	191	5.90371916246359	7.39211417086974
116	WGN46	6.14791666666666	0.377293711140618	191	5.40371916246359	6.89211417086974
118	WGN46	5.55208333333333	0.377293711140618	191	4.80788582913025	6.29628083753641
119	WGN46	6.8	0.266440239821542	191	6.27445675440755	7.32554324559245
120	WGN46	6.95208333333334	0.377293711140618	191	6.20788582913026	7.69628083753642
121	WGN46	7.05	0.266440239821542	191	6.52445675440755	7.57554324559245
122	WGN46	5.8	0.266440239821542	191	5.27445675440755	6.32554324559245
123	WGN46	6.05	0.266440239821542	191	5.52445675440755	6.57554324559245
125	WGN46	6.84791666666667	0.377293711140618	191	6.10371916246359	7.59211417086974
126	WGN46	5.85208333333333	0.377293711140618	191	5.10788582913025	6.59628083753641
127	WGN46	6.25208333333333	0.377293711140618	191	5.50788582913026	6.99628083753641
128	WGN46	6.6	0.266440239821542	191	6.07445675440755	7.12554324559245
129	WGN46	6.65	0.266440239821542	191	6.12445675440755	7.17554324559245
1	WGN55	6.25	0.266440239821541	191	5.72445675440755	6.77554324559245
2	WGN55	5.25000000000001	0.266440239821542	191	4.72445675440756	5.77554324559246
3	WGN55	5.45208333333333	0.377293711140617	191	4.70788582913026	6.19628083753641
7	WGN55	5.45208333333334	0.377293711140616	191	4.70788582913027	6.19628083753642
9	WGN55	6.25208333333334	0.377293711140617	191	5.50788582913026	6.99628083753642
12	WGN55	5.94791666666667	0.377293711140618	191	5.20371916246359	6.69211417086974
13	WGN55	5.6	0.266440239821541	191	5.07445675440755	6.12554324559246
17	WGN55	6.25208333333331	0.377293711140617	191	5.50788582913024	6.99628083753639
18	WGN55	6.15000000000002	0.266440239821542	191	5.62445675440757	6.67554324559247
21	WGN55	5.34791666666667	0.377293711140617	191	4.60371916246359	6.09211417086974
23	WGN55	5.99999999999999	0.266440239821542	191	5.47445675440754	6.52554324559244
24	WGN55	5.90000000000001	0.266440239821542	191	5.37445675440756	6.42554324559246
25	WGN55	6.2	0.266440239821542	191	5.67445675440755	6.72554324559245
26	WGN55	5.94999999999999	0.266440239821541	191	5.42445675440754	6.47554324559244
27	WGN55	6.1	0.266440239821541	191	5.57445675440756	6.62554324559245
28	WGN55	6.05208333333333	0.377293711140617	191	5.30788582913025	6.79628083753641
29	WGN55	6.14791666666667	0.377293711140618	191	5.40371916246359	6.89211417086974
31	WGN55	5.75208333333333	0.377293711140617	191	5.00788582913026	6.49628083753641
32	WGN55	5.75208333333334	0.377293711140616	191	5.00788582913027	6.49628083753641
33	WGN55	5.74791666666667	0.377293711140618	191	5.00371916246359	6.49211417086975
37	WGN55	6.75208333333333	0.377293711140617	191	6.00788582913026	7.49628083753641
40	WGN55	5.85208333333334	0.377293711140618	191	5.10788582913026	6.59628083753642
41	WGN55	6.05	0.266440239821541	191	5.52445675440755	6.57554324559245
42	WGN55	5.75	0.266440239821541	191	5.22445675440756	6.27554324559245
43	WGN55	5.75	0.266440239821542	191	5.22445675440755	6.27554324559245
47	WGN55	6.15208333333334	0.377293711140617	191	5.40788582913027	6.89628083753642
54	WGN55	6.25208333333333	0.377293711140618	191	5.50788582913026	6.99628083753641
55	WGN55	5.65208333333333	0.377293711140618	191	4.90788582913026	6.39628083753641
58	WGN55	6.35208333333334	0.377293711140618	191	5.60788582913026	7.09628083753642
72	WGN55	5.7	0.266440239821541	191	5.17445675440755	6.22554324559245
73	WGN55	6.45208333333334	0.377293711140618	191	5.70788582913026	7.19628083753641
74	WGN55	6.45208333333333	0.377293711140617	191	5.70788582913026	7.19628083753641
76	WGN55	5.75208333333334	0.377293711140617	191	5.00788582913026	6.49628083753641
77	WGN55	4.75208333333333	0.377293711140618	191	4.00788582913026	5.49628083753641
82	WGN55	5.45	0.266440239821542	191	4.92445675440755	5.97554324559245
83	WGN55	5.75208333333333	0.377293711140618	191	5.00788582913026	6.49628083753641
85	WGN55	6.04791666666667	0.377293711140617	191	5.30371916246359	6.79211417086974
89	WGN55	5.3	0.266440239821542	191	4.77445675440755	5.82554324559245
92	WGN55	5.6	0.266440239821542	191	5.07445675440755	6.12554324559245
95	WGN55	5.6	0.266440239821542	191	5.07445675440755	6.12554324559245
97	WGN55	5.6	0.266440239821542	191	5.07445675440755	6.12554324559245
100	WGN55	5.7	0.266440239821542	191	5.17445675440755	6.22554324559245
101	WGN55	5.6	0.266440239821542	191	5.07445675440755	6.12554324559245
102	WGN55	5.75	0.266440239821542	191	5.22445675440755	6.27554324559245
103	WGN55	5.75	0.266440239821542	191	5.22445675440755	6.27554324559245
105	WGN55	6.55208333333333	0.377293711140618	191	5.80788582913026	7.29628083753641
108	WGN55	5.95208333333334	0.377293711140618	191	5.20788582913026	6.69628083753641
111	WGN55	5.35208333333334	0.377293711140618	191	4.60788582913026	6.09628083753642
112	WGN55	5.75	0.266440239821542	191	5.22445675440755	6.27554324559245
114	WGN55	5.75208333333333	0.377293711140618	191	5.00788582913026	6.49628083753641
115	WGN55	6.15	0.266440239821542	191	5.62445675440755	6.67554324559245
119	WGN55	6.05	0.266440239821542	191	5.52445675440755	6.57554324559245
120	WGN55	6.95208333333334	0.377293711140618	191	6.20788582913026	7.69628083753641
121	WGN55	5.5	0.266440239821542	191	4.97445675440755	6.02554324559245
122	WGN55	6.55208333333333	0.377293711140618	191	5.80788582913026	7.29628083753641
126	WGN55	5.65208333333334	0.377293711140618	191	4.90788582913026	6.39628083753641
128	WGN55	5.6	0.266440239821542	191	5.07445675440755	6.12554324559245
130	WGN55	5.55	0.266440239821542	191	5.02445675440755	6.07554324559245
1	WGN63	6.75208333333333	0.37729371114062	191	6.00788582913025	7.49628083753642
3	WGN63	7.05208333333334	0.377293711140618	191	6.30788582913026	7.79628083753642
5	WGN63	5.95208333333334	0.377293711140618	191	5.20788582913026	6.69628083753642
6	WGN63	6.40000000000001	0.266440239821542	191	5.87445675440756	6.92554324559246
10	WGN63	6.44791666666666	0.377293711140619	191	5.70371916246358	7.19211417086974
12	WGN63	8.25208333333334	0.377293711140619	191	7.50788582913026	8.99628083753642
13	WGN63	7.45208333333334	0.377293711140618	191	6.70788582913026	8.19628083753641
23	WGN63	7.45208333333333	0.377293711140618	191	6.70788582913025	8.19628083753641
28	WGN63	6.85208333333334	0.377293711140618	191	6.10788582913027	7.59628083753642
29	WGN63	6.75208333333334	0.377293711140618	191	6.00788582913026	7.49628083753642
30	WGN63	7.05208333333334	0.377293711140617	191	6.30788582913026	7.79628083753641
34	WGN63	7.25208333333334	0.377293711140618	191	6.50788582913026	7.99628083753642
39	WGN63	8.05208333333334	0.377293711140618	191	7.30788582913026	8.79628083753641
41	WGN63	6.45208333333333	0.377293711140618	191	5.70788582913026	7.19628083753641
44	WGN63	6.25208333333333	0.377293711140617	191	5.50788582913025	6.99628083753641
49	WGN63	7.05208333333334	0.377293711140618	191	6.30788582913026	7.79628083753641
50	WGN63	7.35208333333334	0.377293711140617	191	6.60788582913026	8.09628083753641
53	WGN63	7.15	0.266440239821542	191	6.62445675440755	7.67554324559245
54	WGN63	7.7	0.266440239821542	191	7.17445675440755	8.22554324559245
58	WGN63	7.65208333333333	0.377293711140617	191	6.90788582913025	8.39628083753641
61	WGN63	7.25208333333334	0.377293711140617	191	6.50788582913026	7.99628083753641
62	WGN63	6.75208333333334	0.377293711140618	191	6.00788582913026	7.49628083753641
65	WGN63	6.6	0.266440239821542	191	6.07445675440755	7.12554324559245
68	WGN63	6.85208333333334	0.377293711140617	191	6.10788582913026	7.59628083753641
69	WGN63	7.35208333333333	0.377293711140617	191	6.60788582913025	8.09628083753641
75	WGN63	7.65	0.266440239821542	191	7.12445675440755	8.17554324559245
82	WGN63	6.35208333333333	0.377293711140617	191	5.60788582913025	7.09628083753641
83	WGN63	8.05	0.266440239821542	191	7.52445675440755	8.57554324559245
84	WGN63	6.65208333333334	0.377293711140617	191	5.90788582913026	7.39628083753641
92	WGN63	7.35208333333333	0.377293711140617	191	6.60788582913026	8.09628083753641
97	WGN63	7.24791666666667	0.377293711140618	191	6.50371916246359	7.99211417086974
105	WGN63	6.3	0.266440239821542	191	5.77445675440755	6.82554324559245
112	WGN63	6.65208333333334	0.377293711140617	191	5.90788582913026	7.39628083753641
114	WGN63	6.6	0.266440239821542	191	6.07445675440755	7.12554324559245
119	WGN63	7	0.266440239821542	191	6.47445675440755	7.52554324559245
123	WGN63	7.45208333333333	0.377293711140617	191	6.70788582913026	8.19628083753641
130	WGN63	7.45208333333333	0.377293711140617	191	6.70788582913026	8.19628083753641
