plantID3	famID	emmean	SE	df	lower.CL	upper.CL
1	WGN07	6.29999999999615	0.269376398908154	1136	5.77146884039157	6.82853115960073
2	WGN07	7.34999999999986	0.269376398908247	1136	6.8214688403951	7.87853115960462
3	WGN07	7.59999999999827	0.269376398908267	1136	7.07146884039347	8.12853115960307
4	WGN07	6.69999999999951	0.269376398908256	1136	6.17146884039474	7.22853115960429
5	WGN07	7.40000000000035	0.269376398908264	1136	6.87146884039556	7.92853115960515
6	WGN07	5.94999999999989	0.269376398908246	1136	5.42146884039513	6.47853115960464
7	WGN07	7.04999999999997	0.269376398908255	1136	6.52146884039519	7.57853115960474
8	WGN07	7.3999999999999	0.269376398908249	1136	6.87146884039514	7.92853115960466
9	WGN07	7.7499999999999	0.269376398908253	1136	7.22146884039512	8.27853115960467
10	WGN07	6.59999999999988	0.269376398908251	1136	6.07146884039511	7.12853115960464
11	WGN07	6.84999999999989	0.269376398908247	1136	6.32146884039513	7.37853115960465
12	WGN07	6.59999999999988	0.269376398908256	1136	6.0714688403951	7.12853115960465
13	WGN07	6.59999999999987	0.269376398908257	1136	6.07146884039509	7.12853115960465
14	WGN07	7.34999999999989	0.269376398908253	1136	6.82146884039512	7.87853115960466
15	WGN07	7.29999999999993	0.269376398908258	1136	6.77146884039515	7.82853115960472
16	WGN07	7.19999999999994	0.269376398908263	1136	6.67146884039515	7.72853115960473
17	WGN07	7.49999999999994	0.269376398908253	1136	6.97146884039517	8.02853115960471
18	WGN07	8.04999999999991	0.269376398908249	1136	7.52146884039514	8.57853115960467
20	WGN07	6.04999999999991	0.269376398908249	1136	5.52146884039514	6.57853115960467
21	WGN07	7.09999999999989	0.26937639890825	1136	6.57146884039512	7.62853115960465
22	WGN07	6.89999999999994	0.269376398908247	1136	6.37146884039518	7.4285311596047
23	WGN07	6.84999999999989	0.269376398908246	1136	6.32146884039513	7.37853115960465
24	WGN07	7.04999999999989	0.269376398908243	1136	6.52146884039514	7.57853115960465
25	WGN07	6.59999999999989	0.269376398908251	1136	6.07146884039513	7.12853115960466
26	WGN07	7.1499999999999	0.269376398908249	1136	6.62146884039514	7.67853115960467
27	WGN07	7.99999999999985	0.269376398908248	1136	7.47146884039509	8.52853115960461
28	WGN07	6.69999999999987	0.26937639890824	1136	6.17146884039512	7.22853115960461
29	WGN07	6.39999999999989	0.269376398908241	1136	5.87146884039514	6.92853115960464
30	WGN07	6.89999999999989	0.26937639890825	1136	6.37146884039513	7.42853115960466
31	WGN07	6.59999999999989	0.269376398908246	1136	6.07146884039513	7.12853115960465
32	WGN07	6.89999999999992	0.269376398908255	1136	6.37146884039514	7.4285311596047
33	WGN07	6.84999999999992	0.269376398908254	1136	6.32146884039515	7.37853115960469
34	WGN07	8.24999999999989	0.269376398908249	1136	7.72146884039513	8.77853115960465
35	WGN07	7.64999999999989	0.269376398908249	1136	7.12146884039513	8.17853115960466
36	WGN07	6.99999999999999	0.269376398908252	1136	6.47146884039522	7.52853115960476
37	WGN07	6.34999999999992	0.269376398908258	1136	5.82146884039514	6.8785311596047
38	WGN07	7.49999999999982	0.269376398908253	1136	6.97146884039505	8.02853115960459
39	WGN07	6.14999999999987	0.26937639890825	1136	5.62146884039511	6.67853115960464
40	WGN07	6.54999999999989	0.269376398908248	1136	6.02146884039513	7.07853115960465
41	WGN07	7.44999999999993	0.269376398908243	1136	6.92146884039518	7.97853115960469
42	WGN07	6.5999999999999	0.269376398908248	1136	6.07146884039514	7.12853115960466
44	WGN07	6.39999999999991	0.269376398908249	1136	5.87146884039515	6.92853115960468
46	WGN07	7.14999999999989	0.269376398908253	1136	6.62146884039512	7.67853115960467
47	WGN07	6.44999999999987	0.269376398908245	1136	5.92146884039511	6.97853115960462
48	WGN07	7.34999999999988	0.269376398908246	1136	6.82146884039512	7.87853115960463
49	WGN07	8.44999999999988	0.269376398908249	1136	7.92146884039512	8.97853115960464
50	WGN07	7.1499999999999	0.269376398908247	1136	6.62146884039514	7.67853115960465
51	WGN07	6.49999999999988	0.26937639890825	1136	5.97146884039512	7.02853115960465
52	WGN07	7.04999999999991	0.269376398908255	1136	6.52146884039514	7.57853115960469
53	WGN07	6.69999999999991	0.269376398908246	1136	6.17146884039516	7.22853115960467
54	WGN07	6.94665787159179	0.381039510871472	1136	6.19903760733573	7.69427813584785
55	WGN07	6.69999999999987	0.269376398908252	1136	6.1714688403951	7.22853115960464
56	WGN07	7.34999999999986	0.269376398908249	1136	6.8214688403951	7.87853115960462
57	WGN07	7.09999999999983	0.269376398908239	1136	6.57146884039509	7.62853115960458
58	WGN07	8.14999999999988	0.269376398908248	1136	7.62146884039512	8.67853115960465
59	WGN07	6.49999999999989	0.269376398908251	1136	5.97146884039513	7.02853115960466
60	WGN07	6.64999999999988	0.269376398908253	1136	6.12146884039511	7.17853115960465
61	WGN07	6.9999999999999	0.269376398908249	1136	6.47146884039513	7.52853115960466
62	WGN07	7.55334212840802	0.381039510871493	1136	6.80572186415192	8.30096239266412
63	WGN07	6.3999999999998	0.269376398908252	1136	5.87146884039503	6.92853115960457
64	WGN07	6.99999999999988	0.269376398908254	1136	6.4714688403951	7.52853115960465
66	WGN07	7.19999999999989	0.269376398908247	1136	6.67146884039513	7.72853115960465
67	WGN07	7.0999999999999	0.269376398908251	1136	6.57146884039513	7.62853115960466
68	WGN07	6.09999999999988	0.26937639890825	1136	5.57146884039512	6.62853115960465
69	WGN07	7.14999999999989	0.269376398908248	1136	6.62146884039513	7.67853115960465
71	WGN07	7.94999999999984	0.269376398908244	1136	7.42146884039509	8.47853115960459
73	WGN07	6.8499999999999	0.269376398908246	1136	6.32146884039514	7.37853115960466
74	WGN07	7.09999999999989	0.26937639890825	1136	6.57146884039513	7.62853115960465
75	WGN07	6.79999999999987	0.269376398908246	1136	6.27146884039511	7.32853115960463
76	WGN07	6.74999999999992	0.269376398908252	1136	6.22146884039515	7.27853115960469
77	WGN07	7.14999999999989	0.269376398908249	1136	6.62146884039513	7.67853115960466
78	WGN07	6.89999999999989	0.269376398908253	1136	6.37146884039511	7.42853115960466
79	WGN07	7.24999999999985	0.269376398908244	1136	6.7214688403951	7.77853115960461
80	WGN07	7.54999999999991	0.269376398908255	1136	7.02146884039513	8.07853115960468
81	WGN07	6.49999999999984	0.269376398908243	1136	5.97146884039509	7.02853115960459
82	WGN07	6.79999999999989	0.269376398908247	1136	6.27146884039513	7.32853115960465
83	WGN07	6.49999999999989	0.269376398908252	1136	5.97146884039512	7.02853115960466
84	WGN07	7.59999999999985	0.269376398908249	1136	7.07146884039509	8.12853115960462
85	WGN07	7.6999999999999	0.26937639890825	1136	7.17146884039513	8.22853115960466
86	WGN07	7.24999999999989	0.269376398908252	1136	6.72146884039512	7.77853115960466
87	WGN07	7.34999999999989	0.269376398908251	1136	6.82146884039512	7.87853115960466
88	WGN07	6.94999999999989	0.269376398908249	1136	6.42146884039513	7.47853115960465
89	WGN07	7.0499999999999	0.269376398908249	1136	6.52146884039513	7.57853115960466
90	WGN07	7.49999999999992	0.269376398908258	1136	6.97146884039514	8.0285311596047
91	WGN07	7.39999999999991	0.269376398908251	1136	6.87146884039514	7.92853115960468
92	WGN07	6.89999999999987	0.269376398908249	1136	6.3714688403951	7.42853115960463
93	WGN07	7.39999999999983	0.269376398908244	1136	6.87146884039508	7.92853115960458
94	WGN07	6.94999999999989	0.269376398908246	1136	6.42146884039513	7.47853115960464
95	WGN07	7.34999999999986	0.269376398908241	1136	6.82146884039511	7.87853115960461
96	WGN07	6.84999999999989	0.26937639890825	1136	6.32146884039513	7.37853115960466
97	WGN07	7.39999999999987	0.269376398908246	1136	6.87146884039511	7.92853115960463
98	WGN07	6.94999999999988	0.269376398908247	1136	6.42146884039512	7.47853115960464
99	WGN07	7.59999999999986	0.269376398908253	1136	7.07146884039509	8.12853115960463
100	WGN07	6.74999999999989	0.269376398908251	1136	6.22146884039512	7.27853115960466
101	WGN07	7.1499999999999	0.269376398908253	1136	6.62146884039513	7.67853115960467
102	WGN07	7.24999999999987	0.269376398908244	1136	6.72146884039512	7.77853115960463
103	WGN07	6.99999999999987	0.269376398908252	1136	6.4714688403951	7.52853115960464
104	WGN07	7.29999999999991	0.269376398908251	1136	6.77146884039514	7.82853115960468
105	WGN07	6.6999999999999	0.269376398908251	1136	6.17146884039514	7.22853115960467
106	WGN07	7.19999999999989	0.26937639890825	1136	6.67146884039513	7.72853115960466
107	WGN07	7.1499999999999	0.269376398908252	1136	6.62146884039513	7.67853115960467
108	WGN07	7.09999999999989	0.269376398908247	1136	6.57146884039513	7.62853115960465
109	WGN07	6.9499999999999	0.269376398908252	1136	6.42146884039513	7.47853115960467
110	WGN07	7.29999999999993	0.269376398908252	1136	6.77146884039516	7.8285311596047
111	WGN07	7.19999999999989	0.26937639890825	1136	6.67146884039513	7.72853115960466
112	WGN07	7.0999999999999	0.26937639890825	1136	6.57146884039513	7.62853115960467
113	WGN07	7.0999999999999	0.269376398908256	1136	6.57146884039512	7.62853115960468
114	WGN07	6.3499999999999	0.269376398908247	1136	5.82146884039514	6.87853115960466
115	WGN07	7.19999999999989	0.269376398908247	1136	6.67146884039513	7.72853115960465
116	WGN07	7.24999999999989	0.269376398908251	1136	6.72146884039512	7.77853115960466
117	WGN07	6.24999999999988	0.269376398908249	1136	5.72146884039511	6.77853115960464
118	WGN07	6.84999999999991	0.26937639890825	1136	6.32146884039514	7.37853115960467
119	WGN07	7.04999999999991	0.269376398908253	1136	6.52146884039513	7.57853115960468
120	WGN07	6.84999999999991	0.26937639890825	1136	6.32146884039514	7.37853115960467
121	WGN07	6.24999999999989	0.269376398908248	1136	5.72146884039513	6.77853115960465
122	WGN07	6.253342128408	0.381039510871468	1136	5.50572186415194	7.00096239266405
123	WGN07	6.79999999999989	0.269376398908248	1136	6.27146884039513	7.32853115960465
124	WGN07	7.44999999999989	0.269376398908251	1136	6.92146884039513	7.97853115960466
125	WGN07	6.54999999999989	0.269376398908251	1136	6.02146884039512	7.07853115960465
126	WGN07	7.04999999999987	0.26937639890825	1136	6.52146884039511	7.57853115960464
127	WGN07	8.1999999999999	0.269376398908247	1136	7.67146884039514	8.72853115960466
128	WGN07	6.84999999999989	0.269376398908251	1136	6.32146884039513	7.37853115960466
129	WGN07	7.6999999999999	0.269376398908253	1136	7.17146884039512	8.22853115960467
130	WGN07	6.7499999999999	0.269376398908251	1136	6.22146884039513	7.27853115960467
1	WGN15	6.84999999999991	0.269376398908242	1136	6.32146884039516	7.37853115960466
2	WGN15	7.84999999999996	0.269376398908259	1136	7.32146884039518	8.37853115960474
3	WGN15	8.64999999999985	0.26937639890825	1136	8.12146884039508	9.17853115960462
4	WGN15	6.94999999999987	0.269376398908245	1136	6.42146884039511	7.47853115960462
5	WGN15	8.39999999999994	0.269376398908257	1136	7.87146884039517	8.92853115960472
7	WGN15	7.49999999999986	0.269376398908247	1136	6.9714688403951	8.02853115960462
8	WGN15	9.29999999999997	0.269376398908256	1136	8.77146884039519	9.82853115960475
9	WGN15	7.7499999999999	0.269376398908253	1136	7.22146884039513	8.27853115960467
10	WGN15	7.69999999999991	0.269376398908257	1136	7.17146884039513	8.22853115960469
11	WGN15	7.49999999999986	0.269376398908252	1136	6.97146884039509	8.02853115960463
12	WGN15	8.74999999999993	0.269376398908253	1136	8.22146884039516	9.27853115960471
13	WGN15	8.84999999999974	0.26937639890824	1136	8.32146884039499	9.37853115960448
14	WGN15	8.14999999999991	0.269376398908251	1136	7.62146884039514	8.67853115960467
15	WGN15	7.74999999999989	0.269376398908255	1136	7.22146884039511	8.27853115960466
16	WGN15	7.59999999999984	0.269376398908243	1136	7.07146884039508	8.12853115960459
17	WGN15	7.35334212840795	0.381039510871482	1136	6.60572186415188	8.10096239266403
18	WGN15	8.04999999999987	0.26937639890825	1136	7.5214688403951	8.57853115960464
19	WGN15	7.39999999999991	0.269376398908255	1136	6.87146884039513	7.92853115960468
20	WGN15	7.8499999999999	0.269376398908256	1136	7.32146884039512	8.37853115960467
21	WGN15	8.04999999999989	0.269376398908253	1136	7.52146884039512	8.57853115960466
22	WGN15	7.54999999999986	0.269376398908249	1136	7.0214688403951	8.07853115960463
23	WGN15	7.39999999999985	0.269376398908248	1136	6.87146884039509	7.92853115960461
24	WGN15	6.15334212840799	0.381039510871479	1136	5.40572186415192	6.90096239266407
25	WGN15	8.14999999999992	0.269376398908254	1136	7.62146884039515	8.67853115960469
26	WGN15	7.44999999999992	0.269376398908251	1136	6.92146884039515	7.97853115960469
27	WGN15	7.14999999999988	0.269376398908255	1136	6.62146884039511	7.67853115960466
28	WGN15	8.44999999999988	0.269376398908252	1136	7.92146884039511	8.97853115960465
29	WGN15	7.34999999999987	0.26937639890825	1136	6.82146884039511	7.87853115960464
30	WGN15	8.19999999999983	0.269376398908245	1136	7.67146884039507	8.72853115960458
31	WGN15	7.95334212840798	0.381039510871487	1136	7.20572186415189	8.70096239266407
32	WGN15	8.09999999999986	0.269376398908248	1136	7.5714688403951	8.62853115960462
33	WGN15	7.79999999999991	0.269376398908254	1136	7.27146884039514	8.32853115960469
34	WGN15	7.44999999999985	0.269376398908245	1136	6.9214688403951	7.97853115960461
35	WGN15	7.89999999999987	0.269376398908248	1136	7.37146884039511	8.42853115960463
36	WGN15	7.69999999999987	0.26937639890825	1136	7.1714688403951	8.22853115960463
37	WGN15	8.69999999999986	0.269376398908252	1136	8.17146884039509	9.22853115960463
38	WGN15	6.54999999999983	0.269376398908258	1136	6.02146884039505	7.07853115960461
39	WGN15	7.49999999999986	0.269376398908252	1136	6.97146884039509	8.02853115960463
40	WGN15	7.49999999999987	0.26937639890825	1136	6.9714688403951	8.02853115960463
41	WGN15	8.2499999999999	0.269376398908254	1136	7.72146884039512	8.77853115960467
43	WGN15	7.94999999999983	0.269376398908249	1136	7.42146884039507	8.4785311596046
44	WGN15	7.44999999999986	0.269376398908249	1136	6.9214688403951	7.97853115960462
45	WGN15	7.64999999999986	0.269376398908249	1136	7.1214688403951	8.17853115960463
46	WGN15	7.69999999999988	0.269376398908251	1136	7.17146884039511	8.22853115960464
47	WGN15	7.39999999999988	0.269376398908253	1136	6.87146884039511	7.92853115960466
48	WGN15	7.79999999999991	0.269376398908257	1136	7.27146884039513	8.32853115960469
50	WGN15	8.19999999999985	0.269376398908247	1136	7.67146884039509	8.72853115960461
51	WGN15	6.9499999999999	0.269376398908248	1136	6.42146884039514	7.47853115960466
52	WGN15	7.74999999999988	0.269376398908251	1136	7.22146884039511	8.27853115960465
53	WGN15	7.69999999999988	0.269376398908252	1136	7.17146884039512	8.22853115960466
54	WGN15	8.45334212840798	0.381039510871487	1136	7.70572186415189	9.20096239266407
55	WGN15	7.49999999999987	0.269376398908246	1136	6.97146884039511	8.02853115960463
56	WGN15	7.64999999999987	0.26937639890825	1136	7.1214688403951	8.17853115960464
57	WGN15	7.14999999999987	0.269376398908249	1136	6.62146884039511	7.67853115960464
58	WGN15	7.74999999999989	0.269376398908253	1136	7.22146884039512	8.27853115960466
59	WGN15	7.84999999999992	0.269376398908259	1136	7.32146884039513	8.3785311596047
60	WGN15	8.19999999999983	0.269376398908249	1136	7.67146884039507	8.7285311596046
61	WGN15	7.7499999999999	0.269376398908251	1136	7.22146884039513	8.27853115960467
62	WGN15	8.29999999999986	0.269376398908249	1136	7.7714688403951	8.82853115960462
63	WGN15	7.54999999999988	0.269376398908258	1136	7.0214688403951	8.07853115960467
64	WGN15	6.79999999999987	0.269376398908247	1136	6.27146884039511	7.32853115960463
65	WGN15	7.29999999999987	0.269376398908246	1136	6.77146884039511	7.82853115960462
66	WGN15	7.24999999999988	0.269376398908249	1136	6.72146884039511	7.77853115960464
67	WGN15	8.09999999999987	0.269376398908251	1136	7.5714688403951	8.62853115960463
69	WGN15	7.69999999999988	0.26937639890826	1136	7.1714688403951	8.22853115960467
70	WGN15	7.44999999999986	0.269376398908248	1136	6.9214688403951	7.97853115960462
71	WGN15	7.14999999999987	0.269376398908249	1136	6.6214688403951	7.67853115960463
72	WGN15	7.84999999999985	0.269376398908249	1136	7.32146884039508	8.37853115960461
73	WGN15	7.74999999999986	0.269376398908254	1136	7.22146884039509	8.27853115960463
74	WGN15	7.79999999999987	0.269376398908249	1136	7.2714688403951	8.32853115960463
75	WGN15	7.69999999999988	0.269376398908254	1136	7.1714688403951	8.22853115960465
77	WGN15	7.19999999999987	0.26937639890825	1136	6.67146884039511	7.72853115960464
78	WGN15	7.54999999999987	0.269376398908246	1136	7.02146884039511	8.07853115960463
79	WGN15	7.84999999999987	0.269376398908249	1136	7.32146884039511	8.37853115960463
80	WGN15	8.09999999999988	0.26937639890825	1136	7.57146884039511	8.62853115960464
81	WGN15	8.14999999999988	0.269376398908251	1136	7.62146884039511	8.67853115960464
82	WGN15	7.09999999999988	0.269376398908252	1136	6.57146884039511	7.62853115960465
83	WGN15	8.7499999999999	0.269376398908251	1136	8.22146884039513	9.27853115960467
84	WGN15	7.44999999999985	0.269376398908249	1136	6.92146884039509	7.97853115960461
85	WGN15	8.1999999999999	0.269376398908253	1136	7.67146884039513	8.72853115960467
86	WGN15	8.19999999999987	0.269376398908251	1136	7.6714688403951	8.72853115960463
87	WGN15	7.39999999999987	0.269376398908251	1136	6.8714688403951	7.92853115960463
88	WGN15	7.64999999999987	0.269376398908252	1136	7.1214688403951	8.17853115960463
89	WGN15	8.09999999999986	0.26937639890825	1136	7.5714688403951	8.62853115960462
90	WGN15	8.54999999999984	0.269376398908248	1136	8.02146884039508	9.0785311596046
91	WGN15	8.19999999999986	0.26937639890825	1136	7.67146884039509	8.72853115960462
92	WGN15	7.69999999999988	0.269376398908246	1136	7.17146884039512	8.22853115960463
93	WGN15	7.94999999999986	0.269376398908251	1136	7.42146884039509	8.47853115960462
94	WGN15	7.99999999999986	0.269376398908249	1136	7.47146884039509	8.52853115960462
95	WGN15	7.84999999999988	0.269376398908252	1136	7.32146884039511	8.37853115960465
96	WGN15	8.24999999999987	0.269376398908253	1136	7.7214688403951	8.77853115960464
97	WGN15	7.14999999999988	0.269376398908251	1136	6.62146884039511	7.67853115960464
98	WGN15	7.24999999999988	0.269376398908255	1136	6.72146884039511	7.77853115960466
99	WGN15	7.79999999999987	0.269376398908252	1136	7.2714688403951	8.32853115960464
100	WGN15	7.99999999999987	0.269376398908252	1136	7.4714688403951	8.52853115960464
101	WGN15	8.04999999999987	0.269376398908251	1136	7.52146884039511	8.57853115960464
102	WGN15	7.69999999999987	0.269376398908251	1136	7.1714688403951	8.22853115960464
103	WGN15	7.24999999999987	0.26937639890825	1136	6.7214688403951	7.77853115960463
104	WGN15	7.94999999999987	0.26937639890825	1136	7.4214688403951	8.47853115960463
106	WGN15	7.39999999999987	0.26937639890825	1136	6.8714688403951	7.92853115960463
107	WGN15	7.39999999999989	0.269376398908252	1136	6.87146884039513	7.92853115960466
108	WGN15	8.79999999999987	0.269376398908246	1136	8.27146884039511	9.32853115960462
109	WGN15	7.09999999999985	0.269376398908251	1136	6.57146884039509	7.62853115960462
110	WGN15	8.09999999999989	0.269376398908249	1136	7.57146884039513	8.62853115960466
111	WGN15	8.39999999999988	0.269376398908249	1136	7.87146884039512	8.92853115960464
112	WGN15	8.04999999999988	0.269376398908251	1136	7.52146884039511	8.57853115960465
113	WGN15	8.04999999999986	0.26937639890825	1136	7.52146884039509	8.57853115960462
114	WGN15	8.49999999999989	0.269376398908251	1136	7.97146884039512	9.02853115960465
115	WGN15	7.19999999999987	0.26937639890825	1136	6.6714688403951	7.72853115960463
116	WGN15	7.49999999999987	0.269376398908251	1136	6.97146884039511	8.02853115960464
117	WGN15	7.59999999999986	0.269376398908252	1136	7.07146884039509	8.12853115960463
118	WGN15	7.64999999999985	0.269376398908247	1136	7.12146884039509	8.17853115960461
119	WGN15	7.44999999999985	0.269376398908249	1136	6.92146884039508	7.97853115960461
120	WGN15	7.84999999999987	0.269376398908249	1136	7.3214688403951	8.37853115960463
121	WGN15	7.39999999999987	0.269376398908249	1136	6.8714688403951	7.92853115960463
122	WGN15	7.99999999999987	0.26937639890825	1136	7.47146884039511	8.52853115960464
123	WGN15	8.19999999999989	0.269376398908254	1136	7.67146884039512	8.72853115960467
124	WGN15	7.59999999999987	0.26937639890825	1136	7.07146884039511	8.12853115960464
125	WGN15	7.79999999999988	0.269376398908252	1136	7.27146884039511	8.32853115960465
126	WGN15	7.49999999999987	0.269376398908248	1136	6.97146884039511	8.02853115960463
127	WGN15	8.64999999999986	0.26937639890825	1136	8.12146884039509	9.17853115960462
128	WGN15	9.59999999999987	0.269376398908249	1136	9.07146884039511	10.1285311596046
129	WGN15	7.44999999999987	0.269376398908249	1136	6.92146884039511	7.97853115960464
130	WGN15	6.99999999999986	0.26937639890825	1136	6.4714688403951	7.52853115960463
3	WGN26	7.8999999999999	0.269376398908244	1136	7.37146884039515	8.42853115960465
4	WGN26	8.99999999999984	0.269376398908248	1136	8.47146884039508	9.5285311596046
5	WGN26	8.24999999999986	0.269376398908249	1136	7.7214688403951	8.77853115960463
6	WGN26	7.64999999999984	0.269376398908252	1136	7.12146884039507	8.1785311596046
7	WGN26	8.99999999999985	0.269376398908252	1136	8.47146884039509	9.52853115960462
8	WGN26	8.44999999999987	0.269376398908242	1136	7.92146884039512	8.97853115960462
9	WGN26	6.84999999999992	0.269376398908246	1136	6.32146884039516	7.37853115960467
10	WGN26	9.49999999999985	0.26937639890825	1136	8.97146884039508	10.0285311596046
11	WGN26	9.09999999999986	0.269376398908251	1136	8.57146884039509	9.62853115960463
12	WGN26	8.44999999999986	0.269376398908254	1136	7.92146884039508	8.97853115960463
13	WGN26	8.79999999999984	0.269376398908257	1136	8.27146884039507	9.32853115960462
14	WGN26	8.29999999999983	0.269376398908256	1136	7.77146884039506	8.82853115960461
15	WGN26	7.69999999999988	0.269376398908248	1136	7.17146884039512	8.22853115960464
17	WGN26	9.24999999999985	0.269376398908248	1136	8.72146884039509	9.77853115960461
18	WGN26	8.04999999999985	0.269376398908252	1136	7.52146884039508	8.57853115960462
19	WGN26	8.34665787159175	0.381039510871485	1136	7.59903760733567	9.09427813584784
20	WGN26	8.29999999999987	0.269376398908246	1136	7.77146884039511	8.82853115960462
21	WGN26	8.04999999999984	0.269376398908254	1136	7.52146884039507	8.57853115960461
22	WGN26	8.29999999999984	0.269376398908255	1136	7.77146884039506	8.82853115960461
23	WGN26	8.29999999999987	0.269376398908243	1136	7.77146884039512	8.82853115960462
24	WGN26	8.15334212840793	0.381039510871489	1136	7.40572186415183	8.90096239266402
25	WGN26	7.84999999999983	0.269376398908254	1136	7.32146884039506	8.37853115960461
26	WGN26	7.94999999999981	0.269376398908259	1136	7.42146884039502	8.47853115960459
27	WGN26	9.69999999999983	0.269376398908247	1136	9.17146884039507	10.2285311596046
28	WGN26	9.49999999999984	0.269376398908252	1136	8.97146884039507	10.0285311596046
29	WGN26	8.54999999999983	0.269376398908255	1136	8.02146884039506	9.07853115960461
30	WGN26	9.14999999999986	0.269376398908251	1136	8.62146884039509	9.67853115960463
31	WGN26	8.74999999999986	0.269376398908251	1136	8.2214688403951	9.27853115960463
32	WGN26	8.89999999999987	0.269376398908249	1136	8.37146884039511	9.42853115960463
33	WGN26	9.05334212840796	0.381039510871482	1136	8.30572186415188	9.80096239266403
34	WGN26	8.44999999999987	0.269376398908245	1136	7.92146884039511	8.97853115960462
35	WGN26	8.14999999999983	0.269376398908251	1136	7.62146884039506	8.6785311596046
36	WGN26	9.54999999999985	0.269376398908251	1136	9.02146884039508	10.0785311596046
38	WGN26	8.69999999999985	0.269376398908252	1136	8.17146884039508	9.22853115960462
39	WGN26	8.04999999999983	0.269376398908254	1136	7.52146884039505	8.5785311596046
40	WGN26	8.84999999999987	0.269376398908245	1136	8.32146884039511	9.37853115960463
41	WGN26	8.09999999999985	0.269376398908251	1136	7.57146884039508	8.62853115960462
42	WGN26	8.49999999999984	0.269376398908253	1136	7.97146884039507	9.02853115960461
43	WGN26	7.24999999999984	0.269376398908253	1136	6.72146884039507	7.77853115960461
44	WGN26	9.14999999999986	0.269376398908249	1136	8.6214688403951	9.67853115960462
45	WGN26	8.74999999999986	0.26937639890825	1136	8.22146884039509	9.27853115960462
46	WGN26	8.69999999999984	0.269376398908247	1136	8.17146884039508	9.2285311596046
47	WGN26	7.69999999999987	0.269376398908249	1136	7.17146884039511	8.22853115960463
48	WGN26	9.09999999999985	0.269376398908251	1136	8.57146884039508	9.62853115960462
49	WGN26	8.84999999999986	0.269376398908248	1136	8.3214688403951	9.37853115960462
50	WGN26	9.09999999999986	0.269376398908253	1136	8.57146884039509	9.62853115960464
51	WGN26	8.04999999999985	0.269376398908249	1136	7.52146884039509	8.57853115960462
52	WGN26	8.49999999999984	0.269376398908254	1136	7.97146884039507	9.02853115960461
53	WGN26	8.64999999999984	0.269376398908254	1136	8.12146884039507	9.17853115960461
54	WGN26	7.99999999999983	0.269376398908253	1136	7.47146884039506	8.5285311596046
55	WGN26	7.94999999999984	0.269376398908252	1136	7.42146884039507	8.47853115960461
56	WGN26	8.14999999999984	0.269376398908252	1136	7.62146884039507	8.67853115960461
57	WGN26	7.04999999999991	0.269376398908247	1136	6.52146884039515	7.57853115960467
58	WGN26	7.69999999999983	0.269376398908253	1136	7.17146884039506	8.2285311596046
59	WGN26	8.84665787159175	0.381039510871482	1136	8.09903760733567	9.59427813584783
60	WGN26	8.04999999999987	0.269376398908247	1136	7.52146884039511	8.57853115960463
61	WGN26	8.84999999999985	0.269376398908248	1136	8.32146884039508	9.37853115960461
62	WGN26	8.04999999999984	0.269376398908251	1136	7.52146884039507	8.5785311596046
64	WGN26	7.94999999999988	0.269376398908246	1136	7.42146884039512	8.47853115960463
65	WGN26	8.64999999999985	0.269376398908253	1136	8.12146884039508	9.17853115960462
66	WGN26	7.64999999999987	0.269376398908249	1136	7.1214688403951	8.17853115960463
67	WGN26	8.14999999999984	0.269376398908248	1136	7.62146884039508	8.6785311596046
68	WGN26	9.59999999999984	0.269376398908251	1136	9.07146884039507	10.1285311596046
69	WGN26	7.74999999999985	0.269376398908248	1136	7.22146884039509	8.27853115960461
70	WGN26	8.24999999999984	0.269376398908254	1136	7.72146884039507	8.77853115960461
71	WGN26	8.14999999999984	0.269376398908249	1136	7.62146884039508	8.6785311596046
73	WGN26	8.89999999999985	0.269376398908252	1136	8.37146884039508	9.42853115960462
74	WGN26	9.64999999999988	0.269376398908251	1136	9.12146884039511	10.1785311596046
75	WGN26	9.04999999999984	0.269376398908253	1136	8.52146884039507	9.57853115960461
76	WGN26	7.94999999999983	0.26937639890825	1136	7.42146884039507	8.4785311596046
77	WGN26	7.59999999999985	0.269376398908252	1136	7.07146884039508	8.12853115960462
78	WGN26	8.84999999999985	0.269376398908251	1136	8.32146884039509	9.37853115960462
79	WGN26	7.65334212840794	0.381039510871483	1136	6.90572186415186	8.40096239266402
80	WGN26	8.49999999999985	0.269376398908252	1136	7.97146884039508	9.02853115960462
81	WGN26	8.44999999999985	0.269376398908251	1136	7.92146884039508	8.97853115960462
82	WGN26	8.69999999999984	0.269376398908251	1136	8.17146884039507	9.22853115960461
83	WGN26	9.19999999999983	0.269376398908251	1136	8.67146884039506	9.72853115960459
85	WGN26	8.14999999999985	0.269376398908249	1136	7.62146884039508	8.67853115960461
86	WGN26	8.74665787159176	0.381039510871483	1136	7.99903760733568	9.49427813584784
87	WGN26	7.14999999999987	0.26937639890825	1136	6.6214688403951	7.67853115960463
88	WGN26	7.74999999999985	0.269376398908255	1136	7.22146884039507	8.27853115960462
89	WGN26	8.64999999999985	0.26937639890825	1136	8.12146884039509	9.17853115960462
90	WGN26	8.19999999999986	0.269376398908248	1136	7.6714688403951	8.72853115960463
91	WGN26	7.54999999999986	0.269376398908249	1136	7.0214688403951	8.07853115960462
92	WGN26	8.29999999999985	0.269376398908251	1136	7.77146884039509	8.82853115960462
93	WGN26	8.59999999999985	0.26937639890825	1136	8.07146884039509	9.12853115960462
94	WGN26	8.44999999999985	0.269376398908251	1136	7.92146884039508	8.97853115960462
95	WGN26	8.39999999999985	0.269376398908248	1136	7.87146884039509	8.92853115960461
96	WGN26	8.39999999999983	0.269376398908252	1136	7.87146884039506	8.9285311596046
97	WGN26	8.54999999999984	0.269376398908253	1136	8.02146884039507	9.07853115960462
98	WGN26	8.29999999999983	0.269376398908251	1136	7.77146884039507	8.8285311596046
99	WGN26	9.14999999999985	0.269376398908251	1136	8.62146884039509	9.67853115960462
100	WGN26	7.44665787159176	0.381039510871481	1136	6.69903760733568	8.19427813584783
101	WGN26	8.39999999999985	0.269376398908247	1136	7.87146884039509	8.92853115960461
102	WGN26	8.74999999999985	0.269376398908253	1136	8.22146884039508	9.27853115960462
103	WGN26	7.69999999999985	0.269376398908251	1136	7.17146884039508	8.22853115960461
104	WGN26	8.54999999999984	0.269376398908251	1136	8.02146884039508	9.07853115960461
105	WGN26	8.34999999999985	0.26937639890825	1136	7.82146884039508	8.87853115960462
106	WGN26	9.04999999999984	0.269376398908251	1136	8.52146884039508	9.57853115960461
108	WGN26	8.39999999999985	0.26937639890825	1136	7.87146884039509	8.92853115960462
109	WGN26	7.99999999999983	0.269376398908253	1136	7.47146884039506	8.5285311596046
111	WGN26	8.74999999999986	0.269376398908252	1136	8.22146884039509	9.27853115960463
112	WGN26	8.19999999999983	0.269376398908252	1136	7.67146884039506	8.7285311596046
113	WGN26	6.84999999999985	0.269376398908251	1136	6.32146884039508	7.37853115960461
115	WGN26	7.79999999999986	0.269376398908248	1136	7.2714688403951	8.32853115960462
116	WGN26	7.49999999999985	0.269376398908251	1136	6.97146884039508	8.02853115960461
117	WGN26	7.74665787159175	0.381039510871481	1136	6.99903760733567	8.49427813584783
118	WGN26	8.09999999999984	0.269376398908254	1136	7.57146884039507	8.62853115960462
119	WGN26	8.09999999999985	0.269376398908251	1136	7.57146884039509	8.62853115960462
120	WGN26	7.74999999999986	0.26937639890825	1136	7.22146884039509	8.27853115960462
121	WGN26	7.09999999999983	0.26937639890825	1136	6.57146884039507	7.6285311596046
122	WGN26	8.94999999999985	0.26937639890825	1136	8.42146884039508	9.47853115960461
123	WGN26	7.09999999999982	0.269376398908252	1136	6.57146884039505	7.62853115960459
124	WGN26	8.05334212840794	0.381039510871482	1136	7.30572186415186	8.80096239266402
125	WGN26	8.04999999999984	0.269376398908253	1136	7.52146884039507	8.57853115960461
126	WGN26	8.54665787159174	0.381039510871484	1136	7.79903760733566	9.29427813584783
127	WGN26	7.64999999999985	0.269376398908248	1136	7.12146884039508	8.17853115960461
128	WGN26	9.09999999999985	0.269376398908249	1136	8.57146884039509	9.62853115960462
129	WGN26	8.14665787159177	0.381039510871483	1136	7.39903760733569	8.89427813584785
130	WGN26	8.8499999999999	0.269376398908226	1136	8.32146884039518	9.37853115960462
1	WGN36	8.34999999999994	0.26937639890825	1136	7.82146884039518	8.87853115960471
2	WGN36	7.6	0.269376398908249	1136	7.07146884039524	8.12853115960477
4	WGN36	8.05000000000001	0.269376398908247	1136	7.52146884039525	8.57853115960477
5	WGN36	8.54999999999998	0.269376398908255	1136	8.02146884039521	9.07853115960476
6	WGN36	8.24999999999997	0.26937639890825	1136	7.7214688403952	8.77853115960473
7	WGN36	8.19999999999999	0.269376398908245	1136	7.67146884039523	8.72853115960474
8	WGN36	7.89999999999999	0.269376398908248	1136	7.37146884039523	8.42853115960475
9	WGN36	8.35334212840807	0.381039510871479	1136	7.605721864152	9.10096239266415
10	WGN36	8.04999999999998	0.269376398908253	1136	7.52146884039521	8.57853115960475
11	WGN36	7.39999999999996	0.269376398908254	1136	6.87146884039519	7.92853115960473
12	WGN36	8.25334212840807	0.381039510871478	1136	7.505721864152	9.00096239266414
13	WGN36	7.04999999999994	0.269376398908254	1136	6.52146884039516	7.57853115960471
14	WGN36	8.09999999999995	0.269376398908258	1136	7.57146884039517	8.62853115960473
15	WGN36	7.89999999999998	0.269376398908254	1136	7.3714688403952	8.42853115960475
16	WGN36	8.45	0.269376398908251	1136	7.92146884039524	8.97853115960477
17	WGN36	8.09999999999999	0.269376398908251	1136	7.57146884039523	8.62853115960476
18	WGN36	8.24999999999999	0.269376398908245	1136	7.72146884039524	8.77853115960475
19	WGN36	7.49999999999998	0.269376398908251	1136	6.97146884039521	8.02853115960475
20	WGN36	8.1	0.269376398908246	1136	7.57146884039524	8.62853115960476
21	WGN36	8.29999999999996	0.269376398908251	1136	7.77146884039519	8.82853115960473
22	WGN36	7.79999999999998	0.269376398908249	1136	7.27146884039522	8.32853115960475
23	WGN36	8.09999999999997	0.269376398908256	1136	7.57146884039519	8.62853115960474
24	WGN36	7.89999999999998	0.269376398908249	1136	7.37146884039522	8.42853115960474
26	WGN36	8.09999999999998	0.269376398908251	1136	7.57146884039522	8.62853115960475
27	WGN36	8.09999999999998	0.269376398908248	1136	7.57146884039522	8.62853115960474
28	WGN36	8.34999999999998	0.269376398908252	1136	7.82146884039521	8.87853115960475
30	WGN36	7.99999999999997	0.269376398908249	1136	7.47146884039521	8.52853115960473
31	WGN36	8.64999999999997	0.269376398908246	1136	8.12146884039521	9.17853115960472
32	WGN36	7.84999999999997	0.269376398908256	1136	7.32146884039519	8.37853115960475
33	WGN36	7.79999999999998	0.269376398908249	1136	7.27146884039522	8.32853115960475
34	WGN36	7.9	0.26937639890825	1136	7.37146884039523	8.42853115960476
35	WGN36	8.74999999999999	0.269376398908248	1136	8.22146884039523	9.27853115960476
36	WGN36	7.64999999999996	0.269376398908253	1136	7.12146884039519	8.17853115960473
37	WGN36	8.39999999999997	0.269376398908255	1136	7.8714688403952	8.92853115960475
38	WGN36	6.85334212840808	0.381039510871481	1136	6.105721864152	7.60096239266416
39	WGN36	7.7	0.269376398908247	1136	7.17146884039524	8.22853115960476
40	WGN36	7.55000000000001	0.269376398908245	1136	7.02146884039525	8.07853115960476
41	WGN36	8.34999999999998	0.269376398908258	1136	7.8214688403952	8.87853115960477
42	WGN36	8.09999999999999	0.26937639890825	1136	7.57146884039522	8.62853115960475
43	WGN36	7.60000000000001	0.269376398908246	1136	7.07146884039525	8.12853115960477
44	WGN36	7.65	0.26937639890825	1136	7.12146884039524	8.17853115960476
45	WGN36	8.74999999999998	0.269376398908249	1136	8.22146884039522	9.27853115960475
46	WGN36	7.74999999999998	0.26937639890825	1136	7.22146884039521	8.27853115960474
47	WGN36	7.99999999999996	0.269376398908251	1136	7.4714688403952	8.52853115960473
48	WGN36	7.99999999999998	0.269376398908253	1136	7.4714688403952	8.52853115960475
49	WGN36	8.1	0.26937639890825	1136	7.57146884039523	8.62853115960476
51	WGN36	7.00000000000001	0.269376398908249	1136	6.47146884039525	7.52853115960478
52	WGN36	8.54999999999997	0.269376398908247	1136	8.02146884039521	9.07853115960473
53	WGN36	7.69999999999997	0.269376398908253	1136	7.1714688403952	8.22853115960474
54	WGN36	7.09999999999998	0.269376398908251	1136	6.57146884039521	7.62853115960474
55	WGN36	7.39999999999998	0.26937639890825	1136	6.87146884039521	7.92853115960475
56	WGN36	7.94999999999999	0.269376398908248	1136	7.42146884039523	8.47853115960475
57	WGN36	8.14999999999998	0.269376398908251	1136	7.62146884039521	8.67853115960475
58	WGN36	7.3	0.26937639890825	1136	6.77146884039523	7.82853115960476
59	WGN36	8.04999999999998	0.269376398908251	1136	7.52146884039521	8.57853115960475
60	WGN36	7.9	0.269376398908247	1136	7.37146884039524	8.42853115960475
62	WGN36	7.19999999999999	0.26937639890825	1136	6.67146884039522	7.72853115960476
64	WGN36	7.24999999999998	0.269376398908251	1136	6.72146884039522	7.77853115960475
65	WGN36	7.29999999999997	0.269376398908251	1136	6.7714688403952	7.82853115960474
66	WGN36	8.74999999999998	0.269376398908252	1136	8.22146884039521	9.27853115960475
68	WGN36	9.19999999999997	0.269376398908248	1136	8.67146884039521	9.72853115960474
69	WGN36	7.79999999999999	0.269376398908249	1136	7.27146884039522	8.32853115960475
70	WGN36	7.69999999999997	0.269376398908252	1136	7.1714688403952	8.22853115960474
71	WGN36	7.74999999999998	0.269376398908249	1136	7.22146884039522	8.27853115960475
72	WGN36	9.09999999999999	0.269376398908252	1136	8.57146884039522	9.62853115960476
74	WGN36	8.59999999999999	0.269376398908255	1136	8.07146884039521	9.12853115960476
75	WGN36	8.04999999999999	0.269376398908251	1136	7.52146884039523	8.57853115960476
76	WGN36	7.69999999999998	0.269376398908252	1136	7.17146884039521	8.22853115960475
77	WGN36	7.59999999999997	0.269376398908253	1136	7.0714688403952	8.12853115960474
78	WGN36	7.69999999999998	0.269376398908251	1136	7.17146884039521	8.22853115960475
79	WGN36	8.34999999999998	0.269376398908249	1136	7.82146884039522	8.87853115960475
80	WGN36	7.64999999999998	0.26937639890825	1136	7.12146884039522	8.17853115960475
81	WGN36	9.04999999999997	0.269376398908249	1136	8.5214688403952	9.57853115960473
82	WGN36	7.64999999999998	0.269376398908251	1136	7.12146884039521	8.17853115960474
83	WGN36	8.54999999999999	0.269376398908249	1136	8.02146884039522	9.07853115960475
84	WGN36	6.94999999999997	0.269376398908252	1136	6.4214688403952	7.47853115960474
85	WGN36	7.34999999999998	0.26937639890825	1136	6.82146884039522	7.87853115960475
86	WGN36	8.69999999999997	0.269376398908248	1136	8.17146884039521	9.22853115960474
87	WGN36	7.54999999999998	0.26937639890825	1136	7.02146884039522	8.07853115960475
88	WGN36	8.44999999999998	0.269376398908249	1136	7.92146884039521	8.97853115960474
89	WGN36	7.04999999999998	0.269376398908251	1136	6.52146884039521	7.57853115960475
90	WGN36	6.64999999999998	0.269376398908251	1136	6.12146884039521	7.17853115960475
92	WGN36	7.84999999999998	0.269376398908248	1136	7.32146884039522	8.37853115960474
93	WGN36	9.94999999999998	0.26937639890825	1136	9.42146884039522	10.4785311596047
94	WGN36	8.29999999999998	0.269376398908249	1136	7.77146884039522	8.82853115960475
95	WGN36	7.79999999999999	0.269376398908249	1136	7.27146884039522	8.32853115960475
96	WGN36	8.04999999999998	0.269376398908251	1136	7.52146884039521	8.57853115960475
97	WGN36	7.64999999999999	0.269376398908249	1136	7.12146884039523	8.17853115960475
98	WGN36	7.44999999999998	0.26937639890825	1136	6.92146884039521	7.97853115960475
99	WGN36	6.60000000000001	0.269376398908248	1136	6.07146884039525	7.12853115960477
100	WGN36	8.19999999999998	0.269376398908252	1136	7.67146884039521	8.72853115960475
102	WGN36	9.29999999999998	0.269376398908251	1136	8.77146884039521	9.82853115960474
104	WGN36	8.14999999999998	0.26937639890825	1136	7.62146884039521	8.67853115960474
105	WGN36	7.39999999999998	0.269376398908251	1136	6.87146884039521	7.92853115960474
106	WGN36	8.49999999999998	0.269376398908249	1136	7.97146884039522	9.02853115960475
107	WGN36	8.04999999999998	0.26937639890825	1136	7.52146884039522	8.57853115960475
108	WGN36	8.85334212840807	0.381039510871482	1136	8.10572186415199	9.60096239266415
109	WGN36	7.89999999999998	0.26937639890825	1136	7.37146884039522	8.42853115960475
110	WGN36	7.79999999999999	0.269376398908251	1136	7.27146884039523	8.32853115960476
112	WGN36	7.54999999999998	0.26937639890825	1136	7.02146884039522	8.07853115960475
114	WGN36	8.19999999999998	0.269376398908249	1136	7.67146884039522	8.72853115960475
116	WGN36	9.04999999999998	0.269376398908251	1136	8.52146884039522	9.57853115960475
117	WGN36	7.69999999999997	0.269376398908251	1136	7.1714688403952	8.22853115960473
118	WGN36	7.64999999999998	0.26937639890825	1136	7.12146884039522	8.17853115960475
119	WGN36	8.89999999999998	0.26937639890825	1136	8.37146884039521	9.42853115960474
120	WGN36	7.79999999999998	0.26937639890825	1136	7.27146884039522	8.32853115960475
121	WGN36	7.89999999999999	0.269376398908249	1136	7.37146884039522	8.42853115960475
122	WGN36	8.04999999999998	0.269376398908251	1136	7.52146884039521	8.57853115960475
123	WGN36	7.64999999999998	0.269376398908251	1136	7.12146884039522	8.17853115960475
124	WGN36	7.39999999999998	0.26937639890825	1136	6.87146884039521	7.92853115960474
125	WGN36	9.09999999999998	0.26937639890825	1136	8.57146884039522	9.62853115960474
126	WGN36	7.84999999999999	0.269376398908251	1136	7.32146884039522	8.37853115960475
127	WGN36	8.34999999999998	0.269376398908251	1136	7.82146884039521	8.87853115960475
128	WGN36	8.09999999999998	0.269376398908251	1136	7.57146884039521	8.62853115960474
129	WGN36	8.79999999999998	0.269376398908252	1136	8.27146884039521	9.32853115960475
130	WGN36	8.39999999999998	0.269376398908251	1136	7.87146884039521	8.92853115960475
1	WGN38	8.45000000000004	0.269376398908254	1136	7.92146884039527	8.97853115960481
2	WGN38	6.69999999999998	0.269376398908252	1136	6.17146884039521	7.22853115960475
3	WGN38	8.35	0.269376398908248	1136	7.82146884039524	8.87853115960477
4	WGN38	7.64999999999998	0.269376398908253	1136	7.12146884039521	8.17853115960475
5	WGN38	7.44999999999999	0.269376398908253	1136	6.92146884039522	7.97853115960476
6	WGN38	8.25334212840811	0.381039510871482	1136	7.50572186415203	9.00096239266419
7	WGN38	8.1	0.269376398908254	1136	7.57146884039523	8.62853115960477
8	WGN38	7.50000000000003	0.269376398908248	1136	6.97146884039527	8.02853115960479
10	WGN38	7.49999999999999	0.269376398908252	1136	6.97146884039522	8.02853115960476
11	WGN38	8.54999999999999	0.269376398908257	1136	8.02146884039521	9.07853115960477
12	WGN38	8.7	0.269376398908247	1136	8.17146884039524	9.22853115960476
13	WGN38	8.40000000000001	0.269376398908251	1136	7.87146884039525	8.92853115960478
14	WGN38	7.54999999999999	0.269376398908253	1136	7.02146884039521	8.07853115960476
16	WGN38	7.70000000000003	0.26937639890825	1136	7.17146884039527	8.2285311596048
18	WGN38	8.40000000000001	0.269376398908247	1136	7.87146884039525	8.92853115960477
19	WGN38	8.30000000000002	0.269376398908254	1136	7.77146884039525	8.82853115960479
20	WGN38	7.4	0.269376398908252	1136	6.87146884039523	7.92853115960476
21	WGN38	8.05	0.269376398908249	1136	7.52146884039524	8.57853115960476
22	WGN38	7.90000000000001	0.269376398908248	1136	7.37146884039525	8.42853115960477
23	WGN38	7.35000000000002	0.269376398908248	1136	6.82146884039526	7.87853115960479
24	WGN38	8.59999999999999	0.26937639890825	1136	8.07146884039523	9.12853115960475
26	WGN38	7.75	0.269376398908251	1136	7.22146884039523	8.27853115960477
27	WGN38	7.45	0.269376398908252	1136	6.92146884039523	7.97853115960477
28	WGN38	7.95	0.269376398908251	1136	7.42146884039523	8.47853115960477
29	WGN38	8.35000000000003	0.269376398908249	1136	7.82146884039527	8.8785311596048
30	WGN38	8.64999999999999	0.26937639890825	1136	8.12146884039522	9.17853115960475
32	WGN38	8.20000000000001	0.269376398908249	1136	7.67146884039524	8.72853115960477
33	WGN38	7.95	0.269376398908248	1136	7.42146884039524	8.47853115960477
34	WGN38	7.40000000000002	0.269376398908247	1136	6.87146884039526	7.92853115960478
35	WGN38	8.15	0.269376398908248	1136	7.62146884039524	8.67853115960476
36	WGN38	8.09999999999999	0.26937639890825	1136	7.57146884039523	8.62853115960476
37	WGN38	8.85	0.269376398908253	1136	8.32146884039523	9.37853115960478
38	WGN38	7.95000000000001	0.269376398908246	1136	7.42146884039525	8.47853115960477
39	WGN38	7.14999999999999	0.269376398908253	1136	6.62146884039521	7.67853115960476
40	WGN38	8.2	0.269376398908251	1136	7.67146884039523	8.72853115960477
41	WGN38	8.3	0.269376398908246	1136	7.77146884039524	8.82853115960475
42	WGN38	7.4	0.269376398908249	1136	6.87146884039524	7.92853115960477
43	WGN38	7.54665787159195	0.381039510871476	1136	6.79903760733588	8.29427813584801
45	WGN38	7.55	0.269376398908249	1136	7.02146884039524	8.07853115960476
46	WGN38	8.15	0.26937639890825	1136	7.62146884039523	8.67853115960476
47	WGN38	7.25	0.26937639890825	1136	6.72146884039524	7.77853115960477
48	WGN38	8.35	0.269376398908251	1136	7.82146884039523	8.87853115960477
49	WGN38	8	0.269376398908249	1136	7.47146884039523	8.52853115960476
50	WGN38	8.4	0.269376398908251	1136	7.87146884039523	8.92853115960477
51	WGN38	7.5	0.269376398908251	1136	6.97146884039523	8.02853115960476
52	WGN38	8.55	0.269376398908251	1136	8.02146884039523	9.07853115960477
53	WGN38	7.95	0.26937639890825	1136	7.42146884039524	8.47853115960477
54	WGN38	7.35	0.26937639890825	1136	6.82146884039524	7.87853115960477
55	WGN38	7.35000000000001	0.26937639890825	1136	6.82146884039525	7.87853115960478
56	WGN38	7.75	0.269376398908251	1136	7.22146884039523	8.27853115960476
59	WGN38	7.95	0.26937639890825	1136	7.42146884039523	8.47853115960477
61	WGN38	7.14999999999999	0.269376398908251	1136	6.62146884039523	7.67853115960476
63	WGN38	8.1	0.26937639890825	1136	7.57146884039524	8.62853115960477
64	WGN38	8.5	0.269376398908251	1136	7.97146884039523	9.02853115960477
65	WGN38	7.65	0.26937639890825	1136	7.12146884039524	8.17853115960477
66	WGN38	8.2	0.26937639890825	1136	7.67146884039524	8.72853115960477
67	WGN38	7.55	0.26937639890825	1136	7.02146884039523	8.07853115960476
68	WGN38	8.3	0.269376398908251	1136	7.77146884039524	8.82853115960477
69	WGN38	7.4	0.269376398908251	1136	6.87146884039523	7.92853115960476
70	WGN38	7.5	0.269376398908251	1136	6.97146884039523	8.02853115960476
72	WGN38	8	0.269376398908251	1136	7.47146884039523	8.52853115960477
73	WGN38	7.45000000000001	0.26937639890825	1136	6.92146884039524	7.97853115960477
74	WGN38	8.64999999999999	0.269376398908249	1136	8.12146884039523	9.17853115960476
76	WGN38	6.80000000000001	0.26937639890825	1136	6.27146884039524	7.32853115960477
77	WGN38	7.25	0.26937639890825	1136	6.72146884039523	7.77853115960477
78	WGN38	7.55000000000001	0.269376398908249	1136	7.02146884039524	8.07853115960477
80	WGN38	8.35	0.269376398908251	1136	7.82146884039523	8.87853115960477
81	WGN38	8.35	0.26937639890825	1136	7.82146884039524	8.87853115960477
82	WGN38	7.20000000000001	0.26937639890825	1136	6.67146884039524	7.72853115960477
83	WGN38	8.45	0.26937639890825	1136	7.92146884039524	8.97853115960477
84	WGN38	8.55	0.26937639890825	1136	8.02146884039523	9.07853115960477
85	WGN38	7.30000000000001	0.26937639890825	1136	6.77146884039524	7.82853115960477
86	WGN38	8.7	0.26937639890825	1136	8.17146884039524	9.22853115960477
87	WGN38	8.55	0.26937639890825	1136	8.02146884039524	9.07853115960477
88	WGN38	7.3	0.269376398908251	1136	6.77146884039523	7.82853115960476
89	WGN38	7.55	0.26937639890825	1136	7.02146884039524	8.07853115960477
90	WGN38	7.85	0.269376398908251	1136	7.32146884039523	8.37853115960477
91	WGN38	7.55	0.26937639890825	1136	7.02146884039523	8.07853115960477
92	WGN38	7.85	0.26937639890825	1136	7.32146884039523	8.37853115960477
93	WGN38	7.45	0.26937639890825	1136	6.92146884039524	7.97853115960477
94	WGN38	7.95	0.26937639890825	1136	7.42146884039524	8.47853115960477
95	WGN38	8.9	0.26937639890825	1136	8.37146884039524	9.42853115960477
96	WGN38	7.55	0.269376398908251	1136	7.02146884039523	8.07853115960477
97	WGN38	7	0.26937639890825	1136	6.47146884039524	7.52853115960477
98	WGN38	7.75	0.26937639890825	1136	7.22146884039523	8.27853115960477
99	WGN38	7.9	0.26937639890825	1136	7.37146884039524	8.42853115960477
100	WGN38	7.4	0.26937639890825	1136	6.87146884039524	7.92853115960477
101	WGN38	7.6	0.26937639890825	1136	7.07146884039524	8.12853115960477
102	WGN38	8.1	0.269376398908251	1136	7.57146884039523	8.62853115960477
103	WGN38	7.65000000000001	0.269376398908249	1136	7.12146884039525	8.17853115960477
104	WGN38	7.74999999999999	0.269376398908251	1136	7.22146884039523	8.27853115960476
106	WGN38	7.5533421284081	0.381039510871481	1136	6.80572186415202	8.30096239266417
107	WGN38	7.85	0.26937639890825	1136	7.32146884039524	8.37853115960477
108	WGN38	7.24665787159192	0.38103951087148	1136	6.49903760733584	7.994278135848
109	WGN38	9.14665787159191	0.381039510871483	1136	8.39903760733583	9.89427813584799
110	WGN38	7.65	0.26937639890825	1136	7.12146884039523	8.17853115960477
111	WGN38	7.6	0.269376398908251	1136	7.07146884039523	8.12853115960476
112	WGN38	8.1533421284081	0.381039510871481	1136	7.40572186415202	8.90096239266417
113	WGN38	7.3	0.26937639890825	1136	6.77146884039523	7.82853115960476
114	WGN38	7.75	0.26937639890825	1136	7.22146884039524	8.27853115960477
115	WGN38	8.45	0.26937639890825	1136	7.92146884039524	8.97853115960477
1	WGN39	7.75	0.269376398908255	1136	7.22146884039523	8.27853115960478
2	WGN39	8.90000000000007	0.269376398908258	1136	8.37146884039529	9.42853115960486
3	WGN39	8.75000000000001	0.26937639890825	1136	8.22146884039524	9.27853115960477
4	WGN39	8.25000000000002	0.269376398908252	1136	7.72146884039525	8.77853115960479
5	WGN39	9.60000000000001	0.269376398908253	1136	9.07146884039524	10.1285311596048
6	WGN39	7.79999999999999	0.269376398908257	1136	7.27146884039521	8.32853115960476
7	WGN39	8.60000000000002	0.269376398908252	1136	8.07146884039525	9.12853115960479
8	WGN39	9.84999999999993	0.269376398908244	1136	9.32146884039517	10.3785311596047
9	WGN39	8.09999999999999	0.269376398908251	1136	7.57146884039523	8.62853115960476
10	WGN39	8.95	0.269376398908254	1136	8.42146884039522	9.47853115960477
11	WGN39	8.34999999999999	0.269376398908249	1136	7.82146884039523	8.87853115960475
12	WGN39	7.54999999999998	0.269376398908249	1136	7.02146884039522	8.07853115960474
13	WGN39	9.05	0.269376398908254	1136	8.52146884039523	9.57853115960478
14	WGN39	7.60000000000001	0.269376398908256	1136	7.07146884039524	8.12853115960479
15	WGN39	7.74999999999998	0.269376398908252	1136	7.22146884039521	8.27853115960475
16	WGN39	8.80000000000003	0.269376398908253	1136	8.27146884039526	9.3285311596048
17	WGN39	7.70000000000001	0.269376398908246	1136	7.17146884039525	8.22853115960477
18	WGN39	8.20000000000002	0.269376398908252	1136	7.67146884039525	8.72853115960479
19	WGN39	8.80000000000001	0.269376398908251	1136	8.27146884039524	9.32853115960478
20	WGN39	8.35000000000001	0.269376398908249	1136	7.82146884039525	8.87853115960477
21	WGN39	8.59999999999997	0.269376398908247	1136	8.07146884039522	9.12853115960473
22	WGN39	8.80000000000003	0.269376398908253	1136	8.27146884039526	9.3285311596048
24	WGN39	7.94999999999999	0.269376398908248	1136	7.42146884039523	8.47853115960475
25	WGN39	8.9	0.26937639890825	1136	8.37146884039523	9.42853115960477
26	WGN39	7.25000000000001	0.269376398908255	1136	6.72146884039524	7.77853115960479
27	WGN39	9.54999999999999	0.269376398908249	1136	9.02146884039522	10.0785311596048
28	WGN39	6.69999999999997	0.26937639890825	1136	6.1714688403952	7.22853115960473
29	WGN39	7.70000000000001	0.269376398908247	1136	7.17146884039525	8.22853115960477
30	WGN39	10.0000000000001	0.269376398908254	1136	9.47146884039529	10.5285311596048
31	WGN39	9.35000000000004	0.269376398908254	1136	8.82146884039526	9.87853115960481
32	WGN39	8.25	0.269376398908253	1136	7.72146884039523	8.77853115960477
34	WGN39	7.49999999999999	0.269376398908254	1136	6.97146884039522	8.02853115960476
35	WGN39	7.75000000000001	0.26937639890825	1136	7.22146884039524	8.27853115960478
36	WGN39	9.25000000000004	0.269376398908255	1136	8.72146884039526	9.77853115960481
37	WGN39	7.45000000000001	0.269376398908246	1136	6.92146884039525	7.97853115960477
38	WGN39	7.35334212840805	0.381039510871492	1136	6.60572186415195	8.10096239266415
39	WGN39	9.10000000000002	0.269376398908252	1136	8.57146884039525	9.62853115960479
40	WGN39	8.35000000000001	0.269376398908253	1136	7.82146884039524	8.87853115960478
41	WGN39	8.8	0.269376398908251	1136	8.27146884039523	9.32853115960477
42	WGN39	8.69999999999998	0.269376398908248	1136	8.17146884039522	9.22853115960474
43	WGN39	8.89999999999999	0.269376398908249	1136	8.37146884039522	9.42853115960475
44	WGN39	8.95	0.269376398908251	1136	8.42146884039524	9.47853115960477
45	WGN39	7.85	0.26937639890825	1136	7.32146884039524	8.37853115960477
46	WGN39	8	0.269376398908248	1136	7.47146884039524	8.52853115960476
47	WGN39	7.7	0.26937639890825	1136	7.17146884039523	8.22853115960477
48	WGN39	5.94999999999998	0.269376398908252	1136	5.42146884039521	6.47853115960475
49	WGN39	7.9	0.269376398908252	1136	7.37146884039523	8.42853115960477
50	WGN39	6.75000000000002	0.269376398908249	1136	6.22146884039525	7.27853115960478
51	WGN39	8.1	0.26937639890825	1136	7.57146884039523	8.62853115960477
52	WGN39	7.84999999999999	0.269376398908252	1136	7.32146884039522	8.37853115960476
53	WGN39	9.50000000000002	0.269376398908252	1136	8.97146884039525	10.0285311596048
54	WGN39	9.40000000000002	0.269376398908252	1136	8.87146884039525	9.92853115960479
55	WGN39	8.89999999999999	0.26937639890825	1136	8.37146884039522	9.42853115960475
56	WGN39	8.59999999999999	0.269376398908249	1136	8.07146884039522	9.12853115960475
57	WGN39	7.8	0.269376398908251	1136	7.27146884039523	8.32853115960477
58	WGN39	7.45	0.26937639890825	1136	6.92146884039523	7.97853115960476
59	WGN39	9.69999999999997	0.269376398908249	1136	9.17146884039521	10.2285311596047
60	WGN39	8.35	0.269376398908251	1136	7.82146884039523	8.87853115960477
61	WGN39	8.94999999999999	0.269376398908249	1136	8.42146884039522	9.47853115960475
62	WGN39	7.5	0.269376398908252	1136	6.97146884039523	8.02853115960477
63	WGN39	9.45	0.269376398908251	1136	8.92146884039523	9.97853115960476
64	WGN39	8.9	0.269376398908251	1136	8.37146884039523	9.42853115960477
65	WGN39	6.95	0.269376398908251	1136	6.42146884039523	7.47853115960477
66	WGN39	8.49999999999999	0.26937639890825	1136	7.97146884039523	9.02853115960476
67	WGN39	9.04999999999998	0.26937639890825	1136	8.52146884039522	9.57853115960475
68	WGN39	8.7	0.26937639890825	1136	8.17146884039523	9.22853115960477
69	WGN39	7.95	0.269376398908249	1136	7.42146884039524	8.47853115960476
70	WGN39	8.1	0.269376398908252	1136	7.57146884039524	8.62853115960477
71	WGN39	9.09999999999998	0.269376398908249	1136	8.57146884039522	9.62853115960474
72	WGN39	6.89999999999999	0.269376398908251	1136	6.37146884039522	7.42853115960476
73	WGN39	7.6	0.269376398908252	1136	7.07146884039523	8.12853115960477
74	WGN39	8.14665787159189	0.38103951087148	1136	7.39903760733582	8.89427813584797
75	WGN39	8.35	0.269376398908252	1136	7.82146884039523	8.87853115960477
76	WGN39	8.04999999999999	0.269376398908251	1136	7.52146884039523	8.57853115960476
77	WGN39	9.05000000000001	0.269376398908251	1136	8.52146884039524	9.57853115960477
78	WGN39	7.74999999999999	0.26937639890825	1136	7.22146884039523	8.27853115960476
79	WGN39	7.54999999999999	0.269376398908252	1136	7.02146884039522	8.07853115960476
80	WGN39	8.4	0.269376398908251	1136	7.87146884039523	8.92853115960476
81	WGN39	8.55	0.269376398908251	1136	8.02146884039523	9.07853115960477
82	WGN39	8.8	0.269376398908251	1136	8.27146884039523	9.32853115960477
83	WGN39	8.2	0.269376398908252	1136	7.67146884039523	8.72853115960477
84	WGN39	9.50000000000001	0.269376398908252	1136	8.97146884039524	10.0285311596048
85	WGN39	8.44999999999998	0.269376398908248	1136	7.92146884039522	8.97853115960474
86	WGN39	8.3	0.26937639890825	1136	7.77146884039523	8.82853115960477
87	WGN39	8.65000000000001	0.269376398908251	1136	8.12146884039524	9.17853115960477
88	WGN39	9.15000000000001	0.269376398908252	1136	8.62146884039524	9.67853115960478
89	WGN39	7.35	0.269376398908252	1136	6.82146884039523	7.87853115960476
90	WGN39	9.00000000000001	0.269376398908252	1136	8.47146884039524	9.52853115960477
91	WGN39	7.54999999999999	0.269376398908249	1136	7.02146884039523	8.07853115960476
92	WGN39	8.35	0.26937639890825	1136	7.82146884039523	8.87853115960476
93	WGN39	9.05000000000001	0.269376398908252	1136	8.52146884039525	9.57853115960478
94	WGN39	8.99999999999999	0.26937639890825	1136	8.47146884039523	9.52853115960476
95	WGN39	7.89999999999999	0.269376398908251	1136	7.37146884039523	8.42853115960476
96	WGN39	8.59999999999999	0.26937639890825	1136	8.07146884039523	9.12853115960476
97	WGN39	6.79999999999999	0.269376398908251	1136	6.27146884039523	7.32853115960476
98	WGN39	9.04999999999999	0.26937639890825	1136	8.52146884039522	9.57853115960475
99	WGN39	7.75	0.26937639890825	1136	7.22146884039523	8.27853115960476
100	WGN39	8.5	0.269376398908251	1136	7.97146884039523	9.02853115960477
101	WGN39	7.59999999999999	0.26937639890825	1136	7.07146884039523	8.12853115960476
102	WGN39	8.94999999999999	0.26937639890825	1136	8.42146884039522	9.47853115960476
104	WGN39	7.75	0.269376398908251	1136	7.22146884039523	8.27853115960476
105	WGN39	8.8	0.269376398908251	1136	8.27146884039523	9.32853115960477
106	WGN39	8.5	0.269376398908251	1136	7.97146884039523	9.02853115960476
107	WGN39	7.69999999999999	0.269376398908251	1136	7.17146884039523	8.22853115960476
108	WGN39	8.34999999999999	0.26937639890825	1136	7.82146884039522	8.87853115960475
109	WGN39	8.9	0.26937639890825	1136	8.37146884039523	9.42853115960476
110	WGN39	8.25	0.26937639890825	1136	7.72146884039523	8.77853115960476
111	WGN39	8.6	0.269376398908251	1136	8.07146884039524	9.12853115960477
112	WGN39	8.45	0.269376398908251	1136	7.92146884039523	8.97853115960477
113	WGN39	8.15	0.26937639890825	1136	7.62146884039523	8.67853115960476
114	WGN39	8.05	0.26937639890825	1136	7.52146884039523	8.57853115960476
115	WGN39	8.84999999999999	0.26937639890825	1136	8.32146884039522	9.37853115960475
116	WGN39	7.99999999999999	0.26937639890825	1136	7.47146884039523	8.52853115960476
117	WGN39	7.8	0.26937639890825	1136	7.27146884039523	8.32853115960476
118	WGN39	8.55	0.26937639890825	1136	8.02146884039523	9.07853115960476
120	WGN39	9.15	0.26937639890825	1136	8.62146884039523	9.67853115960476
121	WGN39	8.35334212840809	0.381039510871482	1136	7.60572186415201	9.10096239266417
122	WGN39	7.95	0.26937639890825	1136	7.42146884039523	8.47853115960476
123	WGN39	7.69999999999999	0.26937639890825	1136	7.17146884039523	8.22853115960476
124	WGN39	7.9	0.26937639890825	1136	7.37146884039523	8.42853115960476
125	WGN39	8.15	0.26937639890825	1136	7.62146884039523	8.67853115960476
126	WGN39	9.49999999999999	0.269376398908251	1136	8.97146884039523	10.0285311596048
127	WGN39	8.79999999999999	0.26937639890825	1136	8.27146884039523	9.32853115960476
128	WGN39	7.95	0.26937639890825	1136	7.42146884039523	8.47853115960476
129	WGN39	7.55	0.26937639890825	1136	7.02146884039523	8.07853115960476
130	WGN39	8.6	0.26937639890825	1136	8.07146884039523	9.12853115960476
1	WGN45	7.59999999999998	0.269376398908255	1136	7.07146884039521	8.12853115960476
2	WGN45	7.7999999999999	0.269376398908252	1136	7.27146884039513	8.32853115960467
3	WGN45	6.84999999999992	0.269376398908246	1136	6.32146884039516	7.37853115960468
4	WGN45	7.64999999999991	0.269376398908254	1136	7.12146884039514	8.17853115960468
5	WGN45	7.4999999999999	0.269376398908253	1136	6.97146884039513	8.02853115960468
6	WGN45	8.04999999999992	0.269376398908254	1136	7.52146884039514	8.57853115960469
7	WGN45	7.8499999999999	0.269376398908249	1136	7.32146884039514	8.37853115960466
8	WGN45	7.14999999999992	0.269376398908248	1136	6.62146884039516	7.67853115960468
9	WGN45	7.5999999999999	0.269376398908253	1136	7.07146884039513	8.12853115960467
10	WGN45	7.6499999999999	0.269376398908255	1136	7.12146884039512	8.17853115960467
11	WGN45	7.34999999999989	0.269376398908252	1136	6.82146884039512	7.87853115960466
12	WGN45	7.94999999999989	0.269376398908246	1136	7.42146884039513	8.47853115960465
13	WGN45	7.49999999999991	0.269376398908245	1136	6.97146884039515	8.02853115960466
14	WGN45	6.9499999999999	0.269376398908251	1136	6.42146884039514	7.47853115960467
15	WGN45	8.14999999999988	0.269376398908246	1136	7.62146884039513	8.67853115960464
16	WGN45	7.6499999999999	0.269376398908249	1136	7.12146884039514	8.17853115960466
17	WGN45	7.39999999999989	0.269376398908248	1136	6.87146884039512	7.92853115960465
18	WGN45	7.59999999999991	0.269376398908248	1136	7.07146884039514	8.12853115960467
19	WGN45	7.5999999999999	0.269376398908251	1136	7.07146884039513	8.12853115960466
20	WGN45	8.49999999999991	0.269376398908251	1136	7.97146884039515	9.02853115960468
22	WGN45	7.64999999999988	0.26937639890825	1136	7.12146884039511	8.17853115960465
23	WGN45	7.89999999999989	0.26937639890825	1136	7.37146884039513	8.42853115960466
24	WGN45	7.15334212840798	0.381039510871487	1136	6.40572186415189	7.90096239266407
25	WGN45	7.64665787159182	0.381039510871481	1136	6.89903760733574	8.39427813584789
26	WGN45	7.49999999999991	0.269376398908246	1136	6.97146884039516	8.02853115960467
28	WGN45	7.7999999999999	0.269376398908249	1136	7.27146884039514	8.32853115960466
29	WGN45	7.14999999999989	0.269376398908255	1136	6.62146884039512	7.67853115960467
30	WGN45	5.95334212840799	0.381039510871482	1136	5.20572186415191	6.70096239266407
31	WGN45	7.89999999999989	0.269376398908248	1136	7.37146884039513	8.42853115960465
32	WGN45	8.0499999999999	0.26937639890825	1136	7.52146884039514	8.57853115960466
33	WGN45	6.6499999999999	0.269376398908252	1136	6.12146884039513	7.17853115960467
34	WGN45	7.1499999999999	0.269376398908251	1136	6.62146884039514	7.67853115960467
35	WGN45	7.7499999999999	0.269376398908248	1136	7.22146884039514	8.27853115960466
36	WGN45	8.2499999999999	0.26937639890825	1136	7.72146884039514	8.77853115960467
37	WGN45	7.54999999999991	0.269376398908252	1136	7.02146884039514	8.07853115960467
40	WGN45	7.84999999999991	0.269376398908252	1136	7.32146884039514	8.37853115960467
41	WGN45	7.5999999999999	0.269376398908252	1136	7.07146884039513	8.12853115960467
42	WGN45	7.4499999999999	0.269376398908249	1136	6.92146884039514	7.97853115960466
43	WGN45	7.8499999999999	0.269376398908249	1136	7.32146884039514	8.37853115960466
44	WGN45	8.89999999999991	0.26937639890825	1136	8.37146884039514	9.42853115960467
45	WGN45	7.7999999999999	0.269376398908249	1136	7.27146884039514	8.32853115960467
46	WGN45	6.74999999999991	0.269376398908248	1136	6.22146884039515	7.27853115960467
48	WGN45	8.14665787159181	0.381039510871484	1136	7.39903760733572	8.89427813584789
49	WGN45	8.09999999999989	0.269376398908248	1136	7.57146884039513	8.62853115960466
50	WGN45	6.85334212840797	0.381039510871482	1136	6.10572186415189	7.60096239266405
52	WGN45	7.6999999999999	0.269376398908251	1136	7.17146884039514	8.22853115960467
53	WGN45	7.5999999999999	0.26937639890825	1136	7.07146884039514	8.12853115960467
54	WGN45	6.4499999999999	0.26937639890825	1136	5.92146884039513	6.97853115960467
55	WGN45	7.6999999999999	0.26937639890825	1136	7.17146884039513	8.22853115960466
56	WGN45	7.4999999999999	0.269376398908249	1136	6.97146884039514	8.02853115960467
57	WGN45	7.7999999999999	0.269376398908249	1136	7.27146884039514	8.32853115960466
58	WGN45	7.9499999999999	0.26937639890825	1136	7.42146884039514	8.47853115960467
59	WGN45	6.84999999999991	0.269376398908248	1136	6.32146884039515	7.37853115960467
60	WGN45	6.9999999999999	0.269376398908251	1136	6.47146884039514	7.52853115960467
61	WGN45	7.5499999999999	0.269376398908248	1136	7.02146884039514	8.07853115960466
62	WGN45	8.0499999999999	0.269376398908251	1136	7.52146884039514	8.57853115960467
64	WGN45	8.19999999999991	0.269376398908251	1136	7.67146884039514	8.72853115960467
65	WGN45	7.1499999999999	0.269376398908251	1136	6.62146884039513	7.67853115960467
66	WGN45	7.2999999999999	0.26937639890825	1136	6.77146884039514	7.82853115960467
68	WGN45	7.6999999999999	0.26937639890825	1136	7.17146884039514	8.22853115960467
69	WGN45	7.2499999999999	0.269376398908249	1136	6.72146884039514	7.77853115960467
70	WGN45	7.8999999999999	0.26937639890825	1136	7.37146884039513	8.42853115960467
71	WGN45	8.3499999999999	0.26937639890825	1136	7.82146884039514	8.87853115960467
72	WGN45	7.1499999999999	0.269376398908251	1136	6.62146884039513	7.67853115960467
73	WGN45	7.0499999999999	0.26937639890825	1136	6.52146884039514	7.57853115960467
74	WGN45	7.05334212840801	0.381039510871479	1136	6.30572186415194	7.80096239266409
75	WGN45	7.9499999999999	0.26937639890825	1136	7.42146884039514	8.47853115960467
76	WGN45	8.09999999999991	0.269376398908251	1136	7.57146884039514	8.62853115960467
78	WGN45	7.0499999999999	0.269376398908251	1136	6.52146884039513	7.57853115960467
80	WGN45	7.9999999999999	0.26937639890825	1136	7.47146884039513	8.52853115960466
81	WGN45	7.34999999999989	0.26937639890825	1136	6.82146884039513	7.87853115960466
82	WGN45	7.44665787159181	0.381039510871481	1136	6.69903760733573	8.19427813584789
84	WGN45	7.2499999999999	0.269376398908251	1136	6.72146884039513	7.77853115960467
85	WGN45	8.1499999999999	0.26937639890825	1136	7.62146884039514	8.67853115960467
86	WGN45	7.9499999999999	0.269376398908249	1136	7.42146884039513	8.47853115960466
87	WGN45	7.0499999999999	0.269376398908249	1136	6.52146884039514	7.57853115960467
88	WGN45	7.8999999999999	0.269376398908249	1136	7.37146884039513	8.42853115960466
89	WGN45	7.3999999999999	0.26937639890825	1136	6.87146884039513	7.92853115960466
90	WGN45	8.79999999999989	0.269376398908249	1136	8.27146884039513	9.32853115960466
92	WGN45	7.4999999999999	0.269376398908251	1136	6.97146884039513	8.02853115960467
93	WGN45	6.2499999999999	0.26937639890825	1136	5.72146884039514	6.77853115960467
94	WGN45	8.0999999999999	0.26937639890825	1136	7.57146884039514	8.62853115960466
95	WGN45	8.0499999999999	0.269376398908249	1136	7.52146884039514	8.57853115960466
96	WGN45	7.2466578715918	0.381039510871481	1136	6.49903760733572	7.99427813584788
98	WGN45	7.3999999999999	0.26937639890825	1136	6.87146884039514	7.92853115960467
99	WGN45	7.0499999999999	0.269376398908251	1136	6.52146884039513	7.57853115960467
100	WGN45	8.0499999999999	0.26937639890825	1136	7.52146884039514	8.57853115960466
101	WGN45	7.9999999999999	0.269376398908249	1136	7.47146884039514	8.52853115960466
102	WGN45	7.5499999999999	0.269376398908251	1136	7.02146884039513	8.07853115960467
103	WGN45	8.34999999999991	0.269376398908251	1136	7.82146884039514	8.87853115960468
104	WGN45	6.94999999999989	0.269376398908252	1136	6.42146884039513	7.47853115960466
105	WGN45	7.4499999999999	0.269376398908251	1136	6.92146884039513	7.97853115960467
106	WGN45	7.3999999999999	0.26937639890825	1136	6.87146884039514	7.92853115960467
107	WGN45	8.1499999999999	0.26937639890825	1136	7.62146884039514	8.67853115960467
108	WGN45	7.4499999999999	0.26937639890825	1136	6.92146884039514	7.97853115960467
109	WGN45	8.5499999999999	0.26937639890825	1136	8.02146884039514	9.07853115960467
110	WGN45	7.7499999999999	0.269376398908251	1136	7.22146884039514	8.27853115960467
111	WGN45	8.0499999999999	0.26937639890825	1136	7.52146884039514	8.57853115960467
112	WGN45	6.453342128408	0.381039510871481	1136	5.70572186415192	7.20096239266408
114	WGN45	8.4499999999999	0.26937639890825	1136	7.92146884039514	8.97853115960467
115	WGN45	7.2499999999999	0.26937639890825	1136	6.72146884039514	7.77853115960467
116	WGN45	7.1999999999999	0.26937639890825	1136	6.67146884039514	7.72853115960467
117	WGN45	8.24665787159181	0.381039510871481	1136	7.49903760733573	8.99427813584789
118	WGN45	7.3499999999999	0.26937639890825	1136	6.82146884039514	7.87853115960467
119	WGN45	7.8999999999999	0.26937639890825	1136	7.37146884039514	8.42853115960467
120	WGN45	8.2999999999999	0.26937639890825	1136	7.77146884039514	8.82853115960467
121	WGN45	7.5499999999999	0.26937639890825	1136	7.02146884039514	8.07853115960467
122	WGN45	7.3999999999999	0.26937639890825	1136	6.87146884039513	7.92853115960467
123	WGN45	8.353342128408	0.381039510871482	1136	7.60572186415192	9.10096239266408
124	WGN45	7.9499999999999	0.26937639890825	1136	7.42146884039514	8.47853115960467
126	WGN45	8.1999999999999	0.26937639890825	1136	7.67146884039514	8.72853115960467
127	WGN45	7.2999999999999	0.26937639890825	1136	6.77146884039514	7.82853115960467
128	WGN45	8.4999999999999	0.26937639890825	1136	7.97146884039514	9.02853115960467
129	WGN45	7.8999999999999	0.26937639890825	1136	7.37146884039514	8.42853115960467
1	WGN46	7.99999999999978	0.269376398908258	1136	7.471468840395	8.52853115960456
2	WGN46	7.3999999999999	0.269376398908247	1136	6.87146884039514	7.92853115960466
3	WGN46	7.49999999999989	0.26937639890825	1136	6.97146884039512	8.02853115960465
4	WGN46	7.84999999999988	0.269376398908249	1136	7.32146884039512	8.37853115960465
6	WGN46	7.75334212840798	0.381039510871484	1136	7.0057218641519	8.50096239266406
7	WGN46	7.94999999999988	0.269376398908249	1136	7.42146884039511	8.47853115960464
8	WGN46	7.0499999999999	0.269376398908248	1136	6.52146884039513	7.57853115960466
9	WGN46	7.54999999999987	0.26937639890825	1136	7.02146884039511	8.07853115960464
10	WGN46	6.89999999999987	0.269376398908251	1136	6.3714688403951	7.42853115960464
11	WGN46	7.79999999999987	0.269376398908251	1136	7.2714688403951	8.32853115960464
12	WGN46	7.64999999999988	0.269376398908249	1136	7.12146884039511	8.17853115960464
13	WGN46	7.24999999999987	0.269376398908251	1136	6.7214688403951	7.77853115960464
14	WGN46	8.29999999999987	0.269376398908251	1136	7.77146884039511	8.82853115960464
15	WGN46	7.39999999999988	0.269376398908251	1136	6.87146884039511	7.92853115960464
16	WGN46	7.44999999999986	0.269376398908253	1136	6.92146884039509	7.97853115960463
17	WGN46	7.54999999999988	0.26937639890825	1136	7.02146884039512	8.07853115960465
18	WGN46	7.49999999999988	0.269376398908247	1136	6.97146884039512	8.02853115960464
19	WGN46	8.54999999999987	0.269376398908249	1136	8.02146884039511	9.07853115960464
20	WGN46	7.19999999999987	0.269376398908252	1136	6.6714688403951	7.72853115960464
21	WGN46	7.34665787159178	0.38103951087148	1136	6.5990376073357	8.09427813584786
22	WGN46	7.74999999999988	0.26937639890825	1136	7.22146884039512	8.27853115960465
23	WGN46	7.85334212840796	0.381039510871484	1136	7.10572186415188	8.60096239266404
24	WGN46	7.74999999999988	0.26937639890825	1136	7.22146884039512	8.27853115960465
25	WGN46	7.64999999999988	0.26937639890825	1136	7.12146884039511	8.17853115960464
26	WGN46	7.39999999999987	0.269376398908252	1136	6.8714688403951	7.92853115960464
27	WGN46	7.54999999999988	0.269376398908248	1136	7.02146884039512	8.07853115960464
28	WGN46	7.54999999999987	0.269376398908253	1136	7.0214688403951	8.07853115960464
29	WGN46	7.34999999999989	0.269376398908248	1136	6.82146884039513	7.87853115960465
30	WGN46	7.04999999999987	0.269376398908251	1136	6.5214688403951	7.57853115960464
31	WGN46	7.39999999999988	0.269376398908249	1136	6.87146884039511	7.92853115960464
32	WGN46	7.79999999999988	0.26937639890825	1136	7.27146884039511	8.32853115960464
33	WGN46	8.19999999999988	0.269376398908251	1136	7.67146884039511	8.72853115960465
34	WGN46	7.69999999999987	0.269376398908252	1136	7.1714688403951	8.22853115960464
36	WGN46	7.69999999999988	0.269376398908253	1136	7.17146884039511	8.22853115960465
37	WGN46	8.29999999999988	0.269376398908251	1136	7.77146884039511	8.82853115960465
38	WGN46	7.34999999999988	0.269376398908248	1136	6.82146884039512	7.87853115960464
39	WGN46	7.29999999999988	0.269376398908249	1136	6.77146884039512	7.82853115960465
40	WGN46	7.24999999999987	0.269376398908251	1136	6.7214688403951	7.77853115960464
41	WGN46	7.89999999999988	0.269376398908249	1136	7.37146884039511	8.42853115960464
42	WGN46	7.54999999999988	0.269376398908248	1136	7.02146884039512	8.07853115960464
43	WGN46	7.99999999999988	0.26937639890825	1136	7.47146884039511	8.52853115960464
44	WGN46	6.99999999999986	0.269376398908252	1136	6.47146884039509	7.52853115960463
45	WGN46	8.19999999999988	0.269376398908251	1136	7.67146884039511	8.72853115960465
46	WGN46	7.49999999999988	0.269376398908248	1136	6.97146884039512	8.02853115960465
47	WGN46	7.99999999999988	0.26937639890825	1136	7.47146884039511	8.52853115960464
48	WGN46	8.09999999999988	0.269376398908252	1136	7.57146884039511	8.62853115960465
49	WGN46	8.04999999999988	0.269376398908252	1136	7.52146884039511	8.57853115960465
50	WGN46	7.84999999999987	0.269376398908252	1136	7.3214688403951	8.37853115960464
51	WGN46	8.05334212840797	0.381039510871484	1136	7.30572186415189	8.80096239266405
52	WGN46	7.09999999999986	0.269376398908252	1136	6.5714688403951	7.62853115960463
53	WGN46	6.94999999999989	0.269376398908249	1136	6.42146884039512	7.47853115960465
54	WGN46	8.04999999999988	0.269376398908251	1136	7.52146884039511	8.57853115960464
55	WGN46	7.54999999999988	0.269376398908249	1136	7.02146884039512	8.07853115960464
56	WGN46	8.14999999999988	0.269376398908253	1136	7.62146884039511	8.67853115960465
57	WGN46	7.69999999999987	0.269376398908251	1136	7.17146884039511	8.22853115960464
58	WGN46	7.69999999999988	0.269376398908251	1136	7.17146884039511	8.22853115960464
59	WGN46	8.79999999999988	0.269376398908252	1136	8.27146884039511	9.32853115960465
60	WGN46	7.84999999999988	0.269376398908251	1136	7.32146884039511	8.37853115960465
61	WGN46	8.29999999999987	0.26937639890825	1136	7.77146884039511	8.82853115960464
62	WGN46	8.49999999999988	0.269376398908252	1136	7.97146884039511	9.02853115960465
63	WGN46	7.79999999999987	0.269376398908252	1136	7.2714688403951	8.32853115960464
64	WGN46	7.64999999999987	0.269376398908251	1136	7.12146884039511	8.17853115960464
65	WGN46	7.25334212840799	0.38103951087148	1136	6.50572186415191	8.00096239266406
66	WGN46	7.34999999999987	0.269376398908253	1136	6.8214688403951	7.87853115960464
67	WGN46	7.89999999999988	0.26937639890825	1136	7.37146884039511	8.42853115960464
68	WGN46	7.44999999999988	0.26937639890825	1136	6.92146884039511	7.97853115960464
69	WGN46	7.84999999999988	0.269376398908248	1136	7.32146884039512	8.37853115960464
70	WGN46	7.24999999999988	0.26937639890825	1136	6.72146884039512	7.77853115960465
71	WGN46	8.44999999999987	0.269376398908248	1136	7.9214688403951	8.97853115960463
72	WGN46	7.09999999999987	0.269376398908252	1136	6.5714688403951	7.62853115960464
73	WGN46	7.44999999999988	0.26937639890825	1136	6.92146884039511	7.97853115960464
74	WGN46	7.54999999999987	0.269376398908251	1136	7.02146884039511	8.07853115960464
75	WGN46	7.69999999999987	0.269376398908249	1136	7.17146884039511	8.22853115960463
76	WGN46	6.59999999999991	0.269376398908249	1136	6.07146884039515	7.12853115960467
78	WGN46	7.94999999999987	0.269376398908249	1136	7.42146884039511	8.47853115960464
79	WGN46	8.59999999999988	0.269376398908251	1136	8.07146884039511	9.12853115960465
80	WGN46	7.24999999999987	0.269376398908251	1136	6.72146884039511	7.77853115960464
81	WGN46	7.89999999999987	0.269376398908249	1136	7.37146884039511	8.42853115960464
82	WGN46	8.74999999999987	0.269376398908249	1136	8.2214688403951	9.27853115960463
83	WGN46	7.09999999999989	0.269376398908249	1136	6.57146884039512	7.62853115960465
84	WGN46	8.04999999999988	0.269376398908251	1136	7.52146884039511	8.57853115960464
85	WGN46	7.29999999999988	0.26937639890825	1136	6.77146884039512	7.82853115960465
86	WGN46	7.94999999999988	0.26937639890825	1136	7.42146884039511	8.47853115960464
87	WGN46	7.79999999999987	0.269376398908249	1136	7.27146884039511	8.32853115960464
88	WGN46	6.94999999999987	0.269376398908251	1136	6.4214688403951	7.47853115960464
89	WGN46	7.79999999999987	0.26937639890825	1136	7.27146884039511	8.32853115960464
90	WGN46	7.84999999999988	0.26937639890825	1136	7.32146884039511	8.37853115960464
91	WGN46	7.54665787159178	0.381039510871484	1136	6.79903760733569	8.29427813584786
93	WGN46	7.14999999999987	0.269376398908251	1136	6.6214688403951	7.67853115960464
94	WGN46	8.34999999999987	0.26937639890825	1136	7.82146884039511	8.87853115960464
95	WGN46	8.24999999999988	0.269376398908251	1136	7.72146884039511	8.77853115960464
96	WGN46	8.54999999999987	0.26937639890825	1136	8.02146884039511	9.07853115960464
98	WGN46	7.74999999999988	0.269376398908249	1136	7.22146884039511	8.27853115960464
100	WGN46	8.39999999999987	0.269376398908251	1136	7.87146884039511	8.92853115960464
101	WGN46	7.44999999999987	0.26937639890825	1136	6.92146884039511	7.97853115960464
102	WGN46	7.09999999999987	0.26937639890825	1136	6.57146884039511	7.62853115960464
103	WGN46	7.89999999999987	0.269376398908251	1136	7.37146884039511	8.42853115960464
104	WGN46	7.94999999999987	0.269376398908251	1136	7.42146884039511	8.47853115960464
106	WGN46	7.24999999999987	0.26937639890825	1136	6.72146884039511	7.77853115960464
107	WGN46	8.99999999999988	0.26937639890825	1136	8.47146884039511	9.52853115960464
108	WGN46	7.84999999999988	0.26937639890825	1136	7.32146884039511	8.37853115960464
109	WGN46	7.49999999999987	0.26937639890825	1136	6.97146884039511	8.02853115960464
110	WGN46	7.54999999999988	0.26937639890825	1136	7.02146884039511	8.07853115960464
111	WGN46	8.29999999999987	0.26937639890825	1136	7.77146884039511	8.82853115960464
112	WGN46	7.94999999999987	0.26937639890825	1136	7.42146884039511	8.47853115960464
113	WGN46	7.84999999999988	0.26937639890825	1136	7.32146884039511	8.37853115960464
114	WGN46	8.19999999999988	0.269376398908251	1136	7.67146884039511	8.72853115960464
115	WGN46	7.19999999999987	0.26937639890825	1136	6.67146884039511	7.72853115960464
116	WGN46	8.29999999999987	0.26937639890825	1136	7.77146884039511	8.82853115960464
117	WGN46	7.44999999999987	0.26937639890825	1136	6.92146884039511	7.97853115960464
118	WGN46	7.04665787159178	0.381039510871481	1136	6.2990376073357	7.79427813584786
119	WGN46	8.24999999999987	0.26937639890825	1136	7.72146884039511	8.77853115960464
120	WGN46	8.44999999999987	0.26937639890825	1136	7.92146884039511	8.97853115960464
121	WGN46	7.49999999999987	0.26937639890825	1136	6.97146884039511	8.02853115960464
122	WGN46	7.34999999999987	0.26937639890825	1136	6.82146884039511	7.87853115960464
123	WGN46	7.39999999999987	0.26937639890825	1136	6.87146884039511	7.92853115960464
124	WGN46	7.84999999999987	0.26937639890825	1136	7.32146884039511	8.37853115960464
125	WGN46	7.94999999999987	0.26937639890825	1136	7.42146884039511	8.47853115960464
126	WGN46	7.84999999999987	0.26937639890825	1136	7.32146884039511	8.37853115960464
127	WGN46	7.69999999999987	0.26937639890825	1136	7.17146884039511	8.22853115960464
128	WGN46	7.89999999999988	0.26937639890825	1136	7.37146884039511	8.42853115960464
129	WGN46	8.34999999999987	0.26937639890825	1136	7.82146884039511	8.87853115960464
130	WGN46	7.09999999999987	0.26937639890825	1136	6.57146884039511	7.62853115960464
1	WGN55	8.19999999999983	0.269376398908245	1136	7.67146884039507	8.72853115960458
2	WGN55	7.39999999999983	0.269376398908251	1136	6.87146884039506	7.9285311596046
3	WGN55	6.6499999999999	0.269376398908247	1136	6.12146884039514	7.17853115960466
4	WGN55	7.84999999999983	0.269376398908252	1136	7.32146884039507	8.3785311596046
5	WGN55	7.69999999999984	0.26937639890825	1136	7.17146884039508	8.22853115960461
6	WGN55	7.99999999999985	0.269376398908251	1136	7.47146884039508	8.52853115960462
7	WGN55	7.79999999999988	0.269376398908252	1136	7.27146884039512	8.32853115960465
8	WGN55	7.79999999999985	0.269376398908251	1136	7.27146884039508	8.32853115960461
9	WGN55	7.69999999999985	0.269376398908252	1136	7.17146884039508	8.22853115960462
10	WGN55	7.64999999999983	0.269376398908253	1136	7.12146884039506	8.1785311596046
11	WGN55	7.64999999999987	0.269376398908248	1136	7.12146884039511	8.17853115960463
12	WGN55	7.85334212840794	0.381039510871482	1136	7.10572186415186	8.60096239266402
13	WGN55	7.14999999999983	0.269376398908251	1136	6.62146884039506	7.6785311596046
14	WGN55	8.04999999999985	0.269376398908252	1136	7.52146884039508	8.57853115960462
15	WGN55	7.89999999999985	0.269376398908248	1136	7.37146884039509	8.42853115960461
16	WGN55	7.84999999999984	0.269376398908253	1136	7.32146884039507	8.37853115960461
17	WGN55	8.25334212840793	0.381039510871478	1136	7.50572186415186	9.000962392664
18	WGN55	8.09999999999983	0.269376398908251	1136	7.57146884039506	8.6285311596046
19	WGN55	7.84999999999984	0.269376398908251	1136	7.32146884039507	8.37853115960461
20	WGN55	8.04999999999984	0.269376398908253	1136	7.52146884039506	8.57853115960461
21	WGN55	7.64999999999984	0.26937639890825	1136	7.12146884039508	8.17853115960461
22	WGN55	7.84999999999983	0.269376398908253	1136	7.32146884039506	8.3785311596046
23	WGN55	7.99999999999984	0.269376398908249	1136	7.47146884039507	8.5285311596046
24	WGN55	7.79999999999984	0.269376398908251	1136	7.27146884039507	8.3285311596046
25	WGN55	6.94999999999983	0.269376398908251	1136	6.42146884039507	7.4785311596046
26	WGN55	7.24999999999985	0.269376398908248	1136	6.72146884039509	7.77853115960461
27	WGN55	7.64999999999984	0.26937639890825	1136	7.12146884039507	8.1785311596046
28	WGN55	7.79999999999984	0.26937639890825	1136	7.27146884039507	8.32853115960461
29	WGN55	7.69999999999983	0.269376398908252	1136	7.17146884039506	8.2285311596046
30	WGN55	7.74999999999985	0.269376398908248	1136	7.22146884039509	8.27853115960461
31	WGN55	7.99999999999984	0.269376398908253	1136	7.47146884039507	8.52853115960461
32	WGN55	8.44999999999984	0.269376398908253	1136	7.92146884039507	8.97853115960462
33	WGN55	7.09999999999983	0.269376398908251	1136	6.57146884039506	7.6285311596046
34	WGN55	7.79999999999984	0.26937639890825	1136	7.27146884039508	8.32853115960461
35	WGN55	7.89999999999984	0.26937639890825	1136	7.37146884039508	8.4285311596046
36	WGN55	7.69999999999984	0.269376398908251	1136	7.17146884039507	8.2285311596046
37	WGN55	8.14999999999983	0.269376398908252	1136	7.62146884039506	8.6785311596046
38	WGN55	6.79999999999983	0.269376398908253	1136	6.27146884039506	7.3285311596046
40	WGN55	8.39999999999983	0.269376398908251	1136	7.87146884039507	8.9285311596046
41	WGN55	8.19999999999984	0.269376398908253	1136	7.67146884039506	8.72853115960461
42	WGN55	7.89999999999985	0.269376398908249	1136	7.37146884039508	8.42853115960461
43	WGN55	7.94999999999984	0.269376398908251	1136	7.42146884039508	8.47853115960461
44	WGN55	7.94999999999984	0.269376398908249	1136	7.42146884039507	8.4785311596046
45	WGN55	7.64999999999984	0.269376398908248	1136	7.12146884039508	8.1785311596046
46	WGN55	6.99999999999984	0.26937639890825	1136	6.47146884039507	7.5285311596046
47	WGN55	7.49999999999983	0.269376398908252	1136	6.97146884039506	8.0285311596046
48	WGN55	7.54999999999984	0.269376398908251	1136	7.02146884039507	8.07853115960461
49	WGN55	7.99999999999985	0.269376398908248	1136	7.47146884039508	8.52853115960461
50	WGN55	7.44999999999984	0.26937639890825	1136	6.92146884039507	7.9785311596046
52	WGN55	7.84999999999984	0.269376398908252	1136	7.32146884039507	8.37853115960461
53	WGN55	7.19999999999983	0.269376398908252	1136	6.67146884039506	7.7285311596046
54	WGN55	7.64999999999983	0.269376398908252	1136	7.12146884039506	8.1785311596046
55	WGN55	7.84999999999984	0.269376398908249	1136	7.32146884039508	8.37853115960461
56	WGN55	7.69999999999985	0.269376398908249	1136	7.17146884039509	8.22853115960461
57	WGN55	7.39999999999984	0.269376398908251	1136	6.87146884039507	7.92853115960461
58	WGN55	7.64999999999984	0.269376398908249	1136	7.12146884039508	8.17853115960461
59	WGN55	7.64999999999985	0.269376398908249	1136	7.12146884039508	8.17853115960461
60	WGN55	6.89999999999984	0.269376398908251	1136	6.37146884039507	7.4285311596046
61	WGN55	7.19999999999985	0.269376398908249	1136	6.67146884039509	7.72853115960462
62	WGN55	7.89999999999984	0.269376398908252	1136	7.37146884039507	8.42853115960461
63	WGN55	7.94999999999984	0.26937639890825	1136	7.42146884039508	8.47853115960461
64	WGN55	7.59999999999984	0.26937639890825	1136	7.07146884039508	8.12853115960461
65	WGN55	7.49999999999984	0.26937639890825	1136	6.97146884039507	8.02853115960461
66	WGN55	7.44999999999985	0.269376398908249	1136	6.92146884039509	7.97853115960462
67	WGN55	7.59999999999985	0.269376398908249	1136	7.07146884039508	8.12853115960461
68	WGN55	7.34999999999984	0.26937639890825	1136	6.82146884039508	7.87853115960461
69	WGN55	7.05334212840795	0.381039510871479	1136	6.30572186415187	7.80096239266402
70	WGN55	8.24999999999983	0.26937639890825	1136	7.72146884039507	8.7785311596046
71	WGN55	7.99999999999983	0.269376398908249	1136	7.47146884039507	8.5285311596046
72	WGN55	6.99999999999984	0.269376398908251	1136	6.47146884039507	7.52853115960461
73	WGN55	8.09999999999985	0.26937639890825	1136	7.57146884039508	8.62853115960461
74	WGN55	8.19999999999984	0.269376398908252	1136	7.67146884039507	8.72853115960461
75	WGN55	7.54999999999984	0.26937639890825	1136	7.02146884039508	8.07853115960461
76	WGN55	7.84999999999984	0.26937639890825	1136	7.32146884039507	8.3785311596046
77	WGN55	6.94999999999984	0.269376398908251	1136	6.42146884039508	7.47853115960461
78	WGN55	6.89999999999984	0.26937639890825	1136	6.37146884039508	7.42853115960461
80	WGN55	8.44999999999984	0.269376398908251	1136	7.92146884039507	8.9785311596046
81	WGN55	7.14999999999984	0.269376398908251	1136	6.62146884039507	7.67853115960461
82	WGN55	7.44999999999984	0.269376398908251	1136	6.92146884039507	7.9785311596046
83	WGN55	7.14999999999985	0.26937639890825	1136	6.62146884039508	7.67853115960461
84	WGN55	7.84999999999984	0.269376398908251	1136	7.32146884039507	8.37853115960461
85	WGN55	7.64999999999984	0.26937639890825	1136	7.12146884039508	8.17853115960461
86	WGN55	7.34999999999984	0.269376398908251	1136	6.82146884039507	7.8785311596046
87	WGN55	8.04999999999984	0.269376398908251	1136	7.52146884039507	8.5785311596046
88	WGN55	7.54999999999984	0.26937639890825	1136	7.02146884039508	8.07853115960461
89	WGN55	7.69999999999984	0.26937639890825	1136	7.17146884039508	8.22853115960461
90	WGN55	6.29999999999985	0.269376398908249	1136	5.77146884039509	6.82853115960462
91	WGN55	8.44999999999984	0.26937639890825	1136	7.92146884039508	8.97853115960461
92	WGN55	6.99999999999985	0.26937639890825	1136	6.47146884039509	7.52853115960462
93	WGN55	8.24999999999985	0.269376398908251	1136	7.72146884039508	8.77853115960461
94	WGN55	7.54999999999984	0.269376398908251	1136	7.02146884039507	8.07853115960461
95	WGN55	7.69999999999984	0.26937639890825	1136	7.17146884039508	8.22853115960461
96	WGN55	7.99999999999984	0.26937639890825	1136	7.47146884039508	8.52853115960461
97	WGN55	7.64999999999984	0.269376398908251	1136	7.12146884039507	8.17853115960461
98	WGN55	7.09999999999983	0.269376398908251	1136	6.57146884039507	7.6285311596046
99	WGN55	7.39999999999984	0.269376398908251	1136	6.87146884039507	7.9285311596046
100	WGN55	7.74999999999984	0.26937639890825	1136	7.22146884039508	8.27853115960461
101	WGN55	7.89999999999984	0.26937639890825	1136	7.37146884039508	8.42853115960461
102	WGN55	7.34999999999983	0.269376398908251	1136	6.82146884039507	7.8785311596046
103	WGN55	6.99999999999984	0.26937639890825	1136	6.47146884039508	7.52853115960461
104	WGN55	8.14999999999984	0.26937639890825	1136	7.62146884039508	8.67853115960461
105	WGN55	7.64999999999984	0.26937639890825	1136	7.12146884039507	8.17853115960461
106	WGN55	7.74999999999984	0.269376398908251	1136	7.22146884039507	8.27853115960461
107	WGN55	7.84999999999984	0.269376398908251	1136	7.32146884039507	8.37853115960461
108	WGN55	8.09999999999984	0.269376398908251	1136	7.57146884039507	8.62853115960461
109	WGN55	7.69999999999984	0.269376398908251	1136	7.17146884039508	8.22853115960461
110	WGN55	7.74999999999984	0.26937639890825	1136	7.22146884039508	8.27853115960461
111	WGN55	8.44999999999984	0.269376398908251	1136	7.92146884039508	8.97853115960461
112	WGN55	7.84999999999984	0.269376398908251	1136	7.32146884039507	8.37853115960461
113	WGN55	7.34999999999984	0.269376398908251	1136	6.82146884039507	7.8785311596046
114	WGN55	7.59999999999984	0.26937639890825	1136	7.07146884039508	8.12853115960461
115	WGN55	7.34999999999984	0.26937639890825	1136	6.82146884039508	7.87853115960461
116	WGN55	6.74665787159175	0.381039510871481	1136	5.99903760733567	7.49427813584783
117	WGN55	7.99999999999984	0.26937639890825	1136	7.47146884039508	8.52853115960461
118	WGN55	7.69999999999984	0.269376398908251	1136	7.17146884039507	8.22853115960461
119	WGN55	7.69999999999984	0.269376398908251	1136	7.17146884039508	8.22853115960461
120	WGN55	7.54999999999984	0.26937639890825	1136	7.02146884039508	8.07853115960461
121	WGN55	6.89999999999984	0.269376398908251	1136	6.37146884039507	7.42853115960461
122	WGN55	7.89999999999984	0.269376398908251	1136	7.37146884039507	8.42853115960461
123	WGN55	7.59999999999984	0.269376398908251	1136	7.07146884039507	8.12853115960461
124	WGN55	8.54999999999984	0.26937639890825	1136	8.02146884039508	9.07853115960461
125	WGN55	7.84999999999984	0.269376398908251	1136	7.32146884039507	8.37853115960461
126	WGN55	7.19999999999984	0.26937639890825	1136	6.67146884039508	7.72853115960461
128	WGN55	7.24999999999984	0.26937639890825	1136	6.72146884039508	7.77853115960461
129	WGN55	7.79999999999984	0.26937639890825	1136	7.27146884039508	8.32853115960461
130	WGN55	7.44999999999984	0.26937639890825	1136	6.92146884039508	7.97853115960461
1	WGN63	8.54999999999987	0.26937639890825	1136	8.0214688403951	9.07853115960464
2	WGN63	8.94999999999985	0.269376398908253	1136	8.42146884039508	9.47853115960462
3	WGN63	8.99999999999988	0.269376398908252	1136	8.47146884039512	9.52853115960465
4	WGN63	9.24999999999986	0.26937639890825	1136	8.72146884039509	9.77853115960462
5	WGN63	9.04999999999985	0.269376398908249	1136	8.52146884039508	9.57853115960461
6	WGN63	8.75334212840795	0.381039510871482	1136	8.00572186415187	9.50096239266403
7	WGN63	8.84999999999984	0.26937639890825	1136	8.32146884039508	9.3785311596046
8	WGN63	7.89999999999986	0.269376398908249	1136	7.3714688403951	8.42853115960463
9	WGN63	8.79999999999985	0.269376398908251	1136	8.27146884039508	9.32853115960461
10	WGN63	8.74999999999986	0.269376398908251	1136	8.22146884039509	9.27853115960462
12	WGN63	9.69999999999986	0.26937639890825	1136	9.17146884039509	10.2285311596046
13	WGN63	8.84999999999986	0.269376398908251	1136	8.32146884039509	9.37853115960462
14	WGN63	7.59999999999983	0.269376398908252	1136	7.07146884039506	8.1285311596046
16	WGN63	9.09999999999986	0.269376398908252	1136	8.57146884039509	9.62853115960463
17	WGN63	8.09999999999985	0.269376398908251	1136	7.57146884039508	8.62853115960462
18	WGN63	9.09999999999984	0.269376398908251	1136	8.57146884039508	9.62853115960461
19	WGN63	8.69999999999987	0.269376398908251	1136	8.1714688403951	9.22853115960464
20	WGN63	8.19999999999987	0.269376398908251	1136	7.67146884039511	8.72853115960464
21	WGN63	9.04999999999986	0.269376398908252	1136	8.52146884039509	9.57853115960463
22	WGN63	8.34999999999984	0.269376398908251	1136	7.82146884039508	8.87853115960461
23	WGN63	8.94999999999985	0.269376398908252	1136	8.42146884039508	9.47853115960462
24	WGN63	8.39999999999986	0.26937639890825	1136	7.87146884039509	8.92853115960462
25	WGN63	8.94999999999984	0.269376398908248	1136	8.42146884039508	9.47853115960461
26	WGN63	9.04999999999987	0.269376398908251	1136	8.5214688403951	9.57853115960463
27	WGN63	8.49999999999985	0.26937639890825	1136	7.97146884039508	9.02853115960461
28	WGN63	8.14999999999986	0.269376398908249	1136	7.62146884039509	8.67853115960462
29	WGN63	8.54999999999983	0.269376398908251	1136	8.02146884039506	9.07853115960459
30	WGN63	8.74999999999986	0.269376398908249	1136	8.22146884039509	9.27853115960462
31	WGN63	8.34999999999986	0.269376398908249	1136	7.8214688403951	8.87853115960462
32	WGN63	8.49999999999986	0.26937639890825	1136	7.97146884039509	9.02853115960462
33	WGN63	8.39999999999983	0.26937639890825	1136	7.87146884039507	8.9285311596046
34	WGN63	7.94999999999983	0.269376398908251	1136	7.42146884039506	8.4785311596046
35	WGN63	8.34999999999985	0.269376398908249	1136	7.82146884039509	8.87853115960462
36	WGN63	8.19999999999987	0.26937639890825	1136	7.67146884039511	8.72853115960464
37	WGN63	8.59999999999986	0.269376398908252	1136	8.07146884039509	9.12853115960463
38	WGN63	9.94999999999986	0.269376398908251	1136	9.42146884039509	10.4785311596046
39	WGN63	9.14999999999985	0.269376398908251	1136	8.62146884039509	9.67853115960462
40	WGN63	7.19999999999988	0.269376398908249	1136	6.67146884039512	7.72853115960465
41	WGN63	8.45334212840793	0.381039510871484	1136	7.70572186415185	9.20096239266402
42	WGN63	8.89999999999985	0.269376398908252	1136	8.37146884039508	9.42853115960462
43	WGN63	8.29999999999986	0.269376398908249	1136	7.7714688403951	8.82853115960462
44	WGN63	8.29999999999985	0.269376398908251	1136	7.77146884039508	8.82853115960462
45	WGN63	8.39999999999984	0.269376398908251	1136	7.87146884039507	8.92853115960461
46	WGN63	8.39999999999985	0.269376398908251	1136	7.87146884039508	8.92853115960462
47	WGN63	8.89999999999985	0.26937639890825	1136	8.37146884039508	9.42853115960461
48	WGN63	8.34999999999985	0.269376398908251	1136	7.82146884039508	8.87853115960461
49	WGN63	8.39999999999985	0.26937639890825	1136	7.87146884039508	8.92853115960461
50	WGN63	8.19999999999985	0.26937639890825	1136	7.67146884039509	8.72853115960462
51	WGN63	9.34665787159177	0.381039510871482	1136	8.59903760733569	10.0942781358478
52	WGN63	9.44999999999985	0.26937639890825	1136	8.92146884039508	9.97853115960461
53	WGN63	9.09999999999985	0.269376398908251	1136	8.57146884039509	9.62853115960462
54	WGN63	9.29999999999986	0.269376398908252	1136	8.77146884039509	9.82853115960463
55	WGN63	8.74999999999986	0.269376398908252	1136	8.22146884039509	9.27853115960463
56	WGN63	9.19999999999985	0.26937639890825	1136	8.67146884039508	9.72853115960462
57	WGN63	9.44999999999986	0.269376398908252	1136	8.92146884039509	9.97853115960463
58	WGN63	8.49999999999985	0.26937639890825	1136	7.97146884039509	9.02853115960462
59	WGN63	8.39999999999985	0.26937639890825	1136	7.87146884039508	8.92853115960461
60	WGN63	8.74999999999987	0.269376398908251	1136	8.2214688403951	9.27853115960464
61	WGN63	8.94999999999985	0.26937639890825	1136	8.42146884039508	9.47853115960461
62	WGN63	8.74999999999985	0.269376398908251	1136	8.22146884039508	9.27853115960462
63	WGN63	8.59999999999985	0.269376398908251	1136	8.07146884039508	9.12853115960462
64	WGN63	7.84999999999985	0.269376398908251	1136	7.32146884039508	8.37853115960461
65	WGN63	8.84999999999986	0.269376398908252	1136	8.32146884039509	9.37853115960463
66	WGN63	8.19999999999985	0.269376398908251	1136	7.67146884039508	8.72853115960461
67	WGN63	8.14999999999985	0.269376398908251	1136	7.62146884039508	8.67853115960462
68	WGN63	7.94999999999985	0.26937639890825	1136	7.42146884039509	8.47853115960462
69	WGN63	9.34999999999986	0.269376398908252	1136	8.82146884039509	9.87853115960463
70	WGN63	9.09999999999985	0.269376398908251	1136	8.57146884039509	9.62853115960462
72	WGN63	7.64999999999985	0.26937639890825	1136	7.12146884039509	8.17853115960462
73	WGN63	8.44999999999985	0.269376398908251	1136	7.92146884039509	8.97853115960462
74	WGN63	8.89999999999985	0.26937639890825	1136	8.37146884039509	9.42853115960462
75	WGN63	9.29999999999984	0.26937639890825	1136	8.77146884039508	9.82853115960461
76	WGN63	8.59999999999985	0.26937639890825	1136	8.07146884039509	9.12853115960462
77	WGN63	9.79999999999984	0.26937639890825	1136	9.27146884039508	10.3285311596046
78	WGN63	8.99999999999985	0.26937639890825	1136	8.47146884039508	9.52853115960461
79	WGN63	9.24999999999985	0.26937639890825	1136	8.72146884039508	9.77853115960462
80	WGN63	9.84999999999985	0.26937639890825	1136	9.32146884039508	10.3785311596046
81	WGN63	7.79999999999985	0.26937639890825	1136	7.27146884039509	8.32853115960462
82	WGN63	7.59999999999985	0.269376398908251	1136	7.07146884039508	8.12853115960461
83	WGN63	9.34999999999986	0.269376398908251	1136	8.82146884039509	9.87853115960462
84	WGN63	8.79999999999985	0.26937639890825	1136	8.27146884039508	9.32853115960462
85	WGN63	9.24999999999985	0.26937639890825	1136	8.72146884039508	9.77853115960461
86	WGN63	8.64999999999985	0.269376398908252	1136	8.12146884039509	9.17853115960462
87	WGN63	8.24999999999985	0.269376398908251	1136	7.72146884039508	8.77853115960461
88	WGN63	8.44999999999985	0.269376398908251	1136	7.92146884039509	8.97853115960462
89	WGN63	8.89999999999985	0.269376398908251	1136	8.37146884039509	9.42853115960462
90	WGN63	7.74665787159175	0.381039510871482	1136	6.99903760733567	8.49427813584783
91	WGN63	8.84999999999985	0.26937639890825	1136	8.32146884039508	9.37853115960461
92	WGN63	8.89999999999985	0.26937639890825	1136	8.37146884039509	9.42853115960462
93	WGN63	8.69999999999985	0.26937639890825	1136	8.17146884039509	9.22853115960462
94	WGN63	9.09999999999985	0.26937639890825	1136	8.57146884039509	9.62853115960462
95	WGN63	9.05334212840794	0.381039510871481	1136	8.30572186415186	9.80096239266402
96	WGN63	8.24999999999985	0.269376398908251	1136	7.72146884039508	8.77853115960461
97	WGN63	8.49999999999985	0.269376398908251	1136	7.97146884039508	9.02853115960462
98	WGN63	8.64999999999985	0.269376398908251	1136	8.12146884039509	9.17853115960462
99	WGN63	8.79999999999985	0.26937639890825	1136	8.27146884039509	9.32853115960462
100	WGN63	8.39999999999985	0.269376398908251	1136	7.87146884039508	8.92853115960462
101	WGN63	9.54999999999985	0.269376398908251	1136	9.02146884039508	10.0785311596046
102	WGN63	9.14999999999985	0.269376398908251	1136	8.62146884039509	9.67853115960462
103	WGN63	9.09999999999986	0.269376398908251	1136	8.57146884039509	9.62853115960463
105	WGN63	7.84999999999985	0.26937639890825	1136	7.32146884039509	8.37853115960462
106	WGN63	8.55334212840795	0.381039510871481	1136	7.80572186415187	9.30096239266402
107	WGN63	9.35334212840794	0.381039510871481	1136	8.60572186415187	10.100962392664
109	WGN63	7.79999999999985	0.269376398908251	1136	7.27146884039508	8.32853115960462
110	WGN63	8.54999999999985	0.269376398908251	1136	8.02146884039509	9.07853115960462
111	WGN63	9.34999999999986	0.269376398908251	1136	8.82146884039509	9.87853115960462
112	WGN63	8.49999999999985	0.269376398908251	1136	7.97146884039508	9.02853115960462
114	WGN63	7.79999999999985	0.269376398908251	1136	7.27146884039509	8.32853115960462
115	WGN63	9.79999999999986	0.269376398908251	1136	9.27146884039509	10.3285311596046
116	WGN63	8.74999999999985	0.269376398908251	1136	8.22146884039508	9.27853115960462
117	WGN63	8.04999999999985	0.269376398908251	1136	7.52146884039508	8.57853115960462
118	WGN63	8.19999999999985	0.269376398908251	1136	7.67146884039508	8.72853115960462
119	WGN63	8.69999999999985	0.269376398908251	1136	8.17146884039508	9.22853115960462
121	WGN63	7.94999999999985	0.269376398908251	1136	7.42146884039508	8.47853115960462
122	WGN63	7.39999999999985	0.269376398908251	1136	6.87146884039509	7.92853115960462
123	WGN63	9.04999999999985	0.269376398908251	1136	8.52146884039508	9.57853115960462
124	WGN63	9.34999999999985	0.269376398908251	1136	8.82146884039509	9.87853115960462
125	WGN63	8.64999999999985	0.269376398908251	1136	8.12146884039509	9.17853115960462
126	WGN63	9.19999999999985	0.269376398908251	1136	8.67146884039509	9.72853115960462
127	WGN63	8.29999999999985	0.269376398908251	1136	7.77146884039509	8.82853115960462
128	WGN63	8.39999999999985	0.269376398908251	1136	7.87146884039509	8.92853115960462
129	WGN63	8.94999999999985	0.269376398908251	1136	8.42146884039509	9.47853115960462
130	WGN63	10.3499999999999	0.269376398908251	1136	9.82146884039509	10.8785311596046
