plantID3	famID	emmean	SE	df	lower.CL	upper.CL
1	WGN07	23.3333333333336	1.20183347555307	1111	20.9752140312815	25.6914526353858
2	WGN07	23.3333333333334	1.20183347555313	1111	20.9752140312811	25.6914526353856
3	WGN07	23.8333333333326	1.20183347555316	1111	21.4752140312803	26.1914526353849
4	WGN07	21.3333333333334	1.20183347555317	1111	18.975214031281	23.6914526353857
5	WGN07	25.1666666666669	1.20183347555316	1111	22.8085473646146	27.5247859687193
6	WGN07	20.1666666666665	1.2018334755532	1111	17.8085473646141	22.5247859687189
7	WGN07	21.6666666666668	1.20183347555316	1111	19.3085473646145	24.0247859687191
8	WGN07	23.1666666666665	1.20183347555315	1111	20.8085473646142	25.5247859687188
9	WGN07	25.3333333333333	1.20183347555317	1111	22.975214031281	27.6914526353857
10	WGN07	16.6666666666666	1.20183347555319	1111	14.3085473646142	19.024785968719
11	WGN07	23.3333333333333	1.20183347555317	1111	20.975214031281	25.6914526353857
12	WGN07	22.5	1.20183347555319	1111	20.1418806979476	24.8581193020524
13	WGN07	22	1.20183347555318	1111	19.6418806979476	24.3581193020523
14	WGN07	21.6666666666667	1.20183347555318	1111	19.3085473646143	24.024785968719
15	WGN07	20.1666666666666	1.20183347555319	1111	17.8085473646142	22.5247859687189
16	WGN07	21.6666666666668	1.20183347555313	1111	19.3085473646145	24.024785968719
17	WGN07	24.4999999999999	1.20183347555317	1111	22.1418806979476	26.8581193020522
18	WGN07	21.1666666666667	1.20183347555317	1111	18.8085473646143	23.524785968719
20	WGN07	19.5	1.20183347555316	1111	17.1418806979477	21.8581193020523
21	WGN07	24.3333333333333	1.20183347555316	1111	21.975214031281	26.6914526353856
22	WGN07	22	1.20183347555319	1111	19.6418806979477	24.3581193020524
23	WGN07	23.6666666666667	1.20183347555317	1111	21.3085473646144	26.0247859687191
24	WGN07	21.8333333333335	1.20183347555316	1111	19.4752140312812	24.1914526353858
25	WGN07	22.6666666666666	1.20183347555315	1111	20.3085473646143	25.0247859687189
26	WGN07	24.6666666666666	1.20183347555319	1111	22.3085473646142	27.0247859687189
27	WGN07	24.6666666666665	1.20183347555317	1111	22.3085473646142	27.0247859687188
28	WGN07	19.8333333333335	1.20183347555312	1111	17.4752140312813	22.1914526353858
29	WGN07	20	1.20183347555316	1111	17.6418806979477	22.3581193020523
30	WGN07	25	1.20183347555316	1111	22.6418806979477	27.3581193020523
31	WGN07	25	1.20183347555317	1111	22.6418806979476	27.3581193020523
32	WGN07	20.6666666666667	1.20183347555317	1111	18.3085473646144	23.024785968719
33	WGN07	25.8333333333333	1.20183347555318	1111	23.4752140312809	28.1914526353856
34	WGN07	22.6666666666666	1.2018334755532	1111	20.3085473646142	25.024785968719
35	WGN07	21	1.20183347555318	1111	18.6418806979476	23.3581193020523
36	WGN07	19.8333333333333	1.20183347555316	1111	17.475214031281	22.1914526353856
37	WGN07	23.8333333333334	1.20183347555316	1111	21.4752140312811	26.1914526353857
38	WGN07	22.8333333333333	1.20183347555318	1111	20.4752140312809	25.1914526353856
39	WGN07	19.6666666666666	1.20183347555318	1111	17.3085473646143	22.024785968719
40	WGN07	22.8333333333334	1.20183347555314	1111	20.4752140312811	25.1914526353857
41	WGN07	25.1666666666667	1.20183347555317	1111	22.8085473646143	27.524785968719
42	WGN07	25.8333333333332	1.20183347555317	1111	23.4752140312809	28.1914526353855
44	WGN07	19.4999999999999	1.20183347555318	1111	17.1418806979476	21.8581193020523
46	WGN07	21.4999999999999	1.20183347555317	1111	19.1418806979476	23.8581193020523
47	WGN07	19.8333333333334	1.20183347555314	1111	17.4752140312811	22.1914526353857
48	WGN07	21.5	1.20183347555316	1111	19.1418806979477	23.8581193020523
49	WGN07	24.5	1.20183347555318	1111	22.1418806979477	26.8581193020523
50	WGN07	24.3333333333334	1.20183347555317	1111	21.975214031281	26.6914526353857
51	WGN07	24.4999999999999	1.20183347555315	1111	22.1418806979476	26.8581193020522
52	WGN07	24.6666666666666	1.20183347555317	1111	22.3085473646143	27.0247859687189
53	WGN07	24.3333333333333	1.20183347555319	1111	21.975214031281	26.6914526353857
54	WGN07	24.7065347721822	1.70003127327523	1111	21.3709008086185	28.0421687357458
55	WGN07	23.3333333333333	1.20183347555318	1111	20.975214031281	25.6914526353857
56	WGN07	22.9999999999999	1.20183347555319	1111	20.6418806979476	25.3581193020523
57	WGN07	21.6666666666668	1.20183347555317	1111	19.3085473646145	24.0247859687191
58	WGN07	22.3333333333333	1.20183347555317	1111	19.975214031281	24.6914526353856
59	WGN07	24.3333333333333	1.20183347555315	1111	21.975214031281	26.6914526353856
60	WGN07	20.1666666666666	1.20183347555319	1111	17.8085473646142	22.5247859687189
61	WGN07	23.6666666666667	1.20183347555316	1111	21.3085473646144	26.024785968719
63	WGN07	23.3333333333333	1.20183347555316	1111	20.975214031281	25.6914526353856
64	WGN07	18.1666666666666	1.20183347555318	1111	15.8085473646143	20.5247859687189
66	WGN07	21.3333333333333	1.20183347555318	1111	18.975214031281	23.6914526353857
67	WGN07	18.1666666666668	1.20183347555317	1111	15.8085473646144	20.5247859687191
68	WGN07	22.9999999999999	1.20183347555317	1111	20.6418806979476	25.3581193020522
69	WGN07	23.8333333333334	1.20183347555318	1111	21.475214031281	26.1914526353857
71	WGN07	18.1666666666666	1.20183347555318	1111	15.8085473646143	20.524785968719
73	WGN07	19.1666666666667	1.20183347555318	1111	16.8085473646143	21.524785968719
74	WGN07	24.8333333333333	1.2018334755532	1111	22.475214031281	27.1914526353857
75	WGN07	21.8333333333333	1.20183347555318	1111	19.475214031281	24.1914526353857
76	WGN07	20.6666666666666	1.20183347555319	1111	18.3085473646142	23.024785968719
77	WGN07	25.5000000000001	1.20183347555317	1111	23.1418806979478	27.8581193020524
78	WGN07	22.5	1.20183347555318	1111	20.1418806979477	24.8581193020524
79	WGN07	22.1666666666667	1.20183347555314	1111	19.8085473646145	24.524785968719
80	WGN07	21.8333333333333	1.20183347555318	1111	19.475214031281	24.1914526353857
81	WGN07	18.8333333333333	1.20183347555318	1111	16.4752140312809	21.1914526353856
82	WGN07	19.6666666666666	1.2018334755532	1111	17.3085473646142	22.024785968719
83	WGN07	19.8333333333333	1.20183347555318	1111	17.475214031281	22.1914526353857
84	WGN07	23.3333333333333	1.20183347555315	1111	20.975214031281	25.6914526353856
85	WGN07	23.6666666666666	1.20183347555318	1111	21.3085473646143	26.0247859687189
86	WGN07	22.5	1.20183347555313	1111	20.1418806979478	24.8581193020523
87	WGN07	20.1666666666667	1.20183347555318	1111	17.8085473646143	22.524785968719
88	WGN07	22.6666666666666	1.20183347555318	1111	20.3085473646143	25.024785968719
89	WGN07	22.1666666666667	1.20183347555315	1111	19.8085473646144	24.524785968719
90	WGN07	21.5	1.20183347555318	1111	19.1418806979476	23.8581193020523
91	WGN07	22.9999999999999	1.20183347555319	1111	20.6418806979475	25.3581193020523
92	WGN07	21.3333333333333	1.20183347555317	1111	18.975214031281	23.6914526353856
93	WGN07	23.3333333333333	1.20183347555315	1111	20.975214031281	25.6914526353856
94	WGN07	21.8333333333334	1.20183347555314	1111	19.4752140312811	24.1914526353856
95	WGN07	22.5	1.20183347555317	1111	20.1418806979476	24.8581193020523
96	WGN07	20	1.20183347555318	1111	17.6418806979476	22.3581193020523
97	WGN07	24.5	1.20183347555317	1111	22.1418806979477	26.8581193020523
98	WGN07	20.8333333333333	1.20183347555319	1111	18.475214031281	23.1914526353857
99	WGN07	21.5	1.20183347555318	1111	19.1418806979477	23.8581193020523
100	WGN07	19.5	1.20183347555317	1111	17.1418806979477	21.8581193020523
101	WGN07	24	1.20183347555317	1111	21.6418806979476	26.3581193020523
102	WGN07	24.6666666666666	1.20183347555317	1111	22.3085473646142	27.0247859687189
103	WGN07	22.8333333333333	1.20183347555316	1111	20.475214031281	25.1914526353856
104	WGN07	24.1666666666665	1.20183347555317	1111	21.8085473646142	26.5247859687189
105	WGN07	24.8333333333333	1.20183347555318	1111	22.475214031281	27.1914526353857
106	WGN07	22.3333333333333	1.20183347555316	1111	19.975214031281	24.6914526353856
107	WGN07	21.3333333333332	1.20183347555323	1111	18.9752140312808	23.6914526353857
108	WGN07	18.5833333333335	1.20183347555314	1111	16.2252140312812	20.9414526353857
109	WGN07	19.3333333333334	1.20183347555314	1111	16.9752140312812	21.6914526353857
110	WGN07	22.5	1.20183347555317	1111	20.1418806979477	24.8581193020523
111	WGN07	23	1.20183347555315	1111	20.6418806979477	25.3581193020522
112	WGN07	23	1.20183347555319	1111	20.6418806979476	25.3581193020523
113	WGN07	20.8333333333334	1.20183347555317	1111	18.4752140312811	23.1914526353858
114	WGN07	25	1.20183347555317	1111	22.6418806979477	27.3581193020524
115	WGN07	23.9999999999999	1.20183347555315	1111	21.6418806979476	26.3581193020522
116	WGN07	24	1.20183347555318	1111	21.6418806979477	26.3581193020524
117	WGN07	25.6666666666666	1.20183347555316	1111	23.3085473646143	28.0247859687189
118	WGN07	22.8333333333333	1.20183347555316	1111	20.475214031281	25.1914526353856
119	WGN07	22.8333333333334	1.20183347555316	1111	20.4752140312811	25.1914526353857
120	WGN07	20.5	1.20183347555317	1111	18.1418806979476	22.8581193020523
121	WGN07	23.6666666666667	1.20183347555318	1111	21.3085473646144	26.0247859687191
122	WGN07	21.9601318944843	1.70003127327514	1111	18.6244979309208	25.2957658580478
123	WGN07	25.4999999999998	1.20183347555316	1111	23.1418806979475	27.8581193020521
124	WGN07	20	1.20183347555318	1111	17.6418806979476	22.3581193020523
125	WGN07	21.5	1.20183347555318	1111	19.1418806979477	23.8581193020523
126	WGN07	22.1666666666667	1.20183347555317	1111	19.8085473646144	24.5247859687191
127	WGN07	25.3333333333333	1.20183347555318	1111	22.975214031281	27.6914526353857
128	WGN07	21.8333333333333	1.20183347555316	1111	19.475214031281	24.1914526353856
129	WGN07	24	1.20183347555318	1111	21.6418806979476	26.3581193020523
130	WGN07	18.8333333333333	1.20183347555315	1111	16.475214031281	21.1914526353856
1	WGN15	19.9999999999999	1.20183347555309	1111	17.6418806979477	22.358119302052
2	WGN15	19	1.20183347555319	1111	16.6418806979476	21.3581193020524
3	WGN15	20.6666666666667	1.20183347555319	1111	18.3085473646144	23.0247859687191
4	WGN15	21.5000000000001	1.20183347555319	1111	19.1418806979477	23.8581193020525
5	WGN15	20.8333333333334	1.20183347555314	1111	18.4752140312811	23.1914526353856
7	WGN15	19.3333333333334	1.20183347555319	1111	16.975214031281	21.6914526353857
8	WGN15	21.3333333333334	1.20183347555318	1111	18.975214031281	23.6914526353857
9	WGN15	16.8333333333332	1.2018334755532	1111	14.4752140312808	19.1914526353856
10	WGN15	21.3333333333334	1.20183347555321	1111	18.975214031281	23.6914526353858
11	WGN15	21.1666666666667	1.20183347555318	1111	18.8085473646144	23.5247859687191
12	WGN15	15.0000000000001	1.20183347555317	1111	12.6418806979478	17.3581193020524
13	WGN15	18	1.20183347555318	1111	15.6418806979477	20.3581193020524
14	WGN15	15.6666666666668	1.20183347555317	1111	13.3085473646145	18.0247859687191
15	WGN15	20.1666666666667	1.2018334755532	1111	17.8085473646143	22.5247859687191
16	WGN15	16.8333333333334	1.20183347555316	1111	14.4752140312811	19.1914526353857
17	WGN15	22.2934652278179	1.70003127327525	1111	18.9578312642541	25.6290991913816
18	WGN15	20.3333333333334	1.20183347555321	1111	17.975214031281	22.6914526353858
19	WGN15	23.0398681055157	1.70003127327523	1111	19.704234141952	26.3755020690794
20	WGN15	18.3333333333334	1.20183347555316	1111	15.9752140312811	20.6914526353857
21	WGN15	21.3333333333333	1.20183347555317	1111	18.975214031281	23.6914526353856
22	WGN15	18.0000000000001	1.20183347555319	1111	15.6418806979477	20.3581193020524
23	WGN15	23.0000000000001	1.20183347555319	1111	20.6418806979478	25.3581193020525
24	WGN15	17.2934652278177	1.70003127327524	1111	13.957831264254	20.6290991913814
25	WGN15	17.1666666666666	1.20183347555319	1111	14.8085473646143	19.524785968719
26	WGN15	20.3333333333334	1.20183347555319	1111	17.975214031281	22.6914526353858
27	WGN15	20.25	1.20183347555315	1111	17.8918806979477	22.6081193020523
28	WGN15	18.5000000000001	1.20183347555316	1111	16.1418806979478	20.8581193020524
29	WGN15	21	1.20183347555317	1111	18.6418806979477	23.3581193020523
30	WGN15	23.5000000000001	1.20183347555319	1111	21.1418806979478	25.8581193020525
31	WGN15	19.2934652278178	1.7000312732752	1111	15.9578312642542	22.6290991913814
32	WGN15	19.6666666666667	1.20183347555317	1111	17.3085473646143	22.024785968719
33	WGN15	20.3333333333334	1.20183347555316	1111	17.9752140312811	22.6914526353857
34	WGN15	18.0000000000001	1.20183347555316	1111	15.6418806979478	20.3581193020524
35	WGN15	19.5000000000001	1.20183347555317	1111	17.1418806979477	21.8581193020524
36	WGN15	19.3333333333333	1.20183347555318	1111	16.9752140312809	21.6914526353856
37	WGN15	22.1666666666665	1.20183347555316	1111	19.8085473646141	24.5247859687188
38	WGN15	16.6666666666667	1.20183347555316	1111	14.3085473646144	19.024785968719
39	WGN15	21.8333333333333	1.20183347555318	1111	19.475214031281	24.1914526353857
40	WGN15	18.5000000000001	1.20183347555319	1111	16.1418806979477	20.8581193020524
41	WGN15	22.5000000000001	1.2018334755532	1111	20.1418806979477	24.8581193020525
43	WGN15	18.8333333333333	1.20183347555318	1111	16.475214031281	21.1914526353857
44	WGN15	20	1.20183347555319	1111	17.6418806979477	22.3581193020524
45	WGN15	19.3333333333333	1.20183347555315	1111	16.975214031281	21.6914526353856
46	WGN15	19.3333333333333	1.20183347555317	1111	16.975214031281	21.6914526353857
47	WGN15	20.5	1.20183347555319	1111	18.1418806979476	22.8581193020524
48	WGN15	19.8333333333334	1.20183347555315	1111	17.4752140312811	22.1914526353857
50	WGN15	21.1666666666667	1.20183347555317	1111	18.8085473646144	23.524785968719
51	WGN15	18.5	1.20183347555319	1111	16.1418806979477	20.8581193020524
52	WGN15	18.6666666666667	1.20183347555318	1111	16.3085473646143	21.024785968719
53	WGN15	13.0000000000001	1.20183347555316	1111	10.6418806979478	15.3581193020525
54	WGN15	19.9601318944845	1.70003127327523	1111	16.6244979309208	23.2957658580481
55	WGN15	17.8333333333334	1.20183347555316	1111	15.4752140312811	20.1914526353857
56	WGN15	22.5	1.20183347555317	1111	20.1418806979477	24.8581193020524
57	WGN15	17.6666666666667	1.20183347555317	1111	15.3085473646144	20.024785968719
58	WGN15	19.3333333333334	1.20183347555318	1111	16.975214031281	21.6914526353857
59	WGN15	21.6666666666667	1.2018334755532	1111	19.3085473646143	24.0247859687191
60	WGN15	16.6666666666668	1.20183347555317	1111	14.3085473646144	19.0247859687191
61	WGN15	22.5	1.20183347555318	1111	20.1418806979477	24.8581193020524
62	WGN15	20.6666666666667	1.20183347555317	1111	18.3085473646144	23.024785968719
63	WGN15	22.1666666666666	1.20183347555318	1111	19.8085473646143	24.524785968719
64	WGN15	17	1.20183347555316	1111	14.6418806979477	19.3581193020524
65	WGN15	19.5000000000001	1.20183347555317	1111	17.1418806979478	21.8581193020524
66	WGN15	20.3333333333334	1.20183347555314	1111	17.9752140312811	22.6914526353856
67	WGN15	22.0000000000001	1.20183347555318	1111	19.6418806979478	24.3581193020525
69	WGN15	18.1666666666668	1.20183347555317	1111	15.8085473646145	20.5247859687191
70	WGN15	22.5	1.20183347555316	1111	20.1418806979477	24.8581193020523
71	WGN15	19.8333333333334	1.20183347555318	1111	17.475214031281	22.1914526353857
72	WGN15	18.9601318944844	1.70003127327527	1111	15.6244979309206	22.2957658580481
73	WGN15	20.6666666666667	1.20183347555318	1111	18.3085473646143	23.024785968719
74	WGN15	18	1.20183347555317	1111	15.6418806979477	20.3581193020524
75	WGN15	21.6267985611512	1.70003127327521	1111	18.2911645975876	24.9624325247149
77	WGN15	19	1.20183347555319	1111	16.6418806979477	21.3581193020524
78	WGN15	19	1.20183347555318	1111	16.6418806979477	21.3581193020524
79	WGN15	20.3333333333335	1.2018334755532	1111	17.9752140312811	22.6914526353859
80	WGN15	16.3333333333334	1.20183347555318	1111	13.9752140312811	18.6914526353858
81	WGN15	24.1666666666667	1.20183347555318	1111	21.8085473646143	26.524785968719
82	WGN15	21.5000000000001	1.20183347555318	1111	19.1418806979477	23.8581193020524
83	WGN15	17.3333333333335	1.20183347555317	1111	14.9752140312811	19.6914526353858
84	WGN15	22	1.20183347555319	1111	19.6418806979477	24.3581193020524
85	WGN15	24.6666666666668	1.20183347555317	1111	22.3085473646144	27.0247859687191
86	WGN15	18.0000000000001	1.20183347555317	1111	15.6418806979478	20.3581193020524
87	WGN15	21.6666666666667	1.20183347555318	1111	19.3085473646144	24.0247859687191
88	WGN15	20.6666666666667	1.20183347555318	1111	18.3085473646143	23.024785968719
89	WGN15	19.6666666666667	1.20183347555317	1111	17.3085473646144	22.0247859687191
90	WGN15	20.3333333333334	1.20183347555317	1111	17.975214031281	22.6914526353857
91	WGN15	18.6666666666667	1.20183347555317	1111	16.3085473646144	21.0247859687191
92	WGN15	16.5000000000001	1.20183347555316	1111	14.1418806979478	18.8581193020524
93	WGN15	18.5	1.20183347555318	1111	16.1418806979477	20.8581193020524
94	WGN15	22.8333333333333	1.20183347555318	1111	20.475214031281	25.1914526353856
95	WGN15	18.8333333333333	1.20183347555317	1111	16.475214031281	21.1914526353856
96	WGN15	19.6666666666667	1.20183347555317	1111	17.3085473646144	22.024785968719
97	WGN15	20	1.20183347555316	1111	17.6418806979477	22.3581193020524
98	WGN15	20.5	1.20183347555317	1111	18.1418806979477	22.8581193020524
99	WGN15	20.5000000000001	1.20183347555318	1111	18.1418806979477	22.8581193020524
100	WGN15	20	1.20183347555318	1111	17.6418806979476	22.3581193020523
101	WGN15	23.8333333333334	1.20183347555317	1111	21.4752140312811	26.1914526353857
102	WGN15	21.1666666666666	1.20183347555317	1111	18.8085473646143	23.524785968719
103	WGN15	19.3333333333334	1.20183347555319	1111	16.975214031281	21.6914526353858
104	WGN15	20.6666666666667	1.20183347555317	1111	18.3085473646144	23.024785968719
106	WGN15	16.5	1.20183347555317	1111	14.1418806979477	18.8581193020523
107	WGN15	24	1.20183347555318	1111	21.6418806979476	26.3581193020523
108	WGN15	20.1666666666665	1.20183347555318	1111	17.8085473646142	22.5247859687189
109	WGN15	23.3333333333333	1.20183347555317	1111	20.975214031281	25.6914526353857
110	WGN15	17.8333333333333	1.20183347555317	1111	15.475214031281	20.1914526353857
111	WGN15	21.5	1.20183347555316	1111	19.1418806979477	23.8581193020523
112	WGN15	19.0000000000001	1.20183347555318	1111	16.6418806979477	21.3581193020524
113	WGN15	19.6666666666667	1.20183347555319	1111	17.3085473646143	22.0247859687191
114	WGN15	18.6666666666667	1.20183347555316	1111	16.3085473646144	21.024785968719
115	WGN15	21	1.20183347555317	1111	18.6418806979477	23.3581193020524
116	WGN15	19.6666666666667	1.20183347555319	1111	17.3085473646143	22.024785968719
117	WGN15	19.5	1.20183347555317	1111	17.1418806979477	21.8581193020524
118	WGN15	19.5	1.20183347555317	1111	17.1418806979477	21.8581193020524
119	WGN15	23.6666666666667	1.20183347555317	1111	21.3085473646144	26.024785968719
120	WGN15	23.3333333333333	1.20183347555317	1111	20.975214031281	25.6914526353857
121	WGN15	18.1666666666667	1.20183347555317	1111	15.8085473646144	20.524785968719
122	WGN15	20.8333333333334	1.20183347555317	1111	18.4752140312811	23.1914526353857
123	WGN15	19	1.20183347555318	1111	16.6418806979477	21.3581193020524
124	WGN15	21.1666666666667	1.20183347555317	1111	18.8085473646143	23.524785968719
125	WGN15	18.8333333333333	1.20183347555317	1111	16.475214031281	21.1914526353856
126	WGN15	17.1666666666667	1.20183347555317	1111	14.8085473646144	19.524785968719
127	WGN15	18.8333333333334	1.20183347555318	1111	16.475214031281	21.1914526353857
128	WGN15	17.6666666666667	1.20183347555317	1111	15.3085473646143	20.024785968719
129	WGN15	20	1.20183347555316	1111	17.6418806979478	22.3581193020523
130	WGN15	18.5000000000001	1.20183347555317	1111	16.1418806979478	20.8581193020524
3	WGN26	18.8333333333333	1.20183347555317	1111	16.475214031281	21.1914526353857
4	WGN26	21.1666666666669	1.2018334755532	1111	18.8085473646145	23.5247859687193
5	WGN26	19.8333333333333	1.20183347555316	1111	17.475214031281	22.1914526353856
6	WGN26	23.3333333333333	1.20183347555315	1111	20.975214031281	25.6914526353856
7	WGN26	21.5000000000001	1.20183347555317	1111	19.1418806979478	23.8581193020524
9	WGN26	19.9166666666667	1.20183347555318	1111	17.5585473646144	22.2747859687191
10	WGN26	18.1666666666668	1.20183347555319	1111	15.8085473646145	20.5247859687192
11	WGN26	19.9601318944844	1.70003127327517	1111	16.6244979309208	23.2957658580479
12	WGN26	19.1666666666668	1.2018334755532	1111	16.8085473646145	21.5247859687192
13	WGN26	20	1.20183347555316	1111	17.6418806979477	22.3581193020523
14	WGN26	17.8333333333334	1.20183347555317	1111	15.4752140312811	20.1914526353857
15	WGN26	19.5	1.20183347555316	1111	17.1418806979477	21.8581193020523
17	WGN26	23.0000000000001	1.20183347555318	1111	20.6418806979477	25.3581193020524
18	WGN26	18.2934652278178	1.70003127327519	1111	14.9578312642542	21.6290991913814
19	WGN26	19.373201438849	1.70003127327525	1111	16.0375674752853	22.7088354024127
20	WGN26	19.2934652278177	1.70003127327521	1111	15.9578312642541	22.6290991913814
21	WGN26	19.0000000000001	1.20183347555319	1111	16.6418806979477	21.3581193020525
22	WGN26	18.3333333333334	1.20183347555318	1111	15.9752140312811	20.6914526353858
23	WGN26	20.3333333333335	1.20183347555318	1111	17.9752140312811	22.6914526353858
25	WGN26	21.1666666666669	1.20183347555321	1111	18.8085473646145	23.5247859687193
26	WGN26	14.1666666666668	1.20183347555316	1111	11.8085473646145	16.5247859687192
27	WGN26	18.0000000000001	1.20183347555319	1111	15.6418806979477	20.3581193020525
28	WGN26	20.6666666666667	1.20183347555317	1111	18.3085473646144	23.0247859687191
29	WGN26	17.5000000000001	1.20183347555315	1111	15.1418806979478	19.8581193020524
30	WGN26	20.0000000000001	1.20183347555317	1111	17.6418806979477	22.3581193020524
31	WGN26	22.8333333333335	1.20183347555319	1111	20.4752140312812	25.1914526353859
32	WGN26	15.8333333333334	1.20183347555318	1111	13.475214031281	18.1914526353857
33	WGN26	18.9601318944845	1.70003127327523	1111	15.6244979309209	22.2957658580482
34	WGN26	18.6666666666668	1.2018334755532	1111	16.3085473646144	21.0247859687192
35	WGN26	21.4999999999999	1.20183347555316	1111	19.1418806979476	23.8581193020522
36	WGN26	19	1.20183347555316	1111	16.6418806979477	21.3581193020523
38	WGN26	18.8333333333334	1.20183347555315	1111	16.4752140312811	21.1914526353857
39	WGN26	17.3333333333334	1.20183347555316	1111	14.9752140312811	19.6914526353857
40	WGN26	20.3333333333333	1.20183347555316	1111	17.975214031281	22.6914526353856
41	WGN26	18.5398681055157	1.70003127327522	1111	15.204234141952	21.8755020690793
42	WGN26	20.3333333333335	1.2018334755532	1111	17.9752140312811	22.6914526353859
43	WGN26	19.8333333333333	1.20183347555317	1111	17.475214031281	22.1914526353857
44	WGN26	20.5000000000001	1.20183347555317	1111	18.1418806979478	22.8581193020524
45	WGN26	22.3333333333334	1.20183347555317	1111	19.9752140312811	24.6914526353858
46	WGN26	23.3333333333334	1.20183347555317	1111	20.9752140312811	25.6914526353858
47	WGN26	18.8333333333334	1.20183347555315	1111	16.4752140312811	21.1914526353857
48	WGN26	19.8333333333335	1.20183347555318	1111	17.4752140312811	22.1914526353858
49	WGN26	19.0000000000001	1.20183347555317	1111	16.6418806979477	21.3581193020524
50	WGN26	19.5000000000001	1.20183347555318	1111	17.1418806979478	21.8581193020524
51	WGN26	15.3333333333334	1.20183347555318	1111	12.975214031281	17.6914526353857
52	WGN26	21.1666666666667	1.20183347555318	1111	18.8085473646144	23.5247859687191
53	WGN26	17.1666666666667	1.20183347555316	1111	14.8085473646144	19.524785968719
54	WGN26	22.3333333333334	1.20183347555317	1111	19.9752140312811	24.6914526353857
55	WGN26	19.1666666666667	1.20183347555318	1111	16.8085473646143	21.524785968719
56	WGN26	18.5000000000001	1.20183347555318	1111	16.1418806979477	20.8581193020524
57	WGN26	21.6666666666668	1.20183347555318	1111	19.3085473646144	24.0247859687191
58	WGN26	16.8333333333334	1.20183347555317	1111	14.4752140312811	19.1914526353857
59	WGN26	14.0398681055157	1.70003127327521	1111	10.704234141952	17.3755020690793
60	WGN26	21.1666666666667	1.20183347555316	1111	18.8085473646144	23.524785968719
61	WGN26	19.5	1.20183347555317	1111	17.1418806979477	21.8581193020524
62	WGN26	20.5000000000001	1.20183347555318	1111	18.1418806979478	22.8581193020524
64	WGN26	19.0000000000001	1.20183347555317	1111	16.6418806979478	21.3581193020524
65	WGN26	23.5000000000003	1.20183347555319	1111	21.1418806979479	25.8581193020526
66	WGN26	21	1.20183347555317	1111	18.6418806979477	23.3581193020524
67	WGN26	20.6666666666667	1.20183347555318	1111	18.3085473646144	23.0247859687191
68	WGN26	19.8333333333334	1.20183347555318	1111	17.4752140312811	22.1914526353858
69	WGN26	21.6666666666668	1.20183347555318	1111	19.3085473646144	24.0247859687191
70	WGN26	19.0000000000001	1.20183347555318	1111	16.6418806979478	21.3581193020524
71	WGN26	19.1666666666667	1.20183347555319	1111	16.8085473646144	21.5247859687191
73	WGN26	17.1666666666668	1.2018334755532	1111	14.8085473646144	19.5247859687191
74	WGN26	17.3333333333335	1.20183347555316	1111	14.9752140312812	19.6914526353858
75	WGN26	22.3333333333334	1.20183347555317	1111	19.975214031281	24.6914526353857
76	WGN26	17.8333333333333	1.20183347555317	1111	15.475214031281	20.1914526353857
77	WGN26	15.7065347721824	1.70003127327522	1111	12.3709008086188	19.042168735746
78	WGN26	19.3333333333334	1.20183347555318	1111	16.975214031281	21.6914526353857
79	WGN26	18.6267985611511	1.70003127327521	1111	15.2911645975875	21.9624325247147
80	WGN26	18.5	1.20183347555317	1111	16.1418806979477	20.8581193020524
81	WGN26	21.5	1.20183347555316	1111	19.1418806979477	23.8581193020524
82	WGN26	21.0000000000001	1.20183347555317	1111	18.6418806979477	23.3581193020524
83	WGN26	19.3333333333334	1.20183347555318	1111	16.975214031281	21.6914526353857
85	WGN26	20.0398681055156	1.70003127327519	1111	16.704234141952	23.3755020690792
86	WGN26	11.5398681055157	1.70003127327521	1111	8.20423414195209	14.8755020690793
87	WGN26	23.6666666666668	1.20183347555318	1111	21.3085473646144	26.0247859687191
88	WGN26	19.8333333333334	1.20183347555316	1111	17.4752140312811	22.1914526353857
89	WGN26	19.8333333333334	1.20183347555317	1111	17.4752140312811	22.1914526353857
90	WGN26	18.5000000000001	1.20183347555317	1111	16.1418806979477	20.8581193020524
91	WGN26	19.8333333333334	1.20183347555317	1111	17.4752140312811	22.1914526353857
92	WGN26	19.5000000000001	1.20183347555317	1111	17.1418806979477	21.8581193020524
93	WGN26	21.5000000000001	1.20183347555318	1111	19.1418806979478	23.8581193020524
94	WGN26	20.5	1.20183347555317	1111	18.1418806979477	22.8581193020524
95	WGN26	21.3333333333334	1.20183347555317	1111	18.9752140312811	23.6914526353857
96	WGN26	19.3333333333333	1.20183347555318	1111	16.975214031281	21.6914526353857
97	WGN26	20.8333333333334	1.20183347555317	1111	18.4752140312811	23.1914526353857
98	WGN26	21.1666666666667	1.20183347555317	1111	18.8085473646144	23.524785968719
99	WGN26	20	1.20183347555317	1111	17.6418806979477	22.3581193020523
101	WGN26	20.5000000000001	1.20183347555318	1111	18.1418806979477	22.8581193020524
102	WGN26	19.0000000000001	1.20183347555316	1111	16.6418806979477	21.3581193020524
103	WGN26	20.1666666666667	1.20183347555318	1111	17.8085473646144	22.5247859687191
104	WGN26	20.0000000000001	1.20183347555318	1111	17.6418806979477	22.3581193020524
105	WGN26	20.1666666666667	1.20183347555318	1111	17.8085473646144	22.5247859687191
106	WGN26	18.1666666666668	1.20183347555317	1111	15.8085473646145	20.5247859687191
108	WGN26	18.8333333333334	1.20183347555317	1111	16.4752140312811	21.1914526353857
109	WGN26	21.5000000000001	1.20183347555318	1111	19.1418806979477	23.8581193020524
111	WGN26	22.3333333333334	1.20183347555317	1111	19.9752140312811	24.6914526353857
112	WGN26	18.8333333333334	1.20183347555317	1111	16.4752140312811	21.1914526353857
113	WGN26	11.8333333333333	1.2018334755532	1111	9.47521403128096	14.1914526353857
115	WGN26	23.0000000000001	1.20183347555317	1111	20.6418806979477	25.3581193020524
116	WGN26	22.0000000000001	1.20183347555317	1111	19.6418806979478	24.3581193020524
117	WGN26	18.7065347721824	1.70003127327522	1111	15.3709008086187	22.042168735746
118	WGN26	20.6666666666667	1.20183347555317	1111	18.3085473646144	23.0247859687191
119	WGN26	20.8333333333334	1.20183347555316	1111	18.4752140312811	23.1914526353857
121	WGN26	22.5833333333334	1.20183347555318	1111	20.2252140312811	24.9414526353858
122	WGN26	20.0000000000001	1.20183347555318	1111	17.6418806979477	22.3581193020524
123	WGN26	21.5000000000001	1.20183347555318	1111	19.1418806979477	23.8581193020524
125	WGN26	24.6666666666667	1.20183347555318	1111	22.3085473646144	27.0247859687191
127	WGN26	21.3333333333333	1.20183347555318	1111	18.975214031281	23.6914526353857
128	WGN26	18.5000000000001	1.20183347555318	1111	16.1418806979477	20.8581193020524
129	WGN26	16.9601318944845	1.70003127327521	1111	13.6244979309208	20.2957658580481
130	WGN26	17.8333333333335	1.20183347555312	1111	15.4752140312813	20.1914526353857
1	WGN36	19.9999999999998	1.20183347555324	1111	17.6418806979473	22.3581193020523
2	WGN36	22.9999999999998	1.20183347555315	1111	20.6418806979475	25.3581193020521
4	WGN36	22.3333333333332	1.20183347555316	1111	19.9752140312809	24.6914526353855
5	WGN36	20.3333333333333	1.20183347555321	1111	17.9752140312809	22.6914526353857
6	WGN36	22.1666666666666	1.20183347555317	1111	19.8085473646143	24.5247859687189
7	WGN36	24.3333333333333	1.20183347555317	1111	21.9752140312809	26.6914526353856
8	WGN36	24.3333333333334	1.20183347555319	1111	21.975214031281	26.6914526353858
9	WGN36	21.626798561151	1.70003127327523	1111	18.2911645975873	24.9624325247147
10	WGN36	20.4999999999999	1.20183347555316	1111	18.1418806979476	22.8581193020522
11	WGN36	21.8333333333331	1.20183347555315	1111	19.4752140312808	24.1914526353854
12	WGN36	17.626798561151	1.70003127327524	1111	14.2911645975873	20.9624325247147
13	WGN36	22.1666666666665	1.20183347555317	1111	19.8085473646142	24.5247859687188
14	WGN36	18	1.20183347555317	1111	15.6418806979477	20.3581193020523
15	WGN36	20.3333333333333	1.20183347555319	1111	17.9752140312809	22.6914526353857
16	WGN36	21.1666666666666	1.20183347555317	1111	18.8085473646143	23.524785968719
17	WGN36	18.4999999999999	1.20183347555318	1111	16.1418806979476	20.8581193020522
18	WGN36	22.4999999999999	1.20183347555317	1111	20.1418806979475	24.8581193020522
19	WGN36	21.4999999999999	1.20183347555319	1111	19.1418806979476	23.8581193020523
20	WGN36	18.8333333333333	1.20183347555315	1111	16.475214031281	21.1914526353856
21	WGN36	22.6666666666665	1.20183347555317	1111	20.3085473646142	25.0247859687189
22	WGN36	19.1666666666666	1.20183347555317	1111	16.8085473646143	21.524785968719
23	WGN36	21.6666666666666	1.20183347555318	1111	19.3085473646142	24.0247859687189
24	WGN36	21.8333333333332	1.20183347555316	1111	19.4752140312809	24.1914526353855
26	WGN36	21.3333333333332	1.20183347555316	1111	18.9752140312809	23.6914526353855
27	WGN36	23.8333333333332	1.20183347555316	1111	21.4752140312809	26.1914526353855
28	WGN36	19.8333333333333	1.20183347555318	1111	17.4752140312809	22.1914526353856
30	WGN36	27.3333333333334	1.20183347555318	1111	24.975214031281	29.6914526353857
31	WGN36	20.6666666666667	1.20183347555318	1111	18.3085473646143	23.024785968719
32	WGN36	23.1666666666665	1.20183347555316	1111	20.8085473646142	25.5247859687188
33	WGN36	19.9999999999999	1.20183347555317	1111	17.6418806979476	22.3581193020522
34	WGN36	20.6666666666666	1.20183347555317	1111	18.3085473646143	23.0247859687189
35	WGN36	18.9999999999999	1.20183347555316	1111	16.6418806979476	21.3581193020522
36	WGN36	25.9999999999999	1.20183347555317	1111	23.6418806979475	28.3581193020522
37	WGN36	22.2934652278177	1.70003127327523	1111	18.957831264254	25.6290991913814
38	WGN36	21.2934652278175	1.70003127327518	1111	17.9578312642539	24.6290991913811
39	WGN36	24.3333333333332	1.20183347555317	1111	21.9752140312809	26.6914526353855
40	WGN36	21.1666666666666	1.20183347555318	1111	18.8085473646143	23.5247859687189
41	WGN36	22.9999999999999	1.20183347555318	1111	20.6418806979476	25.3581193020523
42	WGN36	21.8333333333332	1.20183347555316	1111	19.4752140312809	24.1914526353855
43	WGN36	22.6666666666665	1.20183347555317	1111	20.3085473646142	25.0247859687189
44	WGN36	21.1666666666666	1.20183347555318	1111	18.8085473646142	23.5247859687189
45	WGN36	22.8333333333332	1.20183347555318	1111	20.4752140312809	25.1914526353856
46	WGN36	23.3333333333332	1.20183347555318	1111	20.9752140312809	25.6914526353856
47	WGN36	20.6666666666665	1.20183347555317	1111	18.3085473646142	23.0247859687188
48	WGN36	21.3333333333332	1.20183347555317	1111	18.9752140312809	23.6914526353855
49	WGN36	21.8333333333332	1.20183347555317	1111	19.4752140312809	24.1914526353856
51	WGN36	24.8333333333332	1.20183347555317	1111	22.4752140312809	27.1914526353855
52	WGN36	23.8333333333332	1.20183347555316	1111	21.4752140312809	26.1914526353855
53	WGN36	22.8333333333333	1.20183347555317	1111	20.4752140312809	25.1914526353856
54	WGN36	23.1666666666665	1.20183347555317	1111	20.8085473646142	25.5247859687188
55	WGN36	20.9999999999999	1.20183347555318	1111	18.6418806979476	23.3581193020522
56	WGN36	20.8333333333332	1.20183347555317	1111	18.4752140312809	23.1914526353856
57	WGN36	23.4999999999999	1.20183347555317	1111	21.1418806979476	25.8581193020522
58	WGN36	22.9999999999999	1.20183347555317	1111	20.6418806979476	25.3581193020522
59	WGN36	18.4999999999999	1.20183347555317	1111	16.1418806979476	20.8581193020522
60	WGN36	20.6666666666665	1.20183347555317	1111	18.3085473646142	23.0247859687188
62	WGN36	21.6666666666665	1.20183347555317	1111	19.3085473646142	24.0247859687189
64	WGN36	23.8333333333332	1.20183347555316	1111	21.4752140312809	26.1914526353855
65	WGN36	20.4999999999999	1.20183347555318	1111	18.1418806979476	22.8581193020522
66	WGN36	19.9999999999999	1.20183347555317	1111	17.6418806979476	22.3581193020522
68	WGN36	20.3333333333332	1.20183347555317	1111	17.9752140312809	22.6914526353856
69	WGN36	22.3333333333332	1.20183347555318	1111	19.9752140312809	24.6914526353855
70	WGN36	20.6666666666666	1.20183347555318	1111	18.3085473646143	23.0247859687189
71	WGN36	19.4999999999999	1.20183347555317	1111	17.1418806979476	21.8581193020522
72	WGN36	22.3333333333332	1.20183347555317	1111	19.9752140312809	24.6914526353856
74	WGN36	21.4999999999999	1.20183347555317	1111	19.1418806979476	23.8581193020522
75	WGN36	20.6666666666665	1.20183347555317	1111	18.3085473646142	23.0247859687189
76	WGN36	23.8333333333332	1.20183347555317	1111	21.4752140312809	26.1914526353856
77	WGN36	22.6666666666665	1.20183347555316	1111	20.3085473646142	25.0247859687188
78	WGN36	17.9999999999999	1.20183347555318	1111	15.6418806979475	20.3581193020522
79	WGN36	20.8333333333332	1.20183347555317	1111	18.4752140312809	23.1914526353855
80	WGN36	21.1666666666665	1.20183347555317	1111	18.8085473646142	23.5247859687189
81	WGN36	21.6666666666665	1.20183347555317	1111	19.3085473646142	24.0247859687189
82	WGN36	23.3333333333332	1.20183347555317	1111	20.9752140312809	25.6914526353855
83	WGN36	20.6666666666665	1.20183347555317	1111	18.3085473646142	23.0247859687189
84	WGN36	24.1666666666666	1.20183347555317	1111	21.8085473646143	26.5247859687189
85	WGN36	17.8333333333333	1.20183347555317	1111	15.4752140312809	20.1914526353856
86	WGN36	22.3333333333332	1.20183347555317	1111	19.9752140312809	24.6914526353855
87	WGN36	23.8333333333332	1.20183347555317	1111	21.4752140312809	26.1914526353855
88	WGN36	20.6666666666666	1.20183347555317	1111	18.3085473646143	23.0247859687189
89	WGN36	23.9999999999999	1.20183347555317	1111	21.6418806979475	26.3581193020522
90	WGN36	21.6666666666666	1.20183347555317	1111	19.3085473646142	24.0247859687189
92	WGN36	18.4999999999999	1.20183347555317	1111	16.1418806979476	20.8581193020522
93	WGN36	19.8333333333332	1.20183347555317	1111	17.4752140312809	22.1914526353856
94	WGN36	18.1666666666666	1.20183347555317	1111	15.8085473646143	20.5247859687189
95	WGN36	21.9999999999999	1.20183347555317	1111	19.6418806979476	24.3581193020523
96	WGN36	20.8333333333332	1.20183347555318	1111	18.4752140312808	23.1914526353855
97	WGN36	22.6666666666665	1.20183347555317	1111	20.3085473646142	25.0247859687189
98	WGN36	23.6666666666666	1.20183347555316	1111	21.3085473646143	26.0247859687189
99	WGN36	21.8333333333332	1.20183347555317	1111	19.4752140312809	24.1914526353856
100	WGN36	20.1666666666665	1.20183347555317	1111	17.8085473646142	22.5247859687189
102	WGN36	20.6666666666666	1.20183347555317	1111	18.3085473646143	23.0247859687189
104	WGN36	21.1666666666665	1.20183347555317	1111	18.8085473646142	23.5247859687189
105	WGN36	22.6666666666666	1.20183347555317	1111	20.3085473646143	25.0247859687189
106	WGN36	19.3333333333332	1.20183347555318	1111	16.9752140312809	21.6914526353856
107	WGN36	18.9999999999999	1.20183347555317	1111	16.6418806979476	21.3581193020522
108	WGN36	21.3333333333333	1.20183347555317	1111	18.9752140312809	23.6914526353856
109	WGN36	19.3333333333332	1.20183347555317	1111	16.9752140312809	21.6914526353855
110	WGN36	18.1666666666666	1.20183347555318	1111	15.8085473646143	20.5247859687189
112	WGN36	21.8333333333333	1.20183347555317	1111	19.4752140312809	24.1914526353856
114	WGN36	17.1666666666666	1.20183347555317	1111	14.8085473646142	19.5247859687189
116	WGN36	18.9999999999999	1.20183347555317	1111	16.6418806979476	21.3581193020522
117	WGN36	24.3333333333332	1.20183347555316	1111	21.9752140312809	26.6914526353855
118	WGN36	21.4999999999999	1.20183347555317	1111	19.1418806979476	23.8581193020523
119	WGN36	20.1666666666666	1.20183347555318	1111	17.8085473646142	22.5247859687189
120	WGN36	22.1666666666665	1.20183347555317	1111	19.8085473646142	24.5247859687189
121	WGN36	20.4999999999999	1.20183347555318	1111	18.1418806979476	22.8581193020523
122	WGN36	19.6666666666666	1.20183347555318	1111	17.3085473646143	22.0247859687189
123	WGN36	21.1666666666666	1.20183347555317	1111	18.8085473646143	23.5247859687189
124	WGN36	23.8333333333332	1.20183347555317	1111	21.4752140312809	26.1914526353855
125	WGN36	19.9999999999999	1.20183347555317	1111	17.6418806979476	22.3581193020522
126	WGN36	21.8333333333332	1.20183347555317	1111	19.4752140312809	24.1914526353856
127	WGN36	23.3333333333332	1.20183347555317	1111	20.9752140312809	25.6914526353856
128	WGN36	22.8333333333332	1.20183347555317	1111	20.4752140312809	25.1914526353856
129	WGN36	14.9999999999999	1.20183347555317	1111	12.6418806979476	17.3581193020522
130	WGN36	20.1666666666665	1.20183347555317	1111	17.8085473646142	22.5247859687189
1	WGN38	24.1666666666664	1.2018334755532	1111	21.8085473646141	26.5247859687188
2	WGN38	20.4999999999999	1.20183347555318	1111	18.1418806979476	22.8581193020523
3	WGN38	18.3333333333334	1.20183347555317	1111	15.9752140312811	20.6914526353858
4	WGN38	24.3333333333334	1.20183347555316	1111	21.9752140312811	26.6914526353857
5	WGN38	19.8333333333333	1.20183347555318	1111	17.475214031281	22.1914526353857
6	WGN38	22.2934652278177	1.70003127327522	1111	18.9578312642541	25.6290991913814
7	WGN38	23.1666666666666	1.20183347555316	1111	20.8085473646143	25.524785968719
8	WGN38	21.5	1.20183347555319	1111	19.1418806979476	23.8581193020523
10	WGN38	20.8333333333333	1.20183347555319	1111	18.4752140312809	23.1914526353857
11	WGN38	23.8333333333333	1.20183347555317	1111	21.475214031281	26.1914526353856
12	WGN38	20.2934652278178	1.70003127327521	1111	16.9578312642542	23.6290991913814
13	WGN38	22.3333333333333	1.20183347555317	1111	19.975214031281	24.6914526353857
14	WGN38	22.3333333333333	1.20183347555318	1111	19.975214031281	24.6914526353857
16	WGN38	19.6666666666667	1.20183347555317	1111	17.3085473646144	22.024785968719
18	WGN38	23.3333333333333	1.20183347555317	1111	20.975214031281	25.6914526353856
19	WGN38	22.5	1.20183347555317	1111	20.1418806979477	24.8581193020524
20	WGN38	25	1.20183347555316	1111	22.6418806979477	27.3581193020523
21	WGN38	18.1666666666667	1.20183347555317	1111	15.8085473646143	20.524785968719
22	WGN38	20.5	1.20183347555318	1111	18.1418806979476	22.8581193020523
23	WGN38	24.6666666666667	1.20183347555318	1111	22.3085473646143	27.024785968719
24	WGN38	17.8333333333334	1.20183347555316	1111	15.4752140312811	20.1914526353857
26	WGN38	25.1666666666667	1.20183347555317	1111	22.8085473646144	27.524785968719
27	WGN38	22	1.20183347555318	1111	19.6418806979476	24.3581193020523
28	WGN38	19.8333333333333	1.20183347555318	1111	17.4752140312809	22.1914526353856
29	WGN38	18.6666666666666	1.20183347555318	1111	16.3085473646143	21.024785968719
30	WGN38	20	1.20183347555317	1111	17.6418806979477	22.3581193020524
32	WGN38	19	1.20183347555317	1111	16.6418806979477	21.3581193020524
33	WGN38	27.5	1.20183347555317	1111	25.1418806979477	29.8581193020523
34	WGN38	21.1666666666667	1.20183347555317	1111	18.8085473646144	23.5247859687191
35	WGN38	25.5	1.20183347555317	1111	23.1418806979477	27.8581193020523
36	WGN38	23.1666666666667	1.20183347555318	1111	20.8085473646143	25.524785968719
37	WGN38	24	1.20183347555317	1111	21.6418806979477	26.3581193020523
38	WGN38	25.8333333333334	1.20183347555318	1111	23.475214031281	28.1914526353857
39	WGN38	22.1666666666667	1.20183347555317	1111	19.8085473646144	24.524785968719
40	WGN38	26.6666666666666	1.20183347555317	1111	24.3085473646143	29.024785968719
41	WGN38	22	1.20183347555317	1111	19.6418806979477	24.3581193020523
42	WGN38	19.1666666666667	1.20183347555317	1111	16.8085473646144	21.5247859687191
45	WGN38	21.5	1.20183347555317	1111	19.1418806979477	23.8581193020523
46	WGN38	19.8333333333334	1.20183347555317	1111	17.475214031281	22.1914526353857
47	WGN38	19.0000000000001	1.20183347555317	1111	16.6418806979477	21.3581193020524
48	WGN38	21.1666666666666	1.20183347555318	1111	18.8085473646143	23.524785968719
49	WGN38	20.8333333333334	1.20183347555317	1111	18.4752140312811	23.1914526353857
50	WGN38	22.8333333333334	1.20183347555318	1111	20.475214031281	25.1914526353857
51	WGN38	19.5	1.20183347555318	1111	17.1418806979476	21.8581193020523
52	WGN38	23.5	1.20183347555318	1111	21.1418806979476	25.8581193020523
53	WGN38	23	1.20183347555317	1111	20.6418806979477	25.3581193020523
54	WGN38	19.3333333333334	1.20183347555317	1111	16.975214031281	21.6914526353857
55	WGN38	18.5	1.20183347555317	1111	16.1418806979477	20.8581193020524
56	WGN38	17.6666666666667	1.20183347555318	1111	15.3085473646143	20.024785968719
59	WGN38	26.1666666666667	1.20183347555317	1111	23.8085473646143	28.524785968719
61	WGN38	25.3333333333333	1.20183347555318	1111	22.975214031281	27.6914526353856
63	WGN38	23.3333333333333	1.20183347555317	1111	20.975214031281	25.6914526353857
64	WGN38	22.5	1.20183347555318	1111	20.1418806979476	24.8581193020523
65	WGN38	19.6666666666667	1.20183347555317	1111	17.3085473646143	22.024785968719
66	WGN38	19.5	1.20183347555317	1111	17.1418806979477	21.8581193020523
67	WGN38	23.5	1.20183347555317	1111	21.1418806979477	25.8581193020523
68	WGN38	22.8333333333333	1.20183347555318	1111	20.475214031281	25.1914526353857
69	WGN38	24.6666666666667	1.20183347555317	1111	22.3085473646144	27.024785968719
70	WGN38	25.3333333333333	1.20183347555318	1111	22.975214031281	27.6914526353857
72	WGN38	21.3333333333333	1.20183347555317	1111	18.975214031281	23.6914526353856
73	WGN38	27.8333333333333	1.20183347555317	1111	25.475214031281	30.1914526353856
74	WGN38	23.6666666666667	1.20183347555317	1111	21.3085473646143	26.024785968719
76	WGN38	22.1666666666667	1.20183347555317	1111	19.8085473646143	24.524785968719
77	WGN38	22.3333333333333	1.20183347555317	1111	19.975214031281	24.6914526353857
78	WGN38	23.8333333333334	1.20183347555317	1111	21.475214031281	26.1914526353857
80	WGN38	20	1.20183347555318	1111	17.6418806979476	22.3581193020523
81	WGN38	21.1666666666666	1.20183347555317	1111	18.8085473646143	23.524785968719
82	WGN38	23.8333333333333	1.20183347555317	1111	21.475214031281	26.1914526353857
83	WGN38	19.5	1.20183347555317	1111	17.1418806979477	21.8581193020523
84	WGN38	23.6666666666667	1.20183347555317	1111	21.3085473646143	26.024785968719
85	WGN38	25.5	1.20183347555317	1111	23.1418806979477	27.8581193020523
86	WGN38	22.5	1.20183347555317	1111	20.1418806979477	24.8581193020523
87	WGN38	18.5	1.20183347555317	1111	16.1418806979477	20.8581193020523
88	WGN38	25.8333333333334	1.20183347555318	1111	23.475214031281	28.1914526353857
89	WGN38	22	1.20183347555317	1111	19.6418806979477	24.3581193020523
90	WGN38	22.3333333333333	1.20183347555318	1111	19.9752140312809	24.6914526353856
91	WGN38	22.3333333333333	1.20183347555317	1111	19.975214031281	24.6914526353856
92	WGN38	23.1666666666666	1.20183347555317	1111	20.8085473646143	25.524785968719
93	WGN38	19	1.20183347555317	1111	16.6418806979477	21.3581193020523
94	WGN38	23.8333333333334	1.20183347555317	1111	21.475214031281	26.1914526353857
95	WGN38	22.1666666666666	1.20183347555318	1111	19.8085473646143	24.524785968719
96	WGN38	22	1.20183347555317	1111	19.6418806979477	24.3581193020523
97	WGN38	22	1.20183347555317	1111	19.6418806979477	24.3581193020523
98	WGN38	26.6666666666667	1.20183347555317	1111	24.3085473646143	29.024785968719
99	WGN38	23	1.20183347555317	1111	20.6418806979477	25.3581193020523
100	WGN38	23.6666666666666	1.20183347555317	1111	21.3085473646143	26.024785968719
101	WGN38	22.6666666666667	1.20183347555317	1111	20.3085473646144	25.024785968719
102	WGN38	20	1.20183347555317	1111	17.6418806979477	22.3581193020523
103	WGN38	22	1.20183347555318	1111	19.6418806979477	24.3581193020523
104	WGN38	21.6666666666667	1.20183347555317	1111	19.3085473646143	24.024785968719
106	WGN38	21.9601318944844	1.70003127327521	1111	18.6244979309208	25.295765858048
107	WGN38	23.1666666666666	1.20183347555318	1111	20.8085473646143	25.524785968719
108	WGN38	21.3732014388489	1.70003127327522	1111	18.0375674752852	24.7088354024125
109	WGN38	25.3732014388489	1.70003127327522	1111	22.0375674752852	28.7088354024125
110	WGN38	21.8333333333333	1.20183347555317	1111	19.475214031281	24.1914526353856
111	WGN38	23	1.20183347555317	1111	20.6418806979477	25.3581193020523
112	WGN38	22.6267985611511	1.70003127327521	1111	19.2911645975875	25.9624325247147
113	WGN38	21.5	1.20183347555317	1111	19.1418806979477	23.8581193020523
114	WGN38	23.1666666666667	1.20183347555317	1111	20.8085473646143	25.524785968719
115	WGN38	22.3333333333333	1.20183347555317	1111	19.975214031281	24.6914526353856
1	WGN39	20.1666666666667	1.20183347555313	1111	17.8085473646145	22.524785968719
2	WGN39	20.0000000000001	1.20183347555316	1111	17.6418806979478	22.3581193020524
3	WGN39	18.5000000000001	1.20183347555316	1111	16.1418806979478	20.8581193020524
4	WGN39	23.6666666666667	1.20183347555318	1111	21.3085473646144	26.0247859687191
5	WGN39	22.3333333333334	1.20183347555319	1111	19.9752140312811	24.6914526353858
6	WGN39	21.6666666666668	1.20183347555316	1111	19.3085473646145	24.0247859687191
7	WGN39	20.0000000000001	1.20183347555315	1111	17.6418806979478	22.3581193020523
8	WGN39	23.8333333333333	1.20183347555316	1111	21.475214031281	26.1914526353856
9	WGN39	21.3333333333333	1.20183347555316	1111	18.975214031281	23.6914526353856
10	WGN39	18.6666666666668	1.20183347555317	1111	16.3085473646144	21.0247859687191
11	WGN39	17.0000000000001	1.20183347555316	1111	14.6418806979478	19.3581193020524
12	WGN39	20.8333333333334	1.20183347555318	1111	18.475214031281	23.1914526353857
13	WGN39	17.3333333333334	1.20183347555316	1111	14.9752140312811	19.6914526353858
14	WGN39	18.8333333333334	1.20183347555318	1111	16.4752140312811	21.1914526353857
15	WGN39	18.3333333333333	1.20183347555319	1111	15.9752140312809	20.6914526353856
16	WGN39	22.8333333333333	1.20183347555317	1111	20.475214031281	25.1914526353857
17	WGN39	19.8333333333334	1.20183347555318	1111	17.475214031281	22.1914526353857
18	WGN39	24.3333333333334	1.20183347555317	1111	21.9752140312811	26.6914526353857
19	WGN39	20.1666666666667	1.20183347555319	1111	17.8085473646143	22.5247859687191
20	WGN39	19.6666666666667	1.20183347555319	1111	17.3085473646143	22.024785968719
21	WGN39	20.3333333333334	1.20183347555317	1111	17.9752140312811	22.6914526353857
22	WGN39	21.2934652278178	1.70003127327521	1111	17.9578312642542	24.6290991913814
24	WGN39	22.1666666666668	1.20183347555319	1111	19.8085473646144	24.5247859687191
25	WGN39	18.5	1.20183347555317	1111	16.1418806979477	20.8581193020524
26	WGN39	23.0000000000001	1.20183347555318	1111	20.6418806979478	25.3581193020524
27	WGN39	20	1.20183347555315	1111	17.6418806979478	22.3581193020523
28	WGN39	21.8333333333334	1.20183347555317	1111	19.4752140312811	24.1914526353858
29	WGN39	20.8333333333334	1.20183347555319	1111	18.475214031281	23.1914526353857
30	WGN39	20.5000000000001	1.20183347555318	1111	18.1418806979477	22.8581193020524
31	WGN39	20.3333333333334	1.20183347555317	1111	17.975214031281	22.6914526353857
32	WGN39	21.3333333333334	1.20183347555317	1111	18.9752140312811	23.6914526353858
34	WGN39	22.5	1.20183347555318	1111	20.1418806979477	24.8581193020524
35	WGN39	23.1666666666667	1.20183347555317	1111	20.8085473646144	25.524785968719
36	WGN39	19.8333333333334	1.20183347555318	1111	17.475214031281	22.1914526353857
37	WGN39	18.8333333333334	1.20183347555317	1111	16.4752140312811	21.1914526353858
38	WGN39	19.9601318944845	1.70003127327521	1111	16.6244979309209	23.2957658580481
39	WGN39	18	1.20183347555318	1111	15.6418806979477	20.3581193020524
40	WGN39	19.8333333333334	1.20183347555317	1111	17.475214031281	22.1914526353857
41	WGN39	22.8333333333334	1.20183347555318	1111	20.475214031281	25.1914526353857
42	WGN39	20.6666666666667	1.20183347555317	1111	18.3085473646144	23.0247859687191
43	WGN39	21.0000000000001	1.20183347555317	1111	18.6418806979477	23.3581193020524
44	WGN39	20.8333333333333	1.20183347555317	1111	18.475214031281	23.1914526353857
45	WGN39	23.8333333333333	1.20183347555316	1111	21.475214031281	26.1914526353856
46	WGN39	23.5	1.20183347555317	1111	21.1418806979477	25.8581193020524
47	WGN39	24.3333333333334	1.20183347555318	1111	21.9752140312811	26.6914526353858
48	WGN39	21.1666666666667	1.20183347555318	1111	18.8085473646144	23.524785968719
49	WGN39	20.8333333333333	1.20183347555316	1111	18.475214031281	23.1914526353857
50	WGN39	22.3333333333334	1.20183347555317	1111	19.9752140312811	24.6914526353857
51	WGN39	21.6666666666667	1.20183347555318	1111	19.3085473646144	24.0247859687191
52	WGN39	20.5000000000001	1.20183347555318	1111	18.1418806979477	22.8581193020524
53	WGN39	20.6666666666667	1.20183347555318	1111	18.3085473646144	23.0247859687191
54	WGN39	19.5000000000001	1.20183347555317	1111	17.1418806979477	21.8581193020524
55	WGN39	22	1.20183347555317	1111	19.6418806979477	24.3581193020523
56	WGN39	21.8333333333334	1.20183347555317	1111	19.4752140312811	24.1914526353857
57	WGN39	21	1.20183347555317	1111	18.6418806979477	23.3581193020524
58	WGN39	23.1666666666667	1.20183347555317	1111	20.8085473646144	25.524785968719
59	WGN39	21.6666666666667	1.20183347555318	1111	19.3085473646144	24.024785968719
60	WGN39	21.1666666666667	1.20183347555317	1111	18.8085473646144	23.524785968719
61	WGN39	22.0000000000001	1.20183347555318	1111	19.6418806979477	24.3581193020524
62	WGN39	22.3333333333334	1.20183347555317	1111	19.9752140312811	24.6914526353857
63	WGN39	20.3333333333333	1.20183347555317	1111	17.975214031281	22.6914526353857
64	WGN39	22.1666666666667	1.20183347555317	1111	19.8085473646144	24.524785968719
65	WGN39	21.5	1.20183347555317	1111	19.1418806979477	23.8581193020523
66	WGN39	21.3333333333334	1.20183347555317	1111	18.9752140312811	23.6914526353857
67	WGN39	23	1.20183347555317	1111	20.6418806979477	25.3581193020524
68	WGN39	22.3333333333334	1.20183347555318	1111	19.9752140312811	24.6914526353858
69	WGN39	20.8333333333334	1.20183347555318	1111	18.4752140312811	23.1914526353857
70	WGN39	20.1666666666667	1.20183347555318	1111	17.8085473646144	22.5247859687191
71	WGN39	21.3333333333334	1.20183347555317	1111	18.9752140312811	23.6914526353857
72	WGN39	22.5000000000001	1.20183347555318	1111	20.1418806979477	24.8581193020524
73	WGN39	25.3333333333334	1.20183347555318	1111	22.9752140312811	27.6914526353858
74	WGN39	21.0000000000001	1.20183347555317	1111	18.6418806979477	23.3581193020524
75	WGN39	21.1666666666667	1.20183347555317	1111	18.8085473646143	23.524785968719
76	WGN39	17.1666666666668	1.20183347555317	1111	14.8085473646145	19.5247859687191
77	WGN39	22	1.20183347555317	1111	19.6418806979477	24.3581193020524
78	WGN39	18.8333333333334	1.20183347555317	1111	16.4752140312811	21.1914526353857
79	WGN39	21.3333333333334	1.20183347555318	1111	18.9752140312811	23.6914526353857
80	WGN39	20.6666666666667	1.20183347555317	1111	18.3085473646144	23.024785968719
81	WGN39	17.8333333333334	1.20183347555318	1111	15.475214031281	20.1914526353857
82	WGN39	22.8333333333334	1.20183347555317	1111	20.4752140312811	25.1914526353857
83	WGN39	21.6666666666667	1.20183347555317	1111	19.3085473646144	24.024785968719
84	WGN39	22.0000000000001	1.20183347555317	1111	19.6418806979477	24.3581193020524
85	WGN39	19.1666666666668	1.20183347555318	1111	16.8085473646144	21.5247859687191
86	WGN39	23.6666666666667	1.20183347555317	1111	21.3085473646144	26.024785968719
87	WGN39	22.0000000000001	1.20183347555317	1111	19.6418806979477	24.3581193020524
88	WGN39	19.5	1.20183347555317	1111	17.1418806979477	21.8581193020524
89	WGN39	22.1666666666667	1.20183347555317	1111	19.8085473646144	24.5247859687191
90	WGN39	24.0000000000001	1.20183347555318	1111	21.6418806979477	26.3581193020524
91	WGN39	17.1666666666667	1.20183347555317	1111	14.8085473646144	19.5247859687191
92	WGN39	19.3333333333334	1.20183347555317	1111	16.9752140312811	21.6914526353857
93	WGN39	21.8333333333334	1.20183347555318	1111	19.4752140312811	24.1914526353857
94	WGN39	19.6666666666667	1.20183347555317	1111	17.3085473646144	22.024785968719
95	WGN39	20.1666666666667	1.20183347555317	1111	17.8085473646144	22.524785968719
96	WGN39	23	1.20183347555317	1111	20.6418806979477	25.3581193020524
97	WGN39	22.5000000000001	1.20183347555318	1111	20.1418806979477	24.8581193020524
98	WGN39	21	1.20183347555317	1111	18.6418806979477	23.3581193020524
99	WGN39	20.3333333333333	1.20183347555318	1111	17.975214031281	22.6914526353857
100	WGN39	22.5	1.20183347555317	1111	20.1418806979477	24.8581193020524
101	WGN39	22.1666666666667	1.20183347555317	1111	19.8085473646144	24.524785968719
102	WGN39	19.5	1.20183347555317	1111	17.1418806979477	21.8581193020524
104	WGN39	18.5000000000001	1.20183347555317	1111	16.1418806979477	20.8581193020524
105	WGN39	20.0398681055156	1.70003127327521	1111	16.704234141952	23.3755020690793
106	WGN39	23.3333333333334	1.20183347555317	1111	20.9752140312811	25.6914526353857
107	WGN39	22.5000000000001	1.20183347555317	1111	20.1418806979477	24.8581193020524
108	WGN39	21.2934652278178	1.70003127327521	1111	17.9578312642541	24.6290991913814
109	WGN39	19.6666666666667	1.20183347555317	1111	17.3085473646144	22.0247859687191
110	WGN39	22.3333333333334	1.20183347555317	1111	19.9752140312811	24.6914526353857
111	WGN39	19.6666666666667	1.20183347555317	1111	17.3085473646144	22.024785968719
112	WGN39	22.1666666666667	1.20183347555317	1111	19.8085473646144	24.524785968719
113	WGN39	21	1.20183347555317	1111	18.6418806979477	23.3581193020524
114	WGN39	22.6666666666667	1.20183347555317	1111	20.3085473646144	25.0247859687191
115	WGN39	19.6666666666667	1.20183347555317	1111	17.3085473646144	22.0247859687191
116	WGN39	18.3333333333334	1.20183347555317	1111	15.9752140312811	20.6914526353857
117	WGN39	18	1.20183347555317	1111	15.6418806979477	20.3581193020524
118	WGN39	24.5	1.20183347555317	1111	22.1418806979477	26.8581193020524
120	WGN39	21.1666666666667	1.20183347555317	1111	18.8085473646144	23.5247859687191
121	WGN39	24.6267985611512	1.70003127327522	1111	21.2911645975875	27.9624325247148
122	WGN39	20.8333333333333	1.20183347555317	1111	18.475214031281	23.1914526353857
123	WGN39	20.1666666666667	1.20183347555317	1111	17.8085473646144	22.524785968719
124	WGN39	21.1666666666667	1.20183347555318	1111	18.8085473646144	23.524785968719
125	WGN39	17.8333333333333	1.20183347555317	1111	15.475214031281	20.1914526353857
126	WGN39	20.1666666666668	1.20183347555317	1111	17.8085473646144	22.5247859687191
127	WGN39	20.5	1.20183347555317	1111	18.1418806979477	22.8581193020524
128	WGN39	23.0398681055156	1.70003127327522	1111	19.704234141952	26.3755020690793
129	WGN39	23.8333333333333	1.20183347555317	1111	21.475214031281	26.1914526353857
130	WGN39	20.1666666666667	1.20183347555317	1111	17.8085473646144	22.524785968719
1	WGN45	21.1666666666658	1.20183347555322	1111	18.8085473646134	23.5247859687183
2	WGN45	22.6666666666666	1.20183347555318	1111	20.3085473646142	25.0247859687189
3	WGN45	17.3333333333332	1.20183347555317	1111	14.9752140312809	19.6914526353855
4	WGN45	22.4999999999999	1.20183347555319	1111	20.1418806979476	24.8581193020523
5	WGN45	19	1.20183347555314	1111	16.6418806979478	21.3581193020523
6	WGN45	22.3333333333333	1.2018334755532	1111	19.9752140312809	24.6914526353857
7	WGN45	23.9999999999999	1.20183347555317	1111	21.6418806979475	26.3581193020522
8	WGN45	24.4999999999999	1.20183347555317	1111	22.1418806979475	26.8581193020522
9	WGN45	19.4999999999999	1.20183347555318	1111	17.1418806979475	21.8581193020522
10	WGN45	19.9999999999999	1.20183347555318	1111	17.6418806979475	22.3581193020522
11	WGN45	22.1666666666666	1.20183347555318	1111	19.8085473646143	24.5247859687189
12	WGN45	22.3333333333333	1.20183347555319	1111	19.9752140312809	24.6914526353856
13	WGN45	22.6666666666665	1.20183347555317	1111	20.3085473646142	25.0247859687189
14	WGN45	20.1666666666666	1.20183347555317	1111	17.8085473646143	22.5247859687189
15	WGN45	20.3333333333332	1.20183347555317	1111	17.9752140312809	22.6914526353855
16	WGN45	23.8333333333332	1.20183347555317	1111	21.4752140312809	26.1914526353855
17	WGN45	21.9999999999999	1.20183347555319	1111	19.6418806979476	24.3581193020523
18	WGN45	14.4999999999998	1.20183347555318	1111	12.1418806979475	16.8581193020521
19	WGN45	19.9999999999999	1.20183347555318	1111	17.6418806979475	22.3581193020522
20	WGN45	25.6666666666667	1.20183347555319	1111	23.3085473646143	28.024785968719
22	WGN45	22.4999999999999	1.20183347555318	1111	20.1418806979476	24.8581193020522
23	WGN45	18.1666666666666	1.20183347555317	1111	15.8085473646143	20.5247859687189
24	WGN45	18.0398681055154	1.70003127327524	1111	14.7042341419517	21.3755020690791
26	WGN45	15.6267985611509	1.70003127327523	1111	12.2911645975872	18.9624325247145
28	WGN45	16.4999999999999	1.20183347555317	1111	14.1418806979476	18.8581193020522
29	WGN45	17.3333333333333	1.20183347555317	1111	14.975214031281	19.6914526353856
31	WGN45	22.8333333333333	1.20183347555316	1111	20.4752140312809	25.1914526353856
32	WGN45	20.6666666666665	1.20183347555317	1111	18.3085473646142	23.0247859687189
33	WGN45	17.9999999999999	1.20183347555318	1111	15.6418806979475	20.3581193020522
34	WGN45	19.8333333333332	1.20183347555317	1111	17.4752140312809	22.1914526353855
35	WGN45	23.4999999999999	1.20183347555319	1111	21.1418806979476	25.8581193020523
36	WGN45	24.8333333333332	1.20183347555318	1111	22.4752140312808	27.1914526353855
37	WGN45	19.9999999999999	1.20183347555319	1111	17.6418806979476	22.3581193020523
40	WGN45	21.9999999999999	1.20183347555317	1111	19.6418806979476	24.3581193020522
41	WGN45	24.6666666666665	1.20183347555316	1111	22.3085473646142	27.0247859687188
42	WGN45	20.3333333333332	1.20183347555318	1111	17.9752140312809	22.6914526353856
43	WGN45	21.6666666666666	1.20183347555319	1111	19.3085473646142	24.0247859687189
44	WGN45	19.1666666666666	1.20183347555317	1111	16.8085473646142	21.5247859687189
45	WGN45	18.3333333333332	1.20183347555318	1111	15.9752140312808	20.6914526353855
46	WGN45	15.6666666666666	1.20183347555317	1111	13.3085473646143	18.0247859687189
49	WGN45	19.8333333333332	1.20183347555317	1111	17.4752140312808	22.1914526353855
52	WGN45	18.0398681055155	1.70003127327521	1111	14.7042341419518	21.3755020690791
53	WGN45	22.1666666666666	1.20183347555317	1111	19.8085473646143	24.5247859687189
54	WGN45	24.1666666666665	1.20183347555317	1111	21.8085473646142	26.5247859687188
55	WGN45	21.9999999999999	1.20183347555318	1111	19.6418806979475	24.3581193020522
56	WGN45	22.8333333333332	1.20183347555317	1111	20.4752140312809	25.1914526353855
57	WGN45	21.3333333333332	1.20183347555317	1111	18.9752140312809	23.6914526353856
58	WGN45	19.1666666666666	1.20183347555317	1111	16.8085473646142	21.5247859687189
59	WGN45	20.4999999999999	1.20183347555317	1111	18.1418806979476	22.8581193020522
60	WGN45	17.0398681055155	1.70003127327522	1111	13.7042341419519	20.3755020690791
61	WGN45	18.3333333333332	1.20183347555318	1111	15.9752140312809	20.6914526353855
62	WGN45	19.9999999999999	1.20183347555317	1111	17.6418806979475	22.3581193020522
64	WGN45	20.4999999999999	1.20183347555317	1111	18.1418806979475	22.8581193020522
65	WGN45	20.6666666666665	1.20183347555316	1111	18.3085473646142	23.0247859687189
66	WGN45	18.6666666666665	1.20183347555316	1111	16.3085473646142	21.0247859687188
68	WGN45	20.8333333333332	1.20183347555318	1111	18.4752140312808	23.1914526353855
69	WGN45	21.3333333333332	1.20183347555317	1111	18.9752140312809	23.6914526353855
70	WGN45	18.3333333333332	1.20183347555318	1111	15.9752140312809	20.6914526353856
71	WGN45	19.9999999999999	1.20183347555317	1111	17.6418806979476	22.3581193020522
72	WGN45	21.9999999999999	1.20183347555317	1111	19.6418806979475	24.3581193020522
73	WGN45	19.0398681055154	1.70003127327524	1111	15.7042341419518	22.3755020690791
74	WGN45	23.2934652278176	1.70003127327521	1111	19.957831264254	26.6290991913812
75	WGN45	21.2934652278176	1.70003127327521	1111	17.957831264254	24.6290991913812
76	WGN45	23.6666666666665	1.20183347555318	1111	21.3085473646142	26.0247859687189
78	WGN45	18.3732014388487	1.70003127327523	1111	15.0375674752851	21.7088354024124
80	WGN45	22.1666666666665	1.20183347555318	1111	19.8085473646142	24.5247859687189
81	WGN45	19.4999999999999	1.20183347555317	1111	17.1418806979476	21.8581193020522
82	WGN45	26.7065347721822	1.70003127327522	1111	23.3709008086186	30.0421687357459
84	WGN45	21.9999999999999	1.20183347555317	1111	19.6418806979476	24.3581193020522
85	WGN45	22.8333333333332	1.20183347555317	1111	20.4752140312809	25.1914526353856
86	WGN45	23.8333333333332	1.20183347555317	1111	21.4752140312809	26.1914526353855
88	WGN45	23.3333333333332	1.20183347555318	1111	20.9752140312809	25.6914526353856
89	WGN45	20.4999999999999	1.20183347555317	1111	18.1418806979476	22.8581193020522
90	WGN45	20.3333333333332	1.20183347555317	1111	17.9752140312809	22.6914526353856
92	WGN45	23.8333333333332	1.20183347555317	1111	21.4752140312809	26.1914526353856
93	WGN45	15.0398681055155	1.70003127327521	1111	11.7042341419519	18.3755020690791
94	WGN45	19.1666666666666	1.20183347555317	1111	16.8085473646142	21.5247859687189
95	WGN45	19.8333333333332	1.20183347555317	1111	17.4752140312809	22.1914526353856
96	WGN45	16.0398681055155	1.70003127327521	1111	12.7042341419519	19.3755020690791
98	WGN45	26.8333333333332	1.20183347555317	1111	24.4752140312809	29.1914526353855
99	WGN45	17.626798561151	1.70003127327522	1111	14.2911645975873	20.9624325247146
100	WGN45	20.6666666666665	1.20183347555317	1111	18.3085473646142	23.0247859687189
101	WGN45	20.4999999999999	1.20183347555317	1111	18.1418806979476	22.8581193020522
102	WGN45	22.1666666666666	1.20183347555317	1111	19.8085473646143	24.5247859687189
103	WGN45	20.9999999999999	1.20183347555318	1111	18.6418806979475	23.3581193020522
104	WGN45	18.6666666666665	1.20183347555318	1111	16.3085473646142	21.0247859687189
105	WGN45	22.3333333333332	1.20183347555317	1111	19.9752140312809	24.6914526353856
106	WGN45	23.8333333333332	1.20183347555317	1111	21.4752140312808	26.1914526353855
107	WGN45	19.1666666666665	1.20183347555318	1111	16.8085473646142	21.5247859687189
108	WGN45	21.6666666666665	1.20183347555317	1111	19.3085473646142	24.0247859687189
109	WGN45	21.8333333333332	1.20183347555317	1111	19.4752140312809	24.1914526353855
110	WGN45	23.1666666666665	1.20183347555317	1111	20.8085473646142	25.5247859687188
111	WGN45	19.8333333333332	1.20183347555317	1111	17.4752140312809	22.1914526353856
114	WGN45	18.6666666666665	1.20183347555317	1111	16.3085473646142	21.0247859687189
116	WGN45	23.1666666666666	1.20183347555317	1111	20.8085473646143	25.5247859687189
117	WGN45	13.9601318944843	1.70003127327521	1111	10.6244979309207	17.2957658580479
118	WGN45	19.1666666666666	1.20183347555317	1111	16.8085473646143	21.5247859687189
119	WGN45	23.3333333333332	1.20183347555317	1111	20.9752140312809	25.6914526353855
120	WGN45	20.3333333333332	1.20183347555317	1111	17.9752140312809	22.6914526353855
121	WGN45	19.3333333333332	1.20183347555317	1111	16.9752140312809	21.6914526353855
122	WGN45	22.0398681055155	1.70003127327522	1111	18.7042341419518	25.3755020690791
123	WGN45	21.2934652278176	1.70003127327522	1111	17.957831264254	24.6290991913812
124	WGN45	21.6666666666665	1.20183347555317	1111	19.3085473646142	24.0247859687189
126	WGN45	23.1666666666665	1.20183347555317	1111	20.8085473646142	25.5247859687189
127	WGN45	21.1666666666665	1.20183347555317	1111	18.8085473646142	23.5247859687189
128	WGN45	19.9999999999999	1.20183347555317	1111	17.6418806979476	22.3581193020522
129	WGN45	18.8333333333332	1.20183347555317	1111	16.4752140312809	21.1914526353856
1	WGN46	22.166666666666	1.20183347555314	1111	19.8085473646137	24.5247859687183
2	WGN46	22.5000000000001	1.20183347555317	1111	20.1418806979477	24.8581193020524
3	WGN46	21.3333333333333	1.20183347555318	1111	18.975214031281	23.6914526353857
4	WGN46	19.8333333333333	1.20183347555318	1111	17.4752140312809	22.1914526353856
6	WGN46	21.6666666666667	1.20183347555319	1111	19.3085473646143	24.024785968719
7	WGN46	21.5	1.20183347555317	1111	19.1418806979477	23.8581193020524
8	WGN46	25.1666666666667	1.20183347555316	1111	22.8085473646144	27.524785968719
9	WGN46	23.8333333333334	1.20183347555317	1111	21.4752140312811	26.1914526353857
10	WGN46	22.8333333333333	1.20183347555316	1111	20.475214031281	25.1914526353856
11	WGN46	24	1.20183347555316	1111	21.6418806979477	26.3581193020523
12	WGN46	21.3333333333334	1.20183347555316	1111	18.9752140312811	23.6914526353857
13	WGN46	24.6666666666668	1.20183347555319	1111	22.3085473646144	27.0247859687191
14	WGN46	24.1666666666667	1.20183347555317	1111	21.8085473646144	26.524785968719
15	WGN46	24	1.20183347555316	1111	21.6418806979477	26.3581193020523
16	WGN46	25.3333333333333	1.20183347555317	1111	22.975214031281	27.6914526353856
17	WGN46	27.0398681055158	1.70003127327522	1111	23.7042341419521	30.3755020690794
18	WGN46	23.1666666666667	1.20183347555318	1111	20.8085473646144	25.5247859687191
19	WGN46	24.1666666666667	1.20183347555317	1111	21.8085473646144	26.524785968719
20	WGN46	18.1666666666667	1.20183347555318	1111	15.8085473646143	20.524785968719
21	WGN46	21.3732014388489	1.70003127327522	1111	18.0375674752853	24.7088354024126
22	WGN46	20.1666666666667	1.20183347555317	1111	17.8085473646144	22.524785968719
23	WGN46	21.6267985611511	1.70003127327522	1111	18.2911645975875	24.9624325247148
24	WGN46	23.1666666666667	1.20183347555317	1111	20.8085473646144	25.524785968719
25	WGN46	24.5	1.20183347555317	1111	22.1418806979477	26.8581193020524
26	WGN46	24.0000000000001	1.20183347555318	1111	21.6418806979477	26.3581193020524
27	WGN46	22	1.20183347555316	1111	19.6418806979477	24.3581193020523
28	WGN46	19.5	1.20183347555318	1111	17.1418806979476	21.8581193020523
29	WGN46	27.5000000000001	1.20183347555318	1111	25.1418806979478	29.8581193020525
30	WGN46	22	1.20183347555318	1111	19.6418806979477	24.3581193020524
31	WGN46	20.1666666666667	1.20183347555317	1111	17.8085473646144	22.524785968719
32	WGN46	25.3333333333333	1.20183347555317	1111	22.975214031281	27.6914526353856
33	WGN46	20.6666666666667	1.20183347555318	1111	18.3085473646143	23.024785968719
34	WGN46	19.8333333333333	1.20183347555318	1111	17.475214031281	22.1914526353857
36	WGN46	21	1.20183347555318	1111	18.6418806979477	23.3581193020524
37	WGN46	25.5	1.20183347555317	1111	23.1418806979477	27.8581193020524
38	WGN46	24.1666666666667	1.20183347555318	1111	21.8085473646144	26.5247859687191
39	WGN46	20.6666666666668	1.20183347555317	1111	18.3085473646144	23.0247859687191
40	WGN46	23.1666666666667	1.20183347555317	1111	20.8085473646144	25.524785968719
41	WGN46	25	1.20183347555317	1111	22.6418806979477	27.3581193020523
42	WGN46	17.8333333333334	1.20183347555316	1111	15.4752140312811	20.1914526353857
43	WGN46	16.1666666666667	1.20183347555317	1111	13.8085473646144	18.524785968719
44	WGN46	22.6666666666667	1.20183347555318	1111	20.3085473646143	25.024785968719
45	WGN46	19.6666666666667	1.20183347555318	1111	17.3085473646143	22.024785968719
46	WGN46	23.8333333333334	1.20183347555316	1111	21.475214031281	26.1914526353857
47	WGN46	24	1.20183347555317	1111	21.6418806979477	26.3581193020524
48	WGN46	23.5000000000001	1.20183347555318	1111	21.1418806979477	25.8581193020524
49	WGN46	24.8333333333334	1.20183347555318	1111	22.475214031281	27.1914526353857
50	WGN46	22.1666666666667	1.20183347555318	1111	19.8085473646144	24.5247859687191
51	WGN46	22.2934652278178	1.7000312732752	1111	18.9578312642542	25.6290991913814
52	WGN46	20.6666666666667	1.20183347555317	1111	18.3085473646144	23.024785968719
53	WGN46	22.8333333333333	1.20183347555317	1111	20.475214031281	25.1914526353857
54	WGN46	23.8333333333334	1.20183347555317	1111	21.4752140312811	26.1914526353857
55	WGN46	21.1666666666667	1.20183347555317	1111	18.8085473646144	23.524785968719
56	WGN46	23.3333333333334	1.20183347555318	1111	20.975214031281	25.6914526353857
57	WGN46	22.1666666666667	1.20183347555318	1111	19.8085473646144	24.524785968719
58	WGN46	22.8333333333333	1.20183347555317	1111	20.475214031281	25.1914526353857
59	WGN46	22.5	1.20183347555317	1111	20.1418806979477	24.8581193020523
60	WGN46	21.5	1.20183347555317	1111	19.1418806979477	23.8581193020524
61	WGN46	22.6666666666667	1.20183347555317	1111	20.3085473646144	25.024785968719
62	WGN46	22.1666666666667	1.20183347555317	1111	19.8085473646144	24.524785968719
63	WGN46	24.5000000000001	1.20183347555318	1111	22.1418806979477	26.8581193020524
64	WGN46	20.1666666666667	1.20183347555317	1111	17.8085473646144	22.5247859687191
65	WGN46	21.9601318944844	1.70003127327523	1111	18.6244979309208	25.2957658580481
66	WGN46	26.1666666666668	1.20183347555318	1111	23.8085473646144	28.5247859687191
67	WGN46	21.8333333333334	1.20183347555318	1111	19.4752140312811	24.1914526353857
68	WGN46	27.3333333333333	1.20183347555317	1111	24.975214031281	29.6914526353856
69	WGN46	21.1666666666667	1.20183347555317	1111	18.8085473646144	23.524785968719
70	WGN46	21.5	1.20183347555317	1111	19.1418806979477	23.8581193020524
71	WGN46	22.6666666666667	1.20183347555317	1111	20.3085473646143	25.024785968719
72	WGN46	21.3333333333333	1.20183347555318	1111	18.975214031281	23.6914526353857
73	WGN46	20.0000000000001	1.20183347555317	1111	17.6418806979477	22.3581193020524
74	WGN46	22.1666666666667	1.20183347555317	1111	19.8085473646144	24.5247859687191
75	WGN46	21.6666666666667	1.20183347555318	1111	19.3085473646144	24.0247859687191
76	WGN46	22.6666666666667	1.20183347555317	1111	20.3085473646144	25.024785968719
78	WGN46	21.6666666666667	1.20183347555317	1111	19.3085473646144	24.024785968719
79	WGN46	22.3333333333334	1.20183347555317	1111	19.9752140312811	24.6914526353857
80	WGN46	22.6666666666667	1.20183347555317	1111	20.3085473646144	25.024785968719
81	WGN46	21.5	1.20183347555318	1111	19.1418806979477	23.8581193020524
82	WGN46	20	1.20183347555318	1111	17.6418806979477	22.3581193020524
83	WGN46	23.5000000000001	1.20183347555318	1111	21.1418806979477	25.8581193020524
84	WGN46	17.8333333333334	1.20183347555318	1111	15.475214031281	20.1914526353857
85	WGN46	21.3333333333333	1.20183347555317	1111	18.975214031281	23.6914526353857
86	WGN46	21.6666666666667	1.20183347555317	1111	19.3085473646144	24.0247859687191
87	WGN46	25	1.20183347555317	1111	22.6418806979477	27.3581193020523
88	WGN46	21.6666666666667	1.20183347555317	1111	19.3085473646144	24.024785968719
89	WGN46	22.8333333333334	1.20183347555318	1111	20.4752140312811	25.1914526353857
90	WGN46	26	1.20183347555317	1111	23.6418806979477	28.3581193020524
91	WGN46	22.7065347721823	1.70003127327521	1111	19.3709008086187	26.0421687357459
93	WGN46	23.8333333333334	1.20183347555317	1111	21.4752140312811	26.1914526353857
94	WGN46	23.5	1.20183347555317	1111	21.1418806979477	25.8581193020524
95	WGN46	23	1.20183347555318	1111	20.6418806979477	25.3581193020524
96	WGN46	26	1.20183347555317	1111	23.6418806979477	28.3581193020524
98	WGN46	24	1.20183347555316	1111	21.6418806979477	26.3581193020523
100	WGN46	23.1666666666667	1.20183347555317	1111	20.8085473646144	25.524785968719
101	WGN46	22	1.20183347555317	1111	19.6418806979477	24.3581193020524
102	WGN46	21.5	1.20183347555317	1111	19.1418806979477	23.8581193020524
103	WGN46	25.0000000000001	1.20183347555317	1111	22.6418806979477	27.3581193020524
104	WGN46	24.6666666666667	1.20183347555317	1111	22.3085473646144	27.024785968719
106	WGN46	22	1.20183347555317	1111	19.6418806979477	24.3581193020524
107	WGN46	23.1666666666667	1.20183347555317	1111	20.8085473646144	25.524785968719
108	WGN46	22.3333333333334	1.20183347555317	1111	19.9752140312811	24.6914526353857
109	WGN46	25.1666666666667	1.20183347555317	1111	22.8085473646144	27.5247859687191
110	WGN46	22.8333333333333	1.20183347555317	1111	20.475214031281	25.1914526353857
111	WGN46	23	1.20183347555317	1111	20.6418806979477	25.3581193020524
112	WGN46	21.3333333333334	1.20183347555318	1111	18.9752140312811	23.6914526353857
113	WGN46	26.8333333333334	1.20183347555317	1111	24.4752140312811	29.1914526353857
114	WGN46	20.3333333333334	1.20183347555317	1111	17.9752140312811	22.6914526353857
115	WGN46	23.3333333333334	1.20183347555317	1111	20.9752140312811	25.6914526353857
116	WGN46	22.1666666666667	1.20183347555317	1111	19.8085473646144	24.524785968719
117	WGN46	20.3333333333334	1.20183347555317	1111	17.9752140312811	22.6914526353857
118	WGN46	20.0398681055156	1.70003127327521	1111	16.704234141952	23.3755020690793
119	WGN46	25.5	1.20183347555317	1111	23.1418806979477	27.8581193020524
120	WGN46	24	1.20183347555317	1111	21.6418806979477	26.3581193020524
121	WGN46	23	1.20183347555317	1111	20.6418806979477	25.3581193020524
122	WGN46	22.8333333333333	1.20183347555317	1111	20.475214031281	25.1914526353857
123	WGN46	21.5	1.20183347555317	1111	19.1418806979477	23.8581193020524
124	WGN46	16.6666666666667	1.20183347555317	1111	14.3085473646144	19.0247859687191
125	WGN46	21.5	1.20183347555317	1111	19.1418806979477	23.8581193020524
126	WGN46	20.3333333333334	1.20183347555317	1111	17.9752140312811	22.6914526353857
127	WGN46	24.3333333333334	1.20183347555317	1111	21.9752140312811	26.6914526353857
128	WGN46	21.1666666666667	1.20183347555317	1111	18.8085473646144	23.524785968719
129	WGN46	23.5	1.20183347555317	1111	21.1418806979477	25.8581193020524
130	WGN46	20.6666666666667	1.20183347555317	1111	18.3085473646144	23.0247859687191
1	WGN55	21.8333333333333	1.20183347555318	1111	19.475214031281	24.1914526353857
2	WGN55	21.1666666666665	1.20183347555317	1111	18.8085473646142	23.5247859687188
3	WGN55	24.1666666666665	1.20183347555316	1111	21.8085473646142	26.5247859687189
4	WGN55	22.3333333333332	1.20183347555318	1111	19.9752140312809	24.6914526353856
5	WGN55	23.3333333333332	1.20183347555317	1111	20.9752140312809	25.6914526353855
6	WGN55	25.8333333333333	1.20183347555317	1111	23.4752140312809	28.1914526353856
7	WGN55	21.5	1.20183347555315	1111	19.1418806979477	23.8581193020522
8	WGN55	23.3333333333332	1.20183347555318	1111	20.9752140312809	25.6914526353856
9	WGN55	23.6666666666667	1.20183347555317	1111	21.3085473646143	26.024785968719
10	WGN55	22.6666666666666	1.20183347555317	1111	20.3085473646142	25.0247859687189
11	WGN55	20.9999999999999	1.20183347555317	1111	18.6418806979476	23.3581193020523
12	WGN55	24.2934652278177	1.70003127327521	1111	20.957831264254	27.6290991913813
13	WGN55	24.4999999999998	1.20183347555315	1111	22.1418806979475	26.8581193020521
14	WGN55	21.8333333333333	1.20183347555317	1111	19.4752140312809	24.1914526353856
15	WGN55	22.3333333333332	1.20183347555318	1111	19.9752140312809	24.6914526353856
16	WGN55	21.6666666666666	1.20183347555318	1111	19.3085473646142	24.0247859687189
17	WGN55	23.2934652278176	1.70003127327522	1111	19.9578312642539	26.6290991913812
18	WGN55	24.1666666666666	1.20183347555317	1111	21.8085473646143	26.524785968719
19	WGN55	22.1666666666666	1.20183347555318	1111	19.8085473646142	24.5247859687189
20	WGN55	25.5	1.20183347555319	1111	23.1418806979477	27.8581193020524
21	WGN55	24.4999999999999	1.20183347555317	1111	22.1418806979476	26.8581193020522
22	WGN55	26	1.20183347555319	1111	23.6418806979477	28.3581193020524
23	WGN55	23.8333333333332	1.20183347555317	1111	21.4752140312809	26.1914526353855
24	WGN55	23.6666666666666	1.20183347555318	1111	21.3085473646143	26.024785968719
25	WGN55	23.5	1.20183347555317	1111	21.1418806979476	25.8581193020523
26	WGN55	23.6666666666666	1.20183347555316	1111	21.3085473646143	26.0247859687189
27	WGN55	22.9999999999999	1.20183347555317	1111	20.6418806979476	25.3581193020523
28	WGN55	22.9601318944843	1.70003127327521	1111	19.6244979309207	26.295765858048
29	WGN55	24.9999999999999	1.20183347555317	1111	22.6418806979476	27.3581193020523
30	WGN55	23	1.20183347555318	1111	20.6418806979476	25.3581193020523
31	WGN55	25.3333333333333	1.20183347555318	1111	22.975214031281	27.6914526353857
32	WGN55	23.1666666666666	1.20183347555316	1111	20.8085473646143	25.5247859687189
33	WGN55	24.4999999999999	1.20183347555316	1111	22.1418806979476	26.8581193020522
34	WGN55	23.3333333333332	1.20183347555316	1111	20.9752140312809	25.6914526353856
35	WGN55	22.9999999999999	1.20183347555318	1111	20.6418806979476	25.3581193020523
36	WGN55	25.6666666666666	1.20183347555318	1111	23.3085473646143	28.0247859687189
37	WGN55	20.3333333333333	1.20183347555316	1111	17.975214031281	22.6914526353856
38	WGN55	22.1666666666666	1.20183347555317	1111	19.8085473646143	24.5247859687189
40	WGN55	21	1.20183347555317	1111	18.6418806979476	23.3581193020523
41	WGN55	20.9999999999999	1.20183347555316	1111	18.6418806979476	23.3581193020523
42	WGN55	22.8333333333333	1.20183347555317	1111	20.475214031281	25.1914526353856
43	WGN55	25.3333333333333	1.20183347555317	1111	22.9752140312809	27.6914526353856
44	WGN55	22.1666666666666	1.20183347555317	1111	19.8085473646143	24.5247859687189
45	WGN55	21.3333333333333	1.20183347555317	1111	18.9752140312809	23.6914526353856
46	WGN55	23.6666666666666	1.20183347555317	1111	21.3085473646143	26.024785968719
47	WGN55	22.3333333333333	1.20183347555318	1111	19.9752140312809	24.6914526353856
48	WGN55	20.8333333333333	1.20183347555318	1111	18.4752140312809	23.1914526353856
49	WGN55	24.3333333333332	1.20183347555317	1111	21.9752140312809	26.6914526353855
50	WGN55	21.6666666666666	1.20183347555318	1111	19.3085473646143	24.024785968719
52	WGN55	23.6666666666667	1.20183347555318	1111	21.3085473646143	26.024785968719
53	WGN55	20.1666666666666	1.20183347555318	1111	17.8085473646142	22.5247859687189
54	WGN55	21.4999999999999	1.20183347555317	1111	19.1418806979476	23.8581193020523
55	WGN55	22.6666666666666	1.20183347555317	1111	20.3085473646143	25.0247859687189
56	WGN55	25.5	1.20183347555318	1111	23.1418806979476	27.8581193020523
57	WGN55	23.3333333333333	1.20183347555316	1111	20.9752140312809	25.6914526353856
58	WGN55	21.1666666666666	1.20183347555317	1111	18.8085473646143	23.524785968719
59	WGN55	21.9999999999999	1.20183347555318	1111	19.6418806979476	24.3581193020523
60	WGN55	22.3333333333333	1.20183347555317	1111	19.9752140312809	24.6914526353856
61	WGN55	18.6666666666666	1.20183347555318	1111	16.3085473646142	21.0247859687189
62	WGN55	23.1666666666666	1.20183347555317	1111	20.8085473646143	25.5247859687189
63	WGN55	23.8333333333333	1.20183347555318	1111	21.475214031281	26.1914526353857
64	WGN55	20.9999999999999	1.20183347555318	1111	18.6418806979476	23.3581193020523
65	WGN55	22.8333333333333	1.20183347555317	1111	20.4752140312809	25.1914526353856
66	WGN55	20.3333333333333	1.20183347555317	1111	17.9752140312809	22.6914526353856
67	WGN55	20.5	1.20183347555317	1111	18.1418806979476	22.8581193020523
68	WGN55	20.8333333333333	1.20183347555318	1111	18.4752140312809	23.1914526353856
69	WGN55	21.8333333333332	1.20183347555317	1111	19.4752140312809	24.1914526353856
70	WGN55	20.8333333333333	1.20183347555317	1111	18.475214031281	23.1914526353856
71	WGN55	19.5	1.20183347555317	1111	17.1418806979476	21.8581193020523
72	WGN55	23.3333333333333	1.20183347555318	1111	20.975214031281	25.6914526353856
73	WGN55	22	1.20183347555317	1111	19.6418806979476	24.3581193020523
74	WGN55	23.8333333333333	1.20183347555317	1111	21.475214031281	26.1914526353856
75	WGN55	22.8333333333332	1.20183347555317	1111	20.4752140312809	25.1914526353856
76	WGN55	21.3333333333333	1.20183347555317	1111	18.975214031281	23.6914526353856
77	WGN55	20.4999999999999	1.20183347555318	1111	18.1418806979476	22.8581193020523
78	WGN55	21.9999999999999	1.20183347555316	1111	19.6418806979476	24.3581193020522
80	WGN55	21.6666666666666	1.20183347555317	1111	19.3085473646143	24.0247859687189
81	WGN55	21.3333333333333	1.20183347555317	1111	18.975214031281	23.6914526353856
82	WGN55	24.3333333333333	1.20183347555317	1111	21.975214031281	26.6914526353856
83	WGN55	23.1666666666666	1.20183347555317	1111	20.8085473646142	25.5247859687189
84	WGN55	23.4999999999999	1.20183347555317	1111	21.1418806979476	25.8581193020522
85	WGN55	22.3333333333333	1.20183347555317	1111	19.975214031281	24.6914526353856
86	WGN55	20.4999999999999	1.20183347555318	1111	18.1418806979476	22.8581193020522
87	WGN55	20.8333333333333	1.20183347555317	1111	18.475214031281	23.1914526353856
88	WGN55	21.3333333333333	1.20183347555317	1111	18.975214031281	23.6914526353856
89	WGN55	23.4999999999999	1.20183347555317	1111	21.1418806979476	25.8581193020523
90	WGN55	24.4999999999999	1.20183347555317	1111	22.1418806979476	26.8581193020522
91	WGN55	24.8333333333332	1.20183347555317	1111	22.4752140312809	27.1914526353855
92	WGN55	24.1666666666666	1.20183347555318	1111	21.8085473646143	26.5247859687189
93	WGN55	20.8333333333333	1.20183347555317	1111	18.4752140312809	23.1914526353856
94	WGN55	20.4999999999999	1.20183347555318	1111	18.1418806979476	22.8581193020523
95	WGN55	24.3333333333332	1.20183347555317	1111	21.9752140312809	26.6914526353855
96	WGN55	16.9999999999999	1.20183347555318	1111	14.6418806979476	19.3581193020522
97	WGN55	23.8333333333333	1.20183347555317	1111	21.4752140312809	26.1914526353856
98	WGN55	22.8333333333333	1.20183347555318	1111	20.475214031281	25.1914526353856
99	WGN55	22.6666666666666	1.20183347555317	1111	20.3085473646142	25.0247859687189
100	WGN55	19.9999999999999	1.20183347555317	1111	17.6418806979476	22.3581193020523
101	WGN55	23.4999999999999	1.20183347555317	1111	21.1418806979476	25.8581193020523
102	WGN55	20.6666666666666	1.20183347555317	1111	18.3085473646143	23.0247859687189
103	WGN55	22.1666666666666	1.20183347555317	1111	19.8085473646143	24.5247859687189
104	WGN55	23.4999999999999	1.20183347555317	1111	21.1418806979476	25.8581193020523
105	WGN55	21.8333333333332	1.20183347555317	1111	19.4752140312809	24.1914526353856
106	WGN55	24.8333333333333	1.20183347555317	1111	22.4752140312809	27.1914526353856
107	WGN55	23.6666666666666	1.20183347555317	1111	21.3085473646143	26.0247859687189
108	WGN55	24.3333333333332	1.20183347555317	1111	21.9752140312809	26.6914526353856
109	WGN55	22.6666666666666	1.20183347555317	1111	20.3085473646143	25.0247859687189
110	WGN55	23.3333333333332	1.20183347555317	1111	20.9752140312809	25.6914526353856
111	WGN55	22.4999999999999	1.20183347555317	1111	20.1418806979476	24.8581193020523
112	WGN55	22.9999999999999	1.20183347555317	1111	20.6418806979476	25.3581193020523
113	WGN55	22.8333333333333	1.20183347555317	1111	20.475214031281	25.1914526353856
114	WGN55	20.9999999999999	1.20183347555317	1111	18.6418806979476	23.3581193020523
115	WGN55	23.3333333333332	1.20183347555317	1111	20.9752140312809	25.6914526353856
116	WGN55	18.0398681055155	1.70003127327522	1111	14.7042341419519	21.3755020690791
117	WGN55	20.8333333333333	1.20183347555317	1111	18.475214031281	23.1914526353856
118	WGN55	24.1666666666666	1.20183347555317	1111	21.8085473646143	26.524785968719
119	WGN55	24.1666666666666	1.20183347555317	1111	21.8085473646142	26.5247859687189
120	WGN55	24.3333333333333	1.20183347555317	1111	21.9752140312809	26.6914526353856
121	WGN55	22.9999999999999	1.20183347555317	1111	20.6418806979476	25.3581193020523
122	WGN55	26.6666666666666	1.20183347555317	1111	24.3085473646143	29.024785968719
123	WGN55	23.3333333333332	1.20183347555317	1111	20.9752140312809	25.6914526353856
124	WGN55	24.1666666666666	1.20183347555317	1111	21.8085473646143	26.5247859687189
125	WGN55	24.1666666666666	1.20183347555317	1111	21.8085473646143	26.5247859687189
126	WGN55	24.1666666666666	1.20183347555317	1111	21.8085473646143	26.5247859687189
128	WGN55	23.1666666666666	1.20183347555317	1111	20.8085473646143	25.524785968719
129	WGN55	21.8333333333333	1.20183347555317	1111	19.475214031281	24.1914526353856
130	WGN55	23.3333333333333	1.20183347555317	1111	20.975214031281	25.6914526353856
1	WGN63	22.1666666666666	1.20183347555318	1111	19.8085473646142	24.5247859687189
2	WGN63	19.6666666666667	1.20183347555318	1111	17.3085473646144	22.024785968719
3	WGN63	21.6666666666666	1.20183347555318	1111	19.3085473646143	24.024785968719
4	WGN63	22	1.20183347555318	1111	19.6418806979477	24.3581193020523
5	WGN63	21.8333333333333	1.20183347555317	1111	19.475214031281	24.1914526353856
6	WGN63	23.9601318944844	1.70003127327521	1111	20.6244979309208	27.295765858048
7	WGN63	20.3333333333333	1.20183347555317	1111	17.975214031281	22.6914526353856
8	WGN63	19.1666666666667	1.20183347555316	1111	16.8085473646144	21.524785968719
9	WGN63	22.6666666666666	1.20183347555317	1111	20.3085473646143	25.024785968719
10	WGN63	19.4999999999999	1.20183347555318	1111	17.1418806979476	21.8581193020523
12	WGN63	22	1.20183347555317	1111	19.6418806979477	24.3581193020523
13	WGN63	21.8333333333333	1.20183347555318	1111	19.475214031281	24.1914526353856
14	WGN63	23.3333333333333	1.20183347555317	1111	20.975214031281	25.6914526353856
16	WGN63	20.3333333333333	1.20183347555317	1111	17.975214031281	22.6914526353856
17	WGN63	21	1.20183347555317	1111	18.6418806979477	23.3581193020523
18	WGN63	18.8333333333333	1.20183347555318	1111	16.475214031281	21.1914526353857
19	WGN63	21.3333333333333	1.20183347555317	1111	18.975214031281	23.6914526353856
20	WGN63	17.6666666666667	1.20183347555317	1111	15.3085473646143	20.024785968719
21	WGN63	19.8333333333333	1.20183347555317	1111	17.475214031281	22.1914526353856
22	WGN63	22.8333333333333	1.20183347555317	1111	20.475214031281	25.1914526353857
23	WGN63	20.6666666666666	1.20183347555318	1111	18.3085473646143	23.024785968719
24	WGN63	18.6666666666667	1.20183347555317	1111	16.3085473646143	21.024785968719
25	WGN63	19.5000000000001	1.20183347555316	1111	17.1418806979477	21.8581193020524
26	WGN63	18.1666666666666	1.20183347555317	1111	15.8085473646143	20.524785968719
27	WGN63	20.1666666666666	1.20183347555318	1111	17.8085473646143	22.524785968719
28	WGN63	23	1.20183347555318	1111	20.6418806979476	25.3581193020524
29	WGN63	21.1666666666667	1.20183347555317	1111	18.8085473646144	23.524785968719
30	WGN63	23	1.20183347555317	1111	20.6418806979477	25.3581193020523
31	WGN63	19.9999999999999	1.20183347555318	1111	17.6418806979476	22.3581193020523
32	WGN63	19.3333333333333	1.20183347555317	1111	16.975214031281	21.6914526353857
33	WGN63	20.3333333333333	1.20183347555317	1111	17.975214031281	22.6914526353857
34	WGN63	25.6666666666666	1.20183347555316	1111	23.3085473646143	28.0247859687189
35	WGN63	23	1.20183347555317	1111	20.6418806979477	25.3581193020523
36	WGN63	19.6666666666666	1.20183347555317	1111	17.3085473646143	22.024785968719
37	WGN63	21.6666666666667	1.20183347555318	1111	19.3085473646143	24.024785968719
38	WGN63	19.5	1.20183347555317	1111	17.1418806979476	21.8581193020523
39	WGN63	23	1.20183347555318	1111	20.6418806979476	25.3581193020523
40	WGN63	21.8333333333333	1.20183347555317	1111	19.475214031281	24.1914526353857
41	WGN63	19.9601318944844	1.70003127327521	1111	16.6244979309208	23.295765858048
42	WGN63	19.6666666666667	1.20183347555316	1111	17.3085473646144	22.024785968719
43	WGN63	20.8333333333333	1.20183347555317	1111	18.475214031281	23.1914526353857
44	WGN63	22.8333333333333	1.20183347555318	1111	20.4752140312809	25.1914526353856
45	WGN63	22.1666666666666	1.20183347555318	1111	19.8085473646143	24.524785968719
46	WGN63	19.8333333333334	1.20183347555316	1111	17.4752140312811	22.1914526353857
47	WGN63	18.5	1.20183347555317	1111	16.1418806979477	20.8581193020523
48	WGN63	20.1666666666666	1.20183347555318	1111	17.8085473646143	22.524785968719
49	WGN63	21.8333333333333	1.20183347555318	1111	19.4752140312809	24.1914526353856
50	WGN63	22.1666666666667	1.20183347555318	1111	19.8085473646143	24.524785968719
51	WGN63	26.3732014388489	1.70003127327522	1111	23.0375674752853	29.7088354024126
52	WGN63	18.3333333333333	1.20183347555318	1111	15.9752140312809	20.6914526353856
53	WGN63	22.1666666666667	1.20183347555317	1111	19.8085473646144	24.524785968719
54	WGN63	20.3333333333333	1.20183347555317	1111	17.975214031281	22.6914526353857
55	WGN63	22.1666666666666	1.20183347555318	1111	19.8085473646143	24.524785968719
56	WGN63	22.8333333333333	1.20183347555317	1111	20.475214031281	25.1914526353856
57	WGN63	20.6666666666666	1.20183347555317	1111	18.3085473646143	23.024785968719
58	WGN63	20.1666666666667	1.20183347555317	1111	17.8085473646143	22.524785968719
59	WGN63	19	1.20183347555318	1111	16.6418806979476	21.3581193020523
60	WGN63	21.1666666666667	1.20183347555317	1111	18.8085473646144	23.524785968719
61	WGN63	21.3333333333333	1.20183347555317	1111	18.975214031281	23.6914526353857
62	WGN63	20.3333333333333	1.20183347555317	1111	17.975214031281	22.6914526353856
63	WGN63	20.3333333333334	1.20183347555317	1111	17.975214031281	22.6914526353857
64	WGN63	20.3333333333334	1.20183347555317	1111	17.975214031281	22.6914526353857
65	WGN63	21.6666666666667	1.20183347555317	1111	19.3085473646143	24.024785968719
66	WGN63	19.1666666666666	1.20183347555317	1111	16.8085473646143	21.524785968719
67	WGN63	24.1666666666666	1.20183347555317	1111	21.8085473646143	26.5247859687189
68	WGN63	25	1.20183347555317	1111	22.6418806979476	27.3581193020523
69	WGN63	23.3333333333333	1.20183347555317	1111	20.975214031281	25.6914526353857
70	WGN63	21.3333333333333	1.20183347555318	1111	18.975214031281	23.6914526353857
72	WGN63	24.6666666666667	1.20183347555317	1111	22.3085473646143	27.024785968719
73	WGN63	19.1666666666666	1.20183347555317	1111	16.8085473646143	21.524785968719
74	WGN63	17	1.20183347555318	1111	14.6418806979476	19.3581193020523
75	WGN63	19.8333333333333	1.20183347555317	1111	17.475214031281	22.1914526353857
76	WGN63	22.1666666666666	1.20183347555317	1111	19.8085473646143	24.524785968719
77	WGN63	20.5	1.20183347555317	1111	18.1418806979477	22.8581193020523
78	WGN63	18	1.20183347555317	1111	15.6418806979477	20.3581193020523
79	WGN63	23.1666666666667	1.20183347555318	1111	20.8085473646143	25.524785968719
80	WGN63	20	1.20183347555317	1111	17.6418806979477	22.3581193020523
81	WGN63	23.1666666666666	1.20183347555317	1111	20.8085473646143	25.524785968719
82	WGN63	19.5	1.20183347555317	1111	17.1418806979477	21.8581193020523
83	WGN63	21	1.20183347555318	1111	18.6418806979476	23.3581193020523
84	WGN63	21.5	1.20183347555318	1111	19.1418806979477	23.8581193020523
85	WGN63	20.5	1.20183347555317	1111	18.1418806979477	22.8581193020523
86	WGN63	19.3333333333333	1.20183347555317	1111	16.975214031281	21.6914526353856
87	WGN63	21	1.20183347555317	1111	18.6418806979477	23.3581193020523
88	WGN63	19.3333333333333	1.20183347555317	1111	16.975214031281	21.6914526353857
89	WGN63	21.6666666666667	1.20183347555317	1111	19.3085473646143	24.024785968719
90	WGN63	19.0398681055156	1.70003127327522	1111	15.7042341419519	22.3755020690792
91	WGN63	23.6666666666666	1.20183347555317	1111	21.3085473646143	26.024785968719
92	WGN63	19.5	1.20183347555317	1111	17.1418806979477	21.8581193020523
93	WGN63	22	1.20183347555318	1111	19.6418806979477	24.3581193020523
94	WGN63	21.3333333333333	1.20183347555317	1111	18.975214031281	23.6914526353856
95	WGN63	22.2934652278177	1.70003127327521	1111	18.9578312642541	25.6290991913813
96	WGN63	20.5	1.20183347555317	1111	18.1418806979477	22.8581193020523
97	WGN63	23	1.20183347555317	1111	20.6418806979477	25.3581193020523
98	WGN63	22.1666666666666	1.20183347555317	1111	19.8085473646143	24.524785968719
99	WGN63	21.3333333333333	1.20183347555317	1111	18.975214031281	23.6914526353857
100	WGN63	23.8333333333334	1.20183347555317	1111	21.475214031281	26.1914526353857
101	WGN63	23.8333333333333	1.20183347555317	1111	21.475214031281	26.1914526353857
102	WGN63	23.6666666666666	1.20183347555317	1111	21.3085473646143	26.024785968719
103	WGN63	21.6666666666666	1.20183347555317	1111	19.3085473646143	24.024785968719
105	WGN63	21.1666666666666	1.20183347555317	1111	18.8085473646143	23.524785968719
106	WGN63	18.6267985611511	1.70003127327521	1111	15.2911645975875	21.9624325247147
107	WGN63	20.1666666666667	1.20183347555317	1111	17.8085473646144	22.524785968719
109	WGN63	17.3333333333333	1.20183347555317	1111	14.975214031281	19.6914526353857
110	WGN63	17.8333333333334	1.20183347555317	1111	15.475214031281	20.1914526353857
111	WGN63	19.5	1.20183347555317	1111	17.1418806979477	21.8581193020523
112	WGN63	21.1666666666666	1.20183347555317	1111	18.8085473646143	23.524785968719
114	WGN63	20.1666666666667	1.20183347555317	1111	17.8085473646143	22.524785968719
115	WGN63	19.5	1.20183347555317	1111	17.1418806979477	21.8581193020523
116	WGN63	19.3333333333333	1.20183347555317	1111	16.975214031281	21.6914526353857
117	WGN63	22	1.20183347555317	1111	19.6418806979477	24.3581193020523
118	WGN63	21.6666666666666	1.20183347555317	1111	19.3085473646143	24.024785968719
119	WGN63	20.8333333333333	1.20183347555317	1111	18.475214031281	23.1914526353857
121	WGN63	25.8333333333333	1.20183347555317	1111	23.475214031281	28.1914526353857
122	WGN63	25.3333333333333	1.20183347555317	1111	22.975214031281	27.6914526353856
123	WGN63	19.3333333333333	1.20183347555317	1111	16.975214031281	21.6914526353857
124	WGN63	23.1666666666666	1.20183347555317	1111	20.8085473646143	25.524785968719
125	WGN63	23.1666666666666	1.20183347555317	1111	20.8085473646143	25.524785968719
126	WGN63	18.8333333333333	1.20183347555317	1111	16.475214031281	21.1914526353857
127	WGN63	21.8333333333333	1.20183347555317	1111	19.475214031281	24.1914526353857
128	WGN63	22.8333333333333	1.20183347555317	1111	20.475214031281	25.1914526353856
129	WGN63	19.3333333333333	1.20183347555317	1111	16.975214031281	21.6914526353857
130	WGN63	18.8333333333333	1.20183347555317	1111	16.475214031281	21.1914526353857
