plantID3	famID	emmean	SE	df	lower.CL	upper.CL
1	WGN07	20.4999999999974	1.23597809276772	961	18.0744726046101	22.9255273953848
2	WGN07	25.3333333333358	1.23597809276714	961	22.9078059379496	27.7588607287221
3	WGN07	22.4999999999982	1.23597809276694	961	20.0744726046123	24.925527395384
4	WGN07	18.3333333333339	1.23597809276698	961	15.907805937948	20.7588607287198
5	WGN07	22.6666666666666	1.23597809276704	961	20.2411392712805	25.0921940620526
6	WGN07	19.5	1.23597809276705	961	17.074472604614	21.9255273953861
7	WGN07	24.8333333333333	1.23597809276704	961	22.4078059379473	27.2588607287194
8	WGN07	25.3333333333335	1.23597809276699	961	22.9078059379476	27.7588607287195
9	WGN07	23.8333333333334	1.23597809276703	961	21.4078059379474	26.2588607287194
10	WGN07	21.1666666666668	1.23597809276703	961	18.7411392712808	23.5921940620528
11	WGN07	21.9121621621623	1.74839116815624	961	18.4810571118131	25.3432672125115
12	WGN07	23.9121621621623	1.74839116815628	961	20.481057111813	27.3432672125115
13	WGN07	25.1666666666668	1.23597809276702	961	22.7411392712808	27.5921940620528
14	WGN07	22.3333333333337	1.23597809276705	961	19.9078059379476	24.7588607287197
15	WGN07	27.1666666666667	1.23597809276702	961	24.7411392712807	29.5921940620527
16	WGN07	26.166666666667	1.23597809276705	961	23.7411392712809	28.592194062053
17	WGN07	25.6666666666667	1.235978092767	961	23.2411392712807	28.0921940620526
18	WGN07	22.5000000000001	1.23597809276704	961	20.0744726046141	24.9255273953861
20	WGN07	17.5788288288289	1.74839116815625	961	14.1477237784797	21.0099338791781
21	WGN07	23.5	1.23597809276703	961	21.074472604614	25.925527395386
22	WGN07	22.1666666666666	1.23597809276698	961	19.7411392712807	24.5921940620525
23	WGN07	21.2454954954954	1.74839116815616	961	17.8143904451464	24.6766005458444
24	WGN07	25.2454954954953	1.74839116815628	961	21.8143904451461	28.6766005458446
25	WGN07	26.9121621621623	1.74839116815625	961	23.4810571118131	30.3432672125115
26	WGN07	24	1.23597809276703	961	21.574472604614	26.4255273953861
27	WGN07	20.6666666666665	1.23597809276701	961	18.2411392712805	23.0921940620525
28	WGN07	26.3333333333333	1.23597809276701	961	23.9078059379474	28.7588607287193
29	WGN07	23.4999999999999	1.23597809276699	961	21.0744726046139	25.9255273953858
30	WGN07	23.1666666666667	1.23597809276702	961	20.7411392712807	25.5921940620527
31	WGN07	23.1666666666666	1.23597809276702	961	20.7411392712806	25.5921940620526
32	WGN07	22.5	1.23597809276702	961	20.074472604614	24.925527395386
33	WGN07	27.0000000000002	1.23597809276705	961	24.5744726046141	29.4255273953862
34	WGN07	26.3333333333334	1.23597809276704	961	23.9078059379473	28.7588607287194
35	WGN07	23.0000000000001	1.23597809276705	961	20.5744726046141	25.4255273953862
36	WGN07	24.1666666666666	1.23597809276701	961	21.7411392712806	26.5921940620526
37	WGN07	25.5	1.23597809276703	961	23.074472604614	27.925527395386
38	WGN07	24.5	1.23597809276702	961	22.074472604614	26.925527395386
39	WGN07	22	1.23597809276701	961	19.5744726046141	24.425527395386
40	WGN07	21	1.23597809276702	961	18.574472604614	23.425527395386
41	WGN07	23.2454954954954	1.74839116815622	961	19.8143904451463	26.6766005458446
42	WGN07	26.1666666666667	1.23597809276704	961	23.7411392712807	28.5921940620528
44	WGN07	21.8333333333333	1.23597809276703	961	19.4078059379473	24.2588607287194
46	WGN07	22.3333333333333	1.23597809276701	961	19.9078059379473	24.7588607287193
47	WGN07	22.9121621621622	1.74839116815622	961	19.481057111813	26.3432672125113
48	WGN07	23.3333333333334	1.23597809276701	961	20.9078059379474	25.7588607287194
49	WGN07	26.2454954954951	1.74839116815616	961	22.8143904451461	29.6766005458441
50	WGN07	22.9999999999999	1.23597809276704	961	20.5744726046139	25.425527395386
51	WGN07	24.8333333333332	1.23597809276701	961	22.4078059379472	27.2588607287192
52	WGN07	20.6666666666666	1.23597809276704	961	18.2411392712805	23.0921940620526
53	WGN07	22.9166666666666	1.23597809276701	961	20.4911392712806	25.3421940620525
54	WGN07	22.6666666666667	1.23597809276704	961	20.2411392712807	25.0921940620527
55	WGN07	27.0000000000002	1.23597809276702	961	24.5744726046142	29.4255273953862
56	WGN07	25.8333333333333	1.23597809276703	961	23.4078059379473	28.2588607287193
57	WGN07	20.6666666666667	1.23597809276704	961	18.2411392712807	23.0921940620527
58	WGN07	25.9999999999999	1.23597809276701	961	23.5744726046139	28.4255273953859
59	WGN07	22.3333333333331	1.23597809276701	961	19.9078059379471	24.7588607287191
60	WGN07	26.1666666666668	1.23597809276704	961	23.7411392712808	28.5921940620529
61	WGN07	22.5	1.23597809276706	961	20.0744726046139	24.9255273953861
63	WGN07	22.3333333333332	1.235978092767	961	19.9078059379473	24.7588607287192
64	WGN07	27.5788288288289	1.74839116815626	961	24.1477237784797	31.0099338791781
66	WGN07	19.5000000000001	1.23597809276704	961	17.074472604614	21.9255273953861
67	WGN07	16.1666666666668	1.23597809276702	961	13.7411392712808	18.5921940620528
68	WGN07	18.5	1.23597809276703	961	16.074472604614	20.9255273953861
69	WGN07	28.5788288288288	1.7483911681562	961	25.1477237784797	32.0099338791779
71	WGN07	19.8333333333334	1.235978092767	961	17.4078059379475	22.2588607287194
73	WGN07	22.3333333333332	1.23597809276704	961	19.9078059379471	24.7588607287192
74	WGN07	29.5000000000001	1.23597809276702	961	27.0744726046141	31.9255273953861
75	WGN07	25.8333333333334	1.23597809276702	961	23.4078059379474	28.2588607287194
76	WGN07	26.6666666666666	1.235978092767	961	24.2411392712806	29.0921940620525
77	WGN07	22.3333333333332	1.23597809276701	961	19.9078059379472	24.7588607287191
78	WGN07	21	1.23597809276701	961	18.574472604614	23.425527395386
79	WGN07	22.5	1.23597809276702	961	20.074472604614	24.925527395386
80	WGN07	25.3333333333333	1.23597809276701	961	22.9078059379473	27.7588607287193
81	WGN07	22.4999999999998	1.23597809276704	961	20.0744726046137	24.9255273953858
82	WGN07	25.5	1.23597809276703	961	23.074472604614	27.925527395386
83	WGN07	21.4121621621621	1.74839116815623	961	17.9810571118129	24.8432672125113
84	WGN07	25	1.23597809276702	961	22.574472604614	27.425527395386
85	WGN07	24.4999999999999	1.23597809276699	961	22.074472604614	26.9255273953858
86	WGN07	24	1.23597809276703	961	21.574472604614	26.425527395386
87	WGN07	23.3333333333334	1.23597809276704	961	20.9078059379474	25.7588607287194
88	WGN07	28.0000000000002	1.23597809276704	961	25.5744726046141	30.4255273953862
89	WGN07	24.8333333333334	1.235978092767	961	22.4078059379474	27.2588607287193
90	WGN07	20.8333333333335	1.23597809276703	961	18.4078059379475	23.2588607287195
91	WGN07	25	1.235978092767	961	22.5744726046141	27.425527395386
92	WGN07	25.7545045045047	1.74839116815621	961	22.3233994541555	29.1856095548538
93	WGN07	25.9121621621622	1.74839116815623	961	22.481057111813	29.3432672125113
94	WGN07	22	1.23597809276701	961	19.574472604614	24.4255273953859
95	WGN07	24.3333333333332	1.23597809276701	961	21.9078059379472	26.7588607287192
96	WGN07	21.9166666666665	1.23597809276703	961	19.4911392712805	24.3421940620525
97	WGN07	27.2454954954956	1.74839116815621	961	23.8143904451464	30.6766005458447
98	WGN07	25.0000000000001	1.23597809276702	961	22.5744726046141	27.425527395386
99	WGN07	22.8333333333333	1.235978092767	961	20.4078059379473	25.2588607287193
100	WGN07	23.6666666666667	1.23597809276701	961	21.2411392712808	26.0921940620527
101	WGN07	22.2454954954957	1.74839116815628	961	18.8143904451464	25.676600545845
102	WGN07	30.1666666666668	1.23597809276704	961	27.7411392712808	32.5921940620528
103	WGN07	22.8333333333335	1.23597809276702	961	20.4078059379476	25.2588607287195
104	WGN07	23.1666666666667	1.23597809276703	961	20.7411392712807	25.5921940620527
105	WGN07	26	1.23597809276701	961	23.574472604614	28.425527395386
106	WGN07	27.5788288288287	1.74839116815619	961	24.1477237784796	31.0099338791778
107	WGN07	25.1666666666666	1.23597809276705	961	22.7411392712806	27.5921940620527
108	WGN07	26.1666666666667	1.23597809276702	961	23.7411392712807	28.5921940620527
109	WGN07	20.5878378378379	1.74839116815623	961	17.1567327874887	24.018942888187
110	WGN07	25.6666666666667	1.23597809276704	961	23.2411392712807	28.0921940620528
112	WGN07	27.3333333333334	1.23597809276703	961	24.9078059379473	29.7588607287194
113	WGN07	19.5	1.23597809276703	961	17.074472604614	21.925527395386
114	WGN07	22.8333333333333	1.235978092767	961	20.4078059379473	25.2588607287192
115	WGN07	23.3333333333335	1.23597809276703	961	20.9078059379475	25.7588607287195
116	WGN07	23.3333333333333	1.23597809276702	961	20.9078059379473	25.7588607287193
117	WGN07	23.3333333333334	1.23597809276702	961	20.9078059379474	25.7588607287194
118	WGN07	26.0878378378378	1.74839116815625	961	22.6567327874886	29.518942888187
119	WGN07	27.5	1.23597809276701	961	25.074472604614	29.925527395386
120	WGN07	25.1666666666667	1.23597809276702	961	22.7411392712807	27.5921940620527
121	WGN07	20.3333333333334	1.23597809276704	961	17.9078059379473	22.7588607287194
122	WGN07	27.9121621621621	1.74839116815626	961	24.4810571118129	31.3432672125114
123	WGN07	25.3333333333334	1.23597809276706	961	22.9078059379474	27.7588607287195
124	WGN07	24.9121621621622	1.74839116815624	961	21.481057111813	28.3432672125114
125	WGN07	23.8333333333333	1.23597809276704	961	21.4078059379473	26.2588607287193
126	WGN07	26.1666666666667	1.23597809276702	961	23.7411392712807	28.5921940620527
127	WGN07	25.6666666666667	1.23597809276703	961	23.2411392712807	28.0921940620527
128	WGN07	22.4211711711713	1.74839116815621	961	18.9900661208221	25.8522762215204
129	WGN07	27.0000000000001	1.23597809276705	961	24.5744726046141	29.4255273953862
130	WGN07	18.5000000000001	1.23597809276701	961	16.0744726046141	20.9255273953861
1	WGN15	21.6666666666668	1.23597809276703	961	19.2411392712808	24.0921940620528
2	WGN15	22.578828828829	1.74839116815622	961	19.1477237784799	26.0099338791781
3	WGN15	20.8333333333335	1.23597809276702	961	18.4078059379475	23.2588607287195
4	WGN15	20.9121621621623	1.74839116815626	961	17.481057111813	24.3432672125115
5	WGN15	22.8333333333333	1.23597809276699	961	20.4078059379474	25.2588607287193
7	WGN15	19.0000000000001	1.23597809276701	961	16.5744726046141	21.4255273953861
8	WGN15	26.6666666666668	1.23597809276703	961	24.2411392712808	29.0921940620528
9	WGN15	21.8333333333335	1.23597809276703	961	19.4078059379475	24.2588607287195
10	WGN15	23.3333333333334	1.23597809276701	961	20.9078059379474	25.7588607287194
11	WGN15	21.1666666666667	1.23597809276704	961	18.7411392712807	23.5921940620527
12	WGN15	21.3333333333334	1.23597809276706	961	18.9078059379474	23.7588607287195
13	WGN15	24.9121621621623	1.74839116815625	961	21.4810571118131	28.3432672125115
14	WGN15	19.8333333333334	1.23597809276704	961	17.4078059379474	22.2588607287195
15	WGN15	22.6666666666668	1.23597809276701	961	20.2411392712808	25.0921940620528
16	WGN15	20	1.23597809276706	961	17.574472604614	22.4255273953861
17	WGN15	22.9121621621623	1.74839116815623	961	19.4810571118131	26.3432672125114
18	WGN15	22.9121621621622	1.74839116815623	961	19.4810571118131	26.3432672125114
19	WGN15	20.1666666666667	1.23597809276704	961	17.7411392712807	22.5921940620528
20	WGN15	20.8333333333334	1.23597809276702	961	18.4078059379474	23.2588607287194
21	WGN15	18.5000000000002	1.23597809276699	961	16.0744726046143	20.9255273953862
22	WGN15	20.5	1.23597809276705	961	18.074472604614	22.9255273953861
23	WGN15	21.0000000000001	1.23597809276703	961	18.5744726046141	23.4255273953861
24	WGN15	17.8333333333335	1.23597809276703	961	15.4078059379475	20.2588607287195
25	WGN15	22.8333333333334	1.23597809276702	961	20.4078059379474	25.2588607287194
26	WGN15	19.8333333333334	1.23597809276701	961	17.4078059379475	22.2588607287194
27	WGN15	22.5000000000001	1.23597809276701	961	20.0744726046141	24.925527395386
28	WGN15	21.5000000000001	1.235978092767	961	19.0744726046142	23.9255273953861
29	WGN15	21.0000000000001	1.23597809276702	961	18.5744726046141	23.4255273953861
30	WGN15	24.9121621621623	1.74839116815621	961	21.4810571118132	28.3432672125114
31	WGN15	23.5	1.23597809276701	961	21.074472604614	25.925527395386
32	WGN15	23.6666666666668	1.23597809276704	961	21.2411392712807	26.0921940620528
33	WGN15	24.4999999999999	1.235978092767	961	22.074472604614	26.9255273953859
34	WGN15	23.5000000000001	1.23597809276703	961	21.0744726046141	25.9255273953861
35	WGN15	21.6666666666668	1.23597809276704	961	19.2411392712807	24.0921940620528
36	WGN15	22.3333333333335	1.23597809276701	961	19.9078059379475	24.7588607287194
37	WGN15	22.3333333333336	1.23597809276701	961	19.9078059379476	24.7588607287196
38	WGN15	21.578828828829	1.74839116815624	961	18.1477237784798	25.0099338791781
39	WGN15	22.0000000000001	1.23597809276701	961	19.5744726046141	24.4255273953861
40	WGN15	24.5000000000001	1.23597809276703	961	22.0744726046141	26.9255273953861
41	WGN15	24.3333333333335	1.23597809276704	961	21.9078059379475	26.7588607287195
43	WGN15	21.8333333333335	1.23597809276702	961	19.4078059379475	24.2588607287195
44	WGN15	18.0000000000001	1.23597809276704	961	15.574472604614	20.4255273953861
45	WGN15	23.1666666666667	1.23597809276704	961	20.7411392712807	25.5921940620527
46	WGN15	23.0000000000001	1.23597809276703	961	20.5744726046141	25.4255273953861
47	WGN15	19.8333333333335	1.23597809276704	961	17.4078059379474	22.2588607287195
48	WGN15	21.5788288288289	1.74839116815623	961	18.1477237784797	25.009933879178
50	WGN15	22.1666666666668	1.23597809276703	961	19.7411392712808	24.5921940620528
51	WGN15	21.8333333333334	1.23597809276703	961	19.4078059379474	24.2588607287194
52	WGN15	21.0000000000001	1.23597809276702	961	18.5744726046141	23.4255273953861
53	WGN15	17.9121621621621	1.74839116815626	961	14.4810571118129	21.3432672125113
54	WGN15	26.087837837838	1.74839116815623	961	22.6567327874888	29.5189428881871
55	WGN15	21.3333333333334	1.23597809276703	961	18.9078059379474	23.7588607287194
56	WGN15	20.0000000000001	1.23597809276704	961	17.574472604614	22.4255273953861
58	WGN15	19.8333333333335	1.23597809276702	961	17.4078059379475	22.2588607287194
59	WGN15	21.5000000000002	1.23597809276705	961	19.0744726046141	23.9255273953862
60	WGN15	21.6666666666669	1.23597809276701	961	19.2411392712809	24.0921940620528
61	WGN15	20.8333333333335	1.23597809276701	961	18.4078059379476	23.2588607287195
62	WGN15	24.3333333333334	1.23597809276702	961	21.9078059379474	26.7588607287194
63	WGN15	24.1666666666668	1.23597809276701	961	21.7411392712808	26.5921940620528
64	WGN15	19.6666666666667	1.23597809276699	961	17.2411392712808	22.0921940620526
66	WGN15	20.3333333333335	1.23597809276703	961	17.9078059379474	22.7588607287195
67	WGN15	24.0000000000001	1.23597809276701	961	21.5744726046142	26.4255273953861
68	WGN15	22.5000000000001	1.23597809276703	961	20.0744726046141	24.9255273953861
69	WGN15	20.5000000000001	1.23597809276702	961	18.0744726046141	22.9255273953861
70	WGN15	20.8333333333335	1.23597809276703	961	18.4078059379475	23.2588607287195
71	WGN15	22.2454954954955	1.7483911681562	961	18.8143904451464	25.6766005458446
72	WGN15	22.2454954954956	1.7483911681562	961	18.8143904451465	25.6766005458447
73	WGN15	20.6666666666668	1.23597809276703	961	18.2411392712808	23.0921940620528
74	WGN15	22.578828828829	1.74839116815623	961	19.1477237784798	26.0099338791781
75	WGN15	20.8333333333335	1.23597809276702	961	18.4078059379475	23.2588607287195
77	WGN15	17.3333333333336	1.23597809276702	961	14.9078059379476	19.7588607287196
78	WGN15	21.6666666666667	1.23597809276703	961	19.2411392712807	24.0921940620528
79	WGN15	21.6666666666669	1.23597809276704	961	19.2411392712808	24.0921940620529
80	WGN15	23.6666666666667	1.23597809276701	961	21.2411392712808	26.0921940620527
81	WGN15	22.0000000000001	1.23597809276702	961	19.5744726046141	24.4255273953861
82	WGN15	22.7545045045048	1.74839116815617	961	19.3233994541558	26.1856095548539
83	WGN15	20.2454954954955	1.74839116815625	961	16.8143904451463	23.6766005458447
84	WGN15	20.3333333333334	1.23597809276703	961	17.9078059379474	22.7588607287194
85	WGN15	21.3333333333335	1.23597809276703	961	18.9078059379475	23.7588607287195
86	WGN15	21.5000000000001	1.23597809276704	961	19.0744726046141	23.9255273953862
87	WGN15	17.5	1.23597809276706	961	15.0744726046139	19.9255273953861
88	WGN15	19.4211711711712	1.74839116815626	961	15.990066120822	22.8522762215204
89	WGN15	19.0000000000001	1.23597809276702	961	16.5744726046141	21.4255273953861
90	WGN15	21.1666666666669	1.23597809276703	961	18.7411392712809	23.5921940620529
91	WGN15	20.8333333333334	1.23597809276701	961	18.4078059379475	23.2588607287194
92	WGN15	19.1666666666667	1.23597809276704	961	16.7411392712806	21.5921940620527
93	WGN15	23.1666666666667	1.23597809276704	961	20.7411392712807	25.5921940620527
94	WGN15	23.8333333333335	1.23597809276702	961	21.4078059379475	26.2588607287195
95	WGN15	22.5000000000001	1.23597809276702	961	20.0744726046141	24.9255273953861
96	WGN15	22.578828828829	1.7483911681562	961	19.1477237784799	26.0099338791781
97	WGN15	21	1.23597809276702	961	18.574472604614	23.425527395386
98	WGN15	24.3333333333334	1.23597809276702	961	21.9078059379474	26.7588607287194
99	WGN15	24	1.23597809276702	961	21.574472604614	26.425527395386
100	WGN15	24.0000000000001	1.23597809276703	961	21.5744726046141	26.4255273953861
101	WGN15	19.8333333333334	1.23597809276704	961	17.4078059379474	22.2588607287195
102	WGN15	21.6666666666669	1.23597809276702	961	19.2411392712809	24.0921940620529
103	WGN15	24.5788288288292	1.74839116815625	961	21.14772377848	28.0099338791784
104	WGN15	20.5	1.23597809276704	961	18.074472604614	22.9255273953861
106	WGN15	18.2454954954956	1.74839116815623	961	14.8143904451464	21.6766005458447
107	WGN15	22.578828828829	1.74839116815625	961	19.1477237784798	26.0099338791782
108	WGN15	21.6666666666667	1.23597809276702	961	19.2411392712808	24.0921940620527
109	WGN15	19.1666666666667	1.23597809276701	961	16.7411392712807	21.5921940620527
110	WGN15	19.6666666666667	1.23597809276704	961	17.2411392712807	22.0921940620528
111	WGN15	24.2454954954955	1.74839116815622	961	20.8143904451464	27.6766005458447
112	WGN15	22.0000000000001	1.23597809276702	961	19.5744726046141	24.4255273953861
113	WGN15	21.6666666666668	1.23597809276703	961	19.2411392712808	24.0921940620528
114	WGN15	22.3333333333335	1.23597809276702	961	19.9078059379475	24.7588607287195
115	WGN15	20.0000000000001	1.23597809276703	961	17.5744726046141	22.4255273953861
116	WGN15	22.5788288288289	1.74839116815621	961	19.1477237784798	26.0099338791781
117	WGN15	22.3333333333335	1.23597809276703	961	19.9078059379475	24.7588607287195
118	WGN15	23.3333333333336	1.23597809276703	961	20.9078059379476	25.7588607287196
119	WGN15	21.5000000000001	1.23597809276703	961	19.0744726046141	23.9255273953861
120	WGN15	23.4211711711712	1.74839116815625	961	19.990066120822	26.8522762215204
121	WGN15	22.8333333333334	1.23597809276704	961	20.4078059379474	25.2588607287195
122	WGN15	20.7545045045047	1.74839116815626	961	17.3233994541555	24.1856095548539
123	WGN15	23.1666666666668	1.23597809276704	961	20.7411392712807	25.5921940620528
124	WGN15	21.3333333333334	1.23597809276701	961	18.9078059379474	23.7588607287193
125	WGN15	27.3333333333334	1.23597809276702	961	24.9078059379475	29.7588607287194
126	WGN15	22.0000000000001	1.23597809276702	961	19.5744726046141	24.4255273953861
127	WGN15	16.3333333333335	1.23597809276702	961	13.9078059379475	18.7588607287194
128	WGN15	22.6666666666667	1.23597809276705	961	20.2411392712807	25.0921940620528
129	WGN15	21.3333333333334	1.23597809276702	961	18.9078059379474	23.7588607287194
130	WGN15	22.0000000000001	1.23597809276701	961	19.5744726046141	24.425527395386
1	WGN26	25.666666666666	1.23597809276695	961	23.2411392712802	28.0921940620519
3	WGN26	27.2454954954952	1.74839116815625	961	23.814390445146	30.6766005458444
4	WGN26	23.1666666666664	1.23597809276701	961	20.7411392712804	25.5921940620524
5	WGN26	23.8333333333331	1.23597809276704	961	21.4078059379471	26.2588607287192
6	WGN26	21.8333333333332	1.23597809276703	961	19.4078059379472	24.2588607287192
7	WGN26	21.8333333333331	1.23597809276703	961	19.4078059379471	24.2588607287191
8	WGN26	19.9999999999997	1.23597809276702	961	17.5744726046137	22.4255273953857
9	WGN26	25.2454954954951	1.74839116815623	961	21.814390445146	28.6766005458443
10	WGN26	20.6666666666665	1.23597809276701	961	18.2411392712805	23.0921940620525
11	WGN26	24.4999999999997	1.23597809276703	961	22.0744726046136	26.9255273953857
12	WGN26	25.833333333333	1.23597809276705	961	23.4078059379469	28.258860728719
13	WGN26	22.3333333333331	1.23597809276703	961	19.9078059379471	24.7588607287191
14	WGN26	22.3333333333329	1.23597809276706	961	19.9078059379468	24.7588607287189
15	WGN26	23.3333333333331	1.23597809276703	961	20.9078059379471	25.7588607287191
17	WGN26	25.8333333333331	1.235978092767	961	23.4078059379471	28.258860728719
18	WGN26	20.1666666666662	1.23597809276705	961	17.7411392712801	22.5921940620522
19	WGN26	23.9999999999998	1.235978092767	961	21.5744726046139	26.4255273953858
20	WGN26	19.2454954954951	1.74839116815624	961	15.8143904451459	22.6766005458443
21	WGN26	23.1666666666665	1.23597809276701	961	20.7411392712805	25.5921940620524
22	WGN26	21.4999999999997	1.23597809276701	961	19.0744726046137	23.9255273953857
23	WGN26	23.9121621621619	1.74839116815622	961	20.4810571118128	27.3432672125111
24	WGN26	22.5788288288287	1.74839116815617	961	19.1477237784797	26.0099338791778
25	WGN26	25.9999999999999	1.23597809276704	961	23.5744726046138	28.4255273953859
26	WGN26	17.5788288288284	1.74839116815625	961	14.1477237784792	21.0099338791776
27	WGN26	23.1666666666662	1.23597809276704	961	20.7411392712802	25.5921940620523
28	WGN26	20.8333333333331	1.23597809276704	961	18.4078059379471	23.2588607287192
29	WGN26	23.0878378378375	1.74839116815625	961	19.6567327874883	26.5189428881867
30	WGN26	21.7545045045044	1.74839116815621	961	18.3233994541553	25.1856095548535
31	WGN26	24.1666666666664	1.23597809276701	961	21.7411392712804	26.5921940620523
32	WGN26	21.5788288288286	1.74839116815624	961	18.1477237784794	25.0099338791777
33	WGN26	25.4211711711709	1.7483911681562	961	21.9900661208217	28.85227622152
34	WGN26	21.9999999999998	1.23597809276703	961	19.5744726046138	24.4255273953858
35	WGN26	25.3333333333331	1.23597809276704	961	22.9078059379471	27.7588607287191
36	WGN26	20.4999999999995	1.23597809276706	961	18.0744726046135	22.9255273953856
38	WGN26	22.1666666666666	1.23597809276702	961	19.7411392712806	24.5921940620526
39	WGN26	23.1666666666664	1.23597809276704	961	20.7411392712803	25.5921940620524
40	WGN26	21.1666666666663	1.23597809276704	961	18.7411392712802	23.5921940620523
41	WGN26	20.4999999999999	1.23597809276701	961	18.0744726046139	22.9255273953858
42	WGN26	24.4999999999998	1.23597809276704	961	22.0744726046137	26.9255273953858
43	WGN26	23.4999999999997	1.23597809276704	961	21.0744726046137	25.9255273953857
44	WGN26	23.1666666666665	1.23597809276703	961	20.7411392712805	25.5921940620525
45	WGN26	22.4999999999998	1.23597809276702	961	20.0744726046138	24.9255273953857
46	WGN26	20.3333333333329	1.23597809276704	961	17.9078059379469	22.758860728719
47	WGN26	19.5788288288284	1.74839116815625	961	16.1477237784792	23.0099338791776
48	WGN26	21.6666666666664	1.23597809276702	961	19.2411392712804	24.0921940620524
49	WGN26	20.9121621621619	1.74839116815623	961	17.4810571118128	24.3432672125111
50	WGN26	24.6666666666664	1.23597809276702	961	22.2411392712804	27.0921940620524
51	WGN26	25.8333333333331	1.23597809276705	961	23.4078059379471	28.2588607287192
52	WGN26	22.833333333333	1.23597809276704	961	20.407805937947	25.2588607287191
53	WGN26	20.9999999999998	1.23597809276702	961	18.5744726046138	23.4255273953858
54	WGN26	22.9999999999998	1.23597809276702	961	20.5744726046138	25.4255273953858
55	WGN26	21.4999999999999	1.23597809276701	961	19.0744726046139	23.9255273953859
56	WGN26	22.9166666666663	1.23597809276703	961	20.4911392712803	25.3421940620524
57	WGN26	22.8333333333331	1.23597809276703	961	20.4078059379471	25.2588607287191
58	WGN26	20.4999999999997	1.23597809276703	961	18.0744726046137	22.9255273953857
59	WGN26	18.0878378378374	1.74839116815624	961	14.6567327874882	21.5189428881866
60	WGN26	20.4999999999998	1.23597809276701	961	18.0744726046139	22.9255273953858
61	WGN26	21.5788288288287	1.7483911681562	961	18.1477237784796	25.0099338791778
62	WGN26	22.9999999999998	1.23597809276703	961	20.5744726046138	25.4255273953858
64	WGN26	20.4999999999998	1.23597809276703	961	18.0744726046138	22.9255273953858
65	WGN26	23.4211711711708	1.74839116815625	961	19.9900661208216	26.8522762215201
66	WGN26	22.0833333333331	1.23597809276702	961	19.6578059379471	24.5088607287191
67	WGN26	23.8333333333331	1.23597809276704	961	21.407805937947	26.2588607287191
68	WGN26	20.4999999999997	1.23597809276703	961	18.0744726046137	22.9255273953857
69	WGN26	21.4999999999998	1.23597809276703	961	19.0744726046138	23.9255273953858
70	WGN26	23.7545045045043	1.74839116815626	961	20.323399454155	27.1856095548535
71	WGN26	21.1666666666664	1.23597809276703	961	18.7411392712804	23.5921940620524
72	WGN26	21.833333333333	1.23597809276702	961	19.407805937947	24.258860728719
73	WGN26	22.9999999999997	1.23597809276702	961	20.5744726046137	25.4255273953857
74	WGN26	22.3333333333331	1.23597809276702	961	19.9078059379471	24.7588607287191
75	WGN26	23.3333333333331	1.23597809276702	961	20.9078059379471	25.7588607287191
76	WGN26	21.5788288288286	1.74839116815624	961	18.1477237784794	25.0099338791778
77	WGN26	23.8333333333331	1.23597809276701	961	21.4078059379471	26.258860728719
78	WGN26	19.5788288288286	1.74839116815624	961	16.1477237784794	23.0099338791777
79	WGN26	21.9999999999998	1.23597809276701	961	19.5744726046138	24.4255273953857
80	WGN26	24.833333333333	1.23597809276703	961	22.407805937947	27.258860728719
81	WGN26	25.5788288288286	1.74839116815622	961	22.1477237784795	29.0099338791778
82	WGN26	21.245495495495	1.74839116815628	961	17.8143904451458	24.6766005458443
83	WGN26	22.6666666666663	1.23597809276702	961	20.2411392712803	25.0921940620523
85	WGN26	20.2454954954952	1.74839116815623	961	16.8143904451461	23.6766005458444
86	WGN26	22.5788288288286	1.74839116815622	961	19.1477237784794	26.0099338791778
87	WGN26	21.4999999999998	1.23597809276704	961	19.0744726046137	23.9255273953858
88	WGN26	20.333333333333	1.23597809276704	961	17.9078059379469	22.758860728719
89	WGN26	22.9999999999998	1.23597809276702	961	20.5744726046138	25.4255273953857
90	WGN26	24.3333333333331	1.23597809276702	961	21.9078059379471	26.7588607287191
91	WGN26	24.9999999999997	1.23597809276702	961	22.5744726046137	27.4255273953857
92	WGN26	22.333333333333	1.23597809276701	961	19.907805937947	24.758860728719
93	WGN26	25.333333333333	1.23597809276704	961	22.907805937947	27.758860728719
94	WGN26	23.3333333333331	1.23597809276702	961	20.9078059379471	25.7588607287191
95	WGN26	25.333333333333	1.23597809276702	961	22.907805937947	27.758860728719
96	WGN26	23.9121621621619	1.74839116815624	961	20.4810571118127	27.343267212511
97	WGN26	24.1666666666664	1.23597809276701	961	21.7411392712804	26.5921940620524
98	WGN26	24.1666666666665	1.23597809276702	961	21.7411392712805	26.5921940620525
99	WGN26	21.333333333333	1.23597809276702	961	18.907805937947	23.758860728719
100	WGN26	23.6666666666664	1.23597809276703	961	21.2411392712804	26.0921940620524
101	WGN26	23.3333333333331	1.23597809276704	961	20.907805937947	25.7588607287191
102	WGN26	19.2454954954951	1.74839116815624	961	15.8143904451459	22.6766005458443
103	WGN26	22.4211711711709	1.74839116815624	961	18.9900661208217	25.85227622152
104	WGN26	21.2499999999998	1.23597809276702	961	18.8244726046138	23.6755273953858
105	WGN26	22.9999999999997	1.23597809276703	961	20.5744726046137	25.4255273953857
106	WGN26	23.0878378378376	1.74839116815621	961	19.6567327874885	26.5189428881867
108	WGN26	21.9121621621619	1.74839116815625	961	18.4810571118127	25.3432672125111
109	WGN26	25.1666666666664	1.23597809276703	961	22.7411392712804	27.5921940620524
111	WGN26	22.9999999999997	1.23597809276702	961	20.5744726046137	25.4255273953857
112	WGN26	22.3333333333331	1.23597809276704	961	19.907805937947	24.7588607287191
113	WGN26	20.1666666666663	1.23597809276704	961	17.7411392712803	22.5921940620523
114	WGN26	21.4999999999998	1.23597809276702	961	19.0744726046138	23.9255273953858
115	WGN26	20.5833333333331	1.23597809276703	961	18.1578059379471	23.0088607287191
116	WGN26	16.4211711711708	1.74839116815625	961	12.9900661208216	19.85227622152
117	WGN26	23.0878378378376	1.74839116815623	961	19.6567327874884	26.5189428881867
118	WGN26	27.9999999999998	1.23597809276702	961	25.5744726046138	30.4255273953858
119	WGN26	20.2499999999997	1.23597809276702	961	17.8244726046137	22.6755273953857
120	WGN26	21.3333333333331	1.23597809276702	961	18.9078059379471	23.7588607287191
121	WGN26	23.333333333333	1.23597809276702	961	20.907805937947	25.758860728719
122	WGN26	23.833333333333	1.23597809276702	961	21.407805937947	26.258860728719
123	WGN26	23.5788288288287	1.74839116815625	961	20.1477237784795	27.0099338791779
125	WGN26	24.2499999999997	1.23597809276703	961	21.8244726046137	26.6755273953857
126	WGN26	23.4211711711708	1.74839116815625	961	19.9900661208216	26.8522762215201
127	WGN26	23.1666666666664	1.23597809276702	961	20.7411392712804	25.5921940620524
128	WGN26	21.4211711711709	1.74839116815623	961	17.9900661208218	24.8522762215201
129	WGN26	25.9999999999998	1.23597809276703	961	23.5744726046138	28.4255273953858
130	WGN26	19.4999999999997	1.23597809276703	961	17.0744726046137	21.9255273953857
1	WGN36	21.754504504504	1.74839116815607	961	18.3233994541551	25.1856095548528
2	WGN36	21.9999999999999	1.23597809276704	961	19.5744726046139	24.425527395386
4	WGN36	26.6666666666667	1.23597809276703	961	24.2411392712807	29.0921940620527
5	WGN36	24.3333333333333	1.23597809276702	961	21.9078059379473	26.7588607287193
6	WGN36	21.8333333333333	1.23597809276702	961	19.4078059379474	24.2588607287193
7	WGN36	24.087837837838	1.74839116815624	961	20.6567327874888	27.5189428881872
8	WGN36	23.3333333333333	1.23597809276703	961	20.9078059379473	25.7588607287193
9	WGN36	26.9121621621622	1.74839116815622	961	23.481057111813	30.3432672125113
10	WGN36	26.8333333333332	1.23597809276702	961	24.4078059379472	29.2588607287192
11	WGN36	22.9121621621621	1.74839116815624	961	19.481057111813	26.3432672125113
12	WGN36	24.8333333333334	1.23597809276702	961	22.4078059379474	27.2588607287194
13	WGN36	19.4999999999999	1.23597809276704	961	17.0744726046138	21.9255273953859
14	WGN36	22.1666666666666	1.23597809276702	961	19.7411392712806	24.5921940620526
15	WGN36	22.8333333333333	1.23597809276704	961	20.4078059379472	25.2588607287193
16	WGN36	24.6666666666667	1.23597809276703	961	22.2411392712806	27.0921940620527
17	WGN36	22	1.23597809276704	961	19.5744726046139	24.425527395386
18	WGN36	26.9121621621621	1.74839116815623	961	23.481057111813	30.3432672125113
19	WGN36	26.5788288288287	1.74839116815622	961	23.1477237784795	30.0099338791778
20	WGN36	21.8333333333333	1.235978092767	961	19.4078059379474	24.2588607287193
21	WGN36	23	1.23597809276704	961	20.5744726046139	25.425527395386
22	WGN36	25.3333333333334	1.23597809276703	961	22.9078059379473	27.7588607287194
23	WGN36	23.8333333333333	1.23597809276701	961	21.4078059379473	26.2588607287192
24	WGN36	23.8333333333333	1.23597809276701	961	21.4078059379473	26.2588607287193
26	WGN36	24.8333333333333	1.23597809276704	961	22.4078059379473	27.2588607287193
27	WGN36	23.8333333333333	1.23597809276701	961	21.4078059379473	26.2588607287192
28	WGN36	24.3333333333334	1.23597809276704	961	21.9078059379474	26.7588607287194
30	WGN36	25.4999999999999	1.23597809276701	961	23.0744726046139	27.9255273953858
31	WGN36	21	1.23597809276704	961	18.574472604614	23.425527395386
33	WGN36	22	1.23597809276702	961	19.574472604614	24.425527395386
34	WGN36	24.4999999999999	1.23597809276701	961	22.0744726046139	26.9255273953858
35	WGN36	23.6666666666667	1.23597809276706	961	21.2411392712806	26.0921940620528
36	WGN36	20.3333333333333	1.23597809276706	961	17.9078059379472	22.7588607287193
37	WGN36	23.4211711711711	1.74839116815625	961	19.9900661208219	26.8522762215203
38	WGN36	24.0878378378377	1.74839116815622	961	20.6567327874886	27.5189428881869
39	WGN36	24	1.23597809276703	961	21.574472604614	26.425527395386
40	WGN36	25.8333333333332	1.23597809276702	961	23.4078059379472	28.2588607287192
41	WGN36	26.1666666666665	1.23597809276702	961	23.7411392712805	28.5921940620525
42	WGN36	23.4999999999999	1.23597809276702	961	21.0744726046139	25.9255273953859
43	WGN36	25.5	1.23597809276703	961	23.074472604614	27.925527395386
44	WGN36	23.3333333333333	1.23597809276702	961	20.9078059379473	25.7588607287193
45	WGN36	22.8333333333333	1.23597809276703	961	20.4078059379472	25.2588607287193
46	WGN36	24	1.23597809276703	961	21.574472604614	26.425527395386
47	WGN36	26	1.23597809276703	961	23.574472604614	28.425527395386
48	WGN36	21.9999999999999	1.23597809276703	961	19.5744726046139	24.425527395386
49	WGN36	25.6666666666667	1.23597809276703	961	23.2411392712807	28.0921940620527
51	WGN36	22.1666666666666	1.23597809276703	961	19.7411392712805	24.5921940620526
52	WGN36	26.4999999999999	1.23597809276703	961	24.0744726046139	28.9255273953859
53	WGN36	27.3333333333333	1.23597809276703	961	24.9078059379473	29.7588607287193
54	WGN36	23.3333333333333	1.23597809276703	961	20.9078059379473	25.7588607287193
55	WGN36	23.4999999999999	1.23597809276702	961	21.0744726046139	25.9255273953859
56	WGN36	18.4999999999999	1.23597809276703	961	16.0744726046139	20.9255273953859
57	WGN36	25.1666666666665	1.23597809276702	961	22.7411392712805	27.5921940620525
58	WGN36	25.1666666666665	1.23597809276701	961	22.7411392712805	27.5921940620525
59	WGN36	23.1666666666667	1.23597809276704	961	20.7411392712807	25.5921940620527
60	WGN36	25.6666666666666	1.23597809276703	961	23.2411392712806	28.0921940620526
62	WGN36	22	1.23597809276702	961	19.574472604614	24.425527395386
64	WGN36	25.8333333333334	1.23597809276703	961	23.4078059379473	28.2588607287194
65	WGN36	23	1.23597809276703	961	20.5744726046139	25.425527395386
66	WGN36	25.5	1.23597809276703	961	23.074472604614	27.925527395386
68	WGN36	23.5788288288288	1.74839116815622	961	20.1477237784797	27.009933879178
69	WGN36	25.9121621621621	1.74839116815624	961	22.4810571118129	29.3432672125113
70	WGN36	23.5788288288289	1.74839116815624	961	20.1477237784797	27.009933879178
71	WGN36	23.4166666666666	1.23597809276702	961	20.9911392712806	25.8421940620526
72	WGN36	22.9999999999999	1.23597809276702	961	20.5744726046139	25.4255273953859
74	WGN36	25.4999999999999	1.23597809276702	961	23.0744726046139	27.9255273953859
75	WGN36	26.9121621621621	1.74839116815624	961	23.481057111813	30.3432672125113
76	WGN36	25.5	1.23597809276702	961	23.074472604614	27.925527395386
77	WGN36	24.75	1.23597809276703	961	22.324472604614	27.175527395386
78	WGN36	18.1666666666667	1.23597809276702	961	15.7411392712807	20.5921940620527
79	WGN36	21.3333333333333	1.23597809276702	961	18.9078059379473	23.7588607287193
80	WGN36	23.0878378378378	1.74839116815623	961	19.6567327874886	26.518942888187
81	WGN36	24.6666666666666	1.23597809276701	961	22.2411392712806	27.0921940620526
82	WGN36	25	1.23597809276703	961	22.5744726046139	27.425527395386
83	WGN36	21.9121621621621	1.74839116815622	961	18.481057111813	25.3432672125113
84	WGN36	30	1.23597809276703	961	27.574472604614	32.425527395386
85	WGN36	21.6666666666666	1.23597809276702	961	19.2411392712806	24.0921940620526
86	WGN36	24.1666666666667	1.23597809276702	961	21.7411392712807	26.5921940620527
87	WGN36	23.6666666666666	1.23597809276703	961	21.2411392712806	26.0921940620526
88	WGN36	23.8333333333333	1.23597809276702	961	21.4078059379473	26.2588607287193
89	WGN36	22.1666666666667	1.23597809276702	961	19.7411392712807	24.5921940620527
90	WGN36	23.6666666666667	1.23597809276703	961	21.2411392712807	26.0921940620527
92	WGN36	23.8333333333333	1.23597809276703	961	21.4078059379473	26.2588607287193
93	WGN36	22.9121621621621	1.74839116815624	961	19.481057111813	26.3432672125113
94	WGN36	21.1666666666666	1.23597809276702	961	18.7411392712806	23.5921940620526
95	WGN36	22	1.23597809276703	961	19.574472604614	24.425527395386
96	WGN36	24.5	1.23597809276704	961	22.074472604614	26.925527395386
97	WGN36	29.8333333333333	1.23597809276703	961	27.4078059379473	32.2588607287193
98	WGN36	24.8333333333333	1.23597809276703	961	22.4078059379473	27.2588607287193
99	WGN36	23.4166666666667	1.23597809276703	961	20.9911392712807	25.8421940620527
100	WGN36	21.3333333333333	1.23597809276703	961	18.9078059379473	23.7588607287193
102	WGN36	27.7545045045045	1.74839116815624	961	24.3233994541553	31.1856095548537
104	WGN36	22.4999999999999	1.23597809276703	961	20.0744726046139	24.925527395386
105	WGN36	28.9121621621621	1.74839116815623	961	25.4810571118129	32.3432672125113
106	WGN36	24	1.23597809276702	961	21.574472604614	26.425527395386
107	WGN36	16.8333333333333	1.23597809276703	961	14.4078059379472	19.2588607287193
108	WGN36	17.2454954954954	1.74839116815627	961	13.8143904451461	20.6766005458446
109	WGN36	20.6666666666666	1.23597809276702	961	18.2411392712806	23.0921940620526
110	WGN36	23	1.23597809276702	961	20.574472604614	25.4255273953859
112	WGN36	24	1.23597809276703	961	21.574472604614	26.425527395386
114	WGN36	21	1.23597809276703	961	18.574472604614	23.425527395386
116	WGN36	21.0878378378378	1.74839116815624	961	17.6567327874886	24.518942888187
117	WGN36	21.1666666666667	1.23597809276703	961	18.7411392712807	23.5921940620527
118	WGN36	24.1666666666666	1.23597809276703	961	21.7411392712806	26.5921940620526
119	WGN36	18.2454954954954	1.74839116815623	961	14.8143904451462	21.6766005458446
120	WGN36	23.8333333333333	1.23597809276703	961	21.4078059379473	26.2588607287193
121	WGN36	25.3333333333333	1.23597809276702	961	22.9078059379473	27.7588607287193
122	WGN36	21.5	1.23597809276703	961	19.074472604614	23.925527395386
123	WGN36	22.5	1.23597809276702	961	20.074472604614	24.9255273953859
124	WGN36	23.3333333333333	1.23597809276702	961	20.9078059379473	25.7588607287193
125	WGN36	22.8333333333333	1.23597809276703	961	20.4078059379473	25.2588607287193
126	WGN36	27	1.23597809276702	961	24.574472604614	29.425527395386
127	WGN36	23.6666666666666	1.23597809276702	961	21.2411392712806	26.0921940620526
128	WGN36	23.2454954954954	1.74839116815623	961	19.8143904451463	26.6766005458446
129	WGN36	22.4211711711711	1.74839116815622	961	18.990066120822	25.8522762215203
130	WGN36	24.8333333333333	1.23597809276703	961	22.4078059379473	27.2588607287193
1	WGN38	23.333333333334	1.23597809276715	961	20.9078059379477	25.7588607287202
2	WGN38	25.1666666666667	1.23597809276701	961	22.7411392712807	27.5921940620526
3	WGN38	22.5788288288292	1.74839116815626	961	19.1477237784799	26.0099338791784
4	WGN38	21.3333333333335	1.23597809276702	961	18.9078059379475	23.7588607287195
5	WGN38	24.8333333333334	1.23597809276702	961	22.4078059379474	27.2588607287194
6	WGN38	22.8333333333335	1.23597809276703	961	20.4078059379475	25.2588607287195
7	WGN38	26.5000000000001	1.23597809276702	961	24.0744726046141	28.9255273953861
8	WGN38	24.6666666666668	1.23597809276701	961	22.2411392712809	27.0921940620528
10	WGN38	24.3333333333335	1.23597809276701	961	21.9078059379475	26.7588607287194
11	WGN38	26.2454954954957	1.74839116815624	961	22.8143904451465	29.6766005458449
12	WGN38	24.0000000000002	1.23597809276702	961	21.5744726046142	26.4255273953862
13	WGN38	21.1666666666668	1.23597809276703	961	18.7411392712808	23.5921940620528
14	WGN38	24.9121621621623	1.74839116815622	961	21.4810571118132	28.3432672125114
16	WGN38	21.5000000000002	1.235978092767	961	19.0744726046143	23.9255273953862
18	WGN38	23.6666666666668	1.23597809276704	961	21.2411392712808	26.0921940620529
19	WGN38	24.5000000000001	1.235978092767	961	22.0744726046141	26.925527395386
20	WGN38	23.9121621621624	1.74839116815623	961	20.4810571118132	27.3432672125116
21	WGN38	20.3333333333335	1.23597809276702	961	17.9078059379475	22.7588607287195
22	WGN38	23.6666666666668	1.23597809276704	961	21.2411392712808	26.0921940620529
23	WGN38	26.3333333333335	1.23597809276703	961	23.9078059379475	28.7588607287195
24	WGN38	17.1666666666667	1.23597809276703	961	14.7411392712807	19.5921940620527
26	WGN38	26.1666666666668	1.23597809276702	961	23.7411392712808	28.5921940620528
27	WGN38	19.3333333333336	1.23597809276701	961	16.9078059379476	21.7588607287196
28	WGN38	25.6666666666668	1.23597809276703	961	23.2411392712808	28.0921940620528
29	WGN38	22.0000000000001	1.23597809276704	961	19.5744726046141	24.4255273953861
30	WGN38	23.0000000000002	1.23597809276704	961	20.5744726046141	25.4255273953862
32	WGN38	24.3333333333334	1.23597809276702	961	21.9078059379474	26.7588607287194
33	WGN38	22.3333333333335	1.23597809276702	961	19.9078059379475	24.7588607287195
34	WGN38	26.0000000000001	1.23597809276702	961	23.5744726046141	28.4255273953861
35	WGN38	23.3333333333335	1.23597809276704	961	20.9078059379474	25.7588607287195
36	WGN38	24.8333333333334	1.23597809276701	961	22.4078059379475	27.2588607287194
37	WGN38	23.1666666666668	1.23597809276702	961	20.7411392712808	25.5921940620528
38	WGN38	24.1666666666668	1.23597809276701	961	21.7411392712808	26.5921940620528
39	WGN38	27.0000000000001	1.23597809276702	961	24.5744726046141	29.4255273953861
40	WGN38	23.5000000000001	1.23597809276701	961	21.0744726046142	25.9255273953861
41	WGN38	22.4211711711713	1.74839116815622	961	18.9900661208222	25.8522762215204
42	WGN38	17.5000000000001	1.23597809276702	961	15.0744726046141	19.9255273953861
45	WGN38	21.6666666666668	1.23597809276703	961	19.2411392712808	24.0921940620528
46	WGN38	24.6666666666668	1.23597809276702	961	22.2411392712808	27.0921940620528
47	WGN38	24.8333333333335	1.23597809276703	961	22.4078059379475	27.2588607287196
48	WGN38	22.3333333333335	1.23597809276703	961	19.9078059379475	24.7588607287195
49	WGN38	25.9121621621623	1.74839116815623	961	22.4810571118131	29.3432672125115
50	WGN38	26.1666666666668	1.23597809276701	961	23.7411392712808	28.5921940620528
51	WGN38	21.9121621621623	1.74839116815624	961	18.4810571118131	25.3432672125115
52	WGN38	28.0000000000002	1.23597809276703	961	25.5744726046142	30.4255273953862
53	WGN38	25.8333333333335	1.23597809276703	961	23.4078059379475	28.2588607287195
54	WGN38	24.6666666666668	1.23597809276704	961	22.2411392712808	27.0921940620529
55	WGN38	25.2454954954956	1.74839116815622	961	21.8143904451464	28.6766005458447
56	WGN38	20.3333333333335	1.23597809276703	961	17.9078059379475	22.7588607287195
59	WGN38	27.5000000000002	1.23597809276703	961	25.0744726046142	29.9255273953862
61	WGN38	23.5000000000001	1.23597809276703	961	21.0744726046141	25.9255273953862
63	WGN38	28.0000000000001	1.23597809276702	961	25.5744726046141	30.425527395386
64	WGN38	25.6666666666668	1.23597809276703	961	23.2411392712808	28.0921940620528
65	WGN38	24.087837837838	1.74839116815623	961	20.6567327874888	27.5189428881872
66	WGN38	22.9121621621623	1.74839116815623	961	19.4810571118131	26.3432672125115
67	WGN38	25.5000000000002	1.23597809276703	961	23.0744726046142	27.9255273953862
68	WGN38	24.3333333333335	1.23597809276702	961	21.9078059379475	26.7588607287195
69	WGN38	25.8333333333335	1.23597809276702	961	23.4078059379475	28.2588607287195
70	WGN38	23.9121621621623	1.74839116815622	961	20.4810571118132	27.3432672125114
72	WGN38	22.0000000000001	1.23597809276703	961	19.5744726046141	24.4255273953861
73	WGN38	25.8333333333335	1.23597809276703	961	23.4078059379475	28.2588607287195
74	WGN38	19.5000000000002	1.23597809276702	961	17.0744726046142	21.9255273953862
76	WGN38	24.1666666666668	1.23597809276701	961	21.7411392712808	26.5921940620528
77	WGN38	23.6666666666668	1.23597809276702	961	21.2411392712808	26.0921940620528
78	WGN38	25.6666666666668	1.23597809276702	961	23.2411392712808	28.0921940620528
80	WGN38	22.8333333333335	1.23597809276703	961	20.4078059379475	25.2588607287195
81	WGN38	23.6666666666668	1.23597809276703	961	21.2411392712808	26.0921940620528
82	WGN38	25.1666666666669	1.23597809276702	961	22.7411392712809	27.5921940620529
83	WGN38	23.0833333333335	1.23597809276702	961	20.6578059379475	25.5088607287195
84	WGN38	23.6666666666668	1.23597809276702	961	21.2411392712809	26.0921940620528
85	WGN38	22.2454954954956	1.74839116815623	961	18.8143904451465	25.6766005458448
86	WGN38	22.0000000000002	1.23597809276702	961	19.5744726046142	24.4255273953861
87	WGN38	20.3333333333334	1.23597809276702	961	17.9078059379475	22.7588607287194
88	WGN38	23.0000000000002	1.23597809276702	961	20.5744726046142	25.4255273953861
89	WGN38	26.1666666666669	1.23597809276702	961	23.7411392712809	28.5921940620529
90	WGN38	26.0000000000002	1.23597809276703	961	23.5744726046142	28.4255273953862
91	WGN38	23.3333333333335	1.23597809276703	961	20.9078059379474	25.7588607287195
92	WGN38	25.0000000000001	1.23597809276703	961	22.5744726046141	27.4255273953861
93	WGN38	22.9121621621623	1.74839116815622	961	19.4810571118132	26.3432672125115
94	WGN38	21.8333333333335	1.23597809276702	961	19.4078059379475	24.2588607287195
95	WGN38	22.5000000000002	1.23597809276702	961	20.0744726046142	24.9255273953861
96	WGN38	24.1666666666668	1.23597809276702	961	21.7411392712808	26.5921940620528
97	WGN38	21.2454954954957	1.74839116815622	961	17.8143904451465	24.6766005458448
98	WGN38	26.5000000000001	1.23597809276702	961	24.0744726046141	28.9255273953861
99	WGN38	23.1666666666668	1.23597809276702	961	20.7411392712808	25.5921940620528
100	WGN38	24.6666666666668	1.23597809276702	961	22.2411392712808	27.0921940620528
101	WGN38	24.0000000000001	1.23597809276702	961	21.5744726046142	26.4255273953861
102	WGN38	24.6666666666668	1.23597809276702	961	22.2411392712808	27.0921940620528
103	WGN38	23.8333333333335	1.23597809276702	961	21.4078059379475	26.2588607287195
104	WGN38	25.578828828829	1.74839116815623	961	22.1477237784798	29.0099338791781
106	WGN38	26.1666666666668	1.23597809276702	961	23.7411392712808	28.5921940620528
107	WGN38	26.5000000000001	1.23597809276702	961	24.0744726046141	28.9255273953861
108	WGN38	24.5000000000001	1.23597809276702	961	22.0744726046141	26.9255273953861
109	WGN38	23.1666666666668	1.23597809276702	961	20.7411392712808	25.5921940620528
110	WGN38	24.5000000000001	1.23597809276702	961	22.0744726046141	26.9255273953861
111	WGN38	20.3333333333335	1.23597809276702	961	17.9078059379475	22.7588607287195
113	WGN38	27.1666666666668	1.23597809276702	961	24.7411392712808	29.5921940620528
114	WGN38	20.3333333333335	1.23597809276702	961	17.9078059379475	22.7588607287195
115	WGN38	24.3333333333335	1.23597809276702	961	21.9078059379475	26.7588607287195
1	WGN39	28.5000000000002	1.23597809276702	961	26.0744726046142	30.9255273953862
2	WGN39	22.8333333333331	1.23597809276705	961	20.4078059379471	25.2588607287192
3	WGN39	25.5000000000003	1.235978092767	961	23.0744726046144	27.9255273953862
4	WGN39	23.5000000000001	1.23597809276704	961	21.074472604614	25.9255273953861
5	WGN39	26.6666666666667	1.23597809276705	961	24.2411392712806	29.0921940620527
6	WGN39	20.4999999999999	1.23597809276704	961	18.0744726046139	22.925527395386
7	WGN39	26.5000000000001	1.23597809276704	961	24.0744726046141	28.9255273953862
8	WGN39	27.9121621621624	1.74839116815624	961	24.4810571118132	31.3432672125115
9	WGN39	24.3333333333333	1.23597809276704	961	21.9078059379473	26.7588607287194
10	WGN39	22.3333333333334	1.23597809276704	961	19.9078059379474	24.7588607287194
11	WGN39	17.1666666666665	1.23597809276704	961	14.7411392712805	19.5921940620525
12	WGN39	23.0000000000003	1.23597809276702	961	20.5744726046143	25.4255273953862
13	WGN39	19.0000000000004	1.23597809276701	961	16.5744726046144	21.4255273953863
14	WGN39	24.0000000000001	1.23597809276702	961	21.5744726046141	26.4255273953861
15	WGN39	22.3333333333336	1.23597809276701	961	19.9078059379476	24.7588607287196
16	WGN39	26.1666666666668	1.23597809276702	961	23.7411392712808	28.5921940620528
17	WGN39	24.5000000000001	1.23597809276704	961	22.0744726046141	26.9255273953861
18	WGN39	27.0000000000002	1.23597809276704	961	24.5744726046141	29.4255273953862
19	WGN39	23.5788288288288	1.74839116815625	961	20.1477237784795	27.009933879178
20	WGN39	21.9121621621624	1.74839116815622	961	18.4810571118133	25.3432672125116
21	WGN39	24.5000000000003	1.235978092767	961	22.0744726046143	26.9255273953862
22	WGN39	24.5000000000001	1.23597809276703	961	22.074472604614	26.9255273953861
24	WGN39	25.8333333333335	1.23597809276703	961	23.4078059379475	28.2588607287195
25	WGN39	23.1666666666669	1.23597809276702	961	20.7411392712809	25.5921940620529
26	WGN39	24.578828828829	1.74839116815624	961	21.1477237784798	28.0099338791781
27	WGN39	27.2454954954956	1.74839116815624	961	23.8143904451464	30.6766005458448
28	WGN39	21.3333333333334	1.23597809276703	961	18.9078059379473	23.7588607287194
29	WGN39	21.1666666666665	1.23597809276705	961	18.7411392712804	23.5921940620525
30	WGN39	28.1666666666666	1.23597809276703	961	25.7411392712806	30.5921940620526
31	WGN39	21.3333333333336	1.23597809276702	961	18.9078059379476	23.7588607287196
32	WGN39	21.8333333333335	1.23597809276702	961	19.4078059379475	24.2588607287195
34	WGN39	25.1666666666668	1.23597809276702	961	22.7411392712808	27.5921940620528
35	WGN39	24.6666666666669	1.23597809276701	961	22.2411392712809	27.0921940620529
36	WGN39	24.3333333333335	1.23597809276703	961	21.9078059379475	26.7588607287195
37	WGN39	21.0000000000001	1.23597809276704	961	18.5744726046141	23.4255273953861
38	WGN39	22.2454954954956	1.74839116815624	961	18.8143904451464	25.6766005458448
39	WGN39	25.6666666666668	1.23597809276704	961	23.2411392712808	28.0921940620529
40	WGN39	29.0000000000001	1.23597809276702	961	26.5744726046141	31.4255273953861
41	WGN39	27.8333333333334	1.23597809276702	961	25.4078059379474	30.2588607287194
42	WGN39	23.3333333333334	1.23597809276702	961	20.9078059379475	25.7588607287194
43	WGN39	24.1666666666669	1.23597809276702	961	21.741139271281	26.5921940620529
44	WGN39	21.5000000000003	1.23597809276701	961	19.0744726046143	23.9255273953863
45	WGN39	23.6666666666667	1.23597809276704	961	21.2411392712807	26.0921940620527
46	WGN39	24.7545045045047	1.74839116815622	961	21.3233994541555	28.1856095548538
47	WGN39	23.3333333333335	1.23597809276703	961	20.9078059379475	25.7588607287195
48	WGN39	23.5788288288291	1.74839116815622	961	20.14772377848	27.0099338791783
49	WGN39	22.8333333333336	1.23597809276702	961	20.4078059379476	25.2588607287196
50	WGN39	22.578828828829	1.74839116815623	961	19.1477237784798	26.0099338791781
51	WGN39	24.3333333333335	1.23597809276701	961	21.9078059379475	26.7588607287195
52	WGN39	25.3333333333334	1.23597809276703	961	22.9078059379474	27.7588607287194
53	WGN39	26.0000000000001	1.23597809276704	961	23.5744726046141	28.4255273953861
54	WGN39	25.5000000000001	1.23597809276702	961	23.0744726046141	27.9255273953861
55	WGN39	26.8333333333335	1.23597809276703	961	24.4078059379474	29.2588607287195
56	WGN39	23.5788288288291	1.74839116815622	961	20.14772377848	27.0099338791783
57	WGN39	22.2454954954956	1.74839116815625	961	18.8143904451464	25.6766005458448
58	WGN39	25.6666666666667	1.23597809276703	961	23.2411392712807	28.0921940620527
59	WGN39	26.8333333333335	1.23597809276701	961	24.4078059379476	29.2588607287195
60	WGN39	23.5000000000001	1.23597809276703	961	21.0744726046141	25.9255273953861
61	WGN39	28.1666666666668	1.23597809276703	961	25.7411392712807	30.5921940620528
62	WGN39	23.1666666666668	1.23597809276702	961	20.7411392712808	25.5921940620528
63	WGN39	24.1666666666668	1.23597809276703	961	21.7411392712808	26.5921940620528
64	WGN39	23.3333333333334	1.23597809276704	961	20.9078059379474	25.7588607287194
65	WGN39	23.3333333333335	1.23597809276702	961	20.9078059379475	25.7588607287195
66	WGN39	23.6666666666668	1.23597809276703	961	21.2411392712808	26.0921940620528
67	WGN39	26.0000000000001	1.23597809276702	961	23.5744726046141	28.4255273953861
68	WGN39	28.4211711711713	1.74839116815623	961	24.9900661208222	31.8522762215205
69	WGN39	23.3333333333334	1.23597809276703	961	20.9078059379474	25.7588607287195
70	WGN39	24.7545045045048	1.74839116815622	961	21.3233994541556	28.1856095548539
71	WGN39	22.5000000000001	1.23597809276703	961	20.0744726046141	24.9255273953861
72	WGN39	24.8333333333335	1.23597809276703	961	22.4078059379475	27.2588607287195
73	WGN39	26.0000000000002	1.23597809276703	961	23.5744726046142	28.4255273953862
74	WGN39	29.2454954954956	1.74839116815623	961	25.8143904451464	32.6766005458448
75	WGN39	21.8333333333335	1.23597809276702	961	19.4078059379475	24.2588607287195
76	WGN39	23.5000000000001	1.23597809276702	961	21.0744726046141	25.9255273953861
77	WGN39	22.1666666666667	1.23597809276703	961	19.7411392712807	24.5921940620527
78	WGN39	22.6666666666668	1.23597809276703	961	20.2411392712808	25.0921940620528
79	WGN39	24.3333333333335	1.23597809276703	961	21.9078059379475	26.7588607287195
80	WGN39	23.0000000000002	1.23597809276702	961	20.5744726046142	25.4255273953862
81	WGN39	21.6666666666667	1.23597809276703	961	19.2411392712807	24.0921940620528
82	WGN39	27.5000000000002	1.23597809276702	961	25.0744726046142	29.9255273953861
83	WGN39	26.1666666666668	1.23597809276703	961	23.7411392712808	28.5921940620528
84	WGN39	26.6666666666668	1.23597809276702	961	24.2411392712808	29.0921940620528
85	WGN39	21.5000000000001	1.23597809276703	961	19.0744726046141	23.9255273953861
86	WGN39	21.9121621621623	1.74839116815623	961	18.4810571118132	25.3432672125115
87	WGN39	26.0000000000001	1.23597809276702	961	23.5744726046141	28.4255273953861
89	WGN39	23.8333333333335	1.23597809276702	961	21.4078059379475	26.2588607287195
90	WGN39	26.8333333333335	1.23597809276702	961	24.4078059379475	29.2588607287195
91	WGN39	17.2454954954957	1.74839116815623	961	13.8143904451465	20.6766005458449
92	WGN39	24.0000000000002	1.23597809276702	961	21.5744726046142	26.4255273953862
93	WGN39	23.5000000000001	1.23597809276703	961	21.0744726046141	25.9255273953861
94	WGN39	21.6666666666668	1.23597809276702	961	19.2411392712808	24.0921940620528
95	WGN39	24.8333333333335	1.23597809276702	961	22.4078059379475	27.2588607287195
96	WGN39	23.5000000000002	1.23597809276702	961	21.0744726046142	25.9255273953862
97	WGN39	23.6666666666669	1.23597809276702	961	21.2411392712809	26.0921940620528
98	WGN39	25.3333333333335	1.23597809276702	961	22.9078059379475	27.7588607287195
99	WGN39	22.0000000000002	1.23597809276702	961	19.5744726046142	24.4255273953862
100	WGN39	24.1666666666669	1.23597809276702	961	21.7411392712809	26.5921940620528
101	WGN39	21.5000000000001	1.23597809276702	961	19.0744726046141	23.9255273953861
102	WGN39	22.1666666666668	1.23597809276702	961	19.7411392712808	24.5921940620528
104	WGN39	23.8333333333335	1.23597809276702	961	21.4078059379475	26.2588607287195
106	WGN39	22.0000000000002	1.23597809276702	961	19.5744726046142	24.4255273953862
107	WGN39	27.9121621621623	1.74839116815623	961	24.4810571118131	31.3432672125115
108	WGN39	25.1666666666668	1.23597809276702	961	22.7411392712808	27.5921940620528
109	WGN39	24.0000000000002	1.23597809276702	961	21.5744726046142	26.4255273953861
110	WGN39	25.5000000000002	1.23597809276702	961	23.0744726046142	27.9255273953862
111	WGN39	23.3333333333335	1.23597809276702	961	20.9078059379475	25.7588607287195
112	WGN39	23.6666666666668	1.23597809276702	961	21.2411392712808	26.0921940620528
113	WGN39	21.6666666666668	1.23597809276702	961	19.2411392712808	24.0921940620528
114	WGN39	21.2454954954956	1.74839116815623	961	17.8143904451464	24.6766005458448
115	WGN39	23.5000000000001	1.23597809276702	961	21.0744726046141	25.9255273953861
116	WGN39	25.0000000000001	1.23597809276702	961	22.5744726046141	27.4255273953861
117	WGN39	23.0000000000002	1.23597809276702	961	20.5744726046142	25.4255273953862
118	WGN39	26.1666666666668	1.23597809276702	961	23.7411392712808	28.5921940620528
120	WGN39	21.7545045045046	1.74839116815624	961	18.3233994541555	25.1856095548538
121	WGN39	22.3333333333335	1.23597809276702	961	19.9078059379475	24.7588607287195
122	WGN39	23.8333333333335	1.23597809276702	961	21.4078059379475	26.2588607287195
123	WGN39	23.5000000000002	1.23597809276702	961	21.0744726046142	25.9255273953862
124	WGN39	27.8333333333335	1.23597809276702	961	25.4078059379475	30.2588607287195
125	WGN39	26.1666666666668	1.23597809276702	961	23.7411392712808	28.5921940620528
126	WGN39	19.6666666666668	1.23597809276702	961	17.2411392712808	22.0921940620528
127	WGN39	22.0000000000001	1.23597809276702	961	19.5744726046141	24.4255273953861
128	WGN39	25.5000000000001	1.23597809276702	961	23.0744726046141	27.9255273953861
129	WGN39	24.4211711711713	1.74839116815623	961	20.9900661208221	27.8522762215205
130	WGN39	21.6666666666668	1.23597809276702	961	19.2411392712808	24.0921940620528
1	WGN45	24.3333333333336	1.23597809276704	961	21.9078059379476	26.7588607287196
2	WGN45	24.8333333333334	1.23597809276704	961	22.4078059379474	27.2588607287194
3	WGN45	22.0878378378377	1.74839116815624	961	18.6567327874885	25.5189428881869
4	WGN45	26.1666666666667	1.23597809276701	961	23.7411392712807	28.5921940620527
5	WGN45	26.0000000000001	1.23597809276704	961	23.574472604614	28.4255273953861
6	WGN45	26	1.23597809276704	961	23.574472604614	28.425527395386
7	WGN45	26.0000000000001	1.23597809276703	961	23.5744726046141	28.4255273953861
8	WGN45	23.9121621621622	1.74839116815624	961	20.481057111813	27.3432672125114
9	WGN45	24.3333333333333	1.23597809276701	961	21.9078059379473	26.7588607287192
10	WGN45	20.8333333333333	1.23597809276704	961	18.4078059379473	23.2588607287193
11	WGN45	28.6666666666668	1.23597809276704	961	26.2411392712808	31.0921940620529
12	WGN45	23.5788288288289	1.74839116815623	961	20.1477237784797	27.0099338791781
13	WGN45	23.8333333333333	1.23597809276705	961	21.4078059379473	26.2588607287194
14	WGN45	28.578828828829	1.74839116815626	961	25.1477237784798	32.0099338791782
15	WGN45	26.578828828829	1.74839116815626	961	23.1477237784798	30.0099338791782
16	WGN45	26.1666666666666	1.23597809276702	961	23.7411392712806	28.5921940620526
17	WGN45	23.3333333333333	1.23597809276704	961	20.9078059379473	25.7588607287193
18	WGN45	24.8333333333334	1.23597809276703	961	22.4078059379474	27.2588607287194
19	WGN45	25.578828828829	1.74839116815626	961	22.1477237784797	29.0099338791782
20	WGN45	24	1.23597809276701	961	21.574472604614	26.425527395386
22	WGN45	25	1.23597809276701	961	22.5744726046141	27.425527395386
23	WGN45	27	1.23597809276703	961	24.574472604614	29.425527395386
24	WGN45	24.1666666666667	1.23597809276703	961	21.7411392712807	26.5921940620528
25	WGN45	23.1666666666668	1.23597809276703	961	20.7411392712808	25.5921940620528
26	WGN45	24.5	1.23597809276702	961	22.074472604614	26.925527395386
28	WGN45	24.75	1.23597809276702	961	22.324472604614	27.175527395386
29	WGN45	24.1666666666667	1.23597809276704	961	21.7411392712806	26.5921940620527
31	WGN45	27.1666666666666	1.23597809276701	961	24.7411392712806	29.5921940620526
32	WGN45	23	1.23597809276703	961	20.574472604614	25.425527395386
33	WGN45	16.7545045045045	1.74839116815624	961	13.3233994541553	20.1856095548536
34	WGN45	23.6666666666667	1.23597809276702	961	21.2411392712807	26.0921940620527
35	WGN45	25.1666666666667	1.23597809276702	961	22.7411392712807	27.5921940620526
36	WGN45	24.2454954954955	1.74839116815626	961	20.8143904451463	27.6766005458448
37	WGN45	23.5	1.23597809276703	961	21.074472604614	25.925527395386
38	WGN45	23.5833333333334	1.23597809276701	961	21.1578059379474	26.0088607287194
40	WGN45	24.1666666666667	1.23597809276702	961	21.7411392712807	26.5921940620527
41	WGN45	26	1.23597809276702	961	23.574472604614	28.425527395386
42	WGN45	27.5788288288288	1.74839116815623	961	24.1477237784797	31.009933879178
43	WGN45	30.4999999999999	1.23597809276702	961	28.0744726046139	32.9255273953859
44	WGN45	26.1666666666667	1.23597809276702	961	23.7411392712807	28.5921940620527
45	WGN45	24.8333333333333	1.23597809276703	961	22.4078059379473	27.2588607287193
46	WGN45	29	1.23597809276702	961	26.574472604614	31.425527395386
47	WGN45	25.5788288288289	1.74839116815623	961	22.1477237784797	29.009933879178
48	WGN45	26	1.23597809276702	961	23.574472604614	28.425527395386
49	WGN45	26.2454954954955	1.74839116815623	961	22.8143904451463	29.6766005458447
50	WGN45	25	1.23597809276703	961	22.574472604614	27.4255273953861
52	WGN45	24.6666666666668	1.23597809276703	961	22.2411392712808	27.0921940620528
53	WGN45	21.5	1.23597809276703	961	19.074472604614	23.925527395386
54	WGN45	21.5788288288289	1.74839116815625	961	18.1477237784796	25.0099338791781
55	WGN45	28.1666666666666	1.23597809276701	961	25.7411392712806	30.5921940620526
56	WGN45	24.1666666666667	1.23597809276702	961	21.7411392712807	26.5921940620527
57	WGN45	25.5	1.23597809276702	961	23.074472604614	27.925527395386
58	WGN45	26	1.23597809276702	961	23.574472604614	28.425527395386
59	WGN45	24.1666666666667	1.23597809276702	961	21.7411392712807	26.5921940620527
60	WGN45	25.4211711711712	1.74839116815624	961	21.990066120822	28.8522762215204
61	WGN45	24.9121621621622	1.74839116815624	961	21.481057111813	28.3432672125114
62	WGN45	27	1.23597809276703	961	24.574472604614	29.425527395386
64	WGN45	23.6666666666667	1.23597809276702	961	21.2411392712807	26.0921940620527
65	WGN45	22.3333333333334	1.23597809276703	961	19.9078059379473	24.7588607287194
66	WGN45	24	1.23597809276702	961	21.574472604614	26.425527395386
67	WGN45	26.2454954954955	1.74839116815624	961	22.8143904451463	29.6766005458447
68	WGN45	26	1.23597809276702	961	23.574472604614	28.4255273953859
69	WGN45	21.8333333333334	1.23597809276703	961	19.4078059379474	24.2588607287194
71	WGN45	23.8333333333334	1.23597809276702	961	21.4078059379474	26.2588607287194
72	WGN45	25.2454954954955	1.74839116815625	961	21.8143904451463	28.6766005458447
73	WGN45	22.4211711711711	1.74839116815625	961	18.990066120822	25.8522762215203
74	WGN45	25.8333333333334	1.23597809276702	961	23.4078059379474	28.2588607287194
75	WGN45	27.1666666666668	1.23597809276703	961	24.7411392712808	29.5921940620528
76	WGN45	25.1666666666667	1.23597809276702	961	22.7411392712807	27.5921940620527
77	WGN45	24	1.23597809276702	961	21.574472604614	26.425527395386
78	WGN45	26.9121621621622	1.74839116815622	961	23.481057111813	30.3432672125113
80	WGN45	25	1.23597809276702	961	22.574472604614	27.425527395386
81	WGN45	25.6666666666667	1.23597809276702	961	23.2411392712807	28.0921940620527
82	WGN45	26.1666666666667	1.23597809276702	961	23.7411392712807	28.5921940620527
84	WGN45	26.6666666666667	1.23597809276703	961	24.2411392712807	29.0921940620527
85	WGN45	27.0878378378379	1.74839116815624	961	23.6567327874887	30.5189428881871
86	WGN45	23.6666666666667	1.23597809276702	961	21.2411392712807	26.0921940620527
87	WGN45	27.6666666666667	1.23597809276702	961	25.2411392712807	30.0921940620527
88	WGN45	25.5	1.23597809276702	961	23.074472604614	27.925527395386
89	WGN45	24.8333333333334	1.23597809276702	961	22.4078059379474	27.2588607287194
90	WGN45	26.7545045045046	1.74839116815625	961	23.3233994541554	30.1856095548538
92	WGN45	24.8333333333334	1.23597809276703	961	22.4078059379474	27.2588607287194
93	WGN45	23.8333333333334	1.23597809276703	961	21.4078059379474	26.2588607287194
94	WGN45	26.8333333333334	1.23597809276703	961	24.4078059379474	29.2588607287194
95	WGN45	24.2454954954955	1.74839116815624	961	20.8143904451463	27.6766005458447
96	WGN45	23	1.23597809276702	961	20.574472604614	25.425527395386
98	WGN45	27.0000000000001	1.23597809276703	961	24.5744726046141	29.4255273953861
99	WGN45	24.2454954954955	1.74839116815623	961	20.8143904451463	27.6766005458447
100	WGN45	27.5	1.23597809276702	961	25.074472604614	29.925527395386
101	WGN45	25.6666666666667	1.23597809276702	961	23.2411392712807	28.0921940620527
102	WGN45	27.8333333333334	1.23597809276703	961	25.4078059379474	30.2588607287194
103	WGN45	27.0878378378379	1.74839116815624	961	23.6567327874887	30.5189428881871
104	WGN45	24	1.23597809276702	961	21.574472604614	26.425527395386
105	WGN45	24.8333333333334	1.23597809276702	961	22.4078059379474	27.2588607287194
106	WGN45	26.5	1.23597809276702	961	24.074472604614	28.925527395386
107	WGN45	26.5	1.23597809276702	961	24.074472604614	28.925527395386
108	WGN45	23.6666666666667	1.23597809276702	961	21.2411392712807	26.0921940620527
109	WGN45	24.6666666666667	1.23597809276702	961	22.2411392712807	27.0921940620527
110	WGN45	27.3333333333334	1.23597809276702	961	24.9078059379474	29.7588607287194
111	WGN45	23.2454954954955	1.74839116815624	961	19.8143904451463	26.6766005458447
112	WGN45	27.2454954954955	1.74839116815624	961	23.8143904451463	30.6766005458447
113	WGN45	25.8333333333333	1.23597809276702	961	23.4078059379473	28.2588607287193
114	WGN45	19.5788288288289	1.74839116815623	961	16.1477237784797	23.0099338791781
115	WGN45	25.5788288288289	1.74839116815623	961	22.1477237784797	29.0099338791781
116	WGN45	28.5000000000001	1.23597809276703	961	26.074472604614	30.9255273953861
117	WGN45	28.5788288288289	1.74839116815623	961	25.1477237784797	32.009933879178
118	WGN45	25.9121621621622	1.74839116815623	961	22.481057111813	29.3432672125114
119	WGN45	25.5	1.23597809276702	961	23.074472604614	27.925527395386
120	WGN45	25.3333333333334	1.23597809276702	961	22.9078059379474	27.7588607287194
121	WGN45	22.1666666666667	1.23597809276703	961	19.7411392712807	24.5921940620527
122	WGN45	23.6666666666667	1.23597809276702	961	21.2411392712807	26.0921940620527
123	WGN45	27.5	1.23597809276703	961	25.074472604614	29.925527395386
124	WGN45	24.1666666666667	1.23597809276702	961	21.7411392712807	26.5921940620527
126	WGN45	25	1.23597809276702	961	22.574472604614	27.425527395386
127	WGN45	25.6666666666667	1.23597809276702	961	23.2411392712807	28.0921940620527
128	WGN45	24.1666666666667	1.23597809276702	961	21.7411392712807	26.5921940620527
129	WGN45	26.8333333333334	1.23597809276702	961	24.4078059379474	29.2588607287194
130	WGN45	24.5788288288289	1.74839116815624	961	21.1477237784797	28.0099338791781
1	WGN46	24.6666666666668	1.235978092767	961	22.2411392712809	27.0921940620528
2	WGN46	26.8333333333331	1.23597809276702	961	24.4078059379471	29.2588607287191
3	WGN46	28	1.23597809276703	961	25.574472604614	30.425527395386
4	WGN46	24.2454954954953	1.74839116815623	961	20.8143904451461	27.6766005458444
6	WGN46	23.912162162162	1.74839116815623	961	20.4810571118129	27.3432672125112
7	WGN46	26.1666666666665	1.23597809276702	961	23.7411392712805	28.5921940620525
8	WGN46	25.421171171171	1.74839116815622	961	21.9900661208219	28.8522762215202
9	WGN46	29.4999999999998	1.23597809276701	961	27.0744726046138	31.9255273953857
10	WGN46	25.8333333333332	1.23597809276703	961	23.4078059379472	28.2588607287192
11	WGN46	21.9999999999999	1.23597809276702	961	19.5744726046139	24.4255273953859
12	WGN46	21.8333333333333	1.23597809276701	961	19.4078059379474	24.2588607287193
13	WGN46	23.8333333333331	1.23597809276704	961	21.4078059379471	26.2588607287191
14	WGN46	24.4999999999999	1.23597809276702	961	22.0744726046139	26.9255273953859
15	WGN46	23.9999999999998	1.23597809276703	961	21.5744726046138	26.4255273953858
16	WGN46	25.4999999999999	1.23597809276703	961	23.0744726046139	27.9255273953859
17	WGN46	26.3333333333332	1.23597809276703	961	23.9078059379472	28.7588607287192
18	WGN46	25.4999999999999	1.23597809276702	961	23.0744726046139	27.9255273953858
19	WGN46	25.6666666666665	1.23597809276702	961	23.2411392712805	28.0921940620525
20	WGN46	24.5788288288287	1.74839116815626	961	21.1477237784795	28.0099338791779
21	WGN46	26.0878378378377	1.74839116815622	961	22.6567327874885	29.5189428881868
22	WGN46	24.4999999999999	1.23597809276702	961	22.0744726046139	26.9255273953859
23	WGN46	25.6666666666665	1.23597809276701	961	23.2411392712806	28.0921940620525
24	WGN46	25.6666666666667	1.23597809276702	961	23.2411392712807	28.0921940620526
25	WGN46	25.6666666666665	1.23597809276702	961	23.2411392712805	28.0921940620525
26	WGN46	25.3333333333333	1.23597809276704	961	22.9078059379472	27.7588607287193
27	WGN46	23.912162162162	1.74839116815625	961	20.4810571118128	27.3432672125112
28	WGN46	20.8333333333332	1.23597809276703	961	18.4078059379472	23.2588607287192
29	WGN46	23.6666666666666	1.23597809276702	961	21.2411392712806	26.0921940620526
30	WGN46	27.6666666666666	1.23597809276703	961	25.2411392712806	30.0921940620526
31	WGN46	24.5788288288287	1.74839116815623	961	21.1477237784796	28.0099338791779
32	WGN46	26.6666666666665	1.23597809276703	961	24.2411392712805	29.0921940620525
33	WGN46	23.1666666666666	1.23597809276702	961	20.7411392712806	25.5921940620526
34	WGN46	25.9999999999999	1.23597809276702	961	23.5744726046139	28.4255273953859
36	WGN46	26.1666666666665	1.23597809276702	961	23.7411392712805	28.5921940620525
37	WGN46	26.8333333333332	1.23597809276702	961	24.4078059379472	29.2588607287192
38	WGN46	26.4999999999999	1.23597809276702	961	24.0744726046139	28.9255273953858
39	WGN46	18.4211711711712	1.74839116815622	961	14.990066120822	21.8522762215203
40	WGN46	31.912162162162	1.74839116815623	961	28.4810571118128	35.3432672125112
41	WGN46	29.6666666666665	1.23597809276702	961	27.2411392712805	32.0921940620525
42	WGN46	23.5788288288287	1.74839116815624	961	20.1477237784796	27.0099338791779
43	WGN46	27.3333333333332	1.23597809276702	961	24.9078059379472	29.7588607287192
44	WGN46	24.2454954954953	1.74839116815622	961	20.8143904451462	27.6766005458445
45	WGN46	24.4999999999999	1.23597809276702	961	22.0744726046139	26.9255273953859
46	WGN46	26.9999999999998	1.23597809276702	961	24.5744726046139	29.4255273953858
47	WGN46	25.6666666666666	1.23597809276702	961	23.2411392712806	28.0921940620525
48	WGN46	23.8333333333332	1.23597809276701	961	21.4078059379472	26.2588607287192
49	WGN46	25.1666666666665	1.23597809276703	961	22.7411392712805	27.5921940620525
50	WGN46	23.6666666666665	1.23597809276703	961	21.2411392712805	26.0921940620525
52	WGN46	25.6666666666666	1.23597809276703	961	23.2411392712806	28.0921940620526
53	WGN46	25.5788288288287	1.74839116815623	961	22.1477237784796	29.0099338791779
54	WGN46	20.5	1.23597809276701	961	18.074472604614	22.9255273953859
55	WGN46	26.9121621621621	1.74839116815624	961	23.4810571118129	30.3432672125113
56	WGN46	25.4999999999999	1.23597809276703	961	23.0744726046139	27.9255273953859
57	WGN46	26.6666666666665	1.23597809276702	961	24.2411392712805	29.0921940620525
58	WGN46	23.8333333333332	1.23597809276704	961	21.4078059379472	26.2588607287192
59	WGN46	24.6666666666665	1.23597809276702	961	22.2411392712805	27.0921940620525
60	WGN46	29.3333333333332	1.23597809276701	961	26.9078059379472	31.7588607287191
61	WGN46	23.6666666666665	1.23597809276703	961	21.2411392712805	26.0921940620525
62	WGN46	26.3333333333333	1.23597809276704	961	23.9078059379472	28.7588607287193
63	WGN46	23.8333333333333	1.23597809276703	961	21.4078059379472	26.2588607287193
64	WGN46	27.6666666666666	1.23597809276702	961	25.2411392712806	30.0921940620526
65	WGN46	26.8333333333331	1.23597809276702	961	24.4078059379472	29.2588607287191
66	WGN46	29.4999999999999	1.23597809276703	961	27.0744726046139	31.9255273953859
67	WGN46	23.4211711711711	1.74839116815624	961	19.9900661208219	26.8522762215202
68	WGN46	21.9999999999999	1.23597809276702	961	19.5744726046139	24.4255273953859
69	WGN46	26.3333333333333	1.23597809276703	961	23.9078059379472	28.7588607287193
70	WGN46	27.6666666666665	1.23597809276702	961	25.2411392712805	30.0921940620525
71	WGN46	25.8333333333332	1.23597809276702	961	23.4078059379472	28.2588607287192
72	WGN46	26.8333333333332	1.23597809276702	961	24.4078059379472	29.2588607287192
73	WGN46	25.1666666666666	1.23597809276703	961	22.7411392712806	27.5921940620526
74	WGN46	21.9999999999999	1.23597809276703	961	19.5744726046139	24.4255273953859
75	WGN46	24.8333333333332	1.23597809276702	961	22.4078059379472	27.2588607287192
76	WGN46	26.4999999999999	1.23597809276702	961	24.0744726046139	28.9255273953859
78	WGN46	25.1666666666666	1.23597809276702	961	22.7411392712806	27.5921940620526
79	WGN46	26.6666666666665	1.23597809276703	961	24.2411392712805	29.0921940620525
80	WGN46	24.4999999999999	1.23597809276702	961	22.0744726046139	26.9255273953859
81	WGN46	23.8333333333332	1.23597809276702	961	21.4078059379472	26.2588607287192
82	WGN46	23.1666666666665	1.23597809276702	961	20.7411392712805	25.5921940620525
83	WGN46	23.9999999999999	1.23597809276702	961	21.5744726046139	26.4255273953859
84	WGN46	25.3333333333332	1.23597809276702	961	22.9078059379472	27.7588607287192
85	WGN46	24.3333333333332	1.23597809276702	961	21.9078059379472	26.7588607287192
86	WGN46	23.9999999999999	1.23597809276702	961	21.5744726046139	26.4255273953859
87	WGN46	23.6666666666665	1.23597809276702	961	21.2411392712805	26.0921940620525
88	WGN46	27.1666666666666	1.23597809276703	961	24.7411392712806	29.5921940620526
89	WGN46	22.1666666666665	1.23597809276702	961	19.7411392712805	24.5921940620525
90	WGN46	24.9999999999999	1.23597809276702	961	22.5744726046139	27.4255273953859
91	WGN46	26.1666666666665	1.23597809276702	961	23.7411392712805	28.5921940620525
92	WGN46	23.6666666666665	1.23597809276703	961	21.2411392712805	26.0921940620525
93	WGN46	23.8333333333332	1.23597809276703	961	21.4078059379472	26.2588607287192
94	WGN46	25.8333333333332	1.23597809276703	961	23.4078059379472	28.2588607287192
95	WGN46	27.8333333333332	1.23597809276702	961	25.4078059379472	30.2588607287192
96	WGN46	30.4999999999999	1.23597809276703	961	28.0744726046139	32.9255273953859
98	WGN46	27.4999999999999	1.23597809276703	961	25.0744726046139	29.9255273953859
101	WGN46	21.6666666666665	1.23597809276703	961	19.2411392712805	24.0921940620525
102	WGN46	20.6666666666665	1.23597809276702	961	18.2411392712805	23.0921940620525
103	WGN46	26.0833333333332	1.23597809276702	961	23.6578059379472	28.5088607287192
104	WGN46	26.8333333333332	1.23597809276702	961	24.4078059379472	29.2588607287192
106	WGN46	25.5788288288287	1.74839116815622	961	22.1477237784796	29.0099338791779
107	WGN46	25.5788288288287	1.74839116815623	961	22.1477237784796	29.0099338791779
108	WGN46	24.3333333333332	1.23597809276702	961	21.9078059379472	26.7588607287192
109	WGN46	24.1666666666665	1.23597809276702	961	21.7411392712805	26.5921940620525
110	WGN46	24.8333333333332	1.23597809276702	961	22.4078059379472	27.2588607287192
111	WGN46	24.3333333333332	1.23597809276702	961	21.9078059379472	26.7588607287192
112	WGN46	25.3333333333332	1.23597809276703	961	22.9078059379472	27.7588607287192
113	WGN46	27.6666666666665	1.23597809276702	961	25.2411392712805	30.0921940620525
114	WGN46	24.8333333333332	1.23597809276703	961	22.4078059379472	27.2588607287192
115	WGN46	22.8333333333332	1.23597809276702	961	20.4078059379472	25.2588607287192
116	WGN46	25.8333333333332	1.23597809276702	961	23.4078059379472	28.2588607287192
117	WGN46	24.1666666666665	1.23597809276703	961	21.7411392712805	26.5921940620525
118	WGN46	27.4999999999999	1.23597809276703	961	25.0744726046139	29.9255273953859
119	WGN46	26.6666666666666	1.23597809276703	961	24.2411392712806	29.0921940620526
120	WGN46	27.5788288288288	1.74839116815623	961	24.1477237784796	31.0099338791779
121	WGN46	25.8333333333332	1.23597809276703	961	23.4078059379472	28.2588607287192
122	WGN46	26.1666666666665	1.23597809276703	961	23.7411392712805	28.5921940620525
123	WGN46	23.8333333333332	1.23597809276703	961	21.4078059379472	26.2588607287192
124	WGN46	19.3333333333332	1.23597809276703	961	16.9078059379472	21.7588607287192
125	WGN46	24.8333333333332	1.23597809276702	961	22.4078059379472	27.2588607287192
126	WGN46	24.9999999999999	1.23597809276703	961	22.5744726046139	27.4255273953859
127	WGN46	22.912162162162	1.74839116815623	961	19.4810571118129	26.3432672125112
128	WGN46	28.3333333333332	1.23597809276703	961	25.9078059379472	30.7588607287192
129	WGN46	23.4999999999999	1.23597809276703	961	21.0744726046139	25.9255273953859
130	WGN46	26.4999999999999	1.23597809276703	961	24.0744726046139	28.9255273953859
1	WGN55	25.6666666666665	1.23597809276703	961	23.2411392712804	28.0921940620525
2	WGN55	22.1666666666666	1.23597809276703	961	19.7411392712806	24.5921940620527
3	WGN55	26.2454954954954	1.74839116815623	961	22.8143904451462	29.6766005458446
4	WGN55	25.8333333333334	1.23597809276704	961	23.4078059379473	28.2588607287194
5	WGN55	30.9121621621626	1.74839116815624	961	27.4810571118134	34.3432672125117
6	WGN55	29.5788288288289	1.74839116815623	961	26.1477237784797	33.009933879178
7	WGN55	21.8333333333334	1.23597809276701	961	19.4078059379474	24.2588607287194
8	WGN55	24.3333333333334	1.23597809276702	961	21.9078059379474	26.7588607287194
9	WGN55	25.9121621621622	1.74839116815623	961	22.4810571118131	29.3432672125114
10	WGN55	23.1666666666667	1.23597809276704	961	20.7411392712806	25.5921940620527
11	WGN55	24.1666666666667	1.23597809276703	961	21.7411392712806	26.5921940620527
12	WGN55	24.6666666666666	1.23597809276703	961	22.2411392712805	27.0921940620526
13	WGN55	24.1666666666667	1.23597809276703	961	21.7411392712807	26.5921940620527
14	WGN55	23.0833333333333	1.23597809276703	961	20.6578059379473	25.5088607287193
15	WGN55	26.2454954954955	1.74839116815622	961	22.8143904451463	29.6766005458446
16	WGN55	23.9999999999999	1.23597809276703	961	21.5744726046139	26.4255273953859
17	WGN55	24.8333333333334	1.23597809276703	961	22.4078059379474	27.2588607287194
18	WGN55	28.0000000000001	1.23597809276703	961	25.5744726046141	30.4255273953861
19	WGN55	24.8333333333333	1.23597809276702	961	22.4078059379473	27.2588607287193
20	WGN55	28.8333333333333	1.23597809276703	961	26.4078059379473	31.2588607287194
21	WGN55	26.3333333333333	1.23597809276703	961	23.9078059379473	28.7588607287193
22	WGN55	24.3333333333333	1.23597809276702	961	21.9078059379473	26.7588607287193
23	WGN55	26.1666666666666	1.23597809276701	961	23.7411392712807	28.5921940620526
24	WGN55	24	1.23597809276702	961	21.574472604614	26.425527395386
25	WGN55	27.6666666666667	1.23597809276703	961	25.2411392712807	30.0921940620527
26	WGN55	29	1.23597809276702	961	26.574472604614	31.425527395386
27	WGN55	26	1.23597809276703	961	23.574472604614	28.425527395386
28	WGN55	28.2454954954954	1.74839116815624	961	24.8143904451462	31.6766005458446
29	WGN55	25.5	1.23597809276704	961	23.074472604614	27.925527395386
30	WGN55	26.5	1.23597809276702	961	24.074472604614	28.925527395386
31	WGN55	25.6666666666667	1.23597809276703	961	23.2411392712807	28.0921940620527
32	WGN55	23.8333333333333	1.23597809276702	961	21.4078059379474	26.2588607287193
33	WGN55	26	1.23597809276703	961	23.574472604614	28.425527395386
34	WGN55	26.1666666666667	1.23597809276702	961	23.7411392712807	28.5921940620527
35	WGN55	26.8333333333333	1.23597809276702	961	24.4078059379473	29.2588607287193
36	WGN55	24.8333333333334	1.23597809276702	961	22.4078059379474	27.2588607287193
37	WGN55	24.8333333333334	1.23597809276701	961	22.4078059379474	27.2588607287194
38	WGN55	26.0878378378378	1.74839116815623	961	22.6567327874887	29.518942888187
40	WGN55	24.75	1.23597809276702	961	22.324472604614	27.175527395386
41	WGN55	25.5	1.23597809276702	961	23.074472604614	27.925527395386
42	WGN55	27.8333333333333	1.23597809276702	961	25.4078059379473	30.2588607287193
43	WGN55	26.1666666666667	1.23597809276703	961	23.7411392712807	28.5921940620527
44	WGN55	26	1.23597809276702	961	23.574472604614	28.425527395386
45	WGN55	23.6666666666667	1.23597809276703	961	21.2411392712807	26.0921940620527
46	WGN55	20.5788288288289	1.74839116815622	961	17.1477237784798	24.0099338791781
47	WGN55	28	1.23597809276703	961	25.574472604614	30.425527395386
48	WGN55	26	1.23597809276704	961	23.574472604614	28.425527395386
49	WGN55	26.8333333333334	1.23597809276703	961	24.4078059379474	29.2588607287194
50	WGN55	26	1.23597809276703	961	23.574472604614	28.425527395386
52	WGN55	24.5833333333334	1.23597809276702	961	22.1578059379474	27.0088607287194
53	WGN55	22.1666666666666	1.23597809276703	961	19.7411392712806	24.5921940620526
54	WGN55	24.6666666666667	1.23597809276703	961	22.2411392712807	27.0921940620527
55	WGN55	28	1.23597809276702	961	25.574472604614	30.425527395386
56	WGN55	23.6666666666667	1.23597809276701	961	21.2411392712807	26.0921940620527
57	WGN55	27.4211711711712	1.74839116815624	961	23.990066120822	30.8522762215204
58	WGN55	23.9121621621622	1.74839116815624	961	20.481057111813	27.3432672125113
59	WGN55	25.6666666666667	1.23597809276702	961	23.2411392712807	28.0921940620527
60	WGN55	27.5	1.23597809276703	961	25.074472604614	29.925527395386
61	WGN55	17.9121621621621	1.74839116815624	961	14.481057111813	21.3432672125113
62	WGN55	26.1666666666667	1.23597809276702	961	23.7411392712807	28.5921940620527
63	WGN55	24.1666666666667	1.23597809276702	961	21.7411392712807	26.5921940620527
64	WGN55	23.5	1.23597809276703	961	21.074472604614	25.925527395386
65	WGN55	24.1666666666667	1.23597809276702	961	21.7411392712807	26.5921940620526
66	WGN55	23.0000000000001	1.23597809276702	961	20.5744726046141	25.425527395386
67	WGN55	26.9121621621622	1.74839116815623	961	23.4810571118131	30.3432672125114
68	WGN55	23.6666666666667	1.23597809276703	961	21.2411392712807	26.0921940620527
69	WGN55	21.5000000000001	1.23597809276701	961	19.0744726046141	23.9255273953861
70	WGN55	22.5788288288289	1.74839116815623	961	19.1477237784797	26.0099338791781
71	WGN55	26.1666666666667	1.23597809276703	961	23.7411392712807	28.5921940620527
72	WGN55	25	1.23597809276703	961	22.574472604614	27.425527395386
73	WGN55	23.3333333333334	1.23597809276703	961	20.9078059379474	25.7588607287194
74	WGN55	27.9121621621622	1.74839116815623	961	24.481057111813	31.3432672125113
75	WGN55	27.8333333333334	1.23597809276702	961	25.4078059379474	30.2588607287194
76	WGN55	26.6666666666667	1.23597809276702	961	24.2411392712807	29.0921940620527
77	WGN55	23.2454954954954	1.74839116815625	961	19.8143904451463	26.6766005458446
78	WGN55	25.6666666666667	1.23597809276702	961	23.2411392712807	28.0921940620527
80	WGN55	23.1666666666667	1.23597809276703	961	20.7411392712807	25.5921940620527
81	WGN55	25.3333333333334	1.23597809276702	961	22.9078059379474	27.7588607287193
82	WGN55	30.3333333333334	1.23597809276703	961	27.9078059379474	32.7588607287194
83	WGN55	21.5	1.23597809276703	961	19.074472604614	23.925527395386
84	WGN55	21.5788288288289	1.74839116815623	961	18.1477237784797	25.0099338791781
85	WGN55	26.1666666666667	1.23597809276702	961	23.7411392712807	28.5921940620527
86	WGN55	25	1.23597809276702	961	22.574472604614	27.425527395386
87	WGN55	25.6666666666667	1.23597809276703	961	23.2411392712807	28.0921940620527
88	WGN55	23.6666666666667	1.23597809276703	961	21.2411392712807	26.0921940620527
89	WGN55	25	1.23597809276702	961	22.574472604614	27.425527395386
90	WGN55	24.1666666666667	1.23597809276703	961	21.7411392712807	26.5921940620527
91	WGN55	26.9121621621622	1.74839116815623	961	23.481057111813	30.3432672125114
92	WGN55	28	1.23597809276702	961	25.574472604614	30.425527395386
93	WGN55	22.2454954954955	1.74839116815623	961	18.8143904451463	25.6766005458446
94	WGN55	24	1.23597809276702	961	21.574472604614	26.425527395386
95	WGN55	25	1.23597809276703	961	22.574472604614	27.425527395386
96	WGN55	22.8333333333334	1.23597809276702	961	20.4078059379474	25.2588607287194
97	WGN55	26.2454954954955	1.74839116815623	961	22.8143904451463	29.6766005458446
98	WGN55	26	1.23597809276702	961	23.574472604614	28.425527395386
99	WGN55	24.2454954954955	1.74839116815624	961	20.8143904451463	27.6766005458446
100	WGN55	25.1666666666667	1.23597809276703	961	22.7411392712807	27.5921940620527
101	WGN55	23.3333333333334	1.23597809276703	961	20.9078059379474	25.7588607287194
102	WGN55	24	1.23597809276702	961	21.574472604614	26.425527395386
103	WGN55	25.3333333333334	1.23597809276702	961	22.9078059379474	27.7588607287194
104	WGN55	23.8333333333334	1.23597809276702	961	21.4078059379474	26.2588607287194
105	WGN55	23.8333333333334	1.23597809276702	961	21.4078059379474	26.2588607287194
106	WGN55	26.5	1.23597809276702	961	24.074472604614	28.925527395386
107	WGN55	28	1.23597809276702	961	25.574472604614	30.425527395386
108	WGN55	27.1666666666667	1.23597809276703	961	24.7411392712807	29.5921940620527
109	WGN55	22.8333333333334	1.23597809276703	961	20.4078059379474	25.2588607287194
110	WGN55	23	1.23597809276702	961	20.574472604614	25.425527395386
111	WGN55	24.3333333333334	1.23597809276702	961	21.9078059379474	26.7588607287194
112	WGN55	23.5	1.23597809276703	961	21.074472604614	25.925527395386
113	WGN55	23.6666666666667	1.23597809276702	961	21.2411392712807	26.0921940620527
114	WGN55	25.6666666666667	1.23597809276702	961	23.2411392712807	28.0921940620527
115	WGN55	25.3333333333334	1.23597809276702	961	22.9078059379474	27.7588607287194
116	WGN55	23	1.23597809276702	961	20.574472604614	25.425527395386
117	WGN55	19	1.23597809276702	961	16.574472604614	21.425527395386
118	WGN55	25.3333333333334	1.23597809276702	961	22.9078059379474	27.7588607287194
119	WGN55	26.5	1.23597809276702	961	24.074472604614	28.925527395386
120	WGN55	27.5788288288289	1.74839116815623	961	24.1477237784797	31.009933879178
121	WGN55	27.5788288288289	1.74839116815623	961	24.1477237784797	31.009933879178
122	WGN55	27.5	1.23597809276702	961	25.074472604614	29.925527395386
123	WGN55	24.1666666666667	1.23597809276702	961	21.7411392712807	26.5921940620527
124	WGN55	25.1666666666667	1.23597809276702	961	22.7411392712807	27.5921940620527
125	WGN55	24	1.23597809276702	961	21.574472604614	26.425527395386
126	WGN55	25.5	1.23597809276702	961	23.074472604614	27.925527395386
128	WGN55	25.6666666666667	1.23597809276702	961	23.2411392712807	28.0921940620527
129	WGN55	27.6666666666667	1.23597809276702	961	25.2411392712807	30.0921940620527
130	WGN55	28.6666666666667	1.23597809276702	961	26.2411392712807	31.0921940620527
1	WGN63	22.6666666666667	1.23597809276702	961	20.2411392712807	25.0921940620527
2	WGN63	23	1.23597809276702	961	20.574472604614	25.425527395386
3	WGN63	23.1666666666668	1.23597809276702	961	20.7411392712808	25.5921940620528
4	WGN63	24.2454954954954	1.74839116815625	961	20.8143904451462	27.6766005458446
5	WGN63	20.0000000000001	1.23597809276702	961	17.5744726046141	22.4255273953861
6	WGN63	23.3333333333335	1.23597809276703	961	20.9078059379475	25.7588607287195
7	WGN63	23.8333333333334	1.23597809276702	961	21.4078059379474	26.2588607287194
8	WGN63	24.0000000000001	1.23597809276703	961	21.5744726046141	26.4255273953861
9	WGN63	23.3333333333334	1.23597809276703	961	20.9078059379474	25.7588607287194
10	WGN63	26.1666666666668	1.23597809276702	961	23.7411392712808	28.5921940620528
12	WGN63	27.0000000000001	1.23597809276703	961	24.5744726046141	29.4255273953861
13	WGN63	24.3333333333334	1.23597809276702	961	21.9078059379475	26.7588607287194
16	WGN63	24.5	1.23597809276703	961	22.074472604614	26.925527395386
17	WGN63	23.1666666666668	1.23597809276703	961	20.7411392712808	25.5921940620528
18	WGN63	23.3333333333334	1.23597809276703	961	20.9078059379474	25.7588607287194
19	WGN63	23.0000000000001	1.23597809276703	961	20.5744726046141	25.4255273953861
20	WGN63	22.8333333333333	1.23597809276702	961	20.4078059379473	25.2588607287193
21	WGN63	23.0000000000001	1.23597809276702	961	20.5744726046141	25.4255273953861
22	WGN63	28.1666666666667	1.23597809276702	961	25.7411392712807	30.5921940620527
23	WGN63	23.8333333333333	1.23597809276702	961	21.4078059379474	26.2588607287193
24	WGN63	23.8333333333333	1.23597809276702	961	21.4078059379473	26.2588607287193
25	WGN63	21.4211711711712	1.74839116815624	961	17.990066120822	24.8522762215204
26	WGN63	22.3333333333334	1.23597809276703	961	19.9078059379474	24.7588607287194
27	WGN63	23	1.23597809276703	961	20.574472604614	25.425527395386
28	WGN63	24.8333333333334	1.23597809276703	961	22.4078059379474	27.2588607287194
29	WGN63	22	1.23597809276703	961	19.574472604614	24.425527395386
30	WGN63	26.5	1.23597809276703	961	24.074472604614	28.925527395386
31	WGN63	22.8333333333334	1.23597809276702	961	20.4078059379474	25.2588607287194
32	WGN63	23.3333333333334	1.23597809276703	961	20.9078059379474	25.7588607287194
33	WGN63	25	1.23597809276702	961	22.574472604614	27.425527395386
34	WGN63	23.3333333333334	1.23597809276703	961	20.9078059379474	25.7588607287194
35	WGN63	25.9121621621622	1.74839116815624	961	22.481057111813	29.3432672125114
36	WGN63	24.5788288288289	1.74839116815625	961	21.1477237784797	28.0099338791781
37	WGN63	22.9121621621622	1.74839116815624	961	19.481057111813	26.3432672125114
38	WGN63	21.5788288288289	1.74839116815624	961	18.1477237784797	25.0099338791781
39	WGN63	23.2454954954955	1.74839116815624	961	19.8143904451463	26.6766005458447
40	WGN63	20.8333333333334	1.23597809276703	961	18.4078059379474	23.2588607287194
41	WGN63	24.8333333333334	1.23597809276703	961	22.4078059379474	27.2588607287194
42	WGN63	24	1.23597809276702	961	21.574472604614	26.425527395386
44	WGN63	22.3333333333333	1.23597809276703	961	19.9078059379473	24.7588607287193
45	WGN63	21.9121621621622	1.74839116815624	961	18.481057111813	25.3432672125114
46	WGN63	22.0000000000001	1.23597809276702	961	19.5744726046141	24.425527395386
47	WGN63	28.0000000000001	1.23597809276703	961	25.5744726046141	30.4255273953861
48	WGN63	24.1666666666667	1.23597809276702	961	21.7411392712807	26.5921940620527
49	WGN63	23.1666666666667	1.23597809276703	961	20.7411392712807	25.5921940620527
50	WGN63	25.2454954954956	1.74839116815625	961	21.8143904451464	28.6766005458448
51	WGN63	29.1666666666668	1.23597809276703	961	26.7411392712808	31.5921940620528
52	WGN63	22	1.23597809276703	961	19.574472604614	24.4255273953861
53	WGN63	23.6666666666667	1.23597809276702	961	21.2411392712807	26.0921940620527
54	WGN63	23.5	1.23597809276703	961	21.074472604614	25.925527395386
55	WGN63	26.1666666666667	1.23597809276703	961	23.7411392712807	28.5921940620528
56	WGN63	24	1.23597809276702	961	21.574472604614	26.425527395386
57	WGN63	25.6666666666668	1.23597809276703	961	23.2411392712808	28.0921940620528
58	WGN63	25.1666666666667	1.23597809276703	961	22.7411392712807	27.5921940620527
59	WGN63	22.5788288288289	1.74839116815624	961	19.1477237784797	26.0099338791781
60	WGN63	19.9121621621622	1.74839116815624	961	16.4810571118131	23.3432672125114
61	WGN63	29	1.23597809276703	961	26.574472604614	31.425527395386
62	WGN63	23.3333333333333	1.23597809276702	961	20.9078059379473	25.7588607287193
63	WGN63	26.0878378378379	1.74839116815623	961	22.6567327874887	29.5189428881871
64	WGN63	23.3333333333334	1.23597809276702	961	20.9078059379474	25.7588607287194
65	WGN63	24	1.23597809276702	961	21.574472604614	26.425527395386
66	WGN63	24	1.23597809276702	961	21.574472604614	26.425527395386
67	WGN63	28.2454954954955	1.74839116815623	961	24.8143904451463	31.6766005458447
68	WGN63	25.8333333333333	1.23597809276702	961	23.4078059379473	28.2588607287193
69	WGN63	28.578828828829	1.74839116815623	961	25.1477237784798	32.0099338791781
70	WGN63	26.8333333333334	1.23597809276702	961	24.4078059379474	29.2588607287194
72	WGN63	25.1666666666667	1.23597809276702	961	22.7411392712807	27.5921940620527
73	WGN63	22	1.23597809276702	961	19.574472604614	24.425527395386
74	WGN63	23.6666666666667	1.23597809276702	961	21.2411392712807	26.0921940620527
75	WGN63	25.5	1.23597809276702	961	23.074472604614	27.925527395386
76	WGN63	22.6666666666667	1.23597809276703	961	20.2411392712807	25.0921940620527
77	WGN63	23.5	1.23597809276703	961	21.074472604614	25.9255273953861
78	WGN63	25.8333333333333	1.23597809276702	961	23.4078059379473	28.2588607287193
79	WGN63	22.0000000000001	1.23597809276702	961	19.5744726046141	24.4255273953861
80	WGN63	24	1.23597809276703	961	21.574472604614	26.425527395386
81	WGN63	23.1666666666667	1.23597809276702	961	20.7411392712807	25.5921940620527
82	WGN63	24.1666666666668	1.23597809276703	961	21.7411392712807	26.5921940620528
83	WGN63	22.3333333333334	1.23597809276703	961	19.9078059379474	24.7588607287194
84	WGN63	21.8333333333333	1.23597809276702	961	19.4078059379473	24.2588607287193
85	WGN63	24.5	1.23597809276702	961	22.074472604614	26.925527395386
86	WGN63	22.2454954954955	1.74839116815623	961	18.8143904451464	25.6766005458447
87	WGN63	27	1.23597809276702	961	24.574472604614	29.425527395386
88	WGN63	22.6666666666667	1.23597809276702	961	20.2411392712807	25.0921940620527
89	WGN63	22.6666666666667	1.23597809276703	961	20.2411392712807	25.0921940620527
90	WGN63	21.9121621621622	1.74839116815624	961	18.481057111813	25.3432672125114
91	WGN63	26.5	1.23597809276702	961	24.074472604614	28.925527395386
92	WGN63	25.1666666666667	1.23597809276702	961	22.7411392712807	27.5921940620527
93	WGN63	23.8333333333334	1.23597809276702	961	21.4078059379474	26.2588607287194
94	WGN63	25.3333333333334	1.23597809276703	961	22.9078059379474	27.7588607287194
95	WGN63	23.2454954954955	1.74839116815624	961	19.8143904451463	26.6766005458447
96	WGN63	22.3333333333334	1.23597809276702	961	19.9078059379474	24.7588607287194
97	WGN63	23.8333333333333	1.23597809276702	961	21.4078059379473	26.2588607287193
98	WGN63	27.0878378378379	1.74839116815624	961	23.6567327874887	30.5189428881871
99	WGN63	26.0878378378379	1.74839116815623	961	22.6567327874887	29.518942888187
100	WGN63	26	1.23597809276702	961	23.574472604614	28.425527395386
101	WGN63	23.4211711711712	1.74839116815623	961	19.990066120822	26.8522762215203
102	WGN63	28	1.23597809276702	961	25.574472604614	30.425527395386
103	WGN63	25	1.23597809276702	961	22.574472604614	27.425527395386
105	WGN63	23.6666666666667	1.23597809276702	961	21.2411392712807	26.0921940620527
106	WGN63	25	1.23597809276702	961	22.574472604614	27.425527395386
107	WGN63	23.3333333333334	1.23597809276703	961	20.9078059379474	25.7588607287194
109	WGN63	23.3333333333333	1.23597809276702	961	20.9078059379474	25.7588607287193
110	WGN63	21.2454954954955	1.74839116815623	961	17.8143904451463	24.6766005458447
111	WGN63	23	1.23597809276702	961	20.5744726046141	25.425527395386
112	WGN63	23.6666666666667	1.23597809276702	961	21.2411392712807	26.0921940620527
114	WGN63	25	1.23597809276702	961	22.574472604614	27.425527395386
115	WGN63	21.3333333333334	1.23597809276702	961	18.9078059379474	23.7588607287194
116	WGN63	23.8333333333334	1.23597809276702	961	21.4078059379474	26.2588607287194
117	WGN63	23.6666666666667	1.23597809276702	961	21.2411392712807	26.0921940620527
118	WGN63	20.0878378378379	1.74839116815623	961	16.6567327874887	23.5189428881871
119	WGN63	23.5	1.23597809276702	961	21.0744726046141	25.925527395386
121	WGN63	29.5	1.23597809276702	961	27.074472604614	31.925527395386
122	WGN63	26.5	1.23597809276702	961	24.074472604614	28.925527395386
123	WGN63	24.5	1.23597809276702	961	22.074472604614	26.925527395386
124	WGN63	23.2454954954955	1.74839116815623	961	19.8143904451463	26.6766005458447
125	WGN63	23.5788288288289	1.74839116815623	961	20.1477237784797	27.0099338791781
126	WGN63	24.8333333333334	1.23597809276702	961	22.4078059379474	27.2588607287194
127	WGN63	25.9121621621622	1.74839116815623	961	22.481057111813	29.3432672125114
128	WGN63	22.5	1.23597809276702	961	20.0744726046141	24.925527395386
129	WGN63	25.8333333333334	1.23597809276702	961	23.4078059379474	28.2588607287194
130	WGN63	23.1666666666667	1.23597809276702	961	20.7411392712807	25.5921940620527
