plantID3	famID	emmean	SE	df	lower.CL	upper.CL
1	WGN07	26.1666666666683	1.38437731813743	1115	23.4503884388503	28.8829448944862
2	WGN07	28.1666666666658	1.38437731813806	1115	25.4503884388466	30.882944894485
3	WGN07	28.666666666668	1.38437731813822	1115	25.9503884388486	31.3829448944875
4	WGN07	23.6666666666677	1.38437731813827	1115	20.9503884388481	26.3829448944873
5	WGN07	29.9999999999997	1.38437731813822	1115	27.2837217721802	32.7162782278192
6	WGN07	24.1666666666667	1.3843773181382	1115	21.4503884388473	26.8829448944862
7	WGN07	26.6666666666669	1.38437731813815	1115	23.9503884388475	29.3829448944862
8	WGN07	28.5	1.38437731813816	1115	25.7837217721806	31.2162782278193
9	WGN07	31.5000000000002	1.38437731813817	1115	28.7837217721808	34.2162782278196
10	WGN07	21.6666666666667	1.3843773181382	1115	18.9503884388473	24.3829448944862
11	WGN07	27.5000000000002	1.38437731813819	1115	24.7837217721807	30.2162782278196
12	WGN07	24.3333333333333	1.38437731813819	1115	21.6170551055139	27.0496115611527
13	WGN07	27.0000000000003	1.38437731813817	1115	24.283721772181	29.7162782278197
14	WGN07	29.1666666666668	1.38437731813821	1115	26.4503884388474	31.8829448944863
15	WGN07	30.8333333333334	1.38437731813818	1115	28.117055105514	33.5496115611528
16	WGN07	26.5000000000001	1.38437731813816	1115	23.7837217721807	29.2162782278195
17	WGN07	27.3333333333335	1.3843773181382	1115	24.6170551055141	30.049611561153
18	WGN07	27.6666666666667	1.38437731813821	1115	24.9503884388472	30.3829448944862
20	WGN07	25.3333333333335	1.3843773181382	1115	22.617055105514	28.0496115611529
21	WGN07	29.8333333333332	1.38437731813819	1115	27.1170551055138	32.5496115611526
22	WGN07	31.0000000000001	1.38437731813822	1115	28.2837217721806	33.7162782278196
23	WGN07	31.0276284348868	1.95824370606897	1115	27.1853704941737	34.8698863755999
24	WGN07	29.8333333333334	1.38437731813818	1115	27.117055105514	32.5496115611528
25	WGN07	30.5000000000002	1.38437731813823	1115	27.7837217721807	33.2162782278197
26	WGN07	29.6666666666668	1.3843773181382	1115	26.9503884388473	32.3829448944862
27	WGN07	30.0000000000004	1.38437731813825	1115	27.2837217721808	32.7162782278199
28	WGN07	31.5000000000002	1.38437731813825	1115	28.7837217721807	34.2162782278198
29	WGN07	27.3333333333333	1.38437731813818	1115	24.6170551055139	30.0496115611527
30	WGN07	30.8333333333334	1.38437731813815	1115	28.1170551055141	33.5496115611528
31	WGN07	32.4999999999999	1.38437731813815	1115	29.7837217721806	35.2162782278193
32	WGN07	25.5000000000002	1.38437731813824	1115	22.7837217721806	28.2162782278197
33	WGN07	31.1666666666667	1.3843773181382	1115	28.4503884388473	33.8829448944862
34	WGN07	30.5000000000001	1.38437731813821	1115	27.7837217721807	33.2162782278196
35	WGN07	30.1666666666668	1.38437731813819	1115	27.4503884388474	32.8829448944862
36	WGN07	26.6666666666668	1.38437731813815	1115	23.9503884388474	29.3829448944861
37	WGN07	24.8333333333334	1.38437731813818	1115	22.117055105514	27.5496115611528
38	WGN07	30.6666666666667	1.38437731813817	1115	27.9503884388473	33.3829448944861
39	WGN07	27.3333333333334	1.38437731813818	1115	24.617055105514	30.0496115611529
40	WGN07	28.0000000000002	1.38437731813822	1115	25.2837217721807	30.7162782278197
41	WGN07	29	1.38437731813813	1115	26.2837217721807	31.7162782278193
42	WGN07	32.6666666666666	1.38437731813818	1115	29.9503884388472	35.382944894486
44	WGN07	27.1666666666667	1.38437731813816	1115	24.4503884388473	29.8829448944861
46	WGN07	25.1666666666667	1.38437731813816	1115	22.4503884388474	27.8829448944861
47	WGN07	27.1666666666667	1.3843773181382	1115	24.4503884388472	29.8829448944861
48	WGN07	25.8333333333335	1.38437731813817	1115	23.1170551055141	28.5496115611529
49	WGN07	33.3333333333339	1.38437731813822	1115	30.6170551055144	36.0496115611533
50	WGN07	31.6666666666667	1.38437731813819	1115	28.9503884388473	34.3829448944861
51	WGN07	32.1666666666669	1.38437731813821	1115	29.4503884388474	34.8829448944864
52	WGN07	26.3333333333334	1.38437731813816	1115	23.617055105514	29.0496115611528
53	WGN07	32.1666666666668	1.38437731813817	1115	29.4503884388474	34.8829448944862
54	WGN07	24.6666666666668	1.38437731813817	1115	21.9503884388474	27.3829448944862
55	WGN07	29.8333333333336	1.38437731813823	1115	27.1170551055141	32.5496115611531
56	WGN07	25.1666666666667	1.3843773181382	1115	22.4503884388472	27.8829448944861
57	WGN07	27.0000000000002	1.38437731813817	1115	24.2837217721808	29.7162782278195
58	WGN07	30.3333333333334	1.38437731813819	1115	27.617055105514	33.0496115611528
59	WGN07	27.3333333333335	1.38437731813817	1115	24.6170551055141	30.0496115611529
60	WGN07	30.5000000000002	1.38437731813819	1115	27.7837217721808	33.2162782278197
61	WGN07	31.3333333333333	1.38437731813815	1115	28.6170551055139	34.0496115611526
63	WGN07	29	1.38437731813819	1115	26.2837217721806	31.7162782278195
64	WGN07	28.5000000000001	1.38437731813818	1115	25.7837217721807	31.2162782278195
66	WGN07	27.0000000000002	1.38437731813824	1115	24.2837217721807	29.7162782278198
67	WGN07	23.6666666666668	1.38437731813818	1115	20.9503884388474	26.3829448944862
68	WGN07	23.6666666666668	1.38437731813821	1115	20.9503884388473	26.3829448944862
69	WGN07	29.0276284348867	1.95824370606899	1115	25.1853704941736	32.8698863755998
71	WGN07	23.9999999999998	1.38437731813819	1115	21.2837217721804	26.7162782278192
73	WGN07	29.1666666666667	1.38437731813815	1115	26.4503884388473	31.8829448944861
74	WGN07	28.1666666666668	1.3843773181382	1115	25.4503884388473	30.8829448944862
75	WGN07	28.0000000000001	1.38437731813817	1115	25.2837217721807	30.7162782278195
76	WGN07	29.5000000000001	1.38437731813819	1115	26.7837217721807	32.2162782278195
77	WGN07	31.6666666666668	1.38437731813816	1115	28.9503884388474	34.3829448944861
78	WGN07	29.3333333333333	1.38437731813819	1115	26.6170551055139	32.0496115611527
79	WGN07	27.0000000000002	1.38437731813819	1115	24.2837217721807	29.7162782278196
80	WGN07	29.1666666666667	1.3843773181382	1115	26.4503884388473	31.8829448944862
81	WGN07	30.1666666666667	1.38437731813816	1115	27.4503884388474	32.8829448944861
82	WGN07	30.0000000000002	1.38437731813819	1115	27.2837217721808	32.7162782278196
83	WGN07	28.0000000000002	1.38437731813819	1115	25.2837217721807	30.7162782278196
84	WGN07	30.6666666666667	1.38437731813818	1115	27.9503884388473	33.3829448944861
85	WGN07	30.3333333333334	1.3843773181382	1115	27.6170551055139	33.0496115611528
86	WGN07	29.1666666666665	1.38437731813815	1115	26.4503884388472	31.8829448944859
87	WGN07	29.1666666666668	1.38437731813818	1115	26.4503884388474	31.8829448944862
88	WGN07	30.8333333333334	1.38437731813817	1115	28.117055105514	33.5496115611528
89	WGN07	29.1666666666668	1.3843773181382	1115	26.4503884388473	31.8829448944862
90	WGN07	30.3333333333334	1.38437731813818	1115	27.617055105514	33.0496115611528
91	WGN07	31	1.38437731813818	1115	28.2837217721806	33.7162782278194
92	WGN07	30.6390382317801	1.95824370606897	1115	26.796780291067	34.4812961724932
93	WGN07	30.3333333333335	1.3843773181382	1115	27.617055105514	33.049611561153
94	WGN07	26.3333333333335	1.38437731813817	1115	23.6170551055141	29.0496115611529
95	WGN07	32.0000000000001	1.3843773181382	1115	29.2837217721807	34.7162782278196
96	WGN07	30.3333333333334	1.3843773181382	1115	27.6170551055139	33.0496115611528
97	WGN07	31.0276284348869	1.95824370606895	1115	27.1853704941738	34.8698863756
98	WGN07	28.3333333333335	1.38437731813817	1115	25.6170551055141	31.0496115611528
99	WGN07	27.6666666666668	1.3843773181382	1115	24.9503884388473	30.3829448944862
100	WGN07	31.6666666666668	1.38437731813821	1115	28.9503884388474	34.3829448944863
101	WGN07	25.6666666666668	1.38437731813822	1115	22.9503884388473	28.3829448944862
102	WGN07	31.8333333333334	1.38437731813817	1115	29.117055105514	34.5496115611528
103	WGN07	27.5	1.38437731813818	1115	24.7837217721806	30.2162782278194
104	WGN07	30.3333333333334	1.38437731813818	1115	27.617055105514	33.0496115611528
105	WGN07	30.5000000000002	1.38437731813825	1115	27.7837217721807	33.2162782278198
106	WGN07	30.9999999999999	1.38437731813816	1115	28.2837217721806	33.7162782278193
107	WGN07	31.5000000000001	1.38437731813819	1115	28.7837217721807	34.2162782278196
108	WGN07	26.3333333333334	1.38437731813819	1115	23.617055105514	29.0496115611529
109	WGN07	24.9723715651137	1.95824370606893	1115	21.1301136244007	28.8146295058267
110	WGN07	30.3333333333333	1.38437731813817	1115	27.6170551055139	33.0496115611527
112	WGN07	31.1666666666667	1.38437731813818	1115	28.4503884388473	33.8829448944861
113	WGN07	26.0000000000001	1.38437731813817	1115	23.2837217721807	28.7162782278195
114	WGN07	26.6666666666668	1.38437731813816	1115	23.9503884388474	29.3829448944861
115	WGN07	30.0000000000001	1.38437731813817	1115	27.2837217721807	32.7162782278195
116	WGN07	32	1.38437731813818	1115	29.2837217721806	34.7162782278194
117	WGN07	31.1666666666667	1.38437731813819	1115	28.4503884388473	33.8829448944861
118	WGN07	30.1666666666668	1.38437731813819	1115	27.4503884388473	32.8829448944862
119	WGN07	32.0000000000001	1.3843773181382	1115	29.2837217721806	34.7162782278195
120	WGN07	31.1666666666668	1.3843773181382	1115	28.4503884388473	33.8829448944862
121	WGN07	27.1666666666667	1.38437731813815	1115	24.4503884388473	29.882944894486
122	WGN07	31.3609617682202	1.95824370606903	1115	27.518703827507	35.2032197089334
123	WGN07	31.6666666666667	1.38437731813818	1115	28.9503884388473	34.3829448944861
124	WGN07	26.1666666666668	1.3843773181382	1115	23.4503884388473	28.8829448944862
125	WGN07	26.6666666666667	1.38437731813818	1115	23.9503884388473	29.3829448944861
126	WGN07	26.9999999999999	1.38437731813816	1115	24.2837217721805	29.7162782278193
127	WGN07	31.6666666666666	1.38437731813819	1115	28.9503884388472	34.3829448944861
128	WGN07	28.8333333333334	1.3843773181382	1115	26.117055105514	31.5496115611529
129	WGN07	31.3333333333336	1.3843773181382	1115	28.6170551055142	34.049611561153
130	WGN07	24.5000000000002	1.38437731813818	1115	21.7837217721808	27.2162782278196
1	WGN15	25.1666666666662	1.38437731813804	1115	22.4503884388471	27.8829448944854
2	WGN15	25.8333333333333	1.38437731813818	1115	23.1170551055139	28.5496115611527
3	WGN15	24.9999999999999	1.38437731813822	1115	22.2837217721804	27.7162782278194
4	WGN15	28.1666666666667	1.38437731813822	1115	25.4503884388473	30.8829448944862
5	WGN15	27.4999999999999	1.38437731813819	1115	24.7837217721805	30.2162782278193
7	WGN15	24	1.3843773181382	1115	21.2837217721806	26.7162782278195
8	WGN15	27.6666666666666	1.38437731813819	1115	24.9503884388472	30.382944894486
9	WGN15	23.6666666666665	1.3843773181382	1115	20.950388438847	26.3829448944859
10	WGN15	29.0000000000001	1.38437731813822	1115	26.2837217721806	31.7162782278196
11	WGN15	25.5	1.38437731813823	1115	22.7837217721805	28.2162782278195
12	WGN15	24.4999999999999	1.38437731813821	1115	21.7837217721805	27.2162782278194
13	WGN15	23.6666666666666	1.38437731813818	1115	20.9503884388472	26.382944894486
14	WGN15	26.6666666666665	1.38437731813818	1115	23.9503884388471	29.382944894486
15	WGN15	26.8333333333332	1.38437731813819	1115	24.1170551055138	29.5496115611526
16	WGN15	24.4999999999999	1.38437731813819	1115	21.7837217721805	27.2162782278193
17	WGN15	25.6666666666665	1.38437731813818	1115	22.9503884388471	28.3829448944859
18	WGN15	25.4999999999999	1.38437731813818	1115	22.7837217721805	28.2162782278194
19	WGN15	24.8333333333333	1.38437731813817	1115	22.1170551055139	27.5496115611527
20	WGN15	25.1666666666666	1.38437731813815	1115	22.4503884388473	27.882944894486
21	WGN15	24.6666666666666	1.38437731813818	1115	21.9503884388471	27.382944894486
22	WGN15	26.9999999999999	1.3843773181382	1115	24.2837217721805	29.7162782278194
23	WGN15	25.6666666666667	1.38437731813817	1115	22.9503884388473	28.3829448944861
24	WGN15	20.4999999999999	1.3843773181382	1115	17.7837217721804	23.2162782278193
25	WGN15	20.8333333333333	1.38437731813819	1115	18.1170551055139	23.5496115611528
26	WGN15	26.4999999999999	1.3843773181382	1115	23.7837217721805	29.2162782278194
27	WGN15	26.6666666666667	1.38437731813821	1115	23.9503884388472	29.3829448944862
28	WGN15	26.8333333333333	1.38437731813819	1115	24.1170551055138	29.5496115611527
29	WGN15	27.6666666666667	1.3843773181382	1115	24.9503884388473	30.3829448944862
30	WGN15	27.6666666666665	1.38437731813817	1115	24.9503884388471	30.3829448944859
31	WGN15	22.9999999999999	1.38437731813822	1115	20.2837217721804	25.7162782278194
32	WGN15	26.5	1.38437731813819	1115	23.7837217721805	29.2162782278194
33	WGN15	23.9999999999999	1.38437731813821	1115	21.2837217721804	26.7162782278194
34	WGN15	27.4999999999999	1.38437731813818	1115	24.7837217721805	30.2162782278193
35	WGN15	28.9999999999999	1.38437731813817	1115	26.2837217721805	31.7162782278193
36	WGN15	27.8333333333333	1.3843773181382	1115	25.1170551055138	30.5496115611527
37	WGN15	29	1.3843773181382	1115	26.2837217721805	31.7162782278194
38	WGN15	23.3333333333332	1.3843773181382	1115	20.6170551055137	26.0496115611526
39	WGN15	24.8333333333333	1.38437731813818	1115	22.1170551055139	27.5496115611527
40	WGN15	24.6666666666666	1.38437731813819	1115	21.9503884388472	27.382944894486
41	WGN15	26.5	1.38437731813819	1115	23.7837217721806	29.2162782278194
43	WGN15	25.3333333333333	1.38437731813818	1115	22.6170551055139	28.0496115611527
44	WGN15	25.3333333333332	1.38437731813819	1115	22.6170551055138	28.0496115611527
45	WGN15	25.0000000000001	1.38437731813817	1115	22.2837217721807	27.7162782278195
46	WGN15	26.1666666666666	1.38437731813818	1115	23.4503884388472	28.882944894486
47	WGN15	24.1666666666666	1.38437731813819	1115	21.4503884388472	26.8829448944861
48	WGN15	26.1666666666666	1.3843773181382	1115	23.4503884388472	28.8829448944861
50	WGN15	25.8333333333333	1.38437731813822	1115	23.1170551055138	28.5496115611527
51	WGN15	23.3333333333334	1.38437731813821	1115	20.6170551055139	26.0496115611528
52	WGN15	28.5	1.38437731813819	1115	25.7837217721806	31.2162782278195
53	WGN15	18.3333333333333	1.38437731813818	1115	15.6170551055139	21.0496115611527
54	WGN15	28.8333333333334	1.38437731813821	1115	26.1170551055139	31.5496115611528
55	WGN15	23.3333333333333	1.38437731813822	1115	20.6170551055138	26.0496115611528
56	WGN15	24.3333333333333	1.3843773181382	1115	21.6170551055139	27.0496115611528
57	WGN15	23.8333333333333	1.38437731813819	1115	21.1170551055139	26.5496115611527
58	WGN15	25.8333333333333	1.38437731813819	1115	23.1170551055139	28.5496115611528
59	WGN15	27.3333333333334	1.38437731813819	1115	24.6170551055139	30.0496115611528
60	WGN15	23.6666666666667	1.38437731813817	1115	20.9503884388474	26.3829448944861
61	WGN15	22.9999999999999	1.38437731813817	1115	20.2837217721805	25.7162782278193
62	WGN15	27.6666666666666	1.38437731813816	1115	24.9503884388472	30.3829448944859
63	WGN15	27.3333333333334	1.3843773181382	1115	24.617055105514	30.0496115611528
64	WGN15	25.1666666666666	1.38437731813819	1115	22.4503884388472	27.882944894486
65	WGN15	21.3333333333333	1.38437731813821	1115	18.6170551055138	24.0496115611527
66	WGN15	26.6666666666666	1.38437731813818	1115	23.9503884388472	29.382944894486
67	WGN15	30.6666666666666	1.3843773181382	1115	27.9503884388472	33.3829448944861
68	WGN15	23.4999999999999	1.38437731813818	1115	20.7837217721805	26.2162782278193
69	WGN15	24.3333333333332	1.38437731813821	1115	21.6170551055137	27.0496115611527
70	WGN15	27.1666666666666	1.38437731813818	1115	24.4503884388471	29.882944894486
71	WGN15	28.6666666666667	1.38437731813821	1115	25.9503884388473	31.3829448944862
72	WGN15	26.6666666666667	1.38437731813819	1115	23.9503884388473	29.3829448944861
73	WGN15	27.6666666666666	1.3843773181382	1115	24.9503884388472	30.3829448944861
74	WGN15	24.9999999999999	1.38437731813822	1115	22.2837217721804	27.7162782278194
75	WGN15	29.1666666666665	1.38437731813817	1115	26.4503884388471	31.8829448944859
77	WGN15	23.1666666666666	1.38437731813819	1115	20.4503884388472	25.882944894486
78	WGN15	26.8333333333332	1.38437731813819	1115	24.1170551055138	29.5496115611527
79	WGN15	27.5	1.3843773181382	1115	24.7837217721806	30.2162782278195
80	WGN15	25.6666666666667	1.38437731813821	1115	22.9503884388472	28.3829448944861
81	WGN15	26.1666666666666	1.38437731813819	1115	23.4503884388472	28.8829448944861
82	WGN15	26.8333333333333	1.38437731813819	1115	24.1170551055139	29.5496115611528
83	WGN15	26.1666666666667	1.38437731813819	1115	23.4503884388472	28.8829448944861
84	WGN15	27.9999999999999	1.38437731813821	1115	25.2837217721805	30.7162782278194
85	WGN15	28.4999999999999	1.38437731813817	1115	25.7837217721805	31.2162782278193
86	WGN15	25.3333333333333	1.38437731813817	1115	22.6170551055139	28.0496115611527
87	WGN15	26	1.38437731813819	1115	23.2837217721806	28.7162782278194
88	WGN15	23.1666666666666	1.3843773181382	1115	20.4503884388472	25.8829448944861
89	WGN15	21.9999999999999	1.38437731813821	1115	19.2837217721805	24.7162782278194
90	WGN15	23	1.38437731813819	1115	20.2837217721805	25.7162782278194
91	WGN15	25.6666666666666	1.38437731813819	1115	22.9503884388472	28.3829448944861
92	WGN15	22.8333333333333	1.38437731813817	1115	20.1170551055139	25.5496115611527
93	WGN15	28.5	1.3843773181382	1115	25.7837217721806	31.2162782278195
94	WGN15	26.6666666666666	1.38437731813819	1115	23.9503884388472	29.3829448944861
95	WGN15	24.3333333333333	1.3843773181382	1115	21.6170551055138	27.0496115611527
96	WGN15	25.0276284348865	1.95824370606896	1115	21.1853704941735	28.8698863755996
97	WGN15	26.5	1.38437731813819	1115	23.7837217721805	29.2162782278194
98	WGN15	27.8333333333333	1.38437731813817	1115	25.1170551055139	30.5496115611527
99	WGN15	28.3333333333333	1.38437731813819	1115	25.6170551055139	31.0496115611528
100	WGN15	25.9999999999999	1.38437731813819	1115	23.2837217721805	28.7162782278193
101	WGN15	27.3333333333333	1.3843773181382	1115	24.6170551055138	30.0496115611527
102	WGN15	27.3333333333333	1.38437731813817	1115	24.6170551055139	30.0496115611526
103	WGN15	26.8333333333333	1.38437731813819	1115	24.1170551055139	29.5496115611527
104	WGN15	26.6666666666665	1.38437731813819	1115	23.9503884388471	29.382944894486
106	WGN15	22.5000000000001	1.38437731813816	1115	19.7837217721808	25.2162782278195
107	WGN15	29.8333333333333	1.38437731813818	1115	27.1170551055139	32.5496115611527
108	WGN15	27.5	1.38437731813818	1115	24.7837217721806	30.2162782278194
109	WGN15	26.8333333333333	1.3843773181382	1115	24.1170551055138	29.5496115611527
110	WGN15	25	1.3843773181382	1115	22.2837217721805	27.7162782278194
111	WGN15	25.8333333333333	1.38437731813821	1115	23.1170551055139	28.5496115611528
112	WGN15	24	1.38437731813819	1115	21.2837217721805	26.7162782278194
113	WGN15	27.4999999999999	1.38437731813818	1115	24.7837217721805	30.2162782278193
114	WGN15	24.1666666666666	1.38437731813817	1115	21.4503884388472	26.882944894486
115	WGN15	23.8333333333333	1.38437731813819	1115	21.1170551055139	26.5496115611527
116	WGN15	24.8333333333333	1.38437731813819	1115	22.1170551055138	27.5496115611527
117	WGN15	28	1.3843773181382	1115	25.2837217721805	30.7162782278194
118	WGN15	28.8333333333333	1.38437731813819	1115	26.1170551055138	31.5496115611527
119	WGN15	27.4999999999999	1.38437731813819	1115	24.7837217721805	30.2162782278193
120	WGN15	29.3333333333333	1.3843773181382	1115	26.6170551055138	32.0496115611527
121	WGN15	28.5	1.38437731813819	1115	25.7837217721805	31.2162782278194
122	WGN15	23.8333333333333	1.38437731813818	1115	21.1170551055139	26.5496115611527
123	WGN15	27.3333333333334	1.3843773181382	1115	24.617055105514	30.0496115611529
124	WGN15	23.4999999999999	1.38437731813822	1115	20.7837217721804	26.2162782278194
125	WGN15	28.1666666666667	1.3843773181382	1115	25.4503884388472	30.8829448944861
126	WGN15	24.9999999999999	1.38437731813818	1115	22.2837217721805	27.7162782278193
127	WGN15	21.8333333333331	1.38437731813816	1115	19.1170551055138	24.5496115611525
128	WGN15	28	1.38437731813819	1115	25.2837217721806	30.7162782278194
129	WGN15	25.8333333333333	1.38437731813818	1115	23.1170551055139	28.5496115611528
130	WGN15	24.6666666666666	1.3843773181382	1115	21.9503884388472	27.3829448944861
1	WGN26	23.0000000000005	1.38437731813817	1115	20.2837217721811	25.7162782278199
3	WGN26	26.5000000000003	1.38437731813822	1115	23.7837217721808	29.2162782278198
4	WGN26	28.1666666666667	1.38437731813819	1115	25.4503884388473	30.8829448944861
5	WGN26	25.5	1.38437731813816	1115	22.7837217721807	28.2162782278194
6	WGN26	26.9999999999998	1.38437731813815	1115	24.2837217721805	29.7162782278192
7	WGN26	28.4999999999999	1.38437731813816	1115	25.7837217721805	31.2162782278193
8	WGN26	22.4166666666668	1.38437731813819	1115	19.7003884388473	25.1329448944862
9	WGN26	24.0000000000001	1.38437731813818	1115	21.2837217721807	26.7162782278195
10	WGN26	25.8333333333334	1.38437731813817	1115	23.117055105514	28.5496115611528
11	WGN26	23.0000000000001	1.38437731813823	1115	20.2837217721806	25.7162782278197
12	WGN26	26.3333333333335	1.38437731813821	1115	23.617055105514	29.049611561153
13	WGN26	23.6666666666668	1.38437731813821	1115	20.9503884388473	26.3829448944862
14	WGN26	20.3333333333334	1.38437731813821	1115	17.617055105514	23.0496115611529
15	WGN26	25.5000000000003	1.38437731813822	1115	22.7837217721808	28.2162782278197
17	WGN26	27.8333333333336	1.38437731813821	1115	25.1170551055142	30.5496115611531
18	WGN26	23.6666666666668	1.38437731813819	1115	20.9503884388474	26.3829448944862
19	WGN26	25.8333333333336	1.3843773181382	1115	23.1170551055141	28.549611561153
20	WGN26	24.36096176822	1.95824370606897	1115	20.5187038275069	28.2032197089331
21	WGN26	18.6666666666669	1.38437731813818	1115	15.9503884388475	21.3829448944863
22	WGN26	25.3333333333335	1.38437731813819	1115	22.617055105514	28.0496115611529
23	WGN26	27.6666666666667	1.38437731813818	1115	24.9503884388473	30.3829448944861
24	WGN26	26.0000000000002	1.38437731813822	1115	23.2837217721807	28.7162782278197
25	WGN26	25.3333333333335	1.3843773181382	1115	22.617055105514	28.0496115611529
26	WGN26	21.3333333333335	1.38437731813819	1115	18.6170551055141	24.0496115611529
27	WGN26	24.1666666666669	1.38437731813819	1115	21.4503884388475	26.8829448944863
28	WGN26	27.1666666666667	1.3843773181382	1115	24.4503884388472	29.8829448944861
29	WGN26	25.5000000000002	1.38437731813821	1115	22.7837217721808	28.2162782278197
30	WGN26	26.5000000000001	1.3843773181382	1115	23.7837217721807	29.2162782278196
31	WGN26	27.5000000000003	1.38437731813821	1115	24.7837217721808	30.2162782278197
32	WGN26	23.5000000000002	1.3843773181382	1115	20.7837217721807	26.2162782278196
33	WGN26	20.9723715651137	1.95824370606896	1115	17.1301136244006	24.8146295058268
34	WGN26	26.3333333333334	1.3843773181382	1115	23.617055105514	29.0496115611529
35	WGN26	28.1666666666669	1.3843773181382	1115	25.4503884388475	30.8829448944864
36	WGN26	24.1666666666668	1.38437731813816	1115	21.4503884388474	26.8829448944861
38	WGN26	21.5000000000002	1.38437731813818	1115	18.7837217721808	24.2162782278196
39	WGN26	24.6666666666667	1.38437731813817	1115	21.9503884388473	27.3829448944861
40	WGN26	22.0000000000001	1.38437731813818	1115	19.2837217721807	24.7162782278195
41	WGN26	26.6666666666667	1.38437731813818	1115	23.9503884388473	29.3829448944862
42	WGN26	25.6666666666667	1.38437731813819	1115	22.9503884388473	28.3829448944861
43	WGN26	27.3333333333334	1.38437731813817	1115	24.617055105514	30.0496115611528
44	WGN26	23.0000000000002	1.38437731813817	1115	20.2837217721808	25.7162782278196
45	WGN26	24.1666666666668	1.38437731813817	1115	21.4503884388474	26.8829448944862
46	WGN26	27.8333333333336	1.38437731813821	1115	25.1170551055141	30.549611561153
47	WGN26	26.5000000000001	1.38437731813818	1115	23.7837217721807	29.2162782278195
48	WGN26	26.3333333333334	1.38437731813818	1115	23.617055105514	29.0496115611528
49	WGN26	25.5000000000002	1.38437731813821	1115	22.7837217721807	28.2162782278197
50	WGN26	24.1666666666669	1.38437731813818	1115	21.4503884388475	26.8829448944863
51	WGN26	22.6666666666668	1.38437731813817	1115	19.9503884388475	25.3829448944862
52	WGN26	25.1666666666668	1.38437731813821	1115	22.4503884388474	27.8829448944863
53	WGN26	22.3333333333334	1.38437731813819	1115	19.617055105514	25.0496115611528
54	WGN26	24.5000000000001	1.38437731813818	1115	21.7837217721807	27.2162782278195
55	WGN26	26.1666666666667	1.38437731813817	1115	23.4503884388473	28.8829448944861
56	WGN26	25.3333333333334	1.38437731813818	1115	22.617055105514	28.0496115611528
57	WGN26	26.8333333333335	1.3843773181382	1115	24.117055105514	29.5496115611529
58	WGN26	21.0000000000001	1.38437731813819	1115	18.2837217721806	23.7162782278195
59	WGN26	20.3057048984469	1.95824370606896	1115	16.4634469577338	24.14796283916
60	WGN26	27.0000000000002	1.3843773181382	1115	24.2837217721807	29.7162782278196
61	WGN26	26.0276284348866	1.95824370606893	1115	22.1853704941736	29.8698863755996
62	WGN26	22.5000000000001	1.38437731813819	1115	19.7837217721807	25.2162782278196
64	WGN26	24.6666666666669	1.38437731813822	1115	21.9503884388475	27.3829448944864
65	WGN26	28.9723715651136	1.95824370606895	1115	25.1301136244005	32.8146295058267
66	WGN26	25.1666666666668	1.38437731813819	1115	22.4503884388474	27.8829448944863
67	WGN26	24.8333333333335	1.38437731813818	1115	22.1170551055141	27.5496115611529
68	WGN26	26.3333333333334	1.38437731813818	1115	23.617055105514	29.0496115611528
69	WGN26	28.5000000000003	1.38437731813822	1115	25.7837217721808	31.2162782278197
70	WGN26	26.0000000000001	1.3843773181382	1115	23.2837217721806	28.7162782278195
71	WGN26	23.0000000000001	1.38437731813818	1115	20.2837217721807	25.7162782278195
72	WGN26	27.8333333333334	1.3843773181382	1115	25.117055105514	30.5496115611529
73	WGN26	27.1666666666668	1.38437731813819	1115	24.4503884388474	29.8829448944862
74	WGN26	26.6666666666669	1.3843773181382	1115	23.9503884388474	29.3829448944863
75	WGN26	29.1666666666668	1.38437731813818	1115	26.4503884388474	31.8829448944862
76	WGN26	25.6942951015533	1.95824370606895	1115	21.8520371608402	29.5365530422663
77	WGN26	26.6666666666667	1.38437731813819	1115	23.9503884388473	29.3829448944862
78	WGN26	26.1666666666668	1.38437731813819	1115	23.4503884388474	28.8829448944863
79	WGN26	22.1666666666667	1.3843773181382	1115	19.4503884388473	24.8829448944862
80	WGN26	26.1666666666668	1.3843773181382	1115	23.4503884388474	28.8829448944863
81	WGN26	28.6666666666668	1.3843773181382	1115	25.9503884388474	31.3829448944863
82	WGN26	25.3333333333334	1.38437731813819	1115	22.6170551055139	28.0496115611528
83	WGN26	26.3333333333334	1.38437731813819	1115	23.6170551055139	29.0496115611528
85	WGN26	21.1666666666668	1.38437731813819	1115	18.4503884388474	23.8829448944862
86	WGN26	24.3333333333334	1.38437731813818	1115	21.6170551055139	27.0496115611528
87	WGN26	26.8333333333334	1.38437731813818	1115	24.117055105514	29.5496115611528
88	WGN26	25.6666666666668	1.38437731813821	1115	22.9503884388473	28.3829448944863
89	WGN26	29	1.38437731813818	1115	26.2837217721806	31.7162782278194
90	WGN26	24.8333333333335	1.3843773181382	1115	22.117055105514	27.5496115611529
91	WGN26	25.5000000000001	1.3843773181382	1115	22.7837217721807	28.2162782278196
92	WGN26	23.0000000000001	1.3843773181382	1115	20.2837217721806	25.7162782278195
93	WGN26	29.0000000000001	1.38437731813818	1115	26.2837217721807	31.7162782278195
94	WGN26	25.3333333333334	1.38437731813818	1115	22.617055105514	28.0496115611528
95	WGN26	27.8333333333335	1.3843773181382	1115	25.1170551055141	30.549611561153
96	WGN26	26.3333333333334	1.38437731813819	1115	23.617055105514	29.0496115611528
97	WGN26	28	1.3843773181382	1115	25.2837217721805	30.7162782278195
98	WGN26	25.6666666666667	1.38437731813819	1115	22.9503884388473	28.3829448944862
99	WGN26	25.1666666666667	1.38437731813819	1115	22.4503884388473	27.8829448944862
100	WGN26	21.5000000000001	1.3843773181382	1115	18.7837217721807	24.2162782278196
101	WGN26	24.1666666666667	1.38437731813819	1115	21.4503884388473	26.8829448944862
102	WGN26	22.6666666666668	1.38437731813819	1115	19.9503884388473	25.3829448944862
103	WGN26	25.8333333333334	1.38437731813819	1115	23.117055105514	28.5496115611529
104	WGN26	22.1666666666668	1.3843773181382	1115	19.4503884388473	24.8829448944862
105	WGN26	27.3609617682199	1.95824370606896	1115	23.5187038275068	31.203219708933
106	WGN26	22.3057048984469	1.95824370606896	1115	18.4634469577338	26.14796283916
108	WGN26	23.0276284348866	1.95824370606896	1115	19.1853704941736	26.8698863755997
109	WGN26	28.6666666666667	1.38437731813818	1115	25.9503884388473	31.3829448944861
111	WGN26	25.5000000000001	1.3843773181382	1115	22.7837217721807	28.2162782278195
112	WGN26	24.3333333333334	1.38437731813819	1115	21.617055105514	27.0496115611528
113	WGN26	26.6666666666667	1.38437731813819	1115	23.9503884388473	29.3829448944862
114	WGN26	26.4723715651136	1.95824370606895	1115	22.6301136244005	30.3146295058267
115	WGN26	27.6666666666668	1.38437731813819	1115	24.9503884388473	30.3829448944862
116	WGN26	21.6390382317802	1.95824370606895	1115	17.7967802910672	25.4812961724933
117	WGN26	28.5000000000001	1.38437731813819	1115	25.7837217721807	31.2162782278195
118	WGN26	28.8333333333335	1.3843773181382	1115	26.117055105514	31.5496115611529
119	WGN26	26.3333333333334	1.38437731813819	1115	23.617055105514	29.0496115611528
120	WGN26	20.1666666666668	1.38437731813819	1115	17.4503884388474	22.8829448944862
121	WGN26	27.3333333333335	1.38437731813819	1115	24.6170551055141	30.0496115611529
122	WGN26	24.8333333333335	1.38437731813819	1115	22.117055105514	27.5496115611529
123	WGN26	27.5000000000001	1.38437731813819	1115	24.7837217721807	30.2162782278195
124	WGN26	26.6942951015532	1.95824370606895	1115	22.8520371608401	30.5365530422663
125	WGN26	27.1666666666667	1.38437731813819	1115	24.4503884388473	29.8829448944862
126	WGN26	13.4723715651137	1.95824370606894	1115	9.63011362440066	17.3146295058267
127	WGN26	29.3333333333335	1.3843773181382	1115	26.617055105514	32.0496115611529
128	WGN26	23.6390382317804	1.95824370606895	1115	19.7967802910673	27.4812961724934
129	WGN26	27.8333333333334	1.38437731813819	1115	25.117055105514	30.5496115611529
130	WGN26	23.5000000000001	1.3843773181382	1115	20.7837217721807	26.2162782278196
1	WGN36	24.6390382317807	1.95824370606893	1115	20.7967802910677	28.4812961724938
2	WGN36	27.0000000000002	1.38437731813821	1115	24.2837217721808	29.7162782278197
4	WGN36	28.6666666666668	1.38437731813819	1115	25.9503884388473	31.3829448944862
5	WGN36	27.3609617682199	1.95824370606892	1115	23.5187038275069	31.2032197089329
6	WGN36	23.1666666666668	1.38437731813818	1115	20.4503884388474	25.8829448944862
7	WGN36	26.0000000000002	1.3843773181382	1115	23.2837217721807	28.7162782278196
8	WGN36	28.8333333333335	1.38437731813819	1115	26.1170551055141	31.5496115611529
9	WGN36	28.6942951015533	1.95824370606896	1115	24.8520371608402	32.5365530422663
10	WGN36	31.3333333333337	1.38437731813822	1115	28.6170551055142	34.0496115611532
11	WGN36	27.3609617682199	1.95824370606895	1115	23.5187038275069	31.203219708933
12	WGN36	29.5000000000001	1.38437731813819	1115	26.7837217721807	32.2162782278195
13	WGN36	27.1666666666667	1.38437731813819	1115	24.4503884388473	29.8829448944862
14	WGN36	26.0000000000001	1.3843773181382	1115	23.2837217721807	28.7162782278196
15	WGN36	23.6666666666668	1.38437731813818	1115	20.9503884388474	26.3829448944862
16	WGN36	26.1666666666669	1.3843773181382	1115	23.4503884388474	28.8829448944863
17	WGN36	24.6666666666668	1.3843773181382	1115	21.9503884388473	27.3829448944862
18	WGN36	30.0276284348865	1.95824370606893	1115	26.1853704941735	33.8698863755995
19	WGN36	25.3333333333335	1.38437731813817	1115	22.6170551055141	28.0496115611529
20	WGN36	26.1666666666669	1.38437731813818	1115	23.4503884388475	28.8829448944863
21	WGN36	30.1666666666667	1.38437731813819	1115	27.4503884388473	32.8829448944861
22	WGN36	27.3333333333334	1.38437731813819	1115	24.6170551055139	30.0496115611528
23	WGN36	28.1666666666667	1.38437731813818	1115	25.4503884388473	30.8829448944861
24	WGN36	30.3333333333333	1.38437731813818	1115	27.6170551055139	33.0496115611527
26	WGN36	26.5000000000002	1.38437731813819	1115	23.7837217721808	29.2162782278196
27	WGN36	26.5000000000001	1.38437731813817	1115	23.7837217721807	29.2162782278195
28	WGN36	26.3333333333334	1.38437731813819	1115	23.617055105514	29.0496115611528
30	WGN36	25.3333333333334	1.38437731813818	1115	22.617055105514	28.0496115611528
31	WGN36	27.8333333333334	1.38437731813819	1115	25.117055105514	30.5496115611528
32	WGN36	28.6942951015531	1.95824370606893	1115	24.8520371608401	32.5365530422662
33	WGN36	28.0000000000001	1.3843773181382	1115	25.2837217721807	30.7162782278196
34	WGN36	27.0000000000001	1.38437731813819	1115	24.2837217721807	29.7162782278195
35	WGN36	25.6666666666667	1.38437731813819	1115	22.9503884388473	28.3829448944861
36	WGN36	27.5000000000002	1.3843773181382	1115	24.7837217721808	30.2162782278197
37	WGN36	23.305704898447	1.95824370606895	1115	19.4634469577339	27.14796283916
38	WGN36	29.6390382317801	1.95824370606892	1115	25.7967802910671	33.4812961724932
39	WGN36	29.1666666666669	1.3843773181382	1115	26.4503884388474	31.8829448944863
40	WGN36	26.6666666666668	1.3843773181382	1115	23.9503884388474	29.3829448944863
41	WGN36	29.8333333333335	1.3843773181382	1115	27.1170551055141	32.549611561153
42	WGN36	25.0000000000001	1.38437731813818	1115	22.2837217721807	27.7162782278195
43	WGN36	29.8333333333334	1.38437731813818	1115	27.117055105514	32.5496115611528
44	WGN36	24.6666666666668	1.38437731813819	1115	21.9503884388473	27.3829448944862
45	WGN36	29.1666666666667	1.38437731813819	1115	26.4503884388473	31.8829448944862
46	WGN36	28.6666666666667	1.38437731813818	1115	25.9503884388473	31.3829448944861
47	WGN36	26.8333333333334	1.38437731813819	1115	24.117055105514	29.5496115611528
48	WGN36	28.8333333333334	1.38437731813818	1115	26.117055105514	31.5496115611528
49	WGN36	29.3333333333335	1.3843773181382	1115	26.6170551055141	32.049611561153
51	WGN36	30.0000000000001	1.38437731813819	1115	27.2837217721807	32.7162782278196
52	WGN36	28.5000000000001	1.38437731813819	1115	25.7837217721807	31.2162782278195
53	WGN36	30.6666666666668	1.38437731813819	1115	27.9503884388473	33.3829448944862
54	WGN36	27.1666666666667	1.38437731813819	1115	24.4503884388473	29.8829448944861
55	WGN36	29.1666666666668	1.38437731813818	1115	26.4503884388474	31.8829448944862
56	WGN36	27.3333333333334	1.38437731813819	1115	24.617055105514	30.0496115611529
57	WGN36	28.3333333333334	1.38437731813818	1115	25.617055105514	31.0496115611528
58	WGN36	27.5000000000001	1.38437731813819	1115	24.7837217721807	30.2162782278196
59	WGN36	27.8333333333334	1.38437731813818	1115	25.117055105514	30.5496115611528
60	WGN36	29.3333333333335	1.38437731813819	1115	26.617055105514	32.0496115611529
62	WGN36	27.0000000000001	1.38437731813819	1115	24.2837217721807	29.7162782278196
64	WGN36	29.8333333333335	1.38437731813819	1115	27.1170551055141	32.5496115611529
65	WGN36	26.1666666666668	1.38437731813819	1115	23.4503884388474	28.8829448944862
66	WGN36	27.5000000000001	1.38437731813819	1115	24.7837217721807	30.2162782278196
68	WGN36	25.5000000000001	1.38437731813819	1115	22.7837217721807	28.2162782278195
69	WGN36	23.0276284348866	1.95824370606895	1115	19.1853704941735	26.8698863755996
70	WGN36	26.6666666666668	1.38437731813819	1115	23.9503884388474	29.3829448944863
71	WGN36	29.3333333333335	1.38437731813819	1115	26.617055105514	32.0496115611529
72	WGN36	30.1666666666666	1.38437731813817	1115	27.4503884388472	32.882944894486
74	WGN36	28.8333333333334	1.38437731813819	1115	26.117055105514	31.5496115611528
75	WGN36	26.36096176822	1.95824370606897	1115	22.5187038275069	30.203219708933
76	WGN36	30.6666666666668	1.38437731813819	1115	27.9503884388474	33.3829448944862
77	WGN36	31.6666666666669	1.3843773181382	1115	28.9503884388474	34.3829448944863
78	WGN36	23.6390382317803	1.95824370606895	1115	19.7967802910672	27.4812961724934
79	WGN36	21.6666666666668	1.38437731813819	1115	18.9503884388474	24.3829448944863
80	WGN36	21.3057048984469	1.95824370606895	1115	17.4634469577338	25.14796283916
81	WGN36	25.5000000000001	1.38437731813819	1115	22.7837217721807	28.2162782278196
82	WGN36	30.1666666666667	1.38437731813819	1115	27.4503884388473	32.8829448944862
83	WGN36	25.1666666666667	1.38437731813819	1115	22.4503884388473	27.8829448944862
84	WGN36	32.0000000000002	1.38437731813819	1115	29.2837217721807	34.7162782278196
85	WGN36	26.1666666666668	1.3843773181382	1115	23.4503884388473	28.8829448944862
86	WGN36	26.5000000000001	1.38437731813819	1115	23.7837217721807	29.2162782278195
87	WGN36	28.0000000000001	1.38437731813819	1115	25.2837217721807	30.7162782278196
88	WGN36	25.6666666666668	1.3843773181382	1115	22.9503884388473	28.3829448944862
89	WGN36	32.3333333333334	1.38437731813819	1115	29.617055105514	35.0496115611529
90	WGN36	29.1666666666667	1.38437731813819	1115	26.4503884388473	31.8829448944862
92	WGN36	26.5000000000001	1.38437731813819	1115	23.7837217721807	29.2162782278195
93	WGN36	25.0276284348866	1.95824370606894	1115	21.1853704941736	28.8698863755997
94	WGN36	25.6666666666668	1.3843773181382	1115	22.9503884388473	28.3829448944862
95	WGN36	27.8333333333334	1.38437731813819	1115	25.117055105514	30.5496115611528
96	WGN36	26.3333333333335	1.38437731813819	1115	23.617055105514	29.0496115611529
97	WGN36	27.5000000000001	1.3843773181382	1115	24.7837217721807	30.2162782278195
98	WGN36	28.3333333333334	1.3843773181382	1115	25.617055105514	31.0496115611529
99	WGN36	26.8333333333334	1.38437731813818	1115	24.117055105514	29.5496115611528
100	WGN36	23.6666666666668	1.38437731813819	1115	20.9503884388473	26.3829448944862
102	WGN36	27.9723715651136	1.95824370606895	1115	24.1301136244006	31.8146295058267
104	WGN36	26.5000000000001	1.3843773181382	1115	23.7837217721807	29.2162782278196
105	WGN36	29.0276284348866	1.95824370606896	1115	25.1853704941736	32.8698863755997
106	WGN36	26.0000000000001	1.3843773181382	1115	23.2837217721807	28.7162782278196
107	WGN36	22.1666666666668	1.38437731813819	1115	19.4503884388473	24.8829448944862
108	WGN36	27.1666666666668	1.38437731813819	1115	24.4503884388473	29.8829448944862
109	WGN36	27.8333333333334	1.38437731813819	1115	25.117055105514	30.5496115611528
110	WGN36	24.6666666666668	1.38437731813819	1115	21.9503884388474	27.3829448944862
112	WGN36	28.8333333333335	1.38437731813819	1115	26.1170551055141	31.5496115611529
114	WGN36	24.8333333333335	1.38437731813819	1115	22.117055105514	27.5496115611529
116	WGN36	23.3057048984469	1.95824370606895	1115	19.4634469577338	27.14796283916
117	WGN36	24.8333333333335	1.38437731813819	1115	22.117055105514	27.5496115611529
118	WGN36	23.6666666666667	1.3843773181382	1115	20.9503884388473	26.3829448944862
119	WGN36	23.6942951015533	1.95824370606896	1115	19.8520371608403	27.5365530422664
120	WGN36	25.8333333333334	1.38437731813819	1115	23.117055105514	28.5496115611529
121	WGN36	27.6666666666668	1.38437731813819	1115	24.9503884388474	30.3829448944862
122	WGN36	26.5000000000001	1.38437731813819	1115	23.7837217721807	29.2162782278195
123	WGN36	27.6666666666668	1.38437731813819	1115	24.9503884388473	30.3829448944862
124	WGN36	28.3333333333335	1.3843773181382	1115	25.6170551055141	31.049611561153
125	WGN36	28.5000000000001	1.38437731813819	1115	25.7837217721807	31.2162782278195
126	WGN36	25.8333333333334	1.38437731813819	1115	23.117055105514	28.5496115611528
127	WGN36	24.3333333333334	1.38437731813819	1115	21.617055105514	27.0496115611529
128	WGN36	28.3333333333335	1.38437731813819	1115	25.617055105514	31.0496115611529
129	WGN36	23.0000000000001	1.38437731813819	1115	20.2837217721807	25.7162782278196
130	WGN36	27.3333333333334	1.38437731813819	1115	24.617055105514	30.0496115611529
1	WGN38	26.8333333333334	1.38437731813831	1115	24.1170551055137	29.5496115611531
2	WGN38	28.3333333333333	1.3843773181382	1115	25.6170551055139	31.0496115611528
3	WGN38	27.0276284348865	1.95824370606894	1115	23.1853704941734	30.8698863755995
4	WGN38	25.1666666666667	1.38437731813818	1115	22.4503884388473	27.8829448944861
5	WGN38	24.1666666666668	1.38437731813818	1115	21.4503884388474	26.8829448944862
6	WGN38	27.9999999999999	1.38437731813815	1115	25.2837217721806	30.7162782278193
7	WGN38	30.4999999999999	1.38437731813818	1115	27.7837217721805	33.2162782278193
8	WGN38	31.1666666666666	1.38437731813817	1115	28.4503884388472	33.882944894486
10	WGN38	29.1666666666666	1.38437731813816	1115	26.4503884388472	31.8829448944859
11	WGN38	25.4999999999999	1.38437731813822	1115	22.7837217721805	28.2162782278194
12	WGN38	23.6666666666666	1.38437731813819	1115	20.9503884388472	26.3829448944861
13	WGN38	25.8333333333334	1.38437731813817	1115	23.117055105514	28.5496115611527
14	WGN38	28.1666666666668	1.38437731813821	1115	25.4503884388473	30.8829448944863
16	WGN38	26.5000000000001	1.38437731813816	1115	23.7837217721807	29.2162782278194
18	WGN38	28	1.38437731813818	1115	25.2837217721806	30.7162782278195
19	WGN38	27.6666666666666	1.38437731813819	1115	24.9503884388472	30.3829448944861
20	WGN38	29.8333333333334	1.38437731813819	1115	27.117055105514	32.5496115611528
21	WGN38	22.1666666666667	1.38437731813817	1115	19.4503884388474	24.8829448944861
22	WGN38	28.6666666666667	1.38437731813819	1115	25.9503884388473	31.3829448944861
23	WGN38	27.3333333333333	1.38437731813817	1115	24.6170551055139	30.0496115611526
24	WGN38	22.6666666666666	1.38437731813819	1115	19.9503884388472	25.382944894486
26	WGN38	33.1666666666668	1.38437731813819	1115	30.4503884388474	35.8829448944862
27	WGN38	25.8333333333333	1.3843773181382	1115	23.1170551055139	28.5496115611527
28	WGN38	28.5	1.38437731813819	1115	25.7837217721806	31.2162782278194
29	WGN38	27.8333333333334	1.3843773181382	1115	25.117055105514	30.5496115611529
30	WGN38	26.6666666666667	1.3843773181382	1115	23.9503884388472	29.3829448944861
32	WGN38	29.6666666666667	1.38437731813819	1115	26.9503884388472	32.3829448944861
33	WGN38	29.5	1.38437731813819	1115	26.7837217721806	32.2162782278194
34	WGN38	28.3333333333334	1.38437731813819	1115	25.6170551055139	31.0496115611528
35	WGN38	24.1666666666667	1.38437731813817	1115	21.4503884388474	26.8829448944861
36	WGN38	27.6666666666667	1.38437731813819	1115	24.9503884388473	30.3829448944861
37	WGN38	27	1.38437731813819	1115	24.2837217721806	29.7162782278194
38	WGN38	33.3333333333335	1.3843773181382	1115	30.617055105514	36.0496115611529
39	WGN38	29.3333333333334	1.3843773181382	1115	26.6170551055139	32.0496115611528
40	WGN38	30.5	1.38437731813819	1115	27.7837217721806	33.2162782278195
41	WGN38	27.1666666666667	1.38437731813819	1115	24.4503884388473	29.8829448944861
42	WGN38	25	1.38437731813819	1115	22.2837217721806	27.7162782278194
45	WGN38	25.8333333333333	1.38437731813819	1115	23.1170551055139	28.5496115611527
46	WGN38	28.5000000000001	1.3843773181382	1115	25.7837217721806	31.2162782278195
47	WGN38	25.1666666666667	1.38437731813817	1115	22.4503884388473	27.8829448944861
48	WGN38	29.8333333333333	1.38437731813819	1115	27.1170551055139	32.5496115611528
49	WGN38	26.5	1.38437731813819	1115	23.7837217721806	29.2162782278194
50	WGN38	29.1666666666667	1.38437731813819	1115	26.4503884388472	31.8829448944861
51	WGN38	25.8333333333334	1.38437731813816	1115	23.117055105514	28.5496115611528
52	WGN38	26.8333333333334	1.3843773181382	1115	24.1170551055139	29.5496115611528
53	WGN38	28.6666666666666	1.38437731813817	1115	25.9503884388472	31.382944894486
54	WGN38	26.6666666666667	1.3843773181382	1115	23.9503884388472	29.3829448944861
55	WGN38	24.6942951015531	1.95824370606896	1115	20.8520371608401	28.5365530422662
56	WGN38	21.8333333333334	1.38437731813818	1115	19.117055105514	24.5496115611528
59	WGN38	30	1.38437731813818	1115	27.2837217721806	32.7162782278194
61	WGN38	29	1.3843773181382	1115	26.2837217721806	31.7162782278195
63	WGN38	29.5	1.38437731813819	1115	26.7837217721806	32.2162782278194
64	WGN38	26.3333333333334	1.3843773181382	1115	23.6170551055139	29.0496115611528
65	WGN38	26.8333333333333	1.38437731813818	1115	24.1170551055139	29.5496115611528
66	WGN38	26.8333333333333	1.38437731813819	1115	24.1170551055139	29.5496115611528
67	WGN38	29	1.38437731813818	1115	26.2837217721806	31.7162782278194
68	WGN38	28.8333333333333	1.38437731813818	1115	26.1170551055139	31.5496115611527
69	WGN38	30.8333333333333	1.38437731813819	1115	28.1170551055139	33.5496115611527
70	WGN38	28.5	1.38437731813819	1115	25.7837217721806	31.2162782278194
72	WGN38	25.1666666666666	1.3843773181382	1115	22.4503884388472	27.882944894486
73	WGN38	27.5	1.3843773181382	1115	24.7837217721806	30.2162782278195
74	WGN38	27.8333333333333	1.38437731813818	1115	25.1170551055139	30.5496115611527
76	WGN38	27.8333333333333	1.38437731813818	1115	25.1170551055139	30.5496115611527
77	WGN38	30	1.38437731813818	1115	27.2837217721805	32.7162782278194
78	WGN38	30.5000000000001	1.3843773181382	1115	27.7837217721806	33.2162782278195
80	WGN38	26.6666666666667	1.38437731813819	1115	23.9503884388473	29.3829448944861
81	WGN38	23	1.38437731813819	1115	20.2837217721806	25.7162782278194
82	WGN38	28.6666666666667	1.38437731813819	1115	25.9503884388472	31.3829448944861
83	WGN38	26.6666666666667	1.38437731813818	1115	23.9503884388473	29.3829448944861
84	WGN38	28.8333333333333	1.38437731813819	1115	26.1170551055139	31.5496115611527
85	WGN38	28.6942951015532	1.95824370606894	1115	24.8520371608401	32.5365530422662
86	WGN38	30.5	1.38437731813819	1115	27.7837217721806	33.2162782278194
87	WGN38	27.1666666666667	1.38437731813819	1115	24.4503884388472	29.8829448944861
88	WGN38	29.8333333333334	1.38437731813819	1115	27.1170551055139	32.5496115611528
89	WGN38	27.6666666666666	1.38437731813819	1115	24.9503884388472	30.3829448944861
90	WGN38	29.8333333333333	1.38437731813819	1115	27.1170551055139	32.5496115611527
91	WGN38	29.1666666666667	1.38437731813819	1115	26.4503884388473	31.8829448944861
92	WGN38	29.5	1.38437731813819	1115	26.7837217721806	32.2162782278194
93	WGN38	22.5	1.38437731813819	1115	19.7837217721806	25.2162782278194
94	WGN38	24	1.38437731813819	1115	21.2837217721806	26.7162782278194
95	WGN38	29	1.38437731813819	1115	26.2837217721806	31.7162782278194
96	WGN38	27.8333333333333	1.38437731813819	1115	25.1170551055139	30.5496115611527
97	WGN38	28.3333333333334	1.38437731813819	1115	25.6170551055139	31.0496115611528
98	WGN38	28.3333333333334	1.38437731813819	1115	25.6170551055139	31.0496115611528
99	WGN38	27.8333333333333	1.38437731813819	1115	25.1170551055139	30.5496115611527
100	WGN38	30.6666666666666	1.38437731813819	1115	27.9503884388472	33.3829448944861
101	WGN38	27.1666666666667	1.38437731813819	1115	24.4503884388473	29.8829448944861
102	WGN38	26.8333333333333	1.38437731813819	1115	24.1170551055139	29.5496115611528
103	WGN38	30	1.38437731813819	1115	27.2837217721806	32.7162782278194
104	WGN38	31.1666666666667	1.38437731813819	1115	28.4503884388472	33.8829448944861
106	WGN38	27.1666666666666	1.38437731813819	1115	24.4503884388472	29.8829448944861
107	WGN38	31.3333333333333	1.38437731813819	1115	28.6170551055139	34.0496115611527
108	WGN38	27.8333333333334	1.38437731813819	1115	25.1170551055139	30.5496115611528
109	WGN38	26.5	1.38437731813819	1115	23.7837217721806	29.2162782278194
110	WGN38	27.8333333333333	1.38437731813819	1115	25.1170551055139	30.5496115611527
111	WGN38	27.8333333333334	1.38437731813819	1115	25.1170551055139	30.5496115611528
113	WGN38	25.3333333333333	1.38437731813819	1115	22.6170551055139	28.0496115611528
114	WGN38	25	1.38437731813819	1115	22.2837217721806	27.7162782278194
115	WGN38	31.3333333333333	1.38437731813819	1115	28.6170551055139	34.0496115611527
1	WGN39	27.6666666666667	1.38437731813811	1115	24.9503884388474	30.382944894486
2	WGN39	24.6666666666665	1.3843773181382	1115	21.950388438847	27.3829448944859
3	WGN39	26.4999999999999	1.38437731813821	1115	23.7837217721804	29.2162782278193
4	WGN39	28.4999999999999	1.38437731813818	1115	25.7837217721805	31.2162782278193
5	WGN39	27.9999999999998	1.38437731813818	1115	25.2837217721804	30.7162782278193
6	WGN39	24.8333333333334	1.38437731813818	1115	22.117055105514	27.5496115611528
7	WGN39	24.8333333333333	1.38437731813817	1115	22.1170551055139	27.5496115611527
8	WGN39	25.8333333333333	1.38437731813819	1115	23.1170551055139	28.5496115611527
9	WGN39	26.3333333333332	1.38437731813821	1115	23.6170551055137	29.0496115611526
10	WGN39	22.8333333333334	1.38437731813818	1115	20.117055105514	25.5496115611528
11	WGN39	26.3333333333332	1.38437731813819	1115	23.6170551055138	29.0496115611526
12	WGN39	29	1.38437731813821	1115	26.2837217721806	31.7162782278195
13	WGN39	19.8333333333334	1.38437731813818	1115	17.117055105514	22.5496115611528
14	WGN39	27.3333333333332	1.38437731813817	1115	24.6170551055138	30.0496115611526
15	WGN39	22.8333333333331	1.38437731813821	1115	20.1170551055137	25.5496115611526
16	WGN39	29.6666666666667	1.38437731813821	1115	26.9503884388472	32.3829448944862
17	WGN39	26.8333333333332	1.3843773181382	1115	24.1170551055137	29.5496115611526
18	WGN39	31.9999999999998	1.38437731813818	1115	29.2837217721804	34.7162782278192
19	WGN39	24.6666666666664	1.38437731813821	1115	21.9503884388469	27.3829448944858
20	WGN39	23.1666666666664	1.3843773181382	1115	20.450388438847	25.8829448944859
21	WGN39	25.3333333333333	1.38437731813821	1115	22.6170551055138	28.0496115611527
22	WGN39	23.8333333333333	1.38437731813819	1115	21.1170551055139	26.5496115611527
24	WGN39	29.1666666666666	1.38437731813821	1115	26.4503884388471	31.8829448944861
25	WGN39	21.9999999999998	1.38437731813821	1115	19.2837217721804	24.7162782278193
26	WGN39	26.3609617682197	1.95824370606896	1115	22.5187038275066	30.2032197089328
27	WGN39	28.6666666666666	1.38437731813819	1115	25.9503884388472	31.382944894486
28	WGN39	26.4999999999999	1.38437731813819	1115	23.7837217721805	29.2162782278194
29	WGN39	25.9999999999999	1.3843773181382	1115	23.2837217721804	28.7162782278193
30	WGN39	29.3333333333334	1.38437731813821	1115	26.6170551055139	32.0496115611529
31	WGN39	25.9999999999999	1.38437731813819	1115	23.2837217721805	28.7162782278194
32	WGN39	25.3333333333334	1.38437731813816	1115	22.617055105514	28.0496115611527
34	WGN39	29.3333333333333	1.38437731813819	1115	26.6170551055139	32.0496115611527
35	WGN39	27.1666666666666	1.3843773181382	1115	24.4503884388472	29.8829448944861
36	WGN39	27.6666666666665	1.3843773181382	1115	24.9503884388471	30.382944894486
37	WGN39	22.8333333333332	1.3843773181382	1115	20.1170551055137	25.5496115611527
38	WGN39	27.4999999999999	1.38437731813821	1115	24.7837217721804	30.2162782278194
39	WGN39	24.3333333333333	1.3843773181382	1115	21.6170551055138	27.0496115611527
40	WGN39	27.3333333333332	1.38437731813818	1115	24.6170551055138	30.0496115611526
41	WGN39	29.3333333333332	1.38437731813818	1115	26.6170551055138	32.0496115611526
42	WGN39	25.1666666666667	1.38437731813818	1115	22.4503884388472	27.8829448944861
43	WGN39	30.3609617682196	1.95824370606895	1115	26.5187038275066	34.2032197089327
44	WGN39	25.8333333333333	1.38437731813817	1115	23.1170551055139	28.5496115611527
45	WGN39	27.6666666666666	1.3843773181382	1115	24.9503884388471	30.382944894486
46	WGN39	25.9723715651135	1.95824370606892	1115	22.1301136244005	29.8146295058265
47	WGN39	26.3333333333332	1.38437731813822	1115	23.6170551055137	29.0496115611527
48	WGN39	23.9999999999999	1.38437731813819	1115	21.2837217721805	26.7162782278194
49	WGN39	27.3333333333332	1.3843773181382	1115	24.6170551055138	30.0496115611527
50	WGN39	24	1.38437731813818	1115	21.2837217721806	26.7162782278194
51	WGN39	26.3333333333332	1.38437731813819	1115	23.6170551055138	29.0496115611526
52	WGN39	26.5	1.38437731813817	1115	23.7837217721806	29.2162782278194
53	WGN39	24.5	1.38437731813818	1115	21.7837217721806	27.2162782278194
54	WGN39	27.9999999999999	1.38437731813819	1115	25.2837217721805	30.7162782278193
55	WGN39	27.6666666666666	1.38437731813819	1115	24.9503884388471	30.382944894486
56	WGN39	24.5	1.38437731813818	1115	21.7837217721806	27.2162782278194
57	WGN39	24.9999999999999	1.38437731813819	1115	22.2837217721805	27.7162782278193
58	WGN39	25.8333333333332	1.38437731813818	1115	23.1170551055138	28.5496115611527
59	WGN39	26.8333333333333	1.38437731813818	1115	24.1170551055139	29.5496115611527
60	WGN39	25.1666666666666	1.38437731813819	1115	22.4503884388472	27.8829448944861
61	WGN39	28.8333333333333	1.3843773181382	1115	26.1170551055139	31.5496115611527
62	WGN39	24.9999999999999	1.38437731813819	1115	22.2837217721805	27.7162782278194
63	WGN39	22.1666666666665	1.38437731813819	1115	19.4503884388471	24.882944894486
64	WGN39	25.3333333333332	1.38437731813819	1115	22.6170551055138	28.0496115611527
65	WGN39	23.5	1.38437731813818	1115	20.7837217721806	26.2162782278194
66	WGN39	26.8333333333332	1.3843773181382	1115	24.1170551055138	29.5496115611527
67	WGN39	29.1666666666666	1.38437731813818	1115	26.4503884388472	31.882944894486
68	WGN39	28.6390382317801	1.95824370606894	1115	24.7967802910671	32.4812961724932
69	WGN39	24.5	1.38437731813818	1115	21.7837217721806	27.2162782278194
70	WGN39	26.6390382317801	1.95824370606895	1115	22.796780291067	30.4812961724931
71	WGN39	25.3333333333332	1.3843773181382	1115	22.6170551055138	28.0496115611527
72	WGN39	27.8333333333332	1.38437731813818	1115	25.1170551055138	30.5496115611526
73	WGN39	27.4999999999999	1.38437731813819	1115	24.7837217721805	30.2162782278194
74	WGN39	28.1666666666666	1.38437731813819	1115	25.4503884388471	30.882944894486
75	WGN39	25.3333333333332	1.3843773181382	1115	22.6170551055138	28.0496115611526
76	WGN39	23	1.38437731813819	1115	20.2837217721805	25.7162782278194
77	WGN39	20.3333333333333	1.38437731813819	1115	17.6170551055139	23.0496115611528
78	WGN39	24.3333333333333	1.38437731813818	1115	21.6170551055139	27.0496115611527
79	WGN39	26.6666666666666	1.38437731813819	1115	23.9503884388472	29.382944894486
80	WGN39	25.4999999999999	1.38437731813819	1115	22.7837217721805	28.2162782278193
81	WGN39	22.6666666666666	1.38437731813819	1115	19.9503884388472	25.3829448944861
82	WGN39	28.8333333333332	1.38437731813819	1115	26.1170551055138	31.5496115611527
83	WGN39	25.4999999999999	1.38437731813819	1115	22.7837217721805	28.2162782278193
84	WGN39	30.3333333333332	1.38437731813819	1115	27.6170551055138	33.0496115611527
85	WGN39	26.3333333333333	1.38437731813819	1115	23.6170551055139	29.0496115611527
86	WGN39	28.8333333333332	1.38437731813819	1115	26.1170551055138	31.5496115611526
87	WGN39	24.8333333333332	1.38437731813819	1115	22.1170551055138	27.5496115611526
88	WGN39	23.9723715651134	1.95824370606896	1115	20.1301136244003	27.8146295058265
89	WGN39	26.1666666666666	1.38437731813819	1115	23.4503884388471	28.882944894486
90	WGN39	27.1666666666666	1.38437731813819	1115	24.4503884388471	29.882944894486
91	WGN39	20.1666666666666	1.38437731813819	1115	17.4503884388472	22.882944894486
92	WGN39	25.6666666666666	1.3843773181382	1115	22.9503884388471	28.382944894486
93	WGN39	25.8333333333333	1.3843773181382	1115	23.1170551055138	28.5496115611527
94	WGN39	23.8333333333333	1.38437731813819	1115	21.1170551055138	26.5496115611527
95	WGN39	27.4999999999999	1.3843773181382	1115	24.7837217721805	30.2162782278193
96	WGN39	29.3333333333333	1.38437731813819	1115	26.6170551055138	32.0496115611527
97	WGN39	28.4999999999999	1.38437731813819	1115	25.7837217721805	31.2162782278193
98	WGN39	24.9999999999999	1.38437731813819	1115	22.2837217721805	27.7162782278193
99	WGN39	25.4999999999999	1.38437731813819	1115	22.7837217721805	28.2162782278193
100	WGN39	28.8333333333333	1.38437731813819	1115	26.1170551055138	31.5496115611527
101	WGN39	25.3333333333332	1.38437731813819	1115	22.6170551055138	28.0496115611527
102	WGN39	21.9999999999999	1.38437731813819	1115	19.2837217721805	24.7162782278193
104	WGN39	24.8333333333333	1.38437731813819	1115	22.1170551055138	27.5496115611527
105	WGN39	25.3333333333333	1.38437731813819	1115	22.6170551055138	28.0496115611527
106	WGN39	27.4999999999999	1.38437731813819	1115	24.7837217721805	30.2162782278193
107	WGN39	29.4999999999999	1.38437731813819	1115	26.7837217721805	32.2162782278193
108	WGN39	27.9999999999999	1.38437731813819	1115	25.2837217721805	30.7162782278193
109	WGN39	22.8333333333333	1.38437731813819	1115	20.1170551055139	25.5496115611527
110	WGN39	29.9999999999999	1.38437731813819	1115	27.2837217721805	32.7162782278193
111	WGN39	24.6666666666666	1.38437731813819	1115	21.9503884388471	27.382944894486
112	WGN39	27.1666666666666	1.38437731813819	1115	24.4503884388471	29.882944894486
113	WGN39	27.8333333333332	1.38437731813819	1115	25.1170551055138	30.5496115611526
114	WGN39	24.8333333333332	1.38437731813819	1115	22.1170551055138	27.5496115611526
115	WGN39	26.4999999999999	1.38437731813819	1115	23.7837217721805	29.2162782278194
116	WGN39	28.8333333333332	1.38437731813819	1115	26.1170551055138	31.5496115611526
117	WGN39	21.1666666666666	1.38437731813819	1115	18.4503884388472	23.8829448944861
118	WGN39	28.4999999999999	1.38437731813819	1115	25.7837217721805	31.2162782278193
120	WGN39	25.6666666666666	1.38437731813819	1115	22.9503884388471	28.382944894486
121	WGN39	26.6666666666666	1.38437731813819	1115	23.9503884388471	29.382944894486
122	WGN39	24.9999999999999	1.38437731813819	1115	22.2837217721805	27.7162782278193
123	WGN39	27.4999999999999	1.38437731813819	1115	24.7837217721805	30.2162782278193
124	WGN39	29.3333333333333	1.38437731813819	1115	26.6170551055138	32.0496115611527
125	WGN39	24.9999999999999	1.38437731813819	1115	22.2837217721805	27.7162782278193
126	WGN39	25.9999999999999	1.38437731813819	1115	23.2837217721805	28.7162782278193
127	WGN39	25.1666666666666	1.38437731813819	1115	22.4503884388471	27.882944894486
128	WGN39	25.1666666666666	1.38437731813819	1115	22.4503884388471	27.882944894486
129	WGN39	32.9999999999999	1.38437731813819	1115	30.2837217721805	35.7162782278194
130	WGN39	24.4999999999999	1.38437731813819	1115	21.7837217721805	27.2162782278193
1	WGN45	28.6666666666669	1.38437731813821	1115	25.9503884388474	31.3829448944864
2	WGN45	28.6666666666668	1.38437731813819	1115	25.9503884388474	31.3829448944862
3	WGN45	20.9723715651135	1.95824370606895	1115	17.1301136244004	24.8146295058265
4	WGN45	29.0000000000001	1.38437731813818	1115	26.2837217721807	31.7162782278195
5	WGN45	27	1.38437731813819	1115	24.2837217721806	29.7162782278195
6	WGN45	30.8333333333335	1.3843773181382	1115	28.1170551055141	33.549611561153
7	WGN45	31.1666666666669	1.38437731813821	1115	28.4503884388474	33.8829448944864
8	WGN45	29.1666666666668	1.38437731813817	1115	26.4503884388474	31.8829448944862
9	WGN45	26.1666666666668	1.38437731813818	1115	23.4503884388474	28.8829448944862
10	WGN45	26.8333333333335	1.38437731813819	1115	24.1170551055141	29.5496115611529
11	WGN45	25.8333333333335	1.38437731813818	1115	23.1170551055141	28.549611561153
12	WGN45	32.1666666666667	1.38437731813819	1115	29.4503884388473	34.8829448944862
13	WGN45	30.5	1.38437731813817	1115	27.7837217721807	33.2162782278194
14	WGN45	30.1666666666668	1.3843773181382	1115	27.4503884388474	32.8829448944863
15	WGN45	23.6942951015534	1.95824370606894	1115	19.8520371608403	27.5365530422664
16	WGN45	29.6666666666667	1.38437731813817	1115	26.9503884388473	32.3829448944861
17	WGN45	27.1666666666667	1.38437731813821	1115	24.4503884388473	29.8829448944862
18	WGN45	28.3333333333333	1.38437731813819	1115	25.6170551055139	31.0496115611528
19	WGN45	24.3333333333334	1.3843773181382	1115	21.6170551055139	27.0496115611528
20	WGN45	32.3333333333335	1.3843773181382	1115	29.617055105514	35.0496115611529
22	WGN45	27.8333333333334	1.3843773181382	1115	25.117055105514	30.5496115611529
23	WGN45	19.6390382317802	1.95824370606895	1115	15.7967802910671	23.4812961724932
24	WGN45	26.1666666666669	1.38437731813817	1115	23.4503884388475	28.8829448944863
25	WGN45	27.1666666666668	1.38437731813818	1115	24.4503884388474	29.8829448944862
26	WGN45	30.3333333333334	1.3843773181382	1115	27.617055105514	33.0496115611529
28	WGN45	28.1666666666668	1.38437731813819	1115	25.4503884388474	30.8829448944862
29	WGN45	25.6666666666667	1.38437731813819	1115	22.9503884388473	28.3829448944862
31	WGN45	28.3333333333334	1.38437731813819	1115	25.617055105514	31.0496115611528
32	WGN45	25.3333333333335	1.38437731813818	1115	22.6170551055141	28.0496115611529
33	WGN45	21.8333333333334	1.3843773181382	1115	19.117055105514	24.5496115611528
34	WGN45	24.3333333333334	1.38437731813819	1115	21.617055105514	27.0496115611529
35	WGN45	27.3333333333335	1.38437731813818	1115	24.6170551055141	30.0496115611529
36	WGN45	30.5	1.38437731813821	1115	27.7837217721806	33.2162782278195
37	WGN45	28.8333333333335	1.38437731813818	1115	26.117055105514	31.5496115611529
38	WGN45	27.1666666666667	1.3843773181382	1115	24.4503884388473	29.8829448944862
40	WGN45	22.8333333333335	1.38437731813818	1115	20.1170551055141	25.5496115611529
41	WGN45	31.3333333333335	1.3843773181382	1115	28.617055105514	34.0496115611529
42	WGN45	26.8333333333334	1.38437731813819	1115	24.117055105514	29.5496115611529
43	WGN45	32.1666666666668	1.3843773181382	1115	29.4503884388474	34.8829448944863
44	WGN45	30.6666666666667	1.38437731813819	1115	27.9503884388473	33.3829448944862
45	WGN45	29.6666666666668	1.38437731813819	1115	26.9503884388473	32.3829448944862
46	WGN45	22.1666666666666	1.38437731813821	1115	19.4503884388471	24.8829448944861
47	WGN45	19.6942951015535	1.95824370606894	1115	15.8520371608405	23.5365530422666
48	WGN45	24.8333333333335	1.38437731813818	1115	22.1170551055141	27.5496115611529
49	WGN45	28.5000000000001	1.3843773181382	1115	25.7837217721807	31.2162782278196
50	WGN45	25.1666666666668	1.38437731813819	1115	22.4503884388473	27.8829448944862
52	WGN45	26.8333333333334	1.3843773181382	1115	24.117055105514	29.5496115611529
53	WGN45	30.8333333333334	1.38437731813818	1115	28.117055105514	33.5496115611528
54	WGN45	28.1666666666668	1.38437731813821	1115	25.4503884388473	30.8829448944863
55	WGN45	30.8333333333335	1.38437731813819	1115	28.1170551055141	33.5496115611529
56	WGN45	30.0000000000001	1.38437731813821	1115	27.2837217721807	32.7162782278196
57	WGN45	27.0000000000001	1.38437731813819	1115	24.2837217721807	29.7162782278195
58	WGN45	27.5000000000001	1.38437731813819	1115	24.7837217721807	30.2162782278196
59	WGN45	25.8333333333334	1.3843773181382	1115	23.1170551055139	28.5496115611528
60	WGN45	22.6390382317803	1.95824370606896	1115	18.7967802910672	26.4812961724933
61	WGN45	33.0000000000001	1.38437731813819	1115	30.2837217721807	35.7162782278195
62	WGN45	30.1666666666668	1.38437731813819	1115	27.4503884388473	32.8829448944862
64	WGN45	26.3333333333334	1.3843773181382	1115	23.617055105514	29.0496115611529
65	WGN45	25.3333333333335	1.38437731813818	1115	22.6170551055141	28.0496115611529
66	WGN45	28.6666666666668	1.38437731813819	1115	25.9503884388474	31.3829448944862
68	WGN45	30.0000000000001	1.38437731813819	1115	27.2837217721807	32.7162782278195
69	WGN45	27.6666666666668	1.38437731813818	1115	24.9503884388473	30.3829448944862
70	WGN45	27.9723715651136	1.95824370606895	1115	24.1301136244006	31.8146295058267
71	WGN45	27.5	1.3843773181382	1115	24.7837217721806	30.2162782278195
72	WGN45	30.8333333333335	1.3843773181382	1115	28.117055105514	33.5496115611529
73	WGN45	27.9723715651136	1.95824370606895	1115	24.1301136244005	31.8146295058266
74	WGN45	28.6666666666668	1.38437731813819	1115	25.9503884388473	31.3829448944862
75	WGN45	29.1666666666668	1.3843773181382	1115	26.4503884388474	31.8829448944862
76	WGN45	26.8333333333335	1.38437731813819	1115	24.117055105514	29.5496115611529
77	WGN45	30.8333333333335	1.3843773181382	1115	28.117055105514	33.5496115611529
78	WGN45	25.6666666666668	1.38437731813819	1115	22.9503884388474	28.3829448944862
80	WGN45	28.6666666666668	1.38437731813819	1115	25.9503884388473	31.3829448944862
81	WGN45	25.0000000000001	1.38437731813819	1115	22.2837217721807	27.7162782278195
82	WGN45	27.1666666666668	1.3843773181382	1115	24.4503884388474	29.8829448944862
84	WGN45	27.6666666666667	1.3843773181382	1115	24.9503884388473	30.3829448944862
85	WGN45	30.9723715651136	1.95824370606894	1115	27.1301136244005	34.8146295058266
86	WGN45	27.1666666666667	1.3843773181382	1115	24.4503884388473	29.8829448944862
87	WGN45	32.3333333333334	1.38437731813818	1115	29.617055105514	35.0496115611528
88	WGN45	30.6666666666668	1.3843773181382	1115	27.9503884388473	33.3829448944862
89	WGN45	28.6666666666668	1.38437731813819	1115	25.9503884388474	31.3829448944862
90	WGN45	29.3333333333334	1.3843773181382	1115	26.617055105514	32.0496115611529
92	WGN45	27.5000000000001	1.38437731813819	1115	24.7837217721807	30.2162782278195
93	WGN45	24.5000000000001	1.3843773181382	1115	21.7837217721806	27.2162782278195
94	WGN45	24.0000000000001	1.3843773181382	1115	21.2837217721807	26.7162782278196
95	WGN45	26.8333333333334	1.38437731813819	1115	24.117055105514	29.5496115611529
96	WGN45	26.0000000000001	1.38437731813819	1115	23.2837217721807	28.7162782278195
98	WGN45	33.0000000000001	1.38437731813819	1115	30.2837217721807	35.7162782278195
99	WGN45	23.6942951015533	1.95824370606895	1115	19.8520371608403	27.5365530422664
100	WGN45	28.6666666666668	1.38437731813819	1115	25.9503884388473	31.3829448944862
101	WGN45	26.0000000000001	1.38437731813819	1115	23.2837217721807	28.7162782278195
102	WGN45	30.0000000000001	1.38437731813819	1115	27.2837217721807	32.7162782278195
103	WGN45	30.9723715651136	1.95824370606895	1115	27.1301136244005	34.8146295058267
104	WGN45	26.1666666666668	1.3843773181382	1115	23.4503884388473	28.8829448944862
105	WGN45	27.6666666666668	1.38437731813819	1115	24.9503884388473	30.3829448944862
106	WGN45	26.6666666666668	1.38437731813819	1115	23.9503884388474	29.3829448944863
107	WGN45	27.1666666666668	1.38437731813819	1115	24.4503884388473	29.8829448944862
108	WGN45	32.5000000000001	1.3843773181382	1115	29.7837217721807	35.2162782278196
109	WGN45	32.0000000000001	1.38437731813819	1115	29.2837217721807	34.7162782278195
110	WGN45	26.3333333333334	1.38437731813819	1115	23.617055105514	29.0496115611529
111	WGN45	26.0000000000001	1.38437731813819	1115	23.2837217721807	28.7162782278195
112	WGN45	27.5000000000001	1.38437731813819	1115	24.7837217721807	30.2162782278195
113	WGN45	25.9723715651136	1.95824370606895	1115	22.1301136244005	29.8146295058267
114	WGN45	25.5000000000001	1.38437731813819	1115	22.7837217721807	28.2162782278195
115	WGN45	23.7500000000001	1.38437731813819	1115	21.0337217721807	26.4662782278195
116	WGN45	32.0000000000001	1.38437731813819	1115	29.2837217721807	34.7162782278196
117	WGN45	22.5000000000001	1.38437731813819	1115	19.7837217721807	25.2162782278195
118	WGN45	29.6942951015533	1.95824370606895	1115	25.8520371608402	33.5365530422664
119	WGN45	27.5000000000001	1.38437731813819	1115	24.7837217721807	30.2162782278195
120	WGN45	27.1666666666668	1.38437731813819	1115	24.4503884388474	29.8829448944862
121	WGN45	22.3333333333334	1.38437731813819	1115	19.617055105514	25.0496115611529
122	WGN45	30.6666666666668	1.38437731813819	1115	27.9503884388474	33.3829448944862
123	WGN45	30.1666666666668	1.38437731813819	1115	27.4503884388474	32.8829448944862
124	WGN45	29.5000000000001	1.38437731813819	1115	26.7837217721807	32.2162782278195
126	WGN45	25.6666666666668	1.38437731813819	1115	22.9503884388474	28.3829448944862
127	WGN45	27.0000000000001	1.38437731813819	1115	24.2837217721807	29.7162782278195
128	WGN45	25.0000000000001	1.38437731813819	1115	22.2837217721807	27.7162782278195
129	WGN45	28.8333333333334	1.38437731813819	1115	26.117055105514	31.5496115611528
130	WGN45	30.0276284348866	1.95824370606895	1115	26.1853704941735	33.8698863755997
1	WGN46	30.3333333333336	1.38437731813812	1115	27.6170551055143	33.0496115611529
2	WGN46	28.3333333333333	1.3843773181382	1115	25.6170551055139	31.0496115611528
3	WGN46	30.5	1.38437731813819	1115	27.7837217721805	33.2162782278194
4	WGN46	24.1666666666666	1.38437731813819	1115	21.4503884388472	26.8829448944861
6	WGN46	31.0276284348864	1.95824370606895	1115	27.1853704941733	34.8698863755994
7	WGN46	29.1666666666664	1.38437731813818	1115	26.450388438847	31.8829448944858
8	WGN46	26.6390382317801	1.95824370606894	1115	22.796780291067	30.4812961724931
9	WGN46	31.1666666666666	1.38437731813821	1115	28.4503884388472	33.8829448944861
10	WGN46	26.3333333333334	1.38437731813818	1115	23.617055105514	29.0496115611528
11	WGN46	25.3333333333333	1.38437731813818	1115	22.6170551055138	28.0496115611527
12	WGN46	24.8333333333331	1.38437731813821	1115	22.1170551055137	27.5496115611526
13	WGN46	33.3333333333334	1.38437731813821	1115	30.6170551055139	36.0496115611528
14	WGN46	26.1666666666667	1.38437731813817	1115	23.4503884388473	28.8829448944861
15	WGN46	27.8333333333332	1.3843773181382	1115	25.1170551055137	30.5496115611526
16	WGN46	33.4999999999999	1.38437731813819	1115	30.7837217721804	36.2162782278193
17	WGN46	30.1666666666666	1.3843773181382	1115	27.4503884388471	32.882944894486
18	WGN46	31.3333333333332	1.38437731813818	1115	28.6170551055138	34.0496115611526
19	WGN46	29.6666666666666	1.38437731813819	1115	26.9503884388472	32.382944894486
20	WGN46	23.0276284348863	1.95824370606897	1115	19.1853704941732	26.8698863755994
21	WGN46	30.6390382317801	1.95824370606896	1115	26.796780291067	34.4812961724932
22	WGN46	31.4999999999999	1.38437731813821	1115	28.7837217721805	34.2162782278194
23	WGN46	28.4999999999999	1.3843773181382	1115	25.7837217721805	31.2162782278194
24	WGN46	32.1666666666666	1.38437731813819	1115	29.4503884388472	34.882944894486
25	WGN46	28.6666666666666	1.38437731813819	1115	25.9503884388472	31.382944894486
26	WGN46	30.1666666666666	1.38437731813819	1115	27.4503884388472	32.882944894486
27	WGN46	29.6942951015531	1.95824370606896	1115	25.8520371608401	33.5365530422662
28	WGN46	23.6666666666668	1.38437731813817	1115	20.9503884388474	26.3829448944862
29	WGN46	30.1666666666666	1.38437731813819	1115	27.4503884388472	32.8829448944861
30	WGN46	30.1666666666666	1.38437731813818	1115	27.4503884388472	32.882944894486
31	WGN46	30.3333333333333	1.38437731813819	1115	27.6170551055139	33.0496115611527
32	WGN46	30.1666666666666	1.38437731813818	1115	27.4503884388472	32.882944894486
33	WGN46	27.4999999999999	1.38437731813821	1115	24.7837217721804	30.2162782278193
34	WGN46	30.9999999999999	1.3843773181382	1115	28.2837217721805	33.7162782278194
36	WGN46	26.8333333333332	1.3843773181382	1115	24.1170551055138	29.5496115611527
37	WGN46	27.8333333333333	1.38437731813819	1115	25.1170551055138	30.5496115611527
38	WGN46	31.4999999999999	1.3843773181382	1115	28.7837217721804	34.2162782278194
39	WGN46	27.1666666666666	1.38437731813819	1115	24.4503884388472	29.882944894486
40	WGN46	30.8333333333333	1.3843773181382	1115	28.1170551055138	33.5496115611527
41	WGN46	33.1666666666665	1.38437731813818	1115	30.4503884388471	35.8829448944859
42	WGN46	24.6666666666665	1.3843773181382	1115	21.950388438847	27.3829448944859
43	WGN46	28.6666666666666	1.3843773181382	1115	25.9503884388471	31.382944894486
44	WGN46	24.8333333333332	1.38437731813819	1115	22.1170551055138	27.5496115611526
45	WGN46	30.1666666666666	1.38437731813819	1115	27.4503884388471	32.882944894486
46	WGN46	29.3333333333333	1.38437731813818	1115	26.6170551055139	32.0496115611527
47	WGN46	29.9999999999999	1.38437731813819	1115	27.2837217721804	32.7162782278193
48	WGN46	29.1666666666666	1.38437731813818	1115	26.4503884388472	31.882944894486
49	WGN46	30.4999999999999	1.3843773181382	1115	27.7837217721805	33.2162782278194
50	WGN46	26.1666666666667	1.38437731813818	1115	23.4503884388473	28.8829448944861
52	WGN46	26.6666666666666	1.38437731813819	1115	23.9503884388472	29.382944894486
53	WGN46	28.6666666666666	1.38437731813819	1115	25.9503884388471	31.382944894486
54	WGN46	27.9999999999999	1.3843773181382	1115	25.2837217721804	30.7162782278193
55	WGN46	26.6942951015531	1.95824370606897	1115	22.85203716084	30.5365530422662
56	WGN46	27.4999999999999	1.38437731813819	1115	24.7837217721805	30.2162782278194
57	WGN46	28.3333333333332	1.38437731813818	1115	25.6170551055138	31.0496115611527
58	WGN46	30.9999999999999	1.38437731813819	1115	28.2837217721805	33.7162782278194
59	WGN46	29.4999999999999	1.38437731813818	1115	26.7837217721805	32.2162782278193
60	WGN46	29.4999999999999	1.3843773181382	1115	26.7837217721805	32.2162782278194
61	WGN46	30.4999999999999	1.38437731813819	1115	27.7837217721805	33.2162782278193
62	WGN46	28.9999999999999	1.38437731813819	1115	26.2837217721805	31.7162782278193
63	WGN46	26.9999999999999	1.38437731813819	1115	24.2837217721805	29.7162782278194
64	WGN46	28.4999999999999	1.38437731813818	1115	25.7837217721805	31.2162782278194
65	WGN46	28.6666666666666	1.38437731813818	1115	25.9503884388472	31.382944894486
66	WGN46	31.6666666666666	1.38437731813819	1115	28.9503884388471	34.382944894486
67	WGN46	28.1666666666666	1.3843773181382	1115	25.4503884388472	30.882944894486
68	WGN46	26.9999999999999	1.38437731813819	1115	24.2837217721805	29.7162782278193
69	WGN46	26.8333333333332	1.3843773181382	1115	24.1170551055138	29.5496115611527
70	WGN46	27.3333333333333	1.38437731813819	1115	24.6170551055138	30.0496115611527
71	WGN46	28.1666666666666	1.38437731813819	1115	25.4503884388472	30.882944894486
72	WGN46	29.3333333333333	1.38437731813819	1115	26.6170551055138	32.0496115611527
73	WGN46	28.1666666666666	1.38437731813819	1115	25.4503884388472	30.882944894486
74	WGN46	27.8333333333332	1.38437731813819	1115	25.1170551055138	30.5496115611527
75	WGN46	24.8333333333333	1.38437731813819	1115	22.1170551055139	27.5496115611527
76	WGN46	28.6666666666666	1.38437731813819	1115	25.9503884388471	31.382944894486
78	WGN46	23.2499999999999	1.38437731813819	1115	20.5337217721805	25.9662782278194
79	WGN46	29.6666666666666	1.38437731813819	1115	26.9503884388471	32.382944894486
80	WGN46	29.9999999999999	1.38437731813819	1115	27.2837217721805	32.7162782278193
81	WGN46	27.4999999999999	1.3843773181382	1115	24.7837217721805	30.2162782278193
82	WGN46	30.6942951015531	1.95824370606896	1115	26.85203716084	34.5365530422662
83	WGN46	28.9999999999999	1.38437731813819	1115	26.2837217721805	31.7162782278194
84	WGN46	27.9999999999999	1.3843773181382	1115	25.2837217721805	30.7162782278193
85	WGN46	30.6666666666666	1.38437731813819	1115	27.9503884388471	33.382944894486
86	WGN46	24.9999999999999	1.38437731813819	1115	22.2837217721805	27.7162782278194
87	WGN46	31.8333333333333	1.38437731813819	1115	29.1170551055139	34.5496115611527
88	WGN46	32.1666666666666	1.38437731813819	1115	29.4503884388471	34.882944894486
89	WGN46	27	1.38437731813819	1115	24.2837217721805	29.7162782278194
90	WGN46	28.9999999999999	1.38437731813819	1115	26.2837217721805	31.7162782278194
91	WGN46	31.4999999999999	1.3843773181382	1115	28.7837217721805	34.2162782278194
92	WGN46	29.4166666666666	1.3843773181382	1115	26.7003884388471	32.132944894486
93	WGN46	28.1666666666666	1.38437731813819	1115	25.4503884388471	30.882944894486
94	WGN46	26.1666666666666	1.38437731813819	1115	23.4503884388471	28.882944894486
95	WGN46	25.9999999999999	1.38437731813819	1115	23.2837217721805	28.7162782278193
96	WGN46	33.3333333333333	1.38437731813819	1115	30.6170551055138	36.0496115611527
98	WGN46	29.4999999999999	1.38437731813819	1115	26.7837217721805	32.2162782278193
100	WGN46	27.9723715651134	1.95824370606896	1115	24.1301136244003	31.8146295058265
101	WGN46	25.4999999999999	1.38437731813819	1115	22.7837217721805	28.2162782278194
102	WGN46	25.9999999999999	1.38437731813819	1115	23.2837217721805	28.7162782278193
103	WGN46	30.1666666666666	1.38437731813819	1115	27.4503884388471	32.882944894486
104	WGN46	28.9999999999999	1.38437731813819	1115	26.2837217721805	31.7162782278193
106	WGN46	31.6666666666666	1.38437731813819	1115	28.9503884388471	34.382944894486
107	WGN46	28.6666666666666	1.38437731813819	1115	25.9503884388472	31.382944894486
108	WGN46	27.8333333333333	1.38437731813819	1115	25.1170551055138	30.5496115611527
109	WGN46	32.8333333333332	1.38437731813819	1115	30.1170551055138	35.5496115611526
110	WGN46	31.1666666666666	1.38437731813819	1115	28.4503884388471	33.882944894486
111	WGN46	26.6666666666666	1.38437731813819	1115	23.9503884388472	29.382944894486
112	WGN46	27.3333333333333	1.38437731813819	1115	24.6170551055138	30.0496115611527
113	WGN46	34.1666666666666	1.38437731813819	1115	31.4503884388472	36.882944894486
114	WGN46	26.8333333333332	1.38437731813819	1115	24.1170551055138	29.5496115611527
115	WGN46	29.3333333333333	1.38437731813819	1115	26.6170551055138	32.0496115611527
116	WGN46	28.6666666666666	1.38437731813819	1115	25.9503884388471	31.382944894486
117	WGN46	26.1666666666666	1.38437731813819	1115	23.4503884388472	28.882944894486
118	WGN46	31.1666666666666	1.38437731813819	1115	28.4503884388471	33.882944894486
119	WGN46	32.9999999999999	1.38437731813819	1115	30.2837217721805	35.7162782278193
120	WGN46	28.8333333333333	1.38437731813819	1115	26.1170551055138	31.5496115611527
121	WGN46	25.4999999999999	1.38437731813819	1115	22.7837217721805	28.2162782278193
122	WGN46	31.4999999999999	1.38437731813819	1115	28.7837217721805	34.2162782278193
123	WGN46	27.8333333333333	1.38437731813819	1115	25.1170551055138	30.5496115611527
124	WGN46	21.8333333333333	1.38437731813819	1115	19.1170551055138	24.5496115611527
125	WGN46	27.6666666666666	1.38437731813819	1115	24.9503884388472	30.382944894486
126	WGN46	30.3333333333333	1.38437731813819	1115	27.6170551055138	33.0496115611527
127	WGN46	29.6666666666666	1.38437731813819	1115	26.9503884388472	32.382944894486
128	WGN46	27.8333333333332	1.38437731813819	1115	25.1170551055138	30.5496115611526
129	WGN46	30.6666666666666	1.38437731813819	1115	27.9503884388471	33.382944894486
130	WGN46	26.4999999999999	1.38437731813819	1115	23.7837217721805	29.2162782278193
1	WGN55	30.3333333333333	1.38437731813822	1115	27.6170551055138	33.0496115611528
2	WGN55	26.1666666666668	1.38437731813819	1115	23.4503884388473	28.8829448944862
3	WGN55	26.6666666666667	1.3843773181382	1115	23.9503884388472	29.3829448944861
4	WGN55	29.0000000000002	1.38437731813817	1115	26.2837217721808	31.7162782278196
5	WGN55	29.6666666666668	1.38437731813817	1115	26.9503884388474	32.3829448944862
6	WGN55	32.1666666666667	1.38437731813819	1115	29.4503884388473	34.8829448944862
7	WGN55	27.0000000000002	1.38437731813818	1115	24.2837217721808	29.7162782278196
8	WGN55	27.6666666666669	1.38437731813819	1115	24.9503884388475	30.3829448944863
9	WGN55	27.0000000000001	1.3843773181382	1115	24.2837217721807	29.7162782278196
10	WGN55	29.0000000000001	1.38437731813819	1115	26.2837217721807	31.7162782278196
11	WGN55	27.0000000000002	1.38437731813818	1115	24.2837217721808	29.7162782278196
12	WGN55	29.3333333333333	1.38437731813819	1115	26.6170551055139	32.0496115611528
13	WGN55	29.0000000000002	1.38437731813819	1115	26.2837217721808	31.7162782278196
14	WGN55	27.3333333333335	1.38437731813819	1115	24.6170551055141	30.049611561153
15	WGN55	28.0000000000001	1.3843773181382	1115	25.2837217721807	30.7162782278196
16	WGN55	24.3333333333336	1.38437731813818	1115	21.6170551055142	27.049611561153
17	WGN55	30.8333333333335	1.38437731813819	1115	28.1170551055141	33.5496115611529
18	WGN55	28.0000000000002	1.3843773181382	1115	25.2837217721807	30.7162782278196
19	WGN55	31.0000000000001	1.38437731813818	1115	28.2837217721807	33.7162782278196
20	WGN55	31.0000000000001	1.38437731813819	1115	28.2837217721807	33.7162782278196
21	WGN55	32.3333333333335	1.38437731813819	1115	29.6170551055141	35.049611561153
22	WGN55	31.0000000000002	1.3843773181382	1115	28.2837217721807	33.7162782278196
23	WGN55	30.1666666666668	1.38437731813818	1115	27.4503884388474	32.8829448944862
24	WGN55	26.6666666666668	1.38437731813819	1115	23.9503884388474	29.3829448944863
25	WGN55	33.5000000000004	1.38437731813821	1115	30.7837217721809	36.2162782278198
26	WGN55	30.8333333333335	1.38437731813819	1115	28.1170551055141	33.5496115611529
27	WGN55	32.3333333333335	1.3843773181382	1115	29.6170551055141	35.0496115611529
28	WGN55	31.5000000000002	1.3843773181382	1115	28.7837217721808	34.2162782278197
29	WGN55	29.0000000000002	1.38437731813819	1115	26.2837217721807	31.7162782278196
30	WGN55	30.0000000000001	1.3843773181382	1115	27.2837217721807	32.7162782278196
31	WGN55	31.0000000000002	1.38437731813819	1115	28.2837217721808	33.7162782278196
32	WGN55	29.0000000000002	1.3843773181382	1115	26.2837217721807	31.7162782278196
33	WGN55	32.1666666666668	1.38437731813818	1115	29.4503884388474	34.8829448944862
34	WGN55	31.1666666666668	1.38437731813819	1115	28.4503884388474	33.8829448944863
35	WGN55	29.5000000000002	1.3843773181382	1115	26.7837217721807	32.2162782278196
36	WGN55	31.5000000000002	1.38437731813819	1115	28.7837217721807	34.2162782278196
37	WGN55	29.6666666666668	1.38437731813819	1115	26.9503884388474	32.3829448944863
38	WGN55	27.8333333333335	1.38437731813819	1115	25.1170551055141	30.5496115611529
40	WGN55	26.1666666666668	1.38437731813819	1115	23.4503884388474	28.8829448944862
41	WGN55	30.0000000000002	1.38437731813819	1115	27.2837217721808	32.7162782278196
42	WGN55	30.1666666666668	1.38437731813819	1115	27.4503884388474	32.8829448944863
43	WGN55	32.0000000000002	1.38437731813819	1115	29.2837217721808	34.7162782278196
44	WGN55	28.3333333333336	1.38437731813817	1115	25.6170551055142	31.049611561153
45	WGN55	28.3333333333336	1.38437731813818	1115	25.6170551055142	31.049611561153
46	WGN55	24.3609617682199	1.95824370606896	1115	20.5187038275068	28.203219708933
47	WGN55	30.3333333333335	1.38437731813819	1115	27.617055105514	33.0496115611529
48	WGN55	31.1666666666668	1.38437731813819	1115	28.4503884388474	33.8829448944863
49	WGN55	28.0000000000002	1.38437731813819	1115	25.2837217721808	30.7162782278196
50	WGN55	27.8333333333336	1.38437731813819	1115	25.1170551055141	30.549611561153
52	WGN55	29.6666666666668	1.38437731813818	1115	26.9503884388474	32.3829448944863
53	WGN55	24.1666666666668	1.3843773181382	1115	21.4503884388473	26.8829448944862
54	WGN55	27.0000000000002	1.38437731813818	1115	24.2837217721808	29.7162782278196
55	WGN55	30.0000000000002	1.38437731813819	1115	27.2837217721807	32.7162782278196
56	WGN55	28.5000000000001	1.3843773181382	1115	25.7837217721807	31.2162782278196
57	WGN55	23.305704898447	1.95824370606895	1115	19.4634469577339	27.1479628391601
58	WGN55	29.3333333333335	1.38437731813819	1115	26.6170551055141	32.0496115611529
59	WGN55	26.5000000000002	1.38437731813819	1115	23.7837217721808	29.2162782278197
60	WGN55	32.3333333333335	1.38437731813819	1115	29.6170551055141	35.049611561153
61	WGN55	25.5000000000002	1.38437731813819	1115	22.7837217721808	28.2162782278196
62	WGN55	30.5000000000001	1.38437731813819	1115	27.7837217721807	33.2162782278196
63	WGN55	29.5000000000002	1.38437731813818	1115	26.7837217721808	32.2162782278196
64	WGN55	26.1666666666669	1.38437731813818	1115	23.4503884388475	28.8829448944863
65	WGN55	28.6666666666668	1.38437731813819	1115	25.9503884388474	31.3829448944862
66	WGN55	26.8333333333335	1.38437731813819	1115	24.1170551055141	29.5496115611529
67	WGN55	28.3609617682199	1.95824370606896	1115	24.5187038275068	32.203219708933
68	WGN55	20.3333333333336	1.38437731813819	1115	17.6170551055141	23.049611561153
69	WGN55	26.8333333333335	1.3843773181382	1115	24.117055105514	29.5496115611529
70	WGN55	26.6666666666668	1.38437731813819	1115	23.9503884388474	29.3829448944863
71	WGN55	27.3333333333335	1.38437731813819	1115	24.6170551055141	30.049611561153
72	WGN55	28.8333333333335	1.38437731813819	1115	26.1170551055141	31.549611561153
73	WGN55	29.3333333333335	1.38437731813819	1115	26.6170551055141	32.0496115611529
74	WGN55	30.3333333333335	1.38437731813819	1115	27.617055105514	33.0496115611529
75	WGN55	34.1666666666668	1.38437731813819	1115	31.4503884388474	36.8829448944862
76	WGN55	31.0000000000002	1.38437731813819	1115	28.2837217721807	33.7162782278196
77	WGN55	27.0276284348867	1.95824370606896	1115	23.1853704941736	30.8698863755997
78	WGN55	26.5000000000002	1.38437731813819	1115	23.7837217721808	29.2162782278196
80	WGN55	27.8333333333335	1.38437731813819	1115	25.1170551055141	30.5496115611529
81	WGN55	25.8333333333335	1.38437731813819	1115	23.1170551055141	28.549611561153
82	WGN55	30.6666666666668	1.38437731813819	1115	27.9503884388474	33.3829448944863
83	WGN55	25.8333333333335	1.38437731813819	1115	23.1170551055141	28.549611561153
84	WGN55	24.1666666666669	1.38437731813818	1115	21.4503884388475	26.8829448944863
85	WGN55	29.1666666666668	1.38437731813819	1115	26.4503884388474	31.8829448944863
86	WGN55	27.3333333333335	1.38437731813819	1115	24.6170551055141	30.049611561153
87	WGN55	31.0000000000002	1.38437731813819	1115	28.2837217721807	33.7162782278196
88	WGN55	28.3333333333335	1.38437731813819	1115	25.6170551055141	31.0496115611529
89	WGN55	29.3333333333335	1.38437731813819	1115	26.6170551055141	32.049611561153
90	WGN55	24.6666666666669	1.38437731813819	1115	21.9503884388475	27.3829448944863
91	WGN55	29.5000000000002	1.38437731813819	1115	26.7837217721807	32.2162782278196
92	WGN55	30.8333333333335	1.38437731813819	1115	28.1170551055141	33.5496115611529
93	WGN55	27.8333333333335	1.38437731813819	1115	25.117055105514	30.5496115611529
94	WGN55	29.1666666666668	1.38437731813819	1115	26.4503884388474	31.8829448944863
95	WGN55	29.1666666666668	1.38437731813819	1115	26.4503884388474	31.8829448944862
96	WGN55	23.0000000000001	1.38437731813819	1115	20.2837217721807	25.7162782278196
97	WGN55	30.6666666666668	1.38437731813819	1115	27.9503884388474	33.3829448944863
98	WGN55	27.5000000000002	1.38437731813819	1115	24.7837217721808	30.2162782278196
99	WGN55	27.0000000000002	1.38437731813819	1115	24.2837217721808	29.7162782278196
100	WGN55	27.0000000000002	1.38437731813819	1115	24.2837217721808	29.7162782278196
101	WGN55	28.3333333333335	1.38437731813819	1115	25.6170551055141	31.0496115611529
102	WGN55	28.0000000000002	1.38437731813819	1115	25.2837217721807	30.7162782278196
103	WGN55	29.6666666666668	1.38437731813819	1115	26.9503884388474	32.3829448944863
104	WGN55	30.6942951015534	1.95824370606895	1115	26.8520371608403	34.5365530422664
105	WGN55	27.1666666666668	1.38437731813819	1115	24.4503884388474	29.8829448944863
106	WGN55	28.1666666666668	1.38437731813819	1115	25.4503884388474	30.8829448944863
107	WGN55	30.8333333333335	1.38437731813819	1115	28.1170551055141	33.549611561153
108	WGN55	30.8333333333335	1.38437731813819	1115	28.1170551055141	33.549611561153
109	WGN55	24.5000000000002	1.38437731813819	1115	21.7837217721807	27.2162782278196
110	WGN55	28.3333333333335	1.38437731813819	1115	25.6170551055141	31.0496115611529
111	WGN55	31.5000000000002	1.38437731813819	1115	28.7837217721808	34.2162782278196
112	WGN55	30.6666666666668	1.38437731813819	1115	27.9503884388474	33.3829448944863
113	WGN55	30.1666666666668	1.38437731813819	1115	27.4503884388474	32.8829448944863
114	WGN55	31.1666666666669	1.38437731813819	1115	28.4503884388475	33.8829448944863
115	WGN55	30.5000000000002	1.38437731813819	1115	27.7837217721807	33.2162782278196
116	WGN55	27.1666666666669	1.38437731813819	1115	24.4503884388475	29.8829448944863
117	WGN55	24.8333333333335	1.38437731813819	1115	22.1170551055141	27.549611561153
118	WGN55	27.6666666666668	1.38437731813819	1115	24.9503884388474	30.3829448944863
119	WGN55	31.5000000000002	1.38437731813819	1115	28.7837217721808	34.2162782278196
120	WGN55	31.6942951015534	1.95824370606895	1115	27.8520371608403	35.5365530422665
121	WGN55	31.5000000000002	1.38437731813819	1115	28.7837217721808	34.2162782278196
122	WGN55	30.5000000000002	1.38437731813819	1115	27.7837217721807	33.2162782278196
123	WGN55	28.8333333333335	1.38437731813819	1115	26.1170551055141	31.5496115611529
124	WGN55	29.1666666666668	1.38437731813819	1115	26.4503884388474	31.8829448944863
125	WGN55	29.8333333333335	1.38437731813819	1115	27.1170551055141	32.5496115611529
126	WGN55	28.3333333333335	1.38437731813819	1115	25.6170551055141	31.049611561153
128	WGN55	31.3333333333335	1.38437731813819	1115	28.6170551055141	34.049611561153
129	WGN55	28.3333333333335	1.38437731813819	1115	25.617055105514	31.0496115611529
130	WGN55	26.5000000000002	1.38437731813819	1115	23.7837217721807	29.2162782278196
1	WGN63	28.666666666667	1.3843773181382	1115	25.9503884388475	31.3829448944864
2	WGN63	27	1.3843773181382	1115	24.2837217721806	29.7162782278195
3	WGN63	27.3333333333335	1.38437731813819	1115	24.617055105514	30.0496115611529
4	WGN63	26.6666666666667	1.38437731813818	1115	23.9503884388473	29.3829448944861
5	WGN63	26.0000000000001	1.38437731813819	1115	23.2837217721807	28.7162782278195
6	WGN63	27.6666666666667	1.3843773181382	1115	24.9503884388472	30.3829448944861
7	WGN63	29.3333333333334	1.38437731813818	1115	26.6170551055139	32.0496115611528
8	WGN63	26.1666666666666	1.3843773181382	1115	23.4503884388471	28.882944894486
9	WGN63	30.8333333333334	1.38437731813818	1115	28.1170551055139	33.5496115611528
10	WGN63	24.5	1.3843773181382	1115	21.7837217721806	27.2162782278195
12	WGN63	29.0000000000001	1.38437731813819	1115	26.2837217721807	31.7162782278195
13	WGN63	25.1666666666668	1.38437731813818	1115	22.4503884388474	27.8829448944862
14	WGN63	30.6942951015533	1.95824370606897	1115	26.8520371608402	34.5365530422664
16	WGN63	27.6666666666667	1.38437731813818	1115	24.9503884388473	30.3829448944861
17	WGN63	26.0000000000001	1.38437731813819	1115	23.2837217721806	28.7162782278195
18	WGN63	27.6666666666667	1.38437731813819	1115	24.9503884388472	30.3829448944861
19	WGN63	25.1666666666667	1.38437731813819	1115	22.4503884388473	27.8829448944861
20	WGN63	24.5000000000001	1.38437731813819	1115	21.7837217721807	27.2162782278195
21	WGN63	23.3333333333333	1.3843773181382	1115	20.6170551055138	26.0496115611527
22	WGN63	30.0000000000001	1.38437731813819	1115	27.2837217721806	32.7162782278195
23	WGN63	27.1666666666667	1.38437731813818	1115	24.4503884388473	29.8829448944861
24	WGN63	27.8333333333334	1.38437731813818	1115	25.117055105514	30.5496115611528
25	WGN63	27.8333333333334	1.38437731813819	1115	25.1170551055139	30.5496115611528
26	WGN63	24.0000000000001	1.38437731813819	1115	21.2837217721807	26.7162782278195
27	WGN63	25.8333333333334	1.3843773181382	1115	23.1170551055139	28.5496115611528
28	WGN63	27	1.3843773181382	1115	24.2837217721806	29.7162782278195
29	WGN63	27.1666666666667	1.38437731813819	1115	24.4503884388473	29.8829448944861
30	WGN63	29.5000000000001	1.38437731813819	1115	26.7837217721806	32.2162782278195
31	WGN63	25.8333333333334	1.38437731813818	1115	23.117055105514	28.5496115611528
32	WGN63	27.8333333333334	1.3843773181382	1115	25.117055105514	30.5496115611529
33	WGN63	26.8333333333333	1.38437731813819	1115	24.1170551055139	29.5496115611527
34	WGN63	26.1666666666667	1.3843773181382	1115	23.4503884388473	28.8829448944862
35	WGN63	28.1666666666667	1.38437731813819	1115	25.4503884388473	30.8829448944861
36	WGN63	21.1666666666666	1.38437731813819	1115	18.4503884388472	23.8829448944861
37	WGN63	25.6666666666668	1.38437731813819	1115	22.9503884388473	28.3829448944862
38	WGN63	25.0276284348865	1.95824370606896	1115	21.1853704941734	28.8698863755996
39	WGN63	30.6942951015533	1.95824370606895	1115	26.8520371608402	34.5365530422663
40	WGN63	26.5000000000001	1.38437731813818	1115	23.7837217721807	29.2162782278195
41	WGN63	24.1666666666667	1.38437731813819	1115	21.4503884388473	26.8829448944862
42	WGN63	26.1666666666667	1.3843773181382	1115	23.4503884388473	28.8829448944862
43	WGN63	26	1.3843773181382	1115	23.2837217721806	28.7162782278195
44	WGN63	28.3609617682198	1.95824370606895	1115	24.5187038275068	32.2032197089329
45	WGN63	26.6666666666667	1.3843773181382	1115	23.9503884388472	29.3829448944861
46	WGN63	27.1666666666667	1.3843773181382	1115	24.4503884388473	29.8829448944862
47	WGN63	33.0000000000001	1.38437731813819	1115	30.2837217721807	35.7162782278195
48	WGN63	28.5000000000001	1.3843773181382	1115	25.7837217721806	31.2162782278195
49	WGN63	27.0000000000001	1.38437731813819	1115	24.2837217721806	29.7162782278195
50	WGN63	29.6666666666667	1.38437731813819	1115	26.9503884388473	32.3829448944862
51	WGN63	30.3333333333334	1.38437731813819	1115	27.617055105514	33.0496115611529
52	WGN63	26.6666666666667	1.38437731813819	1115	23.9503884388473	29.3829448944861
53	WGN63	27.6666666666667	1.38437731813819	1115	24.9503884388473	30.3829448944861
54	WGN63	26.6666666666667	1.38437731813819	1115	23.9503884388473	29.3829448944861
55	WGN63	28.3333333333333	1.38437731813818	1115	25.6170551055139	31.0496115611528
56	WGN63	29	1.38437731813818	1115	26.2837217721806	31.7162782278195
57	WGN63	28.8333333333334	1.38437731813819	1115	26.117055105514	31.5496115611528
58	WGN63	27.5000000000001	1.38437731813819	1115	24.7837217721806	30.2162782278195
59	WGN63	24.6666666666667	1.38437731813819	1115	21.9503884388473	27.3829448944861
60	WGN63	26.6666666666667	1.38437731813819	1115	23.9503884388473	29.3829448944861
61	WGN63	26.6666666666667	1.38437731813819	1115	23.9503884388473	29.3829448944861
62	WGN63	28.0000000000001	1.38437731813818	1115	25.2837217721807	30.7162782278195
63	WGN63	25.6390382317802	1.95824370606896	1115	21.7967802910672	29.4812961724933
64	WGN63	24.6666666666668	1.38437731813818	1115	21.9503884388474	27.3829448944862
65	WGN63	24.6666666666667	1.38437731813819	1115	21.9503884388473	27.3829448944862
66	WGN63	27.1666666666667	1.38437731813818	1115	24.4503884388473	29.8829448944861
67	WGN63	26.5000000000001	1.38437731813819	1115	23.7837217721806	29.2162782278195
68	WGN63	29.8333333333334	1.38437731813819	1115	27.117055105514	32.5496115611529
69	WGN63	24.8333333333333	1.3843773181382	1115	22.1170551055139	27.5496115611528
70	WGN63	25.1666666666667	1.38437731813819	1115	22.4503884388473	27.8829448944861
72	WGN63	27.3333333333334	1.38437731813819	1115	24.617055105514	30.0496115611528
73	WGN63	24.8333333333334	1.38437731813819	1115	22.1170551055139	27.5496115611528
74	WGN63	26.0000000000001	1.38437731813819	1115	23.2837217721806	28.7162782278195
75	WGN63	26.1666666666667	1.38437731813819	1115	23.4503884388473	28.8829448944861
76	WGN63	25.8333333333334	1.38437731813819	1115	23.117055105514	28.5496115611528
77	WGN63	29.1666666666668	1.38437731813819	1115	26.4503884388473	31.8829448944862
78	WGN63	27.5	1.3843773181382	1115	24.7837217721806	30.2162782278195
79	WGN63	29.3333333333334	1.38437731813819	1115	26.617055105514	32.0496115611528
80	WGN63	22.8333333333334	1.38437731813819	1115	20.1170551055139	25.5496115611528
81	WGN63	26.8333333333334	1.38437731813819	1115	24.117055105514	29.5496115611528
82	WGN63	28.1666666666667	1.38437731813819	1115	25.4503884388473	30.8829448944861
83	WGN63	26.5	1.38437731813819	1115	23.7837217721806	29.2162782278195
84	WGN63	26.8333333333334	1.38437731813819	1115	24.117055105514	29.5496115611528
85	WGN63	29.3333333333334	1.38437731813819	1115	26.617055105514	32.0496115611529
86	WGN63	25.6666666666667	1.38437731813819	1115	22.9503884388473	28.3829448944861
87	WGN63	25.6666666666668	1.38437731813819	1115	22.9503884388474	28.3829448944862
88	WGN63	27.3333333333334	1.38437731813819	1115	24.617055105514	30.0496115611528
89	WGN63	27.1666666666667	1.38437731813819	1115	24.4503884388473	29.8829448944861
90	WGN63	32.3609617682198	1.95824370606895	1115	28.5187038275068	36.2032197089329
91	WGN63	27.3333333333334	1.38437731813819	1115	24.6170551055139	30.0496115611528
92	WGN63	29.0000000000001	1.38437731813819	1115	26.2837217721806	31.7162782278195
93	WGN63	26.8333333333334	1.38437731813819	1115	24.117055105514	29.5496115611528
94	WGN63	28.1666666666667	1.38437731813819	1115	25.4503884388473	30.8829448944861
95	WGN63	29.5000000000001	1.38437731813819	1115	26.7837217721806	32.2162782278195
96	WGN63	27.8333333333334	1.38437731813819	1115	25.117055105514	30.5496115611528
97	WGN63	29.1666666666667	1.38437731813819	1115	26.4503884388473	31.8829448944861
98	WGN63	24.6390382317803	1.95824370606895	1115	20.7967802910672	28.4812961724934
99	WGN63	29.6390382317803	1.95824370606895	1115	25.7967802910672	33.4812961724933
100	WGN63	27.6666666666667	1.38437731813819	1115	24.9503884388473	30.3829448944861
101	WGN63	29.3057048984469	1.95824370606895	1115	25.4634469577338	33.1479628391599
102	WGN63	28.6666666666667	1.38437731813819	1115	25.9503884388473	31.3829448944861
103	WGN63	26.1666666666667	1.38437731813819	1115	23.4503884388473	28.8829448944861
105	WGN63	30.5000000000001	1.38437731813819	1115	27.7837217721806	33.2162782278195
106	WGN63	26.8333333333334	1.38437731813819	1115	24.1170551055139	29.5496115611528
107	WGN63	24.8333333333334	1.38437731813819	1115	22.117055105514	27.5496115611528
109	WGN63	27.6666666666668	1.38437731813819	1115	24.9503884388473	30.3829448944862
110	WGN63	24.6942951015533	1.95824370606895	1115	20.8520371608402	28.5365530422663
111	WGN63	21.5	1.38437731813819	1115	18.7837217721806	24.2162782278195
112	WGN63	28.5000000000001	1.38437731813819	1115	25.7837217721806	31.2162782278195
114	WGN63	29.0000000000001	1.38437731813819	1115	26.2837217721806	31.7162782278195
115	WGN63	23.1666666666667	1.38437731813819	1115	20.4503884388473	25.8829448944861
116	WGN63	30.1666666666667	1.38437731813819	1115	27.4503884388473	32.8829448944861
117	WGN63	29.0000000000001	1.38437731813819	1115	26.2837217721806	31.7162782278195
118	WGN63	29.3333333333334	1.38437731813819	1115	26.617055105514	32.0496115611528
119	WGN63	29.8333333333334	1.38437731813819	1115	27.117055105514	32.5496115611528
121	WGN63	32.0000000000001	1.38437731813819	1115	29.2837217721806	34.7162782278195
122	WGN63	23.5000000000001	1.38437731813819	1115	20.7837217721806	26.2162782278195
123	WGN63	21.3333333333334	1.38437731813819	1115	18.617055105514	24.0496115611528
124	WGN63	28.3333333333334	1.38437731813819	1115	25.6170551055139	31.0496115611528
125	WGN63	29.6942951015533	1.95824370606895	1115	25.8520371608402	33.5365530422663
126	WGN63	25.6666666666667	1.38437731813819	1115	22.9503884388473	28.3829448944861
127	WGN63	27.1666666666667	1.38437731813819	1115	24.4503884388473	29.8829448944861
128	WGN63	30.0000000000001	1.38437731813819	1115	27.2837217721806	32.7162782278195
129	WGN63	28.5000000000001	1.38437731813819	1115	25.7837217721806	31.2162782278195
130	WGN63	26.3333333333333	1.38437731813819	1115	23.6170551055139	29.0496115611528
