plantID3	famID	emmean	SE	df	lower.CL	upper.CL
1	WGN07	20.500000000002	1.27623994430484	1123	17.9959168333409	23.0040831666631
2	WGN07	22.1666666666661	1.27623994430542	1123	19.6625835000039	24.6707498333284
3	WGN07	21.6666666666628	1.27623994430538	1123	19.1625835000006	24.1707498333249
4	WGN07	22.4999999999999	1.27623994430543	1123	19.9959168333376	25.0040831666622
5	WGN07	21.5	1.27623994430558	1123	18.9959168333374	24.0040831666626
6	WGN07	17.3333333333333	1.27623994430556	1123	14.8292501666707	19.8374164999958
7	WGN07	22.9999999999999	1.27623994430555	1123	20.4959168333374	25.5040831666624
8	WGN07	21.6666666666665	1.27623994430554	1123	19.162583500004	24.170749833329
9	WGN07	25.1666666666667	1.27623994430556	1123	22.6625835000041	27.6707498333292
10	WGN07	18.9999999999999	1.27623994430556	1123	16.4959168333374	21.5040831666624
11	WGN07	23.6666666666665	1.27623994430553	1123	21.162583500004	26.170749833329
12	WGN07	21.4999999999999	1.27623994430556	1123	18.9959168333374	24.0040831666624
13	WGN07	21.9999999999999	1.27623994430549	1123	19.4959168333376	24.5040831666623
14	WGN07	20.6666666666667	1.27623994430551	1123	18.1625835000043	23.1707498333291
15	WGN07	21.9999999999999	1.27623994430554	1123	19.4959168333374	24.5040831666624
16	WGN07	21.8333333333333	1.27623994430555	1123	19.3292501666708	24.3374164999958
17	WGN07	22.4999999999999	1.27623994430551	1123	19.9959168333375	25.0040831666624
18	WGN07	18.6666666666666	1.27623994430557	1123	16.162583500004	21.1707498333291
20	WGN07	19.6666666666667	1.27623994430555	1123	17.1625835000042	22.1707498333292
21	WGN07	21.3333333333332	1.27623994430554	1123	18.8292501666707	23.8374164999957
22	WGN07	20.4999999999999	1.27623994430554	1123	17.9959168333375	23.0040831666624
23	WGN07	20.8333333333334	1.27623994430557	1123	18.3292501666709	23.3374164999959
24	WGN07	23	1.27623994430557	1123	20.4959168333374	25.5040831666625
25	WGN07	22.4999999999999	1.27623994430553	1123	19.9959168333375	25.0040831666624
26	WGN07	24.1666666666666	1.27623994430555	1123	21.6625835000041	26.6707498333291
27	WGN07	23.3333333333333	1.27623994430557	1123	20.8292501666707	25.8374164999958
28	WGN07	20.9999999999999	1.27623994430553	1123	18.4959168333374	23.5040831666623
29	WGN07	18.4999999999999	1.27623994430554	1123	15.9959168333374	21.0040831666624
30	WGN07	22.8333333333334	1.27623994430558	1123	20.3292501666708	25.3374164999959
31	WGN07	20.3333333333333	1.27623994430556	1123	17.8292501666708	22.8374164999958
32	WGN07	19.4999999999999	1.27623994430557	1123	16.9959168333373	22.0040831666624
33	WGN07	24.5000000000001	1.27623994430556	1123	21.9959168333376	27.0040831666626
34	WGN07	21.8333333333332	1.27623994430554	1123	19.3292501666707	24.3374164999956
35	WGN07	20.7571915776987	1.8052772338004	1123	17.2150956321135	24.299287523284
36	WGN07	21.3333333333332	1.27623994430551	1123	18.8292501666708	23.8374164999957
37	WGN07	18.5	1.27623994430556	1123	15.9959168333374	21.0040831666625
38	WGN07	22.9999999999998	1.27623994430555	1123	20.4959168333373	25.5040831666623
39	WGN07	22.3333333333333	1.27623994430554	1123	19.8292501666708	24.8374164999958
40	WGN07	21.1666666666666	1.27623994430553	1123	18.6625835000041	23.670749833329
41	WGN07	21.3333333333334	1.27623994430554	1123	18.8292501666709	23.8374164999959
42	WGN07	23.1666666666666	1.27623994430556	1123	20.6625835000041	25.6707498333291
44	WGN07	19.4999999999999	1.27623994430559	1123	16.9959168333373	22.0040831666625
46	WGN07	23.6666666666666	1.27623994430556	1123	21.1625835000041	26.1707498333291
47	WGN07	21	1.27623994430555	1123	18.4959168333375	23.5040831666625
48	WGN07	18.8333333333333	1.27623994430558	1123	16.3292501666707	21.3374164999959
49	WGN07	22.6666666666666	1.27623994430557	1123	20.1625835000041	25.1707498333292
50	WGN07	24.1666666666668	1.27623994430554	1123	21.6625835000043	26.6707498333293
51	WGN07	21.3333333333333	1.27623994430555	1123	18.8292501666707	23.8374164999958
52	WGN07	20.5	1.27623994430555	1123	17.9959168333375	23.0040831666625
53	WGN07	23.3333333333332	1.27623994430551	1123	20.8292501666707	25.8374164999956
54	WGN07	20.090524911032	1.80527723380031	1123	16.5484289654469	23.6326208566171
55	WGN07	22.1666666666667	1.27623994430552	1123	19.6625835000043	24.6707498333292
56	WGN07	21.8333333333333	1.27623994430554	1123	19.3292501666708	24.3374164999957
57	WGN07	21.8333333333333	1.27623994430557	1123	19.3292501666707	24.3374164999958
58	WGN07	24.8333333333334	1.27623994430554	1123	22.3292501666709	27.3374164999959
59	WGN07	23.8333333333334	1.27623994430556	1123	21.3292501666709	26.3374164999959
60	WGN07	21.1666666666666	1.27623994430555	1123	18.6625835000041	23.6707498333291
61	WGN07	22.4999999999999	1.27623994430555	1123	19.9959168333374	25.0040831666624
62	WGN07	13.909475088968	1.80527723380037	1123	10.3673791433828	17.4515710345532
63	WGN07	23.6666666666666	1.27623994430555	1123	21.1625835000041	26.1707498333291
64	WGN07	22.1666666666665	1.27623994430554	1123	19.662583500004	24.670749833329
66	WGN07	20.8333333333332	1.27623994430555	1123	18.3292501666707	23.3374164999957
67	WGN07	18.4999999999999	1.27623994430557	1123	15.9959168333374	21.0040831666624
68	WGN07	21.8333333333334	1.27623994430555	1123	19.3292501666709	24.3374164999959
69	WGN07	25.8333333333332	1.27623994430552	1123	23.3292501666707	28.3374164999956
71	WGN07	20.8333333333333	1.27623994430554	1123	18.3292501666708	23.3374164999958
73	WGN07	25.3333333333333	1.27623994430556	1123	22.8292501666708	27.8374164999958
74	WGN07	22.4999999999999	1.27623994430551	1123	19.9959168333375	25.0040831666624
75	WGN07	20.6666666666666	1.27623994430553	1123	18.1625835000041	23.170749833329
76	WGN07	20.8333333333333	1.27623994430559	1123	18.3292501666708	23.3374164999959
77	WGN07	22.1666666666667	1.27623994430555	1123	19.6625835000041	24.6707498333292
78	WGN07	20.3333333333333	1.27623994430554	1123	17.8292501666708	22.8374164999958
79	WGN07	18.6666666666666	1.27623994430555	1123	16.1625835000041	21.1707498333291
80	WGN07	19.1666666666665	1.27623994430555	1123	16.662583500004	21.670749833329
81	WGN07	22.3333333333331	1.27623994430554	1123	19.8292501666707	24.8374164999956
82	WGN07	19.6666666666665	1.27623994430555	1123	17.162583500004	22.170749833329
83	WGN07	20.1666666666667	1.27623994430553	1123	17.6625835000042	22.6707498333291
84	WGN07	21.3333333333334	1.27623994430556	1123	18.8292501666708	23.8374164999959
85	WGN07	20.6666666666666	1.27623994430554	1123	18.1625835000041	23.1707498333291
86	WGN07	19.8333333333333	1.27623994430553	1123	17.3292501666708	22.3374164999957
87	WGN07	21.4999999999999	1.27623994430554	1123	18.9959168333374	24.0040831666623
88	WGN07	20.8333333333332	1.27623994430553	1123	18.3292501666708	23.3374164999957
89	WGN07	19.5000000000001	1.27623994430554	1123	16.9959168333376	22.0040831666626
90	WGN07	22.3333333333333	1.27623994430557	1123	19.8292501666708	24.8374164999959
91	WGN07	23.1666666666665	1.27623994430552	1123	20.662583500004	25.6707498333289
92	WGN07	21.1666666666667	1.27623994430555	1123	18.6625835000042	23.6707498333292
93	WGN07	19.1666666666666	1.27623994430556	1123	16.6625835000041	21.6707498333291
94	WGN07	19.9999999999999	1.27623994430557	1123	17.4959168333374	22.5040831666625
95	WGN07	22.6666666666666	1.27623994430555	1123	20.1625835000041	25.1707498333291
96	WGN07	20.4999999999999	1.27623994430555	1123	17.9959168333374	23.0040831666624
97	WGN07	23.6666666666666	1.27623994430552	1123	21.1625835000041	26.170749833329
98	WGN07	21	1.27623994430551	1123	18.4959168333375	23.5040831666624
99	WGN07	21.5	1.27623994430554	1123	18.9959168333375	24.0040831666625
100	WGN07	21.8333333333334	1.27623994430556	1123	19.3292501666709	24.3374164999959
101	WGN07	20.4999999999999	1.27623994430554	1123	17.9959168333374	23.0040831666624
102	WGN07	22.4999999999999	1.27623994430555	1123	19.9959168333374	25.0040831666624
103	WGN07	19.6666666666666	1.27623994430554	1123	17.1625835000041	22.1707498333291
104	WGN07	24.6666666666666	1.27623994430554	1123	22.1625835000041	27.1707498333291
105	WGN07	21.1666666666666	1.27623994430555	1123	18.6625835000041	23.6707498333291
106	WGN07	24.1666666666666	1.27623994430554	1123	21.6625835000041	26.6707498333291
107	WGN07	21.6666666666666	1.27623994430554	1123	19.1625835000041	24.1707498333291
108	WGN07	21.1666666666668	1.27623994430556	1123	18.6625835000043	23.6707498333293
109	WGN07	25	1.27623994430555	1123	22.4959168333375	27.5040831666625
110	WGN07	24.8333333333333	1.27623994430554	1123	22.3292501666708	27.3374164999958
111	WGN07	21.3333333333333	1.27623994430552	1123	18.8292501666709	23.8374164999958
112	WGN07	24.8333333333332	1.27623994430554	1123	22.3292501666707	27.3374164999957
113	WGN07	19.6666666666666	1.27623994430556	1123	17.1625835000041	22.1707498333292
114	WGN07	22.9999999999999	1.27623994430556	1123	20.4959168333374	25.5040831666624
115	WGN07	23.8333333333332	1.27623994430555	1123	21.3292501666707	26.3374164999957
116	WGN07	22.3333333333333	1.27623994430555	1123	19.8292501666708	24.8374164999958
117	WGN07	23.4999999999999	1.27623994430552	1123	20.9959168333374	26.0040831666623
118	WGN07	22.1666666666666	1.27623994430554	1123	19.6625835000041	24.6707498333291
119	WGN07	25	1.27623994430557	1123	22.4959168333374	27.5040831666625
120	WGN07	20.4999999999999	1.27623994430555	1123	17.9959168333374	23.0040831666624
121	WGN07	18.8333333333333	1.27623994430556	1123	16.3292501666708	21.3374164999958
122	WGN07	19.2428084223013	1.80527723380037	1123	15.7007124767161	22.7849043678865
123	WGN07	21.6666666666666	1.27623994430557	1123	19.1625835000041	24.1707498333292
124	WGN07	20.5000000000001	1.27623994430554	1123	17.9959168333376	23.0040831666626
125	WGN07	23.8333333333332	1.27623994430552	1123	21.3292501666707	26.3374164999956
126	WGN07	20.1666666666666	1.27623994430553	1123	17.6625835000041	22.6707498333291
127	WGN07	24.3333333333333	1.27623994430555	1123	21.8292501666708	26.8374164999958
128	WGN07	21.6666666666666	1.27623994430552	1123	19.1625835000041	24.1707498333291
129	WGN07	23.6666666666665	1.27623994430556	1123	21.162583500004	26.170749833329
130	WGN07	22.1666666666666	1.27623994430554	1123	19.6625835000041	24.6707498333291
1	WGN15	21.3333333333338	1.27623994430535	1123	18.8292501666717	23.8374164999959
2	WGN15	19.4999999999997	1.27623994430554	1123	16.9959168333373	22.0040831666622
3	WGN15	20.1666666666663	1.27623994430554	1123	17.6625835000038	22.6707498333288
4	WGN15	19.9999999999998	1.27623994430556	1123	17.4959168333372	22.5040831666623
5	WGN15	17.8333333333331	1.27623994430553	1123	15.3292501666707	20.3374164999956
7	WGN15	16.9999999999998	1.27623994430553	1123	14.4959168333373	19.5040831666623
8	WGN15	19.333333333333	1.27623994430555	1123	16.8292501666705	21.8374164999955
9	WGN15	16.6666666666662	1.27623994430557	1123	14.1625835000036	19.1707498333287
10	WGN15	21.6666666666664	1.27623994430556	1123	19.1625835000039	24.170749833329
11	WGN15	17.9999999999997	1.27623994430555	1123	15.4959168333372	20.5040831666622
12	WGN15	17.9999999999999	1.27623994430552	1123	15.4959168333374	20.5040831666623
13	WGN15	19.4999999999997	1.27623994430552	1123	16.9959168333373	22.0040831666622
14	WGN15	18.1666666666665	1.27623994430554	1123	15.662583500004	20.670749833329
15	WGN15	19.6666666666664	1.27623994430555	1123	17.1625835000039	22.1707498333289
16	WGN15	16.4999999999998	1.27623994430554	1123	13.9959168333373	19.0040831666622
17	WGN15	19.9094750889678	1.8052772338004	1123	16.3673791433826	23.4515710345531
18	WGN15	17.833333333333	1.27623994430555	1123	15.3292501666705	20.3374164999955
19	WGN15	18.333333333333	1.27623994430555	1123	15.8292501666705	20.8374164999955
20	WGN15	19.9999999999997	1.27623994430556	1123	17.4959168333372	22.5040831666622
21	WGN15	20.3333333333329	1.27623994430559	1123	17.8292501666703	22.8374164999955
22	WGN15	18.4999999999996	1.27623994430558	1123	15.995916833337	21.0040831666621
23	WGN15	20.833333333333	1.27623994430554	1123	18.3292501666705	23.3374164999955
24	WGN15	14.5761417556342	1.8052772338004	1123	11.034045810049	18.1182377012195
25	WGN15	17.9999999999996	1.27623994430555	1123	15.4959168333371	20.5040831666621
26	WGN15	19.9999999999996	1.27623994430554	1123	17.4959168333372	22.5040831666621
27	WGN15	20.1666666666663	1.27623994430558	1123	17.6625835000037	22.6707498333289
28	WGN15	17.9999999999997	1.27623994430555	1123	15.4959168333372	20.5040831666622
29	WGN15	17.3333333333331	1.27623994430554	1123	14.8292501666706	19.8374164999956
30	WGN15	19.8333333333331	1.27623994430554	1123	17.3292501666707	22.3374164999956
31	WGN15	14.5761417556343	1.8052772338004	1123	11.0340458100491	18.1182377012196
32	WGN15	20.8333333333331	1.27623994430555	1123	18.3292501666705	23.3374164999956
33	WGN15	19.6666666666664	1.27623994430554	1123	17.162583500004	22.1707498333289
34	WGN15	18.1666666666663	1.27623994430552	1123	15.6625835000039	20.6707498333288
35	WGN15	18.6666666666664	1.27623994430554	1123	16.1625835000039	21.1707498333289
36	WGN15	17.6666666666663	1.27623994430556	1123	15.1625835000038	20.1707498333288
37	WGN15	20.4999999999997	1.27623994430552	1123	17.9959168333372	23.0040831666621
38	WGN15	15.9999999999996	1.27623994430556	1123	13.495916833337	18.5040831666621
39	WGN15	18.4999999999998	1.27623994430553	1123	15.9959168333373	21.0040831666623
40	WGN15	19.4999999999997	1.27623994430555	1123	16.9959168333372	22.0040831666622
41	WGN15	20.1666666666663	1.27623994430554	1123	17.6625835000039	22.6707498333288
43	WGN15	20.8333333333331	1.27623994430554	1123	18.3292501666706	23.3374164999956
44	WGN15	19.4999999999997	1.27623994430557	1123	16.9959168333372	22.0040831666623
45	WGN15	17.1666666666665	1.27623994430552	1123	14.6625835000041	19.670749833329
46	WGN15	19.333333333333	1.27623994430554	1123	16.8292501666705	21.8374164999955
47	WGN15	16.9999999999997	1.27623994430554	1123	14.4959168333372	19.5040831666622
48	WGN15	18.833333333333	1.27623994430555	1123	16.3292501666705	21.3374164999955
50	WGN15	20.4999999999997	1.27623994430554	1123	17.9959168333372	23.0040831666622
51	WGN15	18.4999999999997	1.27623994430555	1123	15.9959168333372	21.0040831666622
52	WGN15	19.4999999999997	1.27623994430553	1123	16.9959168333372	22.0040831666621
53	WGN15	14.576141755634	1.80527723380043	1123	11.0340458100487	18.1182377012193
54	WGN15	19.9094750889677	1.80527723380038	1123	16.3673791433825	23.4515710345529
55	WGN15	18.8333333333331	1.27623994430554	1123	16.3292501666706	21.3374164999955
56	WGN15	18.6666666666666	1.27623994430554	1123	16.1625835000041	21.1707498333291
57	WGN15	16.4999999999998	1.27623994430556	1123	13.9959168333373	19.0040831666623
58	WGN15	21.833333333333	1.27623994430554	1123	19.3292501666705	24.3374164999955
59	WGN15	23.1666666666664	1.27623994430556	1123	20.6625835000039	25.6707498333289
60	WGN15	17.1666666666665	1.27623994430551	1123	14.6625835000041	19.6707498333289
61	WGN15	17.6666666666663	1.27623994430555	1123	15.1625835000037	20.1707498333288
62	WGN15	20.4999999999999	1.27623994430554	1123	17.9959168333374	23.0040831666624
63	WGN15	20.833333333333	1.27623994430557	1123	18.3292501666705	23.3374164999956
64	WGN15	15.9999999999997	1.27623994430554	1123	13.4959168333372	18.5040831666622
65	WGN15	17.333333333333	1.27623994430554	1123	14.8292501666705	19.8374164999955
66	WGN15	17.1666666666661	1.27623994430557	1123	14.6625835000036	19.6707498333287
67	WGN15	20.4999999999997	1.27623994430554	1123	17.9959168333372	23.0040831666622
69	WGN15	16.9999999999998	1.27623994430554	1123	14.4959168333373	19.5040831666622
70	WGN15	20.9999999999998	1.27623994430552	1123	18.4959168333374	23.5040831666622
71	WGN15	18.9999999999997	1.27623994430554	1123	16.4959168333372	21.5040831666622
72	WGN15	18.4999999999997	1.27623994430553	1123	15.9959168333372	21.0040831666622
73	WGN15	18.8333333333331	1.27623994430555	1123	16.3292501666706	21.3374164999956
74	WGN15	20.4999999999998	1.27623994430553	1123	17.9959168333373	23.0040831666622
75	WGN15	21.4999999999997	1.27623994430555	1123	18.9959168333372	24.0040831666622
77	WGN15	17.833333333333	1.27623994430554	1123	15.3292501666705	20.3374164999955
78	WGN15	16.8333333333331	1.27623994430554	1123	14.3292501666706	19.3374164999955
79	WGN15	22.1666666666663	1.27623994430555	1123	19.6625835000038	24.6707498333289
80	WGN15	19.333333333333	1.27623994430555	1123	16.8292501666705	21.8374164999955
81	WGN15	22.3333333333331	1.27623994430557	1123	19.8292501666706	24.8374164999957
82	WGN15	19.6666666666663	1.27623994430556	1123	17.1625835000038	22.1707498333288
83	WGN15	19.9999999999997	1.27623994430553	1123	17.4959168333373	22.5040831666622
84	WGN15	20.333333333333	1.27623994430554	1123	17.8292501666705	22.8374164999955
85	WGN15	22.1666666666663	1.27623994430554	1123	19.6625835000038	24.6707498333288
86	WGN15	18.9999999999996	1.27623994430553	1123	16.4959168333372	21.5040831666621
87	WGN15	18.9999999999998	1.27623994430554	1123	16.4959168333373	21.5040831666623
88	WGN15	19.833333333333	1.27623994430555	1123	17.3292501666705	22.3374164999955
89	WGN15	16.6666666666664	1.27623994430555	1123	14.1625835000039	19.1707498333289
90	WGN15	18.4999999999997	1.27623994430555	1123	15.9959168333372	21.0040831666622
91	WGN15	20.6666666666664	1.27623994430554	1123	18.1625835000039	23.1707498333289
92	WGN15	15.8333333333331	1.27623994430554	1123	13.3292501666706	18.3374164999956
93	WGN15	20.333333333333	1.27623994430555	1123	17.8292501666705	22.8374164999956
94	WGN15	19.6666666666663	1.27623994430553	1123	17.1625835000039	22.1707498333288
95	WGN15	16.4999999999999	1.27623994430554	1123	13.9959168333374	19.0040831666624
96	WGN15	18.8333333333331	1.27623994430554	1123	16.3292501666706	21.3374164999956
97	WGN15	17.6666666666664	1.27623994430554	1123	15.1625835000039	20.1707498333289
98	WGN15	20.6666666666664	1.27623994430558	1123	18.1625835000038	23.1707498333289
99	WGN15	18.6666666666664	1.27623994430555	1123	16.1625835000039	21.1707498333289
100	WGN15	16.6666666666664	1.27623994430556	1123	14.1625835000039	19.1707498333289
101	WGN15	21.4999999999996	1.27623994430555	1123	18.9959168333371	24.0040831666621
102	WGN15	17.8333333333331	1.27623994430554	1123	15.3292501666706	20.3374164999956
103	WGN15	17.4999999999997	1.27623994430555	1123	14.9959168333372	20.0040831666622
104	WGN15	19.333333333333	1.27623994430555	1123	16.8292501666705	21.8374164999955
106	WGN15	19.8333333333332	1.27623994430553	1123	17.3292501666707	22.3374164999956
107	WGN15	21.3333333333331	1.27623994430555	1123	18.8292501666706	23.8374164999956
108	WGN15	18.6666666666664	1.27623994430552	1123	16.1625835000039	21.1707498333288
109	WGN15	20.6666666666664	1.27623994430552	1123	18.162583500004	23.1707498333289
110	WGN15	15.8333333333331	1.27623994430554	1123	13.3292501666706	18.3374164999956
111	WGN15	18.1666666666665	1.27623994430555	1123	15.662583500004	20.670749833329
112	WGN15	17.8333333333331	1.27623994430555	1123	15.3292501666706	20.3374164999956
113	WGN15	20.6666666666663	1.27623994430554	1123	18.1625835000038	23.1707498333288
114	WGN15	17.9999999999997	1.27623994430553	1123	15.4959168333372	20.5040831666622
115	WGN15	21.6666666666664	1.27623994430555	1123	19.1625835000039	24.1707498333289
116	WGN15	16.6666666666664	1.27623994430555	1123	14.1625835000039	19.1707498333289
117	WGN15	17.833333333333	1.27623994430556	1123	15.3292501666705	20.3374164999955
118	WGN15	18.6666666666664	1.27623994430555	1123	16.1625835000039	21.1707498333289
119	WGN15	20.1666666666664	1.27623994430552	1123	17.6625835000039	22.6707498333288
120	WGN15	18.8333333333331	1.27623994430554	1123	16.3292501666706	21.3374164999956
121	WGN15	20.1666666666664	1.27623994430555	1123	17.6625835000039	22.6707498333289
122	WGN15	19.4999999999997	1.27623994430554	1123	16.9959168333372	22.0040831666622
123	WGN15	19.1666666666663	1.27623994430555	1123	16.6625835000038	21.6707498333288
124	WGN15	17.1666666666664	1.27623994430553	1123	14.6625835000039	19.6707498333288
125	WGN15	19.6666666666664	1.27623994430554	1123	17.1625835000039	22.1707498333289
126	WGN15	16.833333333333	1.27623994430555	1123	14.3292501666705	19.3374164999956
127	WGN15	17.6666666666664	1.27623994430554	1123	15.1625835000039	20.1707498333288
128	WGN15	19.8333333333331	1.27623994430555	1123	17.3292501666706	22.3374164999956
129	WGN15	18.333333333333	1.27623994430555	1123	15.8292501666705	20.8374164999956
130	WGN15	19.1666666666664	1.27623994430555	1123	16.6625835000039	21.6707498333289
3	WGN26	19.6666666666668	1.27623994430553	1123	17.1625835000044	22.1707498333293
4	WGN26	18.6666666666668	1.27623994430557	1123	16.1625835000043	21.1707498333294
5	WGN26	22.5000000000001	1.27623994430554	1123	19.9959168333377	25.0040831666626
6	WGN26	20.3333333333335	1.27623994430556	1123	17.829250166671	22.837416499996
7	WGN26	20.5000000000001	1.27623994430554	1123	17.9959168333377	23.0040831666626
8	WGN26	17.3333333333335	1.27623994430556	1123	14.829250166671	19.837416499996
9	WGN26	20.0000000000002	1.27623994430555	1123	17.4959168333377	22.5040831666627
10	WGN26	19.1666666666668	1.27623994430554	1123	16.6625835000043	21.6707498333293
11	WGN26	15.1666666666667	1.27623994430555	1123	12.6625835000042	17.6707498333292
12	WGN26	18.0000000000002	1.27623994430554	1123	15.4959168333377	20.5040831666626
13	WGN26	17.5000000000002	1.27623994430553	1123	14.9959168333377	20.0040831666627
14	WGN26	18.5000000000001	1.27623994430556	1123	15.9959168333376	21.0040831666627
15	WGN26	19.6666666666668	1.27623994430554	1123	17.1625835000043	22.1707498333293
17	WGN26	22.0000000000002	1.27623994430556	1123	19.4959168333377	24.5040831666628
18	WGN26	18.1666666666669	1.27623994430553	1123	15.6625835000044	20.6707498333293
19	WGN26	20.0905249110321	1.80527723380036	1123	16.5484289654469	23.6326208566173
20	WGN26	18.6666666666668	1.27623994430556	1123	16.1625835000043	21.1707498333293
21	WGN26	19.1666666666668	1.27623994430554	1123	16.6625835000044	21.6707498333293
22	WGN26	18.5000000000002	1.27623994430552	1123	15.9959168333377	21.0040831666626
23	WGN26	18.5000000000002	1.27623994430554	1123	15.9959168333377	21.0040831666626
24	WGN26	21.2428084223014	1.80527723380037	1123	17.7007124767163	24.7849043678866
25	WGN26	18.8333333333335	1.27623994430553	1123	16.329250166671	21.3374164999959
26	WGN26	16.5	1.27623994430557	1123	13.9959168333375	19.0040831666626
27	WGN26	18.5000000000002	1.27623994430553	1123	15.9959168333377	21.0040831666627
28	WGN26	20.5000000000002	1.27623994430554	1123	17.9959168333377	23.0040831666627
29	WGN26	16.8333333333335	1.27623994430555	1123	14.329250166671	19.337416499996
30	WGN26	19.6666666666668	1.27623994430552	1123	17.1625835000044	22.1707498333293
31	WGN26	20.0000000000001	1.27623994430553	1123	17.4959168333377	22.5040831666626
32	WGN26	15.6666666666667	1.27623994430556	1123	13.1625835000042	18.1707498333292
33	WGN26	18.5761417556347	1.80527723380038	1123	15.0340458100495	22.1182377012199
34	WGN26	18.1666666666667	1.27623994430553	1123	15.6625835000043	20.6707498333292
35	WGN26	22.0000000000001	1.27623994430553	1123	19.4959168333377	24.5040831666626
36	WGN26	17.8333333333335	1.27623994430554	1123	15.329250166671	20.337416499996
38	WGN26	20.1666666666669	1.27623994430555	1123	17.6625835000044	22.6707498333294
39	WGN26	19.1666666666669	1.27623994430556	1123	16.6625835000044	21.6707498333295
40	WGN26	16.8333333333334	1.27623994430556	1123	14.3292501666709	19.3374164999959
41	WGN26	13.5000000000001	1.27623994430555	1123	10.9959168333376	16.0040831666626
42	WGN26	20.1666666666668	1.27623994430557	1123	17.6625835000043	22.6707498333294
43	WGN26	20.8333333333335	1.27623994430555	1123	18.329250166671	23.337416499996
44	WGN26	19.3333333333335	1.27623994430553	1123	16.829250166671	21.8374164999959
45	WGN26	20.5000000000001	1.27623994430554	1123	17.9959168333377	23.0040831666626
46	WGN26	19.6666666666668	1.27623994430554	1123	17.1625835000043	22.1707498333293
47	WGN26	14.6666666666668	1.27623994430555	1123	12.1625835000043	17.1707498333293
48	WGN26	17.0000000000001	1.27623994430556	1123	14.4959168333376	19.5040831666626
49	WGN26	20.8333333333335	1.27623994430555	1123	18.329250166671	23.337416499996
50	WGN26	18.8333333333334	1.27623994430554	1123	16.329250166671	21.3374164999959
51	WGN26	18.5000000000002	1.27623994430555	1123	15.9959168333376	21.0040831666627
52	WGN26	19.8333333333335	1.27623994430555	1123	17.329250166671	22.337416499996
53	WGN26	19.3333333333335	1.27623994430552	1123	16.8292501666711	21.837416499996
54	WGN26	19.6666666666668	1.27623994430554	1123	17.1625835000043	22.1707498333293
55	WGN26	20.1666666666668	1.27623994430555	1123	17.6625835000043	22.6707498333293
56	WGN26	17.0000000000001	1.27623994430555	1123	14.4959168333376	19.5040831666627
57	WGN26	22.0000000000002	1.27623994430555	1123	19.4959168333377	24.5040831666627
58	WGN26	16.5000000000002	1.27623994430554	1123	13.9959168333377	19.0040831666627
59	WGN26	21.4238582443656	1.8052772338004	1123	17.8817622987803	24.9659541899508
60	WGN26	19.0000000000002	1.27623994430554	1123	16.4959168333377	21.5040831666627
61	WGN26	17.6666666666668	1.27623994430556	1123	15.1625835000043	20.1707498333293
62	WGN26	20.3333333333335	1.27623994430556	1123	17.829250166671	22.837416499996
64	WGN26	19.6666666666668	1.27623994430553	1123	17.1625835000044	22.1707498333293
65	WGN26	21.1666666666668	1.27623994430555	1123	18.6625835000043	23.6707498333293
66	WGN26	19.0000000000002	1.27623994430553	1123	16.4959168333377	21.5040831666626
67	WGN26	19.5000000000002	1.27623994430554	1123	16.9959168333377	22.0040831666627
68	WGN26	17.6666666666668	1.27623994430553	1123	15.1625835000044	20.1707498333293
69	WGN26	22.0000000000001	1.27623994430554	1123	19.4959168333376	24.5040831666626
70	WGN26	20.1666666666669	1.27623994430554	1123	17.6625835000045	22.6707498333294
71	WGN26	19.0000000000002	1.27623994430553	1123	16.4959168333378	21.5040831666627
73	WGN26	16.6666666666668	1.27623994430555	1123	14.1625835000043	19.1707498333293
74	WGN26	20.3333333333335	1.27623994430554	1123	17.829250166671	22.837416499996
75	WGN26	20.8333333333334	1.27623994430555	1123	18.3292501666709	23.337416499996
76	WGN26	18.6666666666668	1.27623994430554	1123	16.1625835000043	21.1707498333293
77	WGN26	17.6666666666669	1.27623994430555	1123	15.1625835000044	20.1707498333294
78	WGN26	17.3333333333335	1.27623994430555	1123	14.829250166671	19.837416499996
79	WGN26	19.5761417556348	1.80527723380038	1123	16.0340458100495	23.11823770122
80	WGN26	19.5000000000001	1.27623994430556	1123	16.9959168333376	22.0040831666627
81	WGN26	19.6666666666668	1.27623994430555	1123	17.1625835000043	22.1707498333293
82	WGN26	20.0000000000002	1.27623994430554	1123	17.4959168333377	22.5040831666626
83	WGN26	19.3333333333335	1.27623994430554	1123	16.829250166671	21.837416499996
85	WGN26	17.0905249110321	1.80527723380039	1123	13.5484289654469	20.6326208566173
86	WGN26	16.0905249110322	1.80527723380042	1123	12.5484289654469	19.6326208566175
87	WGN26	20.6666666666668	1.27623994430555	1123	18.1625835000043	23.1707498333293
88	WGN26	18.5000000000002	1.27623994430555	1123	15.9959168333377	21.0040831666627
89	WGN26	21.3333333333334	1.27623994430554	1123	18.829250166671	23.8374164999959
90	WGN26	18.3333333333335	1.27623994430554	1123	15.829250166671	20.837416499996
91	WGN26	21.1666666666668	1.27623994430555	1123	18.6625835000043	23.6707498333293
92	WGN26	17.0000000000002	1.27623994430554	1123	14.4959168333377	19.5040831666626
93	WGN26	22.1666666666668	1.27623994430553	1123	19.6625835000043	24.6707498333293
94	WGN26	19.8333333333335	1.27623994430554	1123	17.3292501666711	22.337416499996
95	WGN26	20.1666666666668	1.27623994430554	1123	17.6625835000043	22.6707498333293
96	WGN26	21.3333333333335	1.27623994430555	1123	18.829250166671	23.837416499996
97	WGN26	20.8333333333335	1.27623994430555	1123	18.329250166671	23.337416499996
98	WGN26	19.6666666666668	1.27623994430554	1123	17.1625835000044	22.1707498333293
99	WGN26	18.5000000000002	1.27623994430555	1123	15.9959168333377	21.0040831666627
100	WGN26	15.0905249110321	1.80527723380042	1123	11.5484289654468	18.6326208566174
101	WGN26	20.5000000000002	1.27623994430553	1123	17.9959168333378	23.0040831666627
102	WGN26	20.0000000000002	1.27623994430554	1123	17.4959168333377	22.5040831666627
103	WGN26	18.1666666666668	1.27623994430554	1123	15.6625835000043	20.6707498333293
104	WGN26	18.1666666666668	1.27623994430554	1123	15.6625835000044	20.6707498333293
105	WGN26	20.6666666666668	1.27623994430555	1123	18.1625835000043	23.1707498333293
106	WGN26	19.5000000000002	1.27623994430555	1123	16.9959168333377	22.0040831666627
108	WGN26	18.0000000000001	1.27623994430555	1123	15.4959168333376	20.5040831666627
109	WGN26	22.6666666666668	1.27623994430554	1123	20.1625835000043	25.1707498333293
111	WGN26	17.6666666666669	1.27623994430554	1123	15.1625835000044	20.1707498333293
112	WGN26	18.3333333333335	1.27623994430553	1123	15.829250166671	20.837416499996
113	WGN26	15.5000000000001	1.27623994430554	1123	12.9959168333376	18.0040831666626
115	WGN26	21.0000000000002	1.27623994430555	1123	18.4959168333377	23.5040831666627
116	WGN26	22.8333333333335	1.27623994430555	1123	20.329250166671	25.337416499996
117	WGN26	18.0905249110322	1.80527723380039	1123	14.548428965447	21.6326208566174
118	WGN26	21.8333333333335	1.27623994430555	1123	19.329250166671	24.337416499996
119	WGN26	19.5000000000002	1.27623994430554	1123	16.9959168333377	22.0040831666627
120	WGN26	13.5000000000002	1.27623994430554	1123	10.9959168333377	16.0040831666627
121	WGN26	19.6666666666669	1.27623994430554	1123	17.1625835000044	22.1707498333294
122	WGN26	16.6666666666669	1.27623994430555	1123	14.1625835000044	19.1707498333294
123	WGN26	21.3333333333335	1.27623994430554	1123	18.8292501666711	23.837416499996
124	WGN26	10.2428084223015	1.80527723380039	1123	6.70071247671626	13.7849043678867
125	WGN26	22.3333333333335	1.27623994430555	1123	19.829250166671	24.837416499996
126	WGN26	15.7571915776989	1.8052772338004	1123	12.2150956321136	19.2992875232841
127	WGN26	19.6666666666669	1.27623994430554	1123	17.1625835000044	22.1707498333293
128	WGN26	16.1666666666669	1.27623994430554	1123	13.6625835000044	18.6707498333294
129	WGN26	17.0905249110322	1.80527723380039	1123	13.5484289654469	20.6326208566174
130	WGN26	19.5000000000002	1.27623994430556	1123	16.9959168333377	22.0040831666627
1	WGN36	21.9094750889685	1.80527723380032	1123	18.3673791433834	25.4515710345535
2	WGN36	23	1.27623994430553	1123	20.4959168333375	25.5040831666625
4	WGN36	21.3333333333333	1.27623994430555	1123	18.8292501666708	23.8374164999958
5	WGN36	20.1666666666667	1.27623994430551	1123	17.6625835000043	22.6707498333292
6	WGN36	17.6666666666666	1.27623994430555	1123	15.1625835000041	20.1707498333291
7	WGN36	20.1666666666666	1.27623994430555	1123	17.6625835000041	22.6707498333291
8	WGN36	19.8333333333333	1.27623994430554	1123	17.3292501666708	22.3374164999958
9	WGN36	21.2428084223013	1.80527723380037	1123	17.7007124767161	24.7849043678864
10	WGN36	21.1666666666667	1.27623994430552	1123	18.6625835000043	23.6707498333292
11	WGN36	21.8333333333332	1.27623994430556	1123	19.3292501666707	24.3374164999958
12	WGN36	18.5761417556344	1.80527723380038	1123	15.0340458100492	22.1182377012196
13	WGN36	20.6666666666667	1.27623994430553	1123	18.1625835000042	23.1707498333292
14	WGN36	18	1.27623994430555	1123	15.4959168333375	20.5040831666625
15	WGN36	21.8333333333333	1.27623994430555	1123	19.3292501666708	24.3374164999958
16	WGN36	18.8333333333332	1.27623994430556	1123	16.3292501666706	21.3374164999957
17	WGN36	22.1666666666666	1.27623994430556	1123	19.662583500004	24.6707498333291
18	WGN36	22.1666666666666	1.27623994430554	1123	19.6625835000041	24.6707498333291
19	WGN36	20.6666666666666	1.27623994430554	1123	18.1625835000041	23.1707498333291
20	WGN36	17.0000000000001	1.27623994430553	1123	14.4959168333376	19.5040831666626
21	WGN36	23.8333333333333	1.27623994430554	1123	21.3292501666708	26.3374164999957
22	WGN36	18.1666666666666	1.27623994430556	1123	15.662583500004	20.6707498333291
23	WGN36	20.8333333333333	1.27623994430555	1123	18.3292501666708	23.3374164999958
24	WGN36	20	1.27623994430552	1123	17.4959168333376	22.5040831666625
26	WGN36	22.9999999999999	1.27623994430554	1123	20.4959168333374	25.5040831666624
27	WGN36	19.3333333333333	1.27623994430554	1123	16.8292501666708	21.8374164999958
28	WGN36	19.4999999999999	1.27623994430554	1123	16.9959168333374	22.0040831666624
30	WGN36	22.3333333333333	1.27623994430555	1123	19.8292501666708	24.8374164999958
31	WGN36	20.8333333333332	1.27623994430557	1123	18.3292501666707	23.3374164999958
32	WGN36	22.5	1.27623994430554	1123	19.9959168333375	25.0040831666625
33	WGN36	19.5	1.27623994430554	1123	16.9959168333376	22.0040831666625
34	WGN36	19.8333333333333	1.27623994430553	1123	17.3292501666709	22.3374164999958
35	WGN36	20.8333333333333	1.27623994430556	1123	18.3292501666707	23.3374164999958
36	WGN36	22.1666666666666	1.27623994430556	1123	19.662583500004	24.6707498333291
37	WGN36	18	1.27623994430553	1123	15.4959168333376	20.5040831666625
38	WGN36	20.2428084223012	1.80527723380039	1123	16.700712476716	23.7849043678864
39	WGN36	18.8333333333332	1.27623994430554	1123	16.3292501666707	21.3374164999957
40	WGN36	21.3333333333332	1.27623994430554	1123	18.8292501666708	23.8374164999957
41	WGN36	20.8333333333333	1.27623994430553	1123	18.3292501666708	23.3374164999958
42	WGN36	20.6666666666666	1.27623994430553	1123	18.1625835000041	23.1707498333291
43	WGN36	22.3333333333332	1.27623994430555	1123	19.8292501666707	24.8374164999957
44	WGN36	21.8333333333333	1.27623994430554	1123	19.3292501666708	24.3374164999958
45	WGN36	19	1.27623994430554	1123	16.4959168333375	21.5040831666625
46	WGN36	18.2428084223013	1.80527723380036	1123	14.7007124767161	21.7849043678865
47	WGN36	20.8333333333333	1.27623994430555	1123	18.3292501666708	23.3374164999958
48	WGN36	21.3333333333333	1.27623994430554	1123	18.8292501666709	23.8374164999958
49	WGN36	17	1.27623994430555	1123	14.4959168333374	19.5040831666625
51	WGN36	19.8333333333333	1.27623994430555	1123	17.3292501666708	22.3374164999958
52	WGN36	22	1.27623994430553	1123	19.4959168333375	24.5040831666624
53	WGN36	23.4999999999999	1.27623994430553	1123	20.9959168333374	26.0040831666623
54	WGN36	20.1666666666666	1.27623994430555	1123	17.6625835000041	22.6707498333291
55	WGN36	18.9999999999999	1.27623994430556	1123	16.4959168333373	21.5040831666624
56	WGN36	17.3333333333333	1.27623994430554	1123	14.8292501666708	19.8374164999958
57	WGN36	23.4999999999999	1.27623994430554	1123	20.9959168333374	26.0040831666624
58	WGN36	21.3333333333333	1.27623994430556	1123	18.8292501666708	23.8374164999958
59	WGN36	21.4999999999999	1.27623994430554	1123	18.9959168333374	24.0040831666624
60	WGN36	20.9999999999999	1.27623994430555	1123	18.4959168333374	23.5040831666624
62	WGN36	16.9999999999999	1.27623994430555	1123	14.4959168333374	19.5040831666624
64	WGN36	22.4999999999999	1.27623994430554	1123	19.9959168333375	25.0040831666624
65	WGN36	22.1666666666666	1.27623994430553	1123	19.6625835000041	24.670749833329
66	WGN36	18.8333333333331	1.27623994430557	1123	16.3292501666706	21.3374164999957
68	WGN36	19.9999999999999	1.27623994430553	1123	17.4959168333375	22.5040831666624
69	WGN36	20.3333333333333	1.27623994430554	1123	17.8292501666708	22.8374164999957
70	WGN36	20.8333333333332	1.27623994430555	1123	18.3292501666707	23.3374164999957
71	WGN36	20.4999999999999	1.27623994430554	1123	17.9959168333374	23.0040831666624
72	WGN36	23.1666666666666	1.27623994430554	1123	20.6625835000041	25.6707498333291
74	WGN36	23.1666666666666	1.27623994430556	1123	20.6625835000041	25.6707498333292
75	WGN36	21.3333333333333	1.27623994430555	1123	18.8292501666707	23.8374164999958
76	WGN36	25.4999999999999	1.27623994430554	1123	22.9959168333374	28.0040831666624
77	WGN36	23.9999999999999	1.27623994430554	1123	21.4959168333374	26.5040831666624
78	WGN36	19.1666666666666	1.27623994430555	1123	16.6625835000041	21.6707498333291
79	WGN36	21.3333333333333	1.27623994430556	1123	18.8292501666707	23.8374164999958
80	WGN36	19	1.27623994430554	1123	16.4959168333375	21.5040831666624
81	WGN36	21.8333333333332	1.27623994430553	1123	19.3292501666707	24.3374164999957
82	WGN36	20.9999999999999	1.27623994430556	1123	18.4959168333374	23.5040831666624
83	WGN36	19.5	1.27623994430554	1123	16.9959168333375	22.0040831666625
84	WGN36	23.4999999999999	1.27623994430554	1123	20.9959168333374	26.0040831666624
85	WGN36	18.8333333333333	1.27623994430554	1123	16.3292501666708	21.3374164999958
86	WGN36	19.9999999999999	1.27623994430555	1123	17.4959168333374	22.5040831666624
87	WGN36	20.3333333333333	1.27623994430555	1123	17.8292501666708	22.8374164999958
88	WGN36	18.8333333333333	1.27623994430553	1123	16.3292501666709	21.3374164999958
89	WGN36	21.4999999999999	1.27623994430555	1123	18.9959168333374	24.0040831666624
90	WGN36	19.1666666666666	1.27623994430555	1123	16.6625835000041	21.6707498333291
92	WGN36	18.8333333333333	1.27623994430554	1123	16.3292501666708	21.3374164999958
93	WGN36	18.1666666666666	1.27623994430555	1123	15.6625835000041	20.6707498333291
94	WGN36	21.6666666666667	1.27623994430554	1123	19.1625835000042	24.1707498333291
95	WGN36	21.3333333333333	1.27623994430555	1123	18.8292501666708	23.8374164999958
96	WGN36	22.3333333333333	1.27623994430554	1123	19.8292501666708	24.8374164999958
97	WGN36	21.8333333333333	1.27623994430554	1123	19.3292501666708	24.3374164999958
98	WGN36	24.4999999999999	1.27623994430554	1123	21.9959168333375	27.0040831666624
99	WGN36	19.8333333333332	1.27623994430556	1123	17.3292501666707	22.3374164999957
100	WGN36	18.4999999999999	1.27623994430555	1123	15.9959168333374	21.0040831666624
102	WGN36	20.3333333333333	1.27623994430555	1123	17.8292501666708	22.8374164999958
104	WGN36	19.1666666666665	1.27623994430555	1123	16.662583500004	21.670749833329
105	WGN36	22	1.27623994430554	1123	19.4959168333375	24.5040831666624
106	WGN36	19.1666666666666	1.27623994430555	1123	16.6625835000041	21.6707498333291
107	WGN36	17.8333333333332	1.27623994430554	1123	15.3292501666708	20.3374164999957
108	WGN36	21.2428084223012	1.80527723380039	1123	17.700712476716	24.7849043678865
109	WGN36	17.9999999999999	1.27623994430555	1123	15.4959168333374	20.5040831666625
110	WGN36	16.9999999999999	1.27623994430555	1123	14.4959168333374	19.5040831666624
112	WGN36	21.6666666666666	1.27623994430555	1123	19.1625835000041	24.1707498333291
114	WGN36	17.4999999999999	1.27623994430554	1123	14.9959168333374	20.0040831666624
116	WGN36	20.4999999999999	1.27623994430554	1123	17.9959168333374	23.0040831666624
117	WGN36	19.3333333333333	1.27623994430555	1123	16.8292501666708	21.8374164999958
118	WGN36	17.9999999999999	1.27623994430555	1123	15.4959168333374	20.5040831666624
119	WGN36	19.8333333333332	1.27623994430555	1123	17.3292501666707	22.3374164999958
120	WGN36	21.9999999999999	1.27623994430556	1123	19.4959168333374	24.5040831666625
121	WGN36	21.8333333333333	1.27623994430555	1123	19.3292501666708	24.3374164999958
122	WGN36	18.3333333333333	1.27623994430555	1123	15.8292501666708	20.8374164999958
123	WGN36	20.6666666666667	1.27623994430554	1123	18.1625835000042	23.1707498333291
124	WGN36	23.5	1.27623994430554	1123	20.9959168333375	26.0040831666624
125	WGN36	22.8333333333332	1.27623994430555	1123	20.3292501666707	25.3374164999957
126	WGN36	18.4999999999999	1.27623994430555	1123	15.9959168333374	21.0040831666624
127	WGN36	22.3333333333333	1.27623994430554	1123	19.8292501666708	24.8374164999958
128	WGN36	23.8333333333332	1.27623994430554	1123	21.3292501666707	26.3374164999957
129	WGN36	17.9999999999999	1.27623994430555	1123	15.4959168333374	20.5040831666624
130	WGN36	18.3333333333333	1.27623994430555	1123	15.8292501666708	20.8374164999958
1	WGN38	22.8333333333331	1.27623994430568	1123	20.3292501666703	25.3374164999958
2	WGN38	20.1666666666669	1.27623994430555	1123	17.6625835000044	22.6707498333294
3	WGN38	18.0000000000002	1.27623994430555	1123	15.4959168333377	20.5040831666627
4	WGN38	20.3333333333335	1.27623994430556	1123	17.829250166671	22.8374164999961
5	WGN38	23.1666666666669	1.27623994430552	1123	20.6625835000044	25.6707498333293
6	WGN38	21.9094750889683	1.80527723380039	1123	18.3673791433831	25.4515710345536
7	WGN38	21.8333333333336	1.27623994430554	1123	19.3292501666711	24.3374164999961
8	WGN38	22.0000000000003	1.27623994430554	1123	19.4959168333378	24.5040831666628
10	WGN38	21.5000000000003	1.27623994430555	1123	18.9959168333377	24.0040831666628
11	WGN38	21.1666666666669	1.27623994430555	1123	18.6625835000044	23.6707498333294
12	WGN38	20.8333333333336	1.27623994430556	1123	18.3292501666711	23.3374164999961
13	WGN38	21.1666666666669	1.27623994430555	1123	18.6625835000044	23.6707498333294
14	WGN38	21.0000000000003	1.27623994430553	1123	18.4959168333378	23.5040831666628
16	WGN38	17.666666666667	1.27623994430554	1123	15.1625835000045	20.1707498333295
18	WGN38	20.5000000000002	1.27623994430555	1123	17.9959168333377	23.0040831666627
19	WGN38	22.6666666666669	1.27623994430554	1123	20.1625835000044	25.1707498333294
20	WGN38	20.3333333333336	1.27623994430554	1123	17.8292501666712	22.8374164999961
21	WGN38	20.5000000000003	1.27623994430554	1123	17.9959168333378	23.0040831666628
22	WGN38	23.6666666666669	1.27623994430555	1123	21.1625835000044	26.1707498333294
23	WGN38	23.0000000000003	1.27623994430555	1123	20.4959168333378	25.5040831666628
24	WGN38	17.8333333333336	1.27623994430554	1123	15.3292501666712	20.3374164999961
26	WGN38	23.3333333333336	1.27623994430554	1123	20.8292501666711	25.8374164999961
27	WGN38	19.5000000000002	1.27623994430555	1123	16.9959168333377	22.0040831666627
28	WGN38	22.666666666667	1.27623994430555	1123	20.1625835000044	25.1707498333295
29	WGN38	20.6666666666669	1.27623994430555	1123	18.1625835000044	23.1707498333294
30	WGN38	18.6666666666669	1.27623994430554	1123	16.1625835000044	21.1707498333294
32	WGN38	23.0000000000003	1.27623994430554	1123	20.4959168333378	25.5040831666627
33	WGN38	21.6666666666669	1.27623994430555	1123	19.1625835000044	24.1707498333294
34	WGN38	22.2428084223016	1.80527723380038	1123	18.7007124767164	25.7849043678869
35	WGN38	23.166666666667	1.27623994430556	1123	20.6625835000044	25.6707498333295
36	WGN38	21.3333333333336	1.27623994430554	1123	18.8292501666711	23.8374164999961
37	WGN38	22.0000000000003	1.27623994430556	1123	19.4959168333377	24.5040831666628
38	WGN38	22.5000000000002	1.27623994430556	1123	19.9959168333377	25.0040831666627
39	WGN38	22.0000000000003	1.27623994430555	1123	19.4959168333378	24.5040831666628
40	WGN38	24.1666666666668	1.27623994430554	1123	21.6625835000044	26.6707498333293
41	WGN38	19.5000000000003	1.27623994430554	1123	16.9959168333378	22.0040831666628
42	WGN38	18.0000000000004	1.27623994430553	1123	15.4959168333379	20.5040831666628
43	WGN38	17.4238582443656	1.8052772338004	1123	13.8817622987803	20.9659541899509
45	WGN38	20.1666666666669	1.27623994430554	1123	17.6625835000044	22.6707498333294
46	WGN38	20.0000000000003	1.27623994430554	1123	17.4959168333378	22.5040831666627
47	WGN38	23.1666666666669	1.27623994430554	1123	20.6625835000044	25.6707498333294
48	WGN38	22.3333333333336	1.27623994430555	1123	19.8292501666711	24.8374164999961
49	WGN38	21.0000000000003	1.27623994430554	1123	18.4959168333378	23.5040831666628
50	WGN38	21.5000000000002	1.27623994430555	1123	18.9959168333377	24.0040831666627
51	WGN38	19.5000000000003	1.27623994430555	1123	16.9959168333377	22.0040831666628
52	WGN38	22.8333333333336	1.27623994430555	1123	20.3292501666711	25.3374164999961
53	WGN38	23.3333333333336	1.27623994430554	1123	20.8292501666711	25.8374164999961
54	WGN38	21.1666666666669	1.27623994430555	1123	18.6625835000044	23.6707498333294
55	WGN38	16.8333333333336	1.27623994430554	1123	14.3292501666711	19.3374164999961
56	WGN38	19.0000000000003	1.27623994430555	1123	16.4959168333378	21.5040831666628
59	WGN38	21.6666666666669	1.27623994430555	1123	19.1625835000044	24.1707498333294
61	WGN38	22.0000000000003	1.27623994430555	1123	19.4959168333377	24.5040831666628
63	WGN38	23.1666666666669	1.27623994430555	1123	20.6625835000044	25.6707498333294
64	WGN38	22.5000000000003	1.27623994430555	1123	19.9959168333378	25.0040831666628
65	WGN38	21.666666666667	1.27623994430554	1123	19.1625835000045	24.1707498333295
66	WGN38	19.8333333333336	1.27623994430554	1123	17.3292501666711	22.3374164999961
67	WGN38	25.3333333333336	1.27623994430555	1123	22.8292501666711	27.8374164999961
68	WGN38	21.8333333333336	1.27623994430555	1123	19.3292501666711	24.3374164999961
69	WGN38	23.3333333333336	1.27623994430555	1123	20.8292501666711	25.8374164999961
70	WGN38	23.5000000000003	1.27623994430555	1123	20.9959168333378	26.0040831666628
72	WGN38	20.8333333333336	1.27623994430555	1123	18.3292501666711	23.3374164999961
73	WGN38	24.1666666666669	1.27623994430554	1123	21.6625835000044	26.6707498333294
74	WGN38	21.0000000000003	1.27623994430554	1123	18.4959168333378	23.5040831666628
76	WGN38	22.0000000000003	1.27623994430554	1123	19.4959168333378	24.5040831666628
77	WGN38	22.1666666666669	1.27623994430555	1123	19.6625835000044	24.6707498333294
78	WGN38	21.0000000000003	1.27623994430554	1123	18.4959168333378	23.5040831666628
80	WGN38	21.3333333333336	1.27623994430554	1123	18.8292501666711	23.8374164999961
81	WGN38	21.5000000000003	1.27623994430555	1123	18.9959168333378	24.0040831666628
82	WGN38	23.3333333333336	1.27623994430554	1123	20.8292501666711	25.8374164999961
83	WGN38	19.166666666667	1.27623994430554	1123	16.6625835000045	21.6707498333295
84	WGN38	21.8333333333336	1.27623994430555	1123	19.3292501666711	24.3374164999961
85	WGN38	24.3333333333336	1.27623994430554	1123	21.8292501666711	26.8374164999961
86	WGN38	21.6666666666669	1.27623994430555	1123	19.1625835000044	24.1707498333294
87	WGN38	23.0000000000003	1.27623994430555	1123	20.4959168333378	25.5040831666628
88	WGN38	24.0000000000003	1.27623994430554	1123	21.4959168333378	26.5040831666628
89	WGN38	23.0000000000003	1.27623994430555	1123	20.4959168333378	25.5040831666628
90	WGN38	22.5000000000003	1.27623994430554	1123	19.9959168333378	25.0040831666628
91	WGN38	22.0000000000003	1.27623994430554	1123	19.4959168333378	24.5040831666628
92	WGN38	24.8333333333336	1.27623994430554	1123	22.3292501666711	27.3374164999961
93	WGN38	20.166666666667	1.27623994430554	1123	17.6625835000045	22.6707498333295
94	WGN38	20.5000000000003	1.27623994430555	1123	17.9959168333378	23.0040831666628
95	WGN38	20.6666666666669	1.27623994430555	1123	18.1625835000044	23.1707498333294
96	WGN38	20.3333333333336	1.27623994430554	1123	17.8292501666711	22.8374164999961
97	WGN38	22.0000000000003	1.27623994430554	1123	19.4959168333378	24.5040831666627
98	WGN38	21.5000000000003	1.27623994430555	1123	18.9959168333378	24.0040831666628
99	WGN38	21.6666666666669	1.27623994430554	1123	19.1625835000044	24.1707498333294
100	WGN38	20.166666666667	1.27623994430554	1123	17.6625835000045	22.6707498333295
101	WGN38	21.6666666666669	1.27623994430554	1123	19.1625835000044	24.1707498333294
102	WGN38	21.166666666667	1.27623994430554	1123	18.6625835000045	23.6707498333295
103	WGN38	23.8333333333336	1.27623994430554	1123	21.3292501666711	26.3374164999961
104	WGN38	25.0000000000003	1.27623994430554	1123	22.4959168333378	27.5040831666628
106	WGN38	21.2428084223016	1.80527723380039	1123	17.7007124767163	24.7849043678868
107	WGN38	21.8333333333336	1.27623994430554	1123	19.3292501666711	24.3374164999961
108	WGN38	25.0905249110322	1.80527723380039	1123	21.548428965447	28.6326208566175
109	WGN38	24.7571915776989	1.80527723380038	1123	21.2150956321137	28.2992875232842
110	WGN38	21.1666666666669	1.27623994430554	1123	18.6625835000044	23.6707498333294
111	WGN38	20.6666666666669	1.27623994430554	1123	18.1625835000044	23.1707498333294
112	WGN38	23.5761417556349	1.80527723380038	1123	20.0340458100496	27.1182377012201
113	WGN38	20.8333333333336	1.27623994430555	1123	18.3292501666711	23.3374164999961
114	WGN38	22.0000000000003	1.27623994430554	1123	19.4959168333378	24.5040831666628
115	WGN38	21.6666666666669	1.27623994430555	1123	19.1625835000044	24.1707498333294
1	WGN39	25.1666666666672	1.27623994430562	1123	22.6625835000046	27.6707498333299
2	WGN39	19.8333333333338	1.27623994430553	1123	17.3292501666713	22.3374164999962
3	WGN39	20.1666666666667	1.27623994430556	1123	17.6625835000042	22.6707498333293
4	WGN39	24.3333333333336	1.27623994430554	1123	21.8292501666711	26.8374164999961
5	WGN39	21.1666666666669	1.27623994430554	1123	18.6625835000044	23.6707498333294
6	WGN39	20.5000000000001	1.27623994430555	1123	17.9959168333376	23.0040831666626
7	WGN39	19.5000000000002	1.27623994430555	1123	16.9959168333377	22.0040831666627
8	WGN39	20.666666666667	1.27623994430553	1123	18.1625835000046	23.1707498333295
9	WGN39	22.3333333333335	1.27623994430554	1123	19.829250166671	24.837416499996
10	WGN39	19.0000000000004	1.27623994430554	1123	16.4959168333379	21.5040831666629
11	WGN39	19.3333333333335	1.27623994430556	1123	16.829250166671	21.837416499996
12	WGN39	21.5000000000002	1.27623994430556	1123	18.9959168333377	24.0040831666627
13	WGN39	18.5000000000005	1.27623994430553	1123	15.995916833338	21.004083166663
14	WGN39	19.3333333333336	1.27623994430554	1123	16.8292501666711	21.8374164999961
15	WGN39	17.8333333333338	1.27623994430553	1123	15.3292501666713	20.3374164999962
16	WGN39	23.5000000000002	1.27623994430555	1123	20.9959168333377	26.0040831666627
17	WGN39	22.0000000000002	1.27623994430557	1123	19.4959168333376	24.5040831666627
18	WGN39	21.666666666667	1.27623994430553	1123	19.1625835000045	24.1707498333295
19	WGN39	20.0000000000002	1.27623994430555	1123	17.4959168333377	22.5040831666627
20	WGN39	20.1666666666669	1.27623994430554	1123	17.6625835000044	22.6707498333294
21	WGN39	22.5000000000002	1.27623994430554	1123	19.9959168333377	25.0040831666627
22	WGN39	21.6666666666668	1.27623994430555	1123	19.1625835000043	24.1707498333293
24	WGN39	19.5000000000003	1.27623994430554	1123	16.9959168333378	22.0040831666627
25	WGN39	18.6666666666668	1.27623994430555	1123	16.1625835000043	21.1707498333293
26	WGN39	23.8333333333337	1.27623994430553	1123	21.3292501666712	26.3374164999961
27	WGN39	20.8333333333337	1.27623994430554	1123	18.3292501666712	23.3374164999961
28	WGN39	21.8333333333335	1.27623994430555	1123	19.329250166671	24.337416499996
29	WGN39	17.0000000000003	1.27623994430554	1123	14.4959168333378	19.5040831666628
30	WGN39	22.3333333333336	1.27623994430555	1123	19.8292501666711	24.8374164999961
31	WGN39	20.3333333333334	1.27623994430556	1123	17.8292501666709	22.837416499996
32	WGN39	20.5000000000002	1.27623994430554	1123	17.9959168333378	23.0040831666627
34	WGN39	22.0000000000002	1.27623994430555	1123	19.4959168333377	24.5040831666627
35	WGN39	20.1666666666668	1.27623994430555	1123	17.6625835000043	22.6707498333293
36	WGN39	18.5000000000003	1.27623994430554	1123	15.9959168333378	21.0040831666628
37	WGN39	20.6666666666672	1.27623994430552	1123	18.1625835000047	23.1707498333296
38	WGN39	21.2428084223015	1.80527723380039	1123	17.7007124767162	24.7849043678867
39	WGN39	18.3333333333338	1.27623994430552	1123	15.8292501666714	20.8374164999963
40	WGN39	21.3333333333337	1.27623994430553	1123	18.8292501666712	23.8374164999962
41	WGN39	23.6666666666669	1.27623994430554	1123	21.1625835000044	26.1707498333294
42	WGN39	21.3333333333335	1.27623994430554	1123	18.829250166671	23.837416499996
43	WGN39	20.166666666667	1.27623994430554	1123	17.6625835000045	22.6707498333295
44	WGN39	20.0000000000002	1.27623994430554	1123	17.4959168333377	22.5040831666627
45	WGN39	18.5	1.27623994430557	1123	15.9959168333375	21.0040831666625
46	WGN39	25.1666666666669	1.27623994430554	1123	22.6625835000045	27.6707498333294
47	WGN39	20.0000000000002	1.27623994430555	1123	17.4959168333377	22.5040831666627
48	WGN39	22.5000000000003	1.27623994430554	1123	19.9959168333379	25.0040831666628
49	WGN39	20.0000000000003	1.27623994430553	1123	17.4959168333379	22.5040831666628
50	WGN39	21.5000000000002	1.27623994430554	1123	18.9959168333378	24.0040831666627
51	WGN39	20.166666666667	1.27623994430554	1123	17.6625835000045	22.6707498333295
52	WGN39	24.5000000000002	1.27623994430554	1123	21.9959168333378	27.0040831666627
53	WGN39	23.1666666666669	1.27623994430555	1123	20.6625835000044	25.6707498333295
54	WGN39	24.0000000000002	1.27623994430556	1123	21.4959168333377	26.5040831666627
55	WGN39	20.0000000000002	1.27623994430554	1123	17.4959168333377	22.5040831666627
56	WGN39	17.8333333333335	1.27623994430555	1123	15.329250166671	20.3374164999961
57	WGN39	18.6666666666668	1.27623994430555	1123	16.1625835000043	21.1707498333294
58	WGN39	24.8333333333335	1.27623994430554	1123	22.3292501666711	27.337416499996
59	WGN39	22.666666666667	1.27623994430554	1123	20.1625835000045	25.1707498333295
60	WGN39	20.8333333333335	1.27623994430555	1123	18.329250166671	23.337416499996
61	WGN39	23.3333333333336	1.27623994430554	1123	20.8292501666711	25.8374164999961
62	WGN39	20.8333333333336	1.27623994430554	1123	18.3292501666711	23.3374164999961
63	WGN39	18.5000000000003	1.27623994430554	1123	15.9959168333378	21.0040831666628
64	WGN39	19.3333333333337	1.27623994430553	1123	16.8292501666712	21.8374164999961
65	WGN39	20.6666666666669	1.27623994430555	1123	18.1625835000044	23.1707498333294
66	WGN39	18.6666666666668	1.27623994430555	1123	16.1625835000043	21.1707498333293
67	WGN39	23.3333333333336	1.27623994430554	1123	20.8292501666711	25.8374164999961
68	WGN39	21.666666666667	1.27623994430554	1123	19.1625835000045	24.1707498333295
69	WGN39	19.8333333333335	1.27623994430555	1123	17.329250166671	22.337416499996
70	WGN39	20.3333333333336	1.27623994430554	1123	17.8292501666711	22.8374164999961
71	WGN39	22.3333333333336	1.27623994430555	1123	19.8292501666711	24.8374164999961
72	WGN39	19.3333333333335	1.27623994430555	1123	16.829250166671	21.837416499996
73	WGN39	21.6666666666669	1.27623994430554	1123	19.1625835000044	24.1707498333294
74	WGN39	21.5000000000002	1.27623994430555	1123	18.9959168333377	24.0040831666627
75	WGN39	20.666666666667	1.27623994430554	1123	18.1625835000045	23.1707498333294
76	WGN39	19.6666666666668	1.27623994430555	1123	17.1625835000043	22.1707498333293
77	WGN39	23.3333333333335	1.27623994430556	1123	20.829250166671	25.8374164999961
78	WGN39	20.5000000000003	1.27623994430554	1123	17.9959168333378	23.0040831666628
79	WGN39	22.6666666666669	1.27623994430555	1123	20.1625835000044	25.1707498333294
80	WGN39	21.6666666666669	1.27623994430555	1123	19.1625835000044	24.1707498333294
81	WGN39	17.0000000000002	1.27623994430555	1123	14.4959168333377	19.5040831666627
82	WGN39	24.1666666666669	1.27623994430554	1123	21.6625835000045	26.6707498333294
83	WGN39	25.0000000000003	1.27623994430554	1123	22.4959168333378	27.5040831666628
84	WGN39	21.6666666666669	1.27623994430554	1123	19.1625835000044	24.1707498333294
85	WGN39	18.6666666666669	1.27623994430554	1123	16.1625835000044	21.1707498333294
86	WGN39	21.166666666667	1.27623994430554	1123	18.6625835000045	23.6707498333295
87	WGN39	23.5000000000003	1.27623994430554	1123	20.9959168333378	26.0040831666628
88	WGN39	21.5000000000002	1.27623994430554	1123	18.9959168333377	24.0040831666627
89	WGN39	19.5000000000002	1.27623994430556	1123	16.9959168333377	22.0040831666627
90	WGN39	20.5000000000003	1.27623994430554	1123	17.9959168333378	23.0040831666628
91	WGN39	18.3333333333336	1.27623994430554	1123	15.8292501666711	20.8374164999961
92	WGN39	19.8333333333336	1.27623994430555	1123	17.3292501666711	22.3374164999961
93	WGN39	22.1666666666669	1.27623994430554	1123	19.6625835000045	24.6707498333294
94	WGN39	24.166666666667	1.27623994430554	1123	21.6625835000045	26.6707498333294
95	WGN39	22.166666666667	1.27623994430555	1123	19.6625835000045	24.6707498333295
96	WGN39	20.6666666666669	1.27623994430555	1123	18.1625835000044	23.1707498333294
97	WGN39	18.166666666667	1.27623994430554	1123	15.6625835000045	20.6707498333295
98	WGN39	20.8333333333336	1.27623994430555	1123	18.3292501666711	23.3374164999961
99	WGN39	19.8333333333337	1.27623994430554	1123	17.3292501666712	22.3374164999961
100	WGN39	19.3333333333336	1.27623994430554	1123	16.8292501666711	21.8374164999961
101	WGN39	21.0000000000003	1.27623994430554	1123	18.4959168333378	23.5040831666628
102	WGN39	20.3333333333336	1.27623994430554	1123	17.8292501666711	22.8374164999961
104	WGN39	19.666666666667	1.27623994430554	1123	17.1625835000045	22.1707498333295
105	WGN39	21.8333333333336	1.27623994430554	1123	19.3292501666711	24.3374164999961
106	WGN39	21.0000000000003	1.27623994430554	1123	18.4959168333378	23.5040831666628
107	WGN39	22.5000000000003	1.27623994430554	1123	19.9959168333378	25.0040831666627
108	WGN39	19.5000000000002	1.27623994430554	1123	16.9959168333377	22.0040831666627
109	WGN39	20.0000000000003	1.27623994430555	1123	17.4959168333378	22.5040831666628
110	WGN39	20.666666666667	1.27623994430554	1123	18.1625835000045	23.1707498333295
111	WGN39	19.5000000000002	1.27623994430555	1123	16.9959168333377	22.0040831666627
112	WGN39	19.5000000000002	1.27623994430554	1123	16.9959168333378	22.0040831666627
113	WGN39	21.0000000000003	1.27623994430554	1123	18.4959168333378	23.5040831666628
114	WGN39	19.6666666666669	1.27623994430555	1123	17.1625835000044	22.1707498333294
115	WGN39	19.6666666666669	1.27623994430554	1123	17.1625835000045	22.1707498333294
116	WGN39	21.0000000000003	1.27623994430554	1123	18.4959168333378	23.5040831666628
117	WGN39	20.3333333333336	1.27623994430554	1123	17.8292501666711	22.8374164999961
118	WGN39	22.0000000000003	1.27623994430554	1123	19.4959168333378	24.5040831666628
120	WGN39	19.1666666666669	1.27623994430555	1123	16.6625835000044	21.6707498333294
121	WGN39	20.2428084223016	1.80527723380039	1123	16.7007124767163	23.7849043678868
122	WGN39	16.6666666666669	1.27623994430554	1123	14.1625835000044	19.1707498333294
123	WGN39	22.3333333333336	1.27623994430554	1123	19.8292501666711	24.8374164999961
124	WGN39	22.0905249110323	1.80527723380039	1123	18.548428965447	25.6326208566175
125	WGN39	21.6666666666669	1.27623994430554	1123	19.1625835000044	24.1707498333294
126	WGN39	19.3333333333336	1.27623994430555	1123	16.8292501666711	21.8374164999961
127	WGN39	19.5000000000003	1.27623994430554	1123	16.9959168333378	22.0040831666628
128	WGN39	19.6666666666669	1.27623994430554	1123	17.1625835000044	22.1707498333294
129	WGN39	21.5761417556349	1.80527723380039	1123	18.0340458100496	25.1182377012201
130	WGN39	21.0000000000003	1.27623994430554	1123	18.4959168333378	23.5040831666628
1	WGN45	20.3333333333333	1.27623994430558	1123	17.8292501666708	22.8374164999959
2	WGN45	21.8333333333333	1.27623994430554	1123	19.3292501666708	24.3374164999957
3	WGN45	17.8333333333331	1.27623994430557	1123	15.3292501666706	20.3374164999957
4	WGN45	22	1.27623994430556	1123	19.4959168333375	24.5040831666625
5	WGN45	19.8333333333333	1.27623994430553	1123	17.3292501666708	22.3374164999957
6	WGN45	22.3333333333333	1.27623994430555	1123	19.8292501666708	24.8374164999958
7	WGN45	20.8333333333332	1.27623994430553	1123	18.3292501666707	23.3374164999956
8	WGN45	20.8333333333333	1.27623994430555	1123	18.3292501666708	23.3374164999958
9	WGN45	19.3333333333333	1.27623994430554	1123	16.8292501666708	21.8374164999958
10	WGN45	19.6666666666667	1.27623994430556	1123	17.1625835000042	22.1707498333292
11	WGN45	20.5	1.27623994430555	1123	17.9959168333374	23.0040831666625
12	WGN45	21.9999999999999	1.27623994430554	1123	19.4959168333374	24.5040831666624
13	WGN45	23.4999999999999	1.27623994430553	1123	20.9959168333374	26.0040831666623
14	WGN45	24	1.27623994430555	1123	21.4959168333374	26.5040831666625
15	WGN45	19.3333333333333	1.27623994430557	1123	16.8292501666707	21.8374164999958
16	WGN45	21.1666666666666	1.27623994430554	1123	18.6625835000041	23.6707498333291
17	WGN45	16.8333333333332	1.27623994430557	1123	14.3292501666707	19.3374164999957
18	WGN45	13.6666666666667	1.27623994430553	1123	11.1625835000042	16.1707498333292
19	WGN45	15.2428084223012	1.80527723380039	1123	11.700712476716	18.7849043678865
20	WGN45	19.6666666666667	1.27623994430554	1123	17.1625835000042	22.1707498333291
22	WGN45	21.3333333333333	1.27623994430556	1123	18.8292501666707	23.8374164999958
23	WGN45	17.8333333333333	1.27623994430553	1123	15.3292501666708	20.3374164999958
24	WGN45	18.2428084223012	1.80527723380042	1123	14.7007124767159	21.7849043678865
25	WGN45	10.7571915776986	1.80527723380039	1123	7.21509563211333	14.2992875232838
26	WGN45	19.3333333333332	1.27623994430556	1123	16.8292501666707	21.8374164999958
28	WGN45	19.3333333333333	1.27623994430552	1123	16.8292501666709	21.8374164999958
29	WGN45	16.6666666666667	1.27623994430553	1123	14.1625835000042	19.1707498333292
30	WGN45	18.7428084223012	1.80527723380039	1123	15.200712476716	22.2849043678865
31	WGN45	22.8333333333333	1.27623994430553	1123	20.3292501666708	25.3374164999957
32	WGN45	18	1.27623994430554	1123	15.4959168333375	20.5040831666624
33	WGN45	17.9999999999999	1.27623994430555	1123	15.4959168333374	20.5040831666624
34	WGN45	18.8333333333333	1.27623994430555	1123	16.3292501666708	21.3374164999958
35	WGN45	21.3333333333332	1.27623994430554	1123	18.8292501666707	23.8374164999957
36	WGN45	22.3333333333332	1.27623994430554	1123	19.8292501666707	24.8374164999957
37	WGN45	19.8333333333332	1.27623994430555	1123	17.3292501666707	22.3374164999957
40	WGN45	17.4999999999999	1.27623994430555	1123	14.9959168333374	20.0040831666624
41	WGN45	22.1666666666667	1.27623994430555	1123	19.6625835000042	24.6707498333292
42	WGN45	18.8333333333333	1.27623994430554	1123	16.3292501666708	21.3374164999957
43	WGN45	21.9999999999999	1.27623994430554	1123	19.4959168333374	24.5040831666624
44	WGN45	19.9999999999999	1.27623994430555	1123	17.4959168333374	22.5040831666624
45	WGN45	20.3333333333333	1.27623994430554	1123	17.8292501666708	22.8374164999958
46	WGN45	14	1.27623994430554	1123	11.4959168333376	16.5040831666625
48	WGN45	17.7571915776987	1.80527723380039	1123	14.2150956321134	21.2992875232839
49	WGN45	19.9999999999999	1.27623994430556	1123	17.4959168333374	22.5040831666624
50	WGN45	17.5761417556346	1.80527723380038	1123	14.0340458100494	21.1182377012198
52	WGN45	14.3333333333332	1.27623994430555	1123	11.8292501666707	16.8374164999958
53	WGN45	22.3333333333332	1.27623994430555	1123	19.8292501666707	24.8374164999957
54	WGN45	18	1.27623994430555	1123	15.4959168333375	20.5040831666624
55	WGN45	24.8333333333333	1.27623994430555	1123	22.3292501666708	27.3374164999958
56	WGN45	22.9999999999999	1.27623994430554	1123	20.4959168333374	25.5040831666624
57	WGN45	21.8333333333332	1.27623994430554	1123	19.3292501666708	24.3374164999957
58	WGN45	18.6666666666666	1.27623994430554	1123	16.1625835000041	21.1707498333291
59	WGN45	19.5	1.27623994430554	1123	16.9959168333375	22.0040831666625
60	WGN45	20.8333333333333	1.27623994430555	1123	18.3292501666708	23.3374164999958
61	WGN45	21.9999999999999	1.27623994430554	1123	19.4959168333375	24.5040831666624
62	WGN45	20.3333333333333	1.27623994430555	1123	17.8292501666708	22.8374164999958
64	WGN45	15.9999999999999	1.27623994430555	1123	13.4959168333374	18.5040831666624
65	WGN45	18.4999999999999	1.27623994430555	1123	15.9959168333374	21.0040831666624
66	WGN45	21.6666666666666	1.27623994430554	1123	19.1625835000042	24.1707498333291
68	WGN45	19.5	1.27623994430555	1123	16.9959168333375	22.0040831666624
69	WGN45	20.3333333333333	1.27623994430554	1123	17.8292501666708	22.8374164999958
70	WGN45	19.8333333333332	1.27623994430555	1123	17.3292501666707	22.3374164999957
71	WGN45	20.8333333333333	1.27623994430555	1123	18.3292501666708	23.3374164999958
72	WGN45	20.6666666666667	1.27623994430555	1123	18.1625835000042	23.1707498333292
73	WGN45	18.8333333333333	1.27623994430555	1123	16.3292501666708	21.3374164999958
74	WGN45	20.5761417556346	1.8052772338004	1123	17.0340458100493	24.1182377012198
75	WGN45	20.6666666666666	1.27623994430554	1123	18.1625835000041	23.1707498333291
76	WGN45	19.6666666666666	1.27623994430554	1123	17.1625835000042	22.1707498333291
78	WGN45	17.9999999999999	1.27623994430555	1123	15.4959168333374	20.5040831666624
80	WGN45	20.1666666666666	1.27623994430554	1123	17.6625835000041	22.6707498333291
81	WGN45	22.9999999999999	1.27623994430554	1123	20.4959168333374	25.5040831666624
82	WGN45	24.0905249110319	1.80527723380039	1123	20.5484289654467	27.6326208566172
84	WGN45	22	1.27623994430555	1123	19.4959168333374	24.5040831666625
85	WGN45	20.9999999999999	1.27623994430555	1123	18.4959168333374	23.5040831666624
86	WGN45	21.4999999999999	1.27623994430554	1123	18.9959168333375	24.0040831666624
87	WGN45	17	1.27623994430554	1123	14.4959168333375	19.5040831666625
88	WGN45	22.4999999999999	1.27623994430554	1123	19.9959168333374	25.0040831666624
89	WGN45	19.6666666666666	1.27623994430554	1123	17.1625835000041	22.1707498333291
90	WGN45	19	1.27623994430554	1123	16.4959168333375	21.5040831666624
92	WGN45	21.8333333333333	1.27623994430555	1123	19.3292501666708	24.3374164999958
93	WGN45	17.1666666666666	1.27623994430555	1123	14.6625835000041	19.6707498333291
94	WGN45	16.8333333333333	1.27623994430554	1123	14.3292501666708	19.3374164999958
95	WGN45	19.8333333333333	1.27623994430554	1123	17.3292501666708	22.3374164999958
96	WGN45	15.7571915776986	1.8052772338004	1123	12.2150956321133	19.2992875232838
98	WGN45	24.5	1.27623994430555	1123	21.9959168333374	27.0040831666625
99	WGN45	16.6666666666666	1.27623994430554	1123	14.1625835000041	19.1707498333291
100	WGN45	19.1666666666666	1.27623994430555	1123	16.6625835000041	21.6707498333291
101	WGN45	20.9999999999999	1.27623994430555	1123	18.4959168333374	23.5040831666624
102	WGN45	18.1666666666666	1.27623994430555	1123	15.6625835000041	20.6707498333291
103	WGN45	20.8333333333333	1.27623994430555	1123	18.3292501666708	23.3374164999958
104	WGN45	20.6666666666667	1.27623994430555	1123	18.1625835000041	23.1707498333292
105	WGN45	19.3333333333333	1.27623994430555	1123	16.8292501666708	21.8374164999958
106	WGN45	23	1.27623994430555	1123	20.4959168333375	25.5040831666625
107	WGN45	18.3333333333333	1.27623994430555	1123	15.8292501666708	20.8374164999958
108	WGN45	22.9999999999999	1.27623994430554	1123	20.4959168333374	25.5040831666624
109	WGN45	21.3333333333333	1.27623994430554	1123	18.8292501666708	23.8374164999958
110	WGN45	20	1.27623994430555	1123	17.4959168333375	22.5040831666625
111	WGN45	21.1666666666666	1.27623994430555	1123	18.6625835000041	23.6707498333291
112	WGN45	18.7428084223012	1.80527723380039	1123	15.200712476716	22.2849043678865
114	WGN45	20.1666666666667	1.27623994430554	1123	17.6625835000042	22.6707498333291
115	WGN45	14.8333333333333	1.27623994430554	1123	12.3292501666708	17.3374164999958
116	WGN45	19.1666666666666	1.27623994430554	1123	16.6625835000041	21.6707498333291
117	WGN45	14.7571915776986	1.80527723380039	1123	11.2150956321134	18.2992875232839
118	WGN45	21.8333333333333	1.27623994430554	1123	19.3292501666708	24.3374164999958
119	WGN45	20.8333333333333	1.27623994430555	1123	18.3292501666708	23.3374164999958
120	WGN45	18.3333333333333	1.27623994430555	1123	15.8292501666708	20.8374164999958
121	WGN45	20.3333333333333	1.27623994430554	1123	17.8292501666708	22.8374164999958
122	WGN45	18.6666666666666	1.27623994430554	1123	16.1625835000041	21.1707498333291
123	WGN45	20.909475088968	1.80527723380039	1123	17.3673791433827	24.4515710345532
124	WGN45	22.1666666666667	1.27623994430555	1123	19.6625835000042	24.6707498333292
126	WGN45	20.6666666666666	1.27623994430554	1123	18.1625835000041	23.1707498333291
127	WGN45	21	1.27623994430554	1123	18.4959168333375	23.5040831666624
128	WGN45	18.9999999999999	1.27623994430555	1123	16.4959168333374	21.5040831666624
129	WGN45	22.5	1.27623994430554	1123	19.9959168333375	25.0040831666624
1	WGN46	20.1666666666669	1.27623994430552	1123	17.6625835000044	22.6707498333293
2	WGN46	18.9999999999999	1.27623994430554	1123	16.4959168333374	21.5040831666624
3	WGN46	22	1.27623994430555	1123	19.4959168333375	24.5040831666625
4	WGN46	22.3333333333333	1.27623994430555	1123	19.8292501666708	24.8374164999958
6	WGN46	21.5	1.27623994430555	1123	18.9959168333375	24.0040831666625
7	WGN46	22	1.27623994430554	1123	19.4959168333375	24.5040831666625
8	WGN46	24.6666666666666	1.27623994430554	1123	22.1625835000041	27.1707498333291
9	WGN46	24.4999999999999	1.27623994430554	1123	21.9959168333374	27.0040831666624
10	WGN46	20.9999999999999	1.27623994430554	1123	18.4959168333374	23.5040831666624
11	WGN46	19.3333333333333	1.27623994430556	1123	16.8292501666708	21.8374164999958
12	WGN46	17.8333333333333	1.27623994430553	1123	15.3292501666708	20.3374164999958
13	WGN46	24.3333333333333	1.27623994430554	1123	21.8292501666708	26.8374164999957
14	WGN46	23.1666666666667	1.27623994430555	1123	20.6625835000042	25.6707498333292
15	WGN46	21.4999999999999	1.27623994430554	1123	18.9959168333374	24.0040831666624
16	WGN46	24.3333333333334	1.27623994430556	1123	21.8292501666709	26.8374164999959
17	WGN46	20.5	1.27623994430555	1123	17.9959168333374	23.0040831666625
18	WGN46	20.1666666666666	1.27623994430555	1123	17.6625835000041	22.6707498333291
19	WGN46	21.6666666666667	1.27623994430557	1123	19.1625835000041	24.1707498333292
20	WGN46	17.8333333333334	1.27623994430553	1123	15.3292501666709	20.3374164999958
21	WGN46	23.4238582443653	1.80527723380039	1123	19.8817622987801	26.9659541899506
22	WGN46	23.1666666666665	1.27623994430553	1123	20.6625835000041	25.670749833329
23	WGN46	24.2428084223012	1.80527723380038	1123	20.700712476716	27.7849043678864
24	WGN46	20.6666666666666	1.27623994430554	1123	18.1625835000041	23.1707498333291
25	WGN46	23.8333333333334	1.27623994430556	1123	21.3292501666709	26.3374164999959
26	WGN46	23.6666666666667	1.27623994430555	1123	21.1625835000042	26.1707498333292
27	WGN46	18.8333333333333	1.27623994430554	1123	16.3292501666708	21.3374164999958
28	WGN46	21.3333333333333	1.27623994430554	1123	18.8292501666708	23.8374164999958
29	WGN46	21.1666666666666	1.27623994430554	1123	18.6625835000041	23.6707498333291
30	WGN46	23.3333333333333	1.27623994430555	1123	20.8292501666708	25.8374164999958
31	WGN46	25.3333333333332	1.27623994430554	1123	22.8292501666707	27.8374164999957
32	WGN46	23.5	1.27623994430555	1123	20.9959168333375	26.0040831666625
33	WGN46	21.8333333333332	1.27623994430553	1123	19.3292501666708	24.3374164999957
34	WGN46	23.1666666666666	1.27623994430555	1123	20.6625835000041	25.6707498333291
36	WGN46	17	1.27623994430555	1123	14.4959168333375	19.5040831666625
37	WGN46	24.9999999999999	1.27623994430555	1123	22.4959168333374	27.5040831666624
38	WGN46	28.4999999999997	1.27623994430553	1123	25.9959168333373	31.0040831666622
39	WGN46	20.4999999999999	1.27623994430554	1123	17.9959168333374	23.0040831666624
40	WGN46	25.8333333333334	1.27623994430556	1123	23.3292501666709	28.3374164999959
41	WGN46	22.9999999999999	1.27623994430554	1123	20.4959168333374	25.5040831666624
42	WGN46	20.6666666666666	1.27623994430556	1123	18.1625835000041	23.1707498333291
43	WGN46	21.1666666666666	1.27623994430555	1123	18.6625835000041	23.6707498333291
44	WGN46	23.3333333333333	1.27623994430555	1123	20.8292501666708	25.8374164999958
45	WGN46	21.8333333333333	1.27623994430554	1123	19.3292501666708	24.3374164999957
46	WGN46	23.1666666666667	1.27623994430556	1123	20.6625835000042	25.6707498333292
47	WGN46	25.3333333333333	1.27623994430555	1123	22.8292501666708	27.8374164999958
48	WGN46	22.6666666666666	1.27623994430555	1123	20.1625835000041	25.1707498333291
49	WGN46	24.6666666666666	1.27623994430554	1123	22.1625835000041	27.170749833329
50	WGN46	22.6666666666666	1.27623994430555	1123	20.1625835000041	25.1707498333292
51	WGN46	22.5761417556345	1.80527723380038	1123	19.0340458100493	26.1182377012198
52	WGN46	20.6666666666666	1.27623994430554	1123	18.1625835000042	23.1707498333291
53	WGN46	23.1666666666666	1.27623994430555	1123	20.6625835000041	25.6707498333291
54	WGN46	21.6666666666666	1.27623994430554	1123	19.1625835000041	24.1707498333291
55	WGN46	19.6666666666666	1.27623994430554	1123	17.1625835000041	22.1707498333291
56	WGN46	20.5	1.27623994430555	1123	17.9959168333374	23.0040831666625
57	WGN46	20.9999999999999	1.27623994430554	1123	18.4959168333375	23.5040831666624
58	WGN46	24.1666666666666	1.27623994430555	1123	21.6625835000041	26.6707498333292
59	WGN46	23	1.27623994430555	1123	20.4959168333375	25.5040831666625
60	WGN46	21.4999999999999	1.27623994430555	1123	18.9959168333374	24.0040831666624
61	WGN46	20.3333333333333	1.27623994430555	1123	17.8292501666708	22.8374164999958
62	WGN46	21.4999999999999	1.27623994430554	1123	18.9959168333375	24.0040831666624
63	WGN46	23.1666666666666	1.27623994430554	1123	20.6625835000041	25.6707498333291
64	WGN46	22.8333333333333	1.27623994430554	1123	20.3292501666708	25.3374164999958
65	WGN46	19.909475088968	1.80527723380039	1123	16.3673791433827	23.4515710345532
66	WGN46	25.3333333333333	1.27623994430555	1123	22.8292501666708	27.8374164999958
67	WGN46	21	1.27623994430555	1123	18.4959168333375	23.5040831666625
68	WGN46	21.1666666666666	1.27623994430554	1123	18.6625835000041	23.6707498333291
69	WGN46	22.9999999999999	1.27623994430554	1123	20.4959168333374	25.5040831666624
70	WGN46	25.3333333333333	1.27623994430554	1123	22.8292501666708	27.8374164999958
71	WGN46	23.4999999999999	1.27623994430554	1123	20.9959168333374	26.0040831666624
72	WGN46	20.5	1.27623994430555	1123	17.9959168333375	23.0040831666625
73	WGN46	18.8333333333333	1.27623994430554	1123	16.3292501666708	21.3374164999958
74	WGN46	22.5	1.27623994430555	1123	19.9959168333375	25.0040831666625
75	WGN46	19.9999999999999	1.27623994430554	1123	17.4959168333374	22.5040831666624
76	WGN46	21.6666666666666	1.27623994430554	1123	19.1625835000041	24.1707498333291
78	WGN46	20.6666666666666	1.27623994430555	1123	18.1625835000041	23.1707498333291
79	WGN46	21.8333333333333	1.27623994430555	1123	19.3292501666708	24.3374164999958
80	WGN46	22.1666666666666	1.27623994430555	1123	19.6625835000041	24.6707498333291
81	WGN46	25.5	1.27623994430555	1123	22.9959168333375	28.0040831666625
82	WGN46	20.5	1.27623994430555	1123	17.9959168333375	23.0040831666625
83	WGN46	22.8333333333332	1.27623994430554	1123	20.3292501666708	25.3374164999957
84	WGN46	20.2428084223013	1.8052772338004	1123	16.700712476716	23.7849043678865
85	WGN46	20.4999999999999	1.27623994430555	1123	17.9959168333374	23.0040831666625
86	WGN46	21.8333333333333	1.27623994430555	1123	19.3292501666708	24.3374164999958
87	WGN46	21.3333333333333	1.27623994430555	1123	18.8292501666708	23.8374164999958
88	WGN46	19.8333333333333	1.27623994430555	1123	17.3292501666708	22.3374164999958
89	WGN46	20.6666666666667	1.27623994430555	1123	18.1625835000042	23.1707498333292
90	WGN46	21.8333333333333	1.27623994430554	1123	19.3292501666708	24.3374164999958
91	WGN46	22.4238582443653	1.80527723380039	1123	18.8817622987801	25.9659541899506
93	WGN46	20.8333333333333	1.27623994430554	1123	18.3292501666708	23.3374164999958
94	WGN46	22.1666666666666	1.27623994430554	1123	19.6625835000041	24.6707498333291
95	WGN46	23.6666666666666	1.27623994430554	1123	21.1625835000041	26.1707498333291
96	WGN46	20.8333333333333	1.27623994430554	1123	18.3292501666708	23.3374164999958
98	WGN46	22.1666666666666	1.27623994430555	1123	19.6625835000041	24.6707498333291
100	WGN46	20	1.27623994430554	1123	17.4959168333375	22.5040831666624
101	WGN46	21	1.27623994430554	1123	18.4959168333375	23.5040831666624
102	WGN46	21.25	1.27623994430555	1123	18.7459168333375	23.7540831666625
103	WGN46	23.8333333333332	1.27623994430554	1123	21.3292501666707	26.3374164999957
104	WGN46	23.1666666666667	1.27623994430555	1123	20.6625835000042	25.6707498333292
106	WGN46	21.1666666666667	1.27623994430554	1123	18.6625835000042	23.6707498333291
107	WGN46	23.1666666666666	1.27623994430554	1123	20.6625835000041	25.6707498333291
108	WGN46	25.5	1.27623994430555	1123	22.9959168333375	28.0040831666625
109	WGN46	18.8333333333333	1.27623994430555	1123	16.3292501666708	21.3374164999958
110	WGN46	24.5	1.27623994430555	1123	21.9959168333375	27.0040831666625
111	WGN46	18.8333333333333	1.27623994430554	1123	16.3292501666708	21.3374164999958
112	WGN46	20	1.27623994430555	1123	17.4959168333374	22.5040831666625
113	WGN46	21.6666666666666	1.27623994430555	1123	19.1625835000041	24.1707498333291
114	WGN46	21.5	1.27623994430555	1123	18.9959168333375	24.0040831666625
115	WGN46	22.6666666666666	1.27623994430555	1123	20.1625835000041	25.1707498333291
116	WGN46	19	1.27623994430554	1123	16.4959168333375	21.5040831666624
117	WGN46	21	1.27623994430555	1123	18.4959168333375	23.5040831666625
118	WGN46	22.4238582443654	1.80527723380039	1123	18.8817622987801	25.9659541899506
119	WGN46	25.1666666666667	1.27623994430554	1123	22.6625835000042	27.6707498333292
120	WGN46	23.5	1.27623994430554	1123	20.9959168333375	26.0040831666624
121	WGN46	22.3333333333333	1.27623994430554	1123	19.8292501666708	24.8374164999957
122	WGN46	23.3333333333333	1.27623994430554	1123	20.8292501666708	25.8374164999958
123	WGN46	22.5	1.27623994430555	1123	19.9959168333375	25.0040831666625
124	WGN46	18.1666666666666	1.27623994430555	1123	15.6625835000041	20.6707498333291
125	WGN46	20.1666666666667	1.27623994430554	1123	17.6625835000042	22.6707498333292
126	WGN46	22.3333333333333	1.27623994430554	1123	19.8292501666708	24.8374164999958
127	WGN46	23.5	1.27623994430555	1123	20.9959168333375	26.0040831666625
128	WGN46	20.3333333333333	1.27623994430555	1123	17.8292501666708	22.8374164999958
129	WGN46	24.6666666666667	1.27623994430554	1123	22.1625835000042	27.1707498333292
130	WGN46	22.5	1.27623994430555	1123	19.9959168333375	25.0040831666625
1	WGN55	20.5000000000002	1.27623994430554	1123	17.9959168333377	23.0040831666627
2	WGN55	22.3333333333333	1.27623994430553	1123	19.8292501666708	24.8374164999957
3	WGN55	22.8333333333332	1.27623994430553	1123	20.3292501666707	25.3374164999957
4	WGN55	22.1666666666665	1.27623994430552	1123	19.6625835000041	24.670749833329
5	WGN55	21.8333333333333	1.27623994430555	1123	19.3292501666707	24.3374164999958
6	WGN55	26	1.27623994430555	1123	23.4959168333375	28.5040831666625
7	WGN55	23	1.27623994430556	1123	20.4959168333375	25.5040831666625
8	WGN55	20.8333333333333	1.27623994430554	1123	18.3292501666708	23.3374164999958
9	WGN55	21.6666666666665	1.27623994430553	1123	19.162583500004	24.170749833329
10	WGN55	20.1666666666666	1.27623994430555	1123	17.6625835000041	22.6707498333291
11	WGN55	20.3333333333333	1.27623994430553	1123	17.8292501666709	22.8374164999958
12	WGN55	23.9094750889679	1.80527723380039	1123	20.3673791433827	27.4515710345531
13	WGN55	18.8333333333332	1.27623994430555	1123	16.3292501666707	21.3374164999957
14	WGN55	20	1.27623994430554	1123	17.4959168333375	22.5040831666624
15	WGN55	20.3333333333333	1.27623994430555	1123	17.8292501666708	22.8374164999958
16	WGN55	18.6666666666666	1.27623994430555	1123	16.1625835000041	21.1707498333291
17	WGN55	15.909475088968	1.80527723380039	1123	12.3673791433828	19.4515710345532
18	WGN55	22.3333333333332	1.27623994430554	1123	19.8292501666707	24.8374164999957
19	WGN55	19.9999999999999	1.27623994430554	1123	17.4959168333374	22.5040831666624
20	WGN55	24.1666666666666	1.27623994430554	1123	21.6625835000041	26.670749833329
21	WGN55	20.4999999999999	1.27623994430553	1123	17.9959168333375	23.0040831666624
22	WGN55	22.6666666666666	1.27623994430555	1123	20.1625835000041	25.1707498333291
23	WGN55	22.8333333333333	1.27623994430555	1123	20.3292501666708	25.3374164999958
24	WGN55	18.9999999999999	1.27623994430554	1123	16.4959168333374	21.5040831666624
25	WGN55	23.9999999999999	1.27623994430554	1123	21.4959168333374	26.5040831666624
26	WGN55	20.9999999999999	1.27623994430553	1123	18.4959168333375	23.5040831666624
27	WGN55	21.8333333333333	1.27623994430555	1123	19.3292501666708	24.3374164999958
28	WGN55	19.9999999999999	1.27623994430556	1123	17.4959168333374	22.5040831666625
29	WGN55	22.3333333333332	1.27623994430554	1123	19.8292501666707	24.8374164999957
30	WGN55	22.8333333333334	1.27623994430555	1123	20.3292501666709	25.3374164999959
31	WGN55	22.8333333333332	1.27623994430554	1123	20.3292501666707	25.3374164999957
32	WGN55	19.9999999999999	1.27623994430556	1123	17.4959168333374	22.5040831666625
33	WGN55	25.4999999999999	1.27623994430553	1123	22.9959168333374	28.0040831666624
34	WGN55	19.3333333333333	1.27623994430555	1123	16.8292501666708	21.8374164999958
35	WGN55	22.1666666666666	1.27623994430555	1123	19.6625835000041	24.6707498333291
36	WGN55	22.0000000000001	1.27623994430555	1123	19.4959168333376	24.5040831666626
37	WGN55	23.9094750889679	1.80527723380037	1123	20.3673791433827	27.4515710345531
38	WGN55	23.4999999999999	1.27623994430554	1123	20.9959168333375	26.0040831666624
40	WGN55	18.4999999999999	1.27623994430555	1123	15.9959168333374	21.0040831666624
41	WGN55	22	1.27623994430555	1123	19.4959168333374	24.5040831666625
42	WGN55	21.4999999999999	1.27623994430554	1123	18.9959168333374	24.0040831666624
43	WGN55	20.3333333333333	1.27623994430554	1123	17.8292501666708	22.8374164999958
44	WGN55	19.7571915776986	1.8052772338004	1123	16.2150956321133	23.2992875232838
45	WGN55	17.3333333333333	1.27623994430555	1123	14.8292501666708	19.8374164999958
46	WGN55	19.8333333333333	1.27623994430555	1123	17.3292501666708	22.3374164999959
47	WGN55	23.1666666666667	1.27623994430555	1123	20.6625835000042	25.6707498333292
48	WGN55	18.9999999999999	1.27623994430554	1123	16.4959168333375	21.5040831666624
49	WGN55	23.3333333333333	1.27623994430554	1123	20.8292501666708	25.8374164999957
50	WGN55	23.3333333333333	1.27623994430554	1123	20.8292501666708	25.8374164999958
52	WGN55	21	1.27623994430555	1123	18.4959168333375	23.5040831666625
53	WGN55	21.3333333333333	1.27623994430555	1123	18.8292501666708	23.8374164999958
54	WGN55	19.1666666666666	1.27623994430553	1123	16.6625835000042	21.6707498333291
55	WGN55	19.3333333333332	1.27623994430556	1123	16.8292501666707	21.8374164999958
56	WGN55	24	1.27623994430555	1123	21.4959168333375	26.5040831666625
57	WGN55	22.2428084223013	1.8052772338004	1123	18.700712476716	25.7849043678865
58	WGN55	18.8333333333333	1.27623994430554	1123	16.3292501666708	21.3374164999958
59	WGN55	19.0905249110319	1.8052772338004	1123	15.5484289654467	22.6326208566172
60	WGN55	24.1666666666666	1.27623994430555	1123	21.6625835000041	26.6707498333291
61	WGN55	19.5	1.27623994430554	1123	16.9959168333375	22.0040831666624
62	WGN55	19.4999999999999	1.27623994430554	1123	16.9959168333374	22.0040831666624
63	WGN55	21.4999999999999	1.27623994430555	1123	18.9959168333374	24.0040831666624
64	WGN55	17.8333333333333	1.27623994430554	1123	15.3292501666708	20.3374164999958
65	WGN55	21.4999999999999	1.27623994430555	1123	18.9959168333374	24.0040831666624
66	WGN55	18.4999999999999	1.27623994430555	1123	15.9959168333374	21.0040831666624
67	WGN55	19.6666666666666	1.27623994430555	1123	17.1625835000041	22.1707498333291
68	WGN55	19.6666666666666	1.27623994430555	1123	17.1625835000041	22.1707498333291
69	WGN55	21.3333333333333	1.27623994430555	1123	18.8292501666708	23.8374164999958
70	WGN55	21.6666666666666	1.27623994430555	1123	19.1625835000041	24.1707498333291
71	WGN55	20.1666666666666	1.27623994430554	1123	17.6625835000041	22.6707498333291
72	WGN55	20.4999999999999	1.27623994430554	1123	17.9959168333375	23.0040831666624
73	WGN55	20.8333333333333	1.27623994430554	1123	18.3292501666708	23.3374164999958
74	WGN55	21.9999999999999	1.27623994430554	1123	19.4959168333375	24.5040831666624
75	WGN55	21.6666666666666	1.27623994430554	1123	19.1625835000041	24.1707498333291
76	WGN55	21.3333333333332	1.27623994430554	1123	18.8292501666707	23.8374164999957
77	WGN55	21.4999999999999	1.27623994430554	1123	18.9959168333374	24.0040831666624
78	WGN55	20.1666666666666	1.27623994430555	1123	17.6625835000041	22.6707498333291
80	WGN55	17.8333333333333	1.27623994430554	1123	15.3292501666708	20.3374164999958
81	WGN55	20.8333333333333	1.27623994430555	1123	18.3292501666708	23.3374164999958
82	WGN55	21.8333333333333	1.27623994430555	1123	19.3292501666708	24.3374164999958
83	WGN55	21.1666666666666	1.27623994430555	1123	18.6625835000041	23.6707498333291
84	WGN55	18.9999999999999	1.27623994430555	1123	16.4959168333374	21.5040831666624
85	WGN55	22.6666666666666	1.27623994430554	1123	20.1625835000041	25.1707498333291
86	WGN55	19.6666666666667	1.27623994430554	1123	17.1625835000042	22.1707498333291
87	WGN55	20.3333333333333	1.27623994430554	1123	17.8292501666708	22.8374164999958
88	WGN55	18.1666666666667	1.27623994430554	1123	15.6625835000042	20.6707498333291
89	WGN55	20.3333333333332	1.27623994430555	1123	17.8292501666707	22.8374164999957
90	WGN55	21.9999999999999	1.27623994430555	1123	19.4959168333374	24.5040831666624
91	WGN55	21.3333333333333	1.27623994430555	1123	18.8292501666708	23.8374164999958
92	WGN55	21.6666666666666	1.27623994430555	1123	19.1625835000041	24.1707498333291
93	WGN55	21.4999999999999	1.27623994430555	1123	18.9959168333374	24.0040831666624
94	WGN55	23.8333333333333	1.27623994430554	1123	21.3292501666708	26.3374164999958
95	WGN55	19.3333333333333	1.27623994430555	1123	16.8292501666708	21.8374164999958
96	WGN55	15.6666666666666	1.27623994430555	1123	13.1625835000041	18.1707498333291
97	WGN55	20.4999999999999	1.27623994430554	1123	17.9959168333375	23.0040831666624
98	WGN55	18.8333333333333	1.27623994430554	1123	16.3292501666708	21.3374164999958
99	WGN55	18.9999999999999	1.27623994430554	1123	16.4959168333374	21.5040831666624
100	WGN55	19	1.27623994430555	1123	16.4959168333374	21.5040831666625
101	WGN55	19.3333333333332	1.27623994430555	1123	16.8292501666707	21.8374164999957
102	WGN55	19.4999999999999	1.27623994430555	1123	16.9959168333374	22.0040831666624
103	WGN55	22.3333333333333	1.27623994430555	1123	19.8292501666708	24.8374164999958
104	WGN55	19.6666666666666	1.27623994430554	1123	17.1625835000041	22.1707498333291
105	WGN55	22.1666666666666	1.27623994430555	1123	19.6625835000041	24.6707498333291
106	WGN55	23.8333333333333	1.27623994430555	1123	21.3292501666708	26.3374164999958
107	WGN55	24.1666666666666	1.27623994430554	1123	21.6625835000041	26.6707498333291
108	WGN55	21.3333333333332	1.27623994430555	1123	18.8292501666707	23.8374164999957
109	WGN55	20.6666666666666	1.27623994430554	1123	18.1625835000041	23.1707498333291
110	WGN55	22.4999999999999	1.27623994430555	1123	19.9959168333374	25.0040831666624
111	WGN55	19.6666666666666	1.27623994430555	1123	17.1625835000041	22.1707498333291
112	WGN55	21.8333333333332	1.27623994430554	1123	19.3292501666708	24.3374164999957
113	WGN55	22.3333333333332	1.27623994430555	1123	19.8292501666707	24.8374164999957
114	WGN55	22.8333333333333	1.27623994430555	1123	20.3292501666708	25.3374164999958
115	WGN55	20.6666666666666	1.27623994430554	1123	18.1625835000041	23.1707498333291
116	WGN55	20.0905249110319	1.80527723380039	1123	16.5484289654467	23.6326208566172
117	WGN55	17.1666666666666	1.27623994430555	1123	14.6625835000041	19.6707498333291
118	WGN55	22.8333333333332	1.27623994430555	1123	20.3292501666708	25.3374164999957
119	WGN55	22.1666666666666	1.27623994430555	1123	19.6625835000041	24.6707498333291
120	WGN55	23.1666666666666	1.27623994430555	1123	20.6625835000041	25.6707498333291
121	WGN55	20.9999999999999	1.27623994430555	1123	18.4959168333374	23.5040831666624
122	WGN55	22.4999999999999	1.27623994430555	1123	19.9959168333374	25.0040831666624
123	WGN55	18.1666666666666	1.27623994430555	1123	15.6625835000041	20.6707498333291
124	WGN55	21.6666666666666	1.27623994430555	1123	19.1625835000041	24.1707498333291
125	WGN55	20.9999999999999	1.27623994430555	1123	18.4959168333374	23.5040831666624
126	WGN55	19.9999999999999	1.27623994430555	1123	17.4959168333374	22.5040831666624
128	WGN55	20.6666666666666	1.27623994430555	1123	18.1625835000041	23.1707498333291
129	WGN55	21.4999999999999	1.27623994430555	1123	18.9959168333374	24.0040831666624
130	WGN55	20.8333333333333	1.27623994430555	1123	18.3292501666708	23.3374164999958
1	WGN63	19.8333333333331	1.27623994430555	1123	17.3292501666706	22.3374164999956
2	WGN63	21.3333333333333	1.27623994430555	1123	18.8292501666708	23.8374164999958
3	WGN63	21.9999999999999	1.27623994430554	1123	19.4959168333374	24.5040831666624
4	WGN63	19.6666666666666	1.27623994430555	1123	17.1625835000041	22.1707498333291
5	WGN63	19.9999999999999	1.27623994430555	1123	17.4959168333374	22.5040831666624
6	WGN63	20.5761417556345	1.8052772338004	1123	17.0340458100492	24.1182377012197
7	WGN63	20.9999999999999	1.27623994430553	1123	18.4959168333374	23.5040831666624
8	WGN63	20.4999999999999	1.27623994430555	1123	17.9959168333374	23.0040831666625
9	WGN63	22	1.27623994430555	1123	19.4959168333375	24.5040831666625
10	WGN63	17.8333333333332	1.27623994430556	1123	15.3292501666707	20.3374164999957
12	WGN63	18.5	1.27623994430555	1123	15.9959168333375	21.0040831666625
13	WGN63	24.3333333333331	1.27623994430554	1123	21.8292501666707	26.8374164999956
14	WGN63	24.1666666666667	1.27623994430555	1123	21.6625835000042	26.6707498333292
16	WGN63	20.8333333333333	1.27623994430554	1123	18.3292501666708	23.3374164999958
17	WGN63	21.6666666666666	1.27623994430555	1123	19.1625835000041	24.1707498333291
18	WGN63	20	1.27623994430554	1123	17.4959168333375	22.5040831666625
19	WGN63	19.1666666666666	1.27623994430554	1123	16.6625835000041	21.6707498333291
20	WGN63	20.3333333333332	1.27623994430554	1123	17.8292501666707	22.8374164999957
21	WGN63	19.1666666666666	1.27623994430555	1123	16.6625835000041	21.6707498333291
22	WGN63	23.6666666666666	1.27623994430554	1123	21.1625835000041	26.1707498333291
23	WGN63	19.6666666666666	1.27623994430554	1123	17.1625835000041	22.1707498333291
24	WGN63	18.1666666666667	1.27623994430555	1123	15.6625835000042	20.6707498333292
25	WGN63	18.1666666666666	1.27623994430554	1123	15.6625835000041	20.6707498333291
26	WGN63	18.8333333333332	1.27623994430555	1123	16.3292501666707	21.3374164999957
27	WGN63	19.6666666666666	1.27623994430554	1123	17.1625835000041	22.1707498333291
28	WGN63	19.6666666666666	1.27623994430555	1123	17.1625835000041	22.1707498333291
29	WGN63	19.6666666666666	1.27623994430555	1123	17.1625835000041	22.1707498333291
30	WGN63	21.8333333333333	1.27623994430555	1123	19.3292501666708	24.3374164999958
31	WGN63	22.1666666666666	1.27623994430554	1123	19.6625835000041	24.6707498333291
32	WGN63	18.5	1.27623994430554	1123	15.9959168333375	21.0040831666624
33	WGN63	21.1666666666666	1.27623994430554	1123	18.6625835000041	23.6707498333291
34	WGN63	21.3333333333333	1.27623994430554	1123	18.8292501666708	23.8374164999958
35	WGN63	19.1666666666665	1.27623994430555	1123	16.662583500004	21.6707498333291
36	WGN63	19.0905249110319	1.80527723380038	1123	15.5484289654467	22.6326208566171
37	WGN63	19.1666666666666	1.27623994430555	1123	16.6625835000041	21.6707498333291
38	WGN63	16.1666666666666	1.27623994430554	1123	13.6625835000041	18.6707498333291
39	WGN63	20.8333333333333	1.27623994430554	1123	18.3292501666708	23.3374164999958
40	WGN63	17	1.27623994430554	1123	14.4959168333375	19.5040831666624
41	WGN63	20.5761417556345	1.80527723380038	1123	17.0340458100493	24.1182377012197
42	WGN63	20.9999999999999	1.27623994430555	1123	18.4959168333374	23.5040831666624
43	WGN63	20.1666666666666	1.27623994430555	1123	17.6625835000041	22.6707498333291
44	WGN63	21.6666666666667	1.27623994430555	1123	19.1625835000042	24.1707498333291
45	WGN63	21.8333333333333	1.27623994430554	1123	19.3292501666708	24.3374164999958
46	WGN63	19.8333333333332	1.27623994430555	1123	17.3292501666707	22.3374164999958
47	WGN63	23.1666666666666	1.27623994430555	1123	20.6625835000041	25.6707498333291
48	WGN63	18.6666666666666	1.27623994430555	1123	16.1625835000041	21.1707498333291
49	WGN63	20.8333333333333	1.27623994430554	1123	18.3292501666708	23.3374164999958
50	WGN63	20.3333333333333	1.27623994430554	1123	17.8292501666708	22.8374164999958
51	WGN63	19.7571915776986	1.80527723380039	1123	16.2150956321134	23.2992875232838
52	WGN63	22.3333333333332	1.27623994430554	1123	19.8292501666707	24.8374164999957
53	WGN63	19.3333333333332	1.27623994430555	1123	16.8292501666707	21.8374164999957
54	WGN63	20.3333333333333	1.27623994430555	1123	17.8292501666708	22.8374164999958
55	WGN63	20.3333333333333	1.27623994430554	1123	17.8292501666708	22.8374164999958
56	WGN63	20.3333333333333	1.27623994430555	1123	17.8292501666708	22.8374164999958
57	WGN63	17.4999999999999	1.27623994430555	1123	14.9959168333374	20.0040831666624
58	WGN63	19.8333333333333	1.27623994430555	1123	17.3292501666708	22.3374164999958
59	WGN63	17.4999999999999	1.27623994430555	1123	14.9959168333374	20.0040831666624
60	WGN63	20.1666666666666	1.27623994430555	1123	17.6625835000041	22.6707498333291
61	WGN63	21.4999999999999	1.27623994430555	1123	18.9959168333374	24.0040831666624
62	WGN63	18.1666666666666	1.27623994430555	1123	15.6625835000041	20.6707498333291
63	WGN63	20.4999999999999	1.27623994430554	1123	17.9959168333374	23.0040831666624
64	WGN63	18.3333333333333	1.27623994430554	1123	15.8292501666708	20.8374164999958
65	WGN63	18.6666666666666	1.27623994430554	1123	16.1625835000041	21.1707498333291
66	WGN63	17.1666666666666	1.27623994430554	1123	14.6625835000041	19.6707498333291
67	WGN63	20.8333333333333	1.27623994430554	1123	18.3292501666708	23.3374164999958
68	WGN63	22.4999999999999	1.27623994430555	1123	19.9959168333374	25.0040831666624
69	WGN63	20.6666666666666	1.27623994430554	1123	18.1625835000041	23.1707498333291
70	WGN63	22.8333333333333	1.27623994430554	1123	20.3292501666708	25.3374164999958
72	WGN63	19.8333333333333	1.27623994430555	1123	17.3292501666708	22.3374164999958
73	WGN63	19.4999999999999	1.27623994430555	1123	16.9959168333374	22.0040831666624
74	WGN63	17.8333333333333	1.27623994430554	1123	15.3292501666708	20.3374164999958
75	WGN63	19.3333333333333	1.27623994430554	1123	16.8292501666708	21.8374164999958
76	WGN63	20.1666666666666	1.27623994430554	1123	17.6625835000041	22.6707498333291
77	WGN63	19.4999999999999	1.27623994430555	1123	16.9959168333374	22.0040831666624
78	WGN63	18.1666666666666	1.27623994430555	1123	15.6625835000041	20.6707498333291
79	WGN63	20.6666666666666	1.27623994430555	1123	18.1625835000041	23.1707498333291
80	WGN63	18.6666666666666	1.27623994430555	1123	16.1625835000041	21.1707498333291
81	WGN63	19.1666666666666	1.27623994430555	1123	16.6625835000041	21.6707498333291
82	WGN63	18.3333333333332	1.27623994430555	1123	15.8292501666707	20.8374164999957
83	WGN63	19.8333333333333	1.27623994430554	1123	17.3292501666708	22.3374164999958
84	WGN63	18.9999999999999	1.27623994430554	1123	16.4959168333374	21.5040831666624
85	WGN63	18.6666666666666	1.27623994430554	1123	16.1625835000041	21.1707498333291
86	WGN63	17.6666666666666	1.27623994430554	1123	15.1625835000042	20.1707498333291
87	WGN63	20.9999999999999	1.27623994430555	1123	18.4959168333374	23.5040831666624
88	WGN63	18.5761417556346	1.80527723380039	1123	15.0340458100493	22.1182377012198
89	WGN63	21.4999999999999	1.27623994430555	1123	18.9959168333374	24.0040831666624
90	WGN63	18.4238582443653	1.80527723380039	1123	14.8817622987801	21.9659541899505
91	WGN63	22.3333333333333	1.27623994430554	1123	19.8292501666708	24.8374164999958
92	WGN63	19.1666666666666	1.27623994430555	1123	16.6625835000041	21.6707498333291
93	WGN63	20.8333333333332	1.27623994430555	1123	18.3292501666707	23.3374164999957
94	WGN63	20.6666666666666	1.27623994430554	1123	18.1625835000041	23.1707498333291
95	WGN63	21.2428084223012	1.80527723380038	1123	17.700712476716	24.7849043678864
96	WGN63	19.3333333333332	1.27623994430554	1123	16.8292501666707	21.8374164999957
97	WGN63	18.3333333333333	1.27623994430554	1123	15.8292501666708	20.8374164999958
98	WGN63	21.8333333333333	1.27623994430554	1123	19.3292501666708	24.3374164999958
99	WGN63	21.6666666666666	1.27623994430554	1123	19.1625835000041	24.1707498333291
100	WGN63	20.4999999999999	1.27623994430554	1123	17.9959168333374	23.0040831666624
101	WGN63	20.8333333333333	1.27623994430554	1123	18.3292501666708	23.3374164999958
102	WGN63	20.1666666666666	1.27623994430554	1123	17.6625835000041	22.6707498333291
103	WGN63	19.4999999999999	1.27623994430554	1123	16.9959168333374	22.0040831666624
105	WGN63	18.3333333333332	1.27623994430554	1123	15.8292501666707	20.8374164999957
106	WGN63	20.9094750889679	1.80527723380039	1123	17.3673791433827	24.4515710345532
107	WGN63	21.5761417556345	1.80527723380039	1123	18.0340458100493	25.1182377012198
109	WGN63	19.9999999999999	1.27623994430554	1123	17.4959168333374	22.5040831666624
110	WGN63	19.4999999999999	1.27623994430554	1123	16.9959168333374	22.0040831666624
111	WGN63	18.6666666666666	1.27623994430554	1123	16.1625835000041	21.1707498333291
112	WGN63	19.1666666666666	1.27623994430555	1123	16.6625835000041	21.6707498333291
114	WGN63	20.8333333333333	1.27623994430554	1123	18.3292501666708	23.3374164999958
115	WGN63	18.8333333333333	1.27623994430555	1123	16.3292501666708	21.3374164999958
116	WGN63	20.8333333333333	1.27623994430554	1123	18.3292501666708	23.3374164999958
117	WGN63	21.8333333333332	1.27623994430555	1123	19.3292501666707	24.3374164999957
118	WGN63	19.6666666666666	1.27623994430554	1123	17.1625835000041	22.1707498333291
119	WGN63	19.4999999999999	1.27623994430554	1123	16.9959168333374	22.0040831666624
121	WGN63	25.3333333333333	1.27623994430554	1123	22.8292501666708	27.8374164999958
122	WGN63	24.4999999999999	1.27623994430554	1123	21.9959168333374	27.0040831666624
123	WGN63	21.6666666666666	1.27623994430554	1123	19.1625835000041	24.1707498333291
124	WGN63	19.1666666666666	1.27623994430554	1123	16.6625835000041	21.6707498333291
125	WGN63	20.6666666666666	1.27623994430554	1123	18.1625835000041	23.1707498333291
126	WGN63	20.3333333333333	1.27623994430554	1123	17.8292501666708	22.8374164999958
127	WGN63	20.6666666666666	1.27623994430554	1123	18.1625835000041	23.1707498333291
128	WGN63	17.9999999999999	1.27623994430554	1123	15.4959168333374	20.5040831666624
129	WGN63	19.6666666666666	1.27623994430554	1123	17.1625835000041	22.1707498333291
130	WGN63	18.9999999999999	1.27623994430554	1123	16.4959168333374	21.5040831666624
