plantID3	famID	emmean	SE	df	lower.CL	upper.CL
1	WGN07	1.3450000000006	0.121717684168936	1114	1.10617824698254	1.58382175301865
2	WGN07	1.76166666699968	0.12171768416905	1114	1.5228449139814	2.00048842001797
3	WGN07	1.70833333350059	0.121717684169037	1114	1.46951158048233	1.94715508651884
4	WGN07	1.59166666649989	0.121717684169031	1114	1.35284491348164	1.83048841951813
5	WGN07	1.66500000000001	0.121717684169039	1114	1.42617824698174	1.90382175301827
6	WGN07	1.28999999999999	0.121717684169035	1114	1.05117824698174	1.52882175301824
7	WGN07	1.83000000000001	0.121717684169037	1114	1.59117824698175	2.06882175301826
8	WGN07	1.56833333300003	0.121717684169036	1114	1.32951157998177	1.80715508601828
9	WGN07	1.6366666665	0.121717684169038	1114	1.39784491348174	1.87548841951826
10	WGN07	1.74666666650001	0.121717684169038	1114	1.50784491348175	1.98548841951826
11	WGN07	1.74666666650003	0.121717684169042	1114	1.50784491348177	1.9854884195183
12	WGN07	1.67000000000001	0.121717684169039	1114	1.43117824698175	1.90882175301827
13	WGN07	1.7116666665	0.121717684169036	1114	1.47284491348174	1.95048841951826
14	WGN07	1.4833333335	0.121717684169039	1114	1.24451158048174	1.72215508651826
15	WGN07	1.77500000000001	0.121717684169038	1114	1.53617824698175	2.01382175301827
16	WGN07	1.58	0.121717684169038	1114	1.34117824698175	1.81882175301826
17	WGN07	1.75999999999999	0.121717684169035	1114	1.52117824698174	1.99882175301825
18	WGN07	1.69000000000001	0.121717684169037	1114	1.45117824698175	1.92882175301826
20	WGN07	1.12833333350001	0.121717684169038	1114	0.889511580481748	1.36715508651827
21	WGN07	1.77666666700001	0.121717684169039	1114	1.53784491398175	2.01548842001827
22	WGN07	1.56500000000001	0.121717684169041	1114	1.32617824698175	1.80382175301827
23	WGN07	1.47500000000001	0.121717684169043	1114	1.23617824698174	1.71382175301827
24	WGN07	2.00999999999999	0.121717684169041	1114	1.77117824698173	2.24882175301826
25	WGN07	1.62	0.121717684169038	1114	1.38117824698175	1.85882175301826
26	WGN07	1.76000000000001	0.121717684169041	1114	1.52117824698175	1.99882175301828
27	WGN07	1.90833333350001	0.121717684169041	1114	1.66951158048175	2.14715508651828
28	WGN07	1.53666666650002	0.121717684169041	1114	1.29784491348176	1.77548841951829
29	WGN07	1.396666667	0.121717684169041	1114	1.15784491398174	1.63548842001827
30	WGN07	1.461666667	0.121717684169037	1114	1.22284491398174	1.70048842001825
31	WGN07	1.49666666649999	0.121717684169038	1114	1.25784491348173	1.73548841951824
32	WGN07	1.695	0.121717684169038	1114	1.45617824698174	1.93382175301825
33	WGN07	1.6716666665	0.121717684169037	1114	1.43284491348175	1.91048841951826
34	WGN07	1.5616666665	0.121717684169038	1114	1.32284491348174	1.80048841951826
35	WGN07	1.84125485799686	0.172173390653222	1114	1.50343417680648	2.17907553918724
36	WGN07	1.65500000000002	0.121717684169044	1114	1.41617824698175	1.89382175301829
37	WGN07	1.54999999999999	0.121717684169033	1114	1.31117824698174	1.78882175301824
38	WGN07	1.89000000000003	0.12171768416904	1114	1.65117824698177	2.1288217530183
39	WGN07	1.3916666665	0.121717684169038	1114	1.15284491348174	1.63048841951826
40	WGN07	1.29333333350001	0.121717684169036	1114	1.05451158048175	1.53215508651826
41	WGN07	1.5566666665	0.121717684169038	1114	1.31784491348174	1.79548841951826
42	WGN07	1.531666667	0.121717684169039	1114	1.29284491398174	1.77048842001826
44	WGN07	1.19000000000001	0.12171768416904	1114	0.951178246981749	1.42882175301828
46	WGN07	1.723333333	0.121717684169039	1114	1.48451157998174	1.96215508601826
47	WGN07	1.60833333350001	0.121717684169037	1114	1.36951158048175	1.84715508651827
48	WGN07	1.69666666650001	0.121717684169038	1114	1.45784491348175	1.93548841951827
49	WGN07	1.66833333300001	0.121717684169038	1114	1.42951157998175	1.90715508601827
50	WGN07	1.64666666649998	0.121717684169036	1114	1.40784491348173	1.88548841951824
51	WGN07	1.63000000000001	0.121717684169038	1114	1.39117824698175	1.86882175301826
52	WGN07	1.475	0.121717684169038	1114	1.23617824698175	1.71382175301826
53	WGN07	1.79	0.121717684169037	1114	1.55117824698174	2.02882175301826
54	WGN07	1.51792152499687	0.17217339065322	1114	1.18010084380649	1.85574220618724
55	WGN07	1.403833333	0.121717684169038	1114	1.16501157998175	1.64265508601826
56	WGN07	1.8316666665	0.121717684169039	1114	1.59284491348174	2.07048841951827
57	WGN07	1.60166666650001	0.12171768416904	1114	1.36284491348175	1.84048841951827
58	WGN07	1.89833333349998	0.121717684169036	1114	1.65951158048173	2.13715508651824
59	WGN07	1.54833333300001	0.121717684169039	1114	1.30951157998174	1.78715508601827
60	WGN07	1.5716666665	0.121717684169037	1114	1.33284491348174	1.81048841951825
61	WGN07	1.66666666650001	0.121717684169039	1114	1.42784491348175	1.90548841951827
62	WGN07	1.16207847500314	0.172173390653227	1114	0.824257793812754	1.49989915619354
63	WGN07	1.56833333350001	0.121717684169041	1114	1.32951158048174	1.80715508651827
64	WGN07	1.61	0.121717684169039	1114	1.37117824698174	1.84882175301826
66	WGN07	1.56333333299999	0.121717684169036	1114	1.32451157998174	1.80215508601825
67	WGN07	1.59166666650001	0.121717684169039	1114	1.35284491348175	1.83048841951827
68	WGN07	1.33000000000001	0.121717684169039	1114	1.09117824698175	1.56882175301827
69	WGN07	1.80125485799686	0.172173390653222	1114	1.46343417680648	2.13907553918724
71	WGN07	1.76666666650002	0.121717684169041	1114	1.52784491348176	2.00548841951829
73	WGN07	1.8066666665	0.121717684169038	1114	1.56784491348174	2.04548841951826
74	WGN07	1.80833333350001	0.121717684169037	1114	1.56951158048175	2.04715508651826
75	WGN07	1.46874514200315	0.172173390653223	1114	1.13092446081276	1.80656582319353
76	WGN07	2.36666666650003	0.12171768416904	1114	2.12784491348176	2.60548841951829
77	WGN07	1.79500000000001	0.121717684169038	1114	1.55617824698175	2.03382175301827
78	WGN07	1.73166666650001	0.121717684169041	1114	1.49284491348175	1.97048841951828
79	WGN07	1.4733333335	0.121717684169039	1114	1.23451158048173	1.71215508651826
80	WGN07	1.6983333335	0.121717684169036	1114	1.45951158048175	1.93715508651826
81	WGN07	1.65166666700002	0.121717684169038	1114	1.41284491398176	1.89048842001828
82	WGN07	1.48500000000001	0.121717684169038	1114	1.24617824698175	1.72382175301827
83	WGN07	1.555	0.121717684169039	1114	1.31617824698174	1.79382175301826
84	WGN07	1.816666667	0.121717684169038	1114	1.57784491398174	2.05548842001826
85	WGN07	1.73166666650001	0.121717684169038	1114	1.49284491348175	1.97048841951827
86	WGN07	1.59833333350001	0.121717684169039	1114	1.35951158048175	1.83715508651827
87	WGN07	1.82166666650002	0.121717684169038	1114	1.58284491348176	2.06048841951827
88	WGN07	1.825	0.121717684169038	1114	1.58617824698174	2.06382175301826
89	WGN07	1.41000000000001	0.121717684169038	1114	1.17117824698175	1.64882175301827
90	WGN07	1.80166666699999	0.121717684169037	1114	1.56284491398174	2.04048842001825
91	WGN07	1.45166666649999	0.121717684169036	1114	1.21284491348174	1.69048841951825
92	WGN07	1.44666666650002	0.121717684169039	1114	1.20784491348176	1.68548841951828
93	WGN07	1.69	0.121717684169039	1114	1.45117824698174	1.92882175301826
94	WGN07	1.51500000000001	0.121717684169037	1114	1.27617824698175	1.75382175301827
95	WGN07	1.78333333350001	0.121717684169037	1114	1.54451158048175	2.02215508651827
96	WGN07	1.53000000000001	0.121717684169043	1114	1.29117824698175	1.76882175301828
97	WGN07	1.61333333350001	0.12171768416904	1114	1.37451158048174	1.85215508651827
98	WGN07	1.64166666700001	0.121717684169039	1114	1.40284491398175	1.88048842001827
99	WGN07	1.66000000000001	0.121717684169038	1114	1.42117824698175	1.89882175301826
100	WGN07	1.68	0.121717684169037	1114	1.44117824698175	1.91882175301826
101	WGN07	1.69833333300001	0.121717684169042	1114	1.45951157998175	1.93715508601828
102	WGN07	1.691666667	0.121717684169038	1114	1.45284491398174	1.93048842001826
103	WGN07	1.49	0.121717684169036	1114	1.25117824698174	1.72882175301825
104	WGN07	1.975	0.121717684169037	1114	1.73617824698174	2.21382175301825
105	WGN07	1.66666666649999	0.121717684169037	1114	1.42784491348173	1.90548841951825
106	WGN07	1.75166666650001	0.121717684169037	1114	1.51284491348175	1.99048841951826
107	WGN07	1.50500000000001	0.12171768416904	1114	1.26617824698174	1.74382175301827
108	WGN07	1.82166666650001	0.121717684169039	1114	1.58284491348175	2.06048841951827
109	WGN07	1.6883333335	0.12171768416904	1114	1.44951158048174	1.92715508651826
110	WGN07	2.28833333349999	0.121717684169036	1114	2.04951158048174	2.52715508651825
111	WGN07	1.9816666665	0.121717684169038	1114	1.74284491348174	2.22048841951826
112	WGN07	1.725	0.121717684169035	1114	1.48617824698174	1.96382175301825
113	WGN07	1.7183333335	0.121717684169038	1114	1.47951158048174	1.95715508651826
114	WGN07	1.9083333335	0.121717684169038	1114	1.66951158048174	2.14715508651826
115	WGN07	1.70833333350001	0.121717684169036	1114	1.46951158048176	1.94715508651827
116	WGN07	1.86666666649999	0.121717684169036	1114	1.62784491348174	2.10548841951825
117	WGN07	1.61833333350001	0.121717684169039	1114	1.37951158048175	1.85715508651827
118	WGN07	1.901666667	0.121717684169039	1114	1.66284491398173	2.14048842001826
119	WGN07	1.93333333350002	0.121717684169041	1114	1.69451158048175	2.17215508651828
120	WGN07	1.456666667	0.121717684169036	1114	1.21784491398175	1.69548842001826
121	WGN07	1.45500000000002	0.121717684169037	1114	1.21617824698176	1.69382175301827
122	WGN07	1.27541180900314	0.172173390653224	1114	0.93759112781276	1.61323249019353
123	WGN07	1.59000000000001	0.12171768416904	1114	1.35117824698175	1.82882175301827
124	WGN07	1.64125485799686	0.172173390653223	1114	1.30343417680648	1.97907553918724
125	WGN07	1.39333333350001	0.121717684169036	1114	1.15451158048175	1.63215508651826
126	WGN07	1.821666667	0.121717684169036	1114	1.58284491398175	2.06048842001826
127	WGN07	1.7733333335	0.121717684169038	1114	1.53451158048174	2.01215508651826
128	WGN07	1.44	0.121717684169038	1114	1.20117824698175	1.67882175301826
129	WGN07	1.57500000000001	0.121717684169037	1114	1.33617824698175	1.81382175301827
130	WGN07	1.67166666700001	0.121717684169038	1114	1.43284491398175	1.91048842001827
1	WGN15	1.51499999999949	0.121717684169027	1114	1.27617824698125	1.75382175301773
2	WGN15	1.41666666649998	0.121717684169038	1114	1.17784491348173	1.65548841951824
3	WGN15	1.82499999999998	0.121717684169038	1114	1.58617824698172	2.06382175301824
4	WGN15	1.55666666649999	0.121717684169038	1114	1.31784491348173	1.79548841951825
5	WGN15	1.59499999999999	0.121717684169039	1114	1.35617824698173	1.83382175301825
7	WGN15	1.46499999999999	0.121717684169037	1114	1.22617824698173	1.70382175301824
8	WGN15	1.98166666649997	0.121717684169037	1114	1.74284491348171	2.22048841951822
9	WGN15	1.50666666649998	0.12171768416904	1114	1.26784491348172	1.74548841951825
10	WGN15	1.63333333299999	0.12171768416904	1114	1.39451157998173	1.87215508601826
11	WGN15	1.55499999999997	0.121717684169039	1114	1.31617824698171	1.79382175301823
12	WGN15	1.64999999999998	0.121717684169039	1114	1.41117824698172	1.88882175301824
13	WGN15	1.60666666649999	0.121717684169036	1114	1.36784491348173	1.84548841951824
14	WGN15	1.5066666665	0.121717684169036	1114	1.26784491348174	1.74548841951825
15	WGN15	1.58499999999998	0.121717684169038	1114	1.34617824698172	1.82382175301824
16	WGN15	1.28333333349998	0.121717684169041	1114	1.04451158048171	1.52215508651824
17	WGN15	1.90874514200312	0.172173390653224	1114	1.57092446081273	2.2465658231935
18	WGN15	1.50166666649998	0.121717684169037	1114	1.26284491348173	1.74048841951824
19	WGN15	1.66499999999999	0.12171768416904	1114	1.42617824698172	1.90382175301825
20	WGN15	1.97666666649998	0.121717684169039	1114	1.73784491348172	2.21548841951825
21	WGN15	1.78833333349999	0.121717684169039	1114	1.54951158048173	2.02715508651825
22	WGN15	1.40666666699998	0.121717684169037	1114	1.16784491398172	1.64548842001824
23	WGN15	1.795	0.121717684169039	1114	1.55617824698174	2.03382175301826
24	WGN15	1.66541180900312	0.172173390653224	1114	1.32759112781273	2.0032324901935
25	WGN15	1.76833333349998	0.121717684169038	1114	1.52951158048172	2.00715508651824
26	WGN15	1.78458819099685	0.172173390653226	1114	1.44676750980646	2.12240887218723
27	WGN15	1.54666666649999	0.121717684169041	1114	1.30784491348172	1.78548841951825
28	WGN15	1.64333333349998	0.121717684169039	1114	1.40451158048172	1.88215508651824
29	WGN15	1.51499999999998	0.12171768416904	1114	1.27617824698172	1.75382175301824
30	WGN15	1.63833333349998	0.121717684169037	1114	1.39951158048173	1.87715508651824
31	WGN15	1.29207847500312	0.172173390653226	1114	0.954257793812727	1.62989915619351
32	WGN15	1.84499999999999	0.121717684169039	1114	1.60617824698173	2.08382175301825
33	WGN15	1.86499999999998	0.121717684169035	1114	1.62617824698173	2.10382175301823
34	WGN15	1.39999999999998	0.121717684169038	1114	1.16117824698173	1.63882175301824
35	WGN15	1.54666666699999	0.121717684169041	1114	1.30784491398173	1.78548842001826
36	WGN15	1.41166666649998	0.121717684169038	1114	1.17284491348172	1.65048841951824
37	WGN15	1.88166666649999	0.121717684169041	1114	1.64284491348172	2.12048841951825
38	WGN15	1.25999999999998	0.121717684169038	1114	1.02117824698172	1.49882175301824
39	WGN15	1.54833333349998	0.121717684169038	1114	1.30951158048172	1.78715508651824
40	WGN15	1.54499999999998	0.12171768416904	1114	1.30617824698172	1.78382175301825
41	WGN15	1.62833333299998	0.121717684169036	1114	1.38951157998172	1.86715508601823
43	WGN15	1.591666667	0.121717684169041	1114	1.35284491398174	1.83048842001827
44	WGN15	1.67999999999998	0.12171768416904	1114	1.44117824698172	1.91882175301824
45	WGN15	1.57666666649998	0.121717684169039	1114	1.33784491348172	1.81548841951824
46	WGN15	1.62833333349999	0.121717684169038	1114	1.38951158048173	1.86715508651825
47	WGN15	1.49999999999998	0.121717684169041	1114	1.26117824698172	1.73882175301824
48	WGN15	1.36166666699999	0.121717684169041	1114	1.12284491398173	1.60048842001826
50	WGN15	1.76333333349998	0.121717684169038	1114	1.52451158048173	2.00215508651824
51	WGN15	1.43333333349999	0.121717684169036	1114	1.19451158048173	1.67215508651824
52	WGN15	1.48166666649998	0.121717684169041	1114	1.24284491348172	1.72048841951825
53	WGN15	1.23541180900312	0.172173390653225	1114	0.897591127812735	1.57323249019351
54	WGN15	1.52874514200312	0.172173390653221	1114	1.19092446081274	1.8665658231935
55	WGN15	1.73999999999999	0.12171768416904	1114	1.50117824698173	1.97882175301825
56	WGN15	1.76999999999999	0.121717684169039	1114	1.53117824698173	2.00882175301825
57	WGN15	1.35999999999999	0.121717684169039	1114	1.12117824698173	1.59882175301825
58	WGN15	1.96666666649998	0.121717684169037	1114	1.72784491348172	2.20548841951824
59	WGN15	1.94333333349997	0.121717684169037	1114	1.70451158048171	2.18215508651822
60	WGN15	1.58499999999999	0.121717684169038	1114	1.34617824698173	1.82382175301825
61	WGN15	1.62999999999998	0.121717684169037	1114	1.39117824698172	1.86882175301824
62	WGN15	1.67166666699999	0.121717684169037	1114	1.43284491398173	1.91048842001825
63	WGN15	1.52499999999999	0.12171768416904	1114	1.28617824698173	1.76382175301825
64	WGN15	1.28999999999999	0.121717684169039	1114	1.05117824698173	1.52882175301825
65	WGN15	1.28666666699998	0.121717684169038	1114	1.04784491398172	1.52548842001824
66	WGN15	1.29499999999999	0.121717684169036	1114	1.05617824698174	1.53382175301825
67	WGN15	1.76333333349998	0.121717684169036	1114	1.52451158048172	2.00215508651823
69	WGN15	1.37166666649999	0.121717684169039	1114	1.13284491348172	1.61048841951825
70	WGN15	1.58333333299999	0.121717684169038	1114	1.34451157998173	1.82215508601825
71	WGN15	1.76166666699998	0.121717684169037	1114	1.52284491398173	2.00048842001824
72	WGN15	1.47999999999998	0.121717684169039	1114	1.24117824698172	1.71882175301824
73	WGN15	1.69666666649998	0.121717684169038	1114	1.45784491348172	1.93548841951824
74	WGN15	1.47166666699998	0.121717684169038	1114	1.23284491398172	1.71048842001824
75	WGN15	1.70333333349998	0.121717684169039	1114	1.46451158048172	1.94215508651824
77	WGN15	1.61499999999999	0.121717684169039	1114	1.37617824698173	1.85382175301825
78	WGN15	1.42666666649998	0.121717684169039	1114	1.18784491348171	1.66548841951824
79	WGN15	1.63833333299997	0.121717684169038	1114	1.39951157998171	1.87715508601823
80	WGN15	1.43666666649998	0.12171768416904	1114	1.19784491348172	1.67548841951824
81	WGN15	1.75499999999998	0.121717684169037	1114	1.51617824698173	1.99382175301824
82	WGN15	1.43999999999998	0.12171768416904	1114	1.20117824698172	1.67882175301825
83	WGN15	1.60666666649999	0.121717684169039	1114	1.36784491348173	1.84548841951825
84	WGN15	1.72833333299999	0.12171768416904	1114	1.48951157998173	1.96715508601825
85	WGN15	1.85333333349998	0.121717684169039	1114	1.61451158048172	2.09215508651824
86	WGN15	1.41999999999998	0.121717684169038	1114	1.18117824698172	1.65882175301824
87	WGN15	1.51999999999998	0.12171768416904	1114	1.28117824698172	1.75882175301825
88	WGN15	1.57333333349998	0.121717684169036	1114	1.33451158048173	1.81215508651824
89	WGN15	1.62833333299999	0.121717684169038	1114	1.38951157998173	1.86715508601825
90	WGN15	1.82333333349998	0.121717684169039	1114	1.58451158048172	2.06215508651824
91	WGN15	1.54166666649998	0.121717684169039	1114	1.30284491348172	1.78048841951825
92	WGN15	1.38666666699998	0.121717684169038	1114	1.14784491398172	1.62548842001824
93	WGN15	1.62833333349999	0.121717684169038	1114	1.38951158048173	1.86715508651825
94	WGN15	1.59666666649998	0.121717684169039	1114	1.35784491348172	1.83548841951825
95	WGN15	1.76499999999999	0.12171768416904	1114	1.52617824698172	2.00382175301825
96	WGN15	1.61333333299998	0.121717684169037	1114	1.37451157998173	1.85215508601824
97	WGN15	1.52999999999998	0.121717684169039	1114	1.29117824698172	1.76882175301824
98	WGN15	1.73166666649998	0.121717684169039	1114	1.49284491348172	1.97048841951824
99	WGN15	1.59333333299998	0.121717684169039	1114	1.35451157998172	1.83215508601824
100	WGN15	1.48999999999998	0.121717684169037	1114	1.25117824698172	1.72882175301823
101	WGN15	1.70333333299999	0.121717684169039	1114	1.46451157998173	1.94215508601825
102	WGN15	1.58666666699999	0.121717684169038	1114	1.34784491398173	1.82548842001824
103	WGN15	1.35166666649998	0.121717684169039	1114	1.11284491348172	1.59048841951824
104	WGN15	1.75499999999998	0.121717684169038	1114	1.51617824698172	1.99382175301824
106	WGN15	1.74666666649998	0.121717684169037	1114	1.50784491348172	1.98548841951824
107	WGN15	1.72666666649999	0.121717684169039	1114	1.48784491348173	1.96548841951825
108	WGN15	1.62833333349999	0.121717684169039	1114	1.38951158048173	1.86715508651825
109	WGN15	1.42833333349998	0.121717684169039	1114	1.18951158048172	1.66715508651824
110	WGN15	1.40666666699998	0.121717684169039	1114	1.16784491398172	1.64548842001824
111	WGN15	1.62499999999999	0.12171768416904	1114	1.38617824698172	1.86382175301825
112	WGN15	1.51833333349998	0.121717684169038	1114	1.27951158048172	1.75715508651824
113	WGN15	1.78333333299999	0.121717684169038	1114	1.54451157998173	2.02215508601825
114	WGN15	1.51833333299998	0.121717684169038	1114	1.27951157998173	1.75715508601824
115	WGN15	1.70666666699998	0.121717684169037	1114	1.46784491398172	1.94548842001824
116	WGN15	1.48333333299999	0.121717684169039	1114	1.24451157998173	1.72215508601825
117	WGN15	1.83166666649999	0.121717684169039	1114	1.59284491348173	2.07048841951825
118	WGN15	1.41666666649999	0.121717684169039	1114	1.17784491348173	1.65548841951825
119	WGN15	1.57999999999999	0.12171768416904	1114	1.34117824698172	1.81882175301825
120	WGN15	1.73833333349999	0.121717684169039	1114	1.49951158048173	1.97715508651825
121	WGN15	1.4666666665	0.121717684169038	1114	1.22784491348174	1.70548841951826
122	WGN15	1.48166666649998	0.121717684169038	1114	1.24284491348172	1.72048841951824
123	WGN15	1.39166666649999	0.121717684169037	1114	1.15284491348173	1.63048841951825
124	WGN15	1.64166666699998	0.121717684169039	1114	1.40284491398172	1.88048842001824
125	WGN15	1.46166666649998	0.121717684169039	1114	1.22284491348172	1.70048841951824
126	WGN15	1.57666666699998	0.121717684169037	1114	1.33784491398173	1.81548842001824
127	WGN15	1.81333333349998	0.121717684169038	1114	1.57451158048172	2.05215508651824
128	WGN15	1.83833333349998	0.121717684169038	1114	1.59951158048172	2.07715508651824
129	WGN15	1.56833333349998	0.121717684169038	1114	1.32951158048172	1.80715508651824
130	WGN15	1.55166666649998	0.121717684169037	1114	1.31284491348172	1.79048841951823
3	WGN26	1.84000000000004	0.12171768416904	1114	1.60117824698178	2.0788217530183
4	WGN26	1.88000000000004	0.121717684169037	1114	1.64117824698178	2.1188217530183
5	WGN26	1.87833333300004	0.121717684169039	1114	1.63951157998178	2.1171550860183
6	WGN26	1.63500000000005	0.121717684169039	1114	1.39617824698179	1.87382175301831
7	WGN26	2.06166666650004	0.121717684169038	1114	1.82284491348178	2.3004884195183
8	WGN26	1.77166666700004	0.12171768416904	1114	1.53284491398178	2.01048842001831
9	WGN26	1.97000000000004	0.12171768416904	1114	1.73117824698178	2.2088217530183
10	WGN26	1.94833333350004	0.121717684169038	1114	1.70951158048178	2.1871550865183
11	WGN26	1.71833333350006	0.121717684169037	1114	1.4795115804818	1.95715508651831
12	WGN26	1.77333333350004	0.121717684169038	1114	1.53451158048178	2.0121550865183
13	WGN26	1.65333333300005	0.121717684169037	1114	1.41451157998179	1.89215508601831
14	WGN26	1.78833333300005	0.121717684169039	1114	1.54951157998179	2.02715508601831
15	WGN26	1.72833333300004	0.121717684169039	1114	1.48951157998178	1.9671550860183
17	WGN26	1.86333333350004	0.121717684169038	1114	1.62451158048178	2.1021550865183
18	WGN26	1.80333333300004	0.121717684169039	1114	1.56451157998178	2.0421550860183
19	WGN26	1.83458819099691	0.172173390653221	1114	1.49676750980653	2.17240887218729
20	WGN26	1.57500000000003	0.12171768416904	1114	1.33617824698177	1.81382175301829
21	WGN26	1.36333333350003	0.121717684169041	1114	1.12451158048176	1.60215508651829
22	WGN26	1.85833333350005	0.121717684169039	1114	1.61951158048179	2.09715508651831
23	WGN26	1.75000000000005	0.121717684169037	1114	1.51117824698179	1.9888217530183
24	WGN26	1.82541180900319	0.172173390653223	1114	1.48759112781281	2.16323249019357
25	WGN26	1.58666666650005	0.121717684169037	1114	1.34784491348179	1.8254884195183
26	WGN26	1.59666666700005	0.121717684169037	1114	1.3578449139818	1.83548842001831
27	WGN26	1.81500000000004	0.121717684169039	1114	1.57617824698178	2.0538217530183
28	WGN26	2.29166666700005	0.121717684169039	1114	2.05284491398179	2.53048842001831
29	WGN26	1.61000000000003	0.121717684169041	1114	1.37117824698177	1.8488217530183
30	WGN26	1.80666666650005	0.121717684169036	1114	1.56784491348179	2.0454884195183
31	WGN26	1.65166666650004	0.121717684169039	1114	1.41284491348178	1.8904884195183
32	WGN26	1.39500000000004	0.121717684169039	1114	1.15617824698178	1.6338217530183
33	WGN26	1.99874514200318	0.172173390653224	1114	1.6609244608128	2.33656582319357
34	WGN26	1.71000000000005	0.121717684169038	1114	1.47117824698179	1.94882175301831
35	WGN26	2.03166666650005	0.121717684169039	1114	1.79284491348179	2.27048841951831
36	WGN26	1.80833333350004	0.121717684169038	1114	1.56951158048178	2.0471550865183
38	WGN26	1.84666666650004	0.121717684169039	1114	1.60784491348178	2.0854884195183
39	WGN26	1.97500000000004	0.121717684169039	1114	1.73617824698178	2.2138217530183
40	WGN26	1.93166666650005	0.121717684169039	1114	1.69284491348179	2.17048841951831
41	WGN26	1.40500000000006	0.121717684169037	1114	1.1661782469818	1.64382175301831
42	WGN26	2.14166666700004	0.121717684169037	1114	1.90284491398178	2.38048842001829
43	WGN26	1.58666666650004	0.121717684169038	1114	1.34784491348179	1.8254884195183
44	WGN26	1.81500000000004	0.12171768416904	1114	1.57617824698178	2.0538217530183
45	WGN26	1.86833333350005	0.121717684169038	1114	1.62951158048179	2.1071550865183
46	WGN26	1.69833333350004	0.121717684169041	1114	1.45951158048177	1.9371550865183
47	WGN26	1.58333333350004	0.121717684169039	1114	1.34451158048178	1.8221550865183
48	WGN26	1.79000000000004	0.121717684169037	1114	1.55117824698179	2.0288217530183
49	WGN26	2.09166666650004	0.121717684169038	1114	1.85284491348178	2.3304884195183
50	WGN26	2.13166666700005	0.12171768416904	1114	1.89284491398178	2.37048842001831
51	WGN26	1.52666666700004	0.121717684169038	1114	1.28784491398178	1.7654884200183
52	WGN26	1.67500000000004	0.121717684169038	1114	1.43617824698179	1.9138217530183
53	WGN26	1.69000000000005	0.121717684169037	1114	1.45117824698179	1.9288217530183
54	WGN26	1.94833333350005	0.12171768416904	1114	1.70951158048178	2.18715508651831
55	WGN26	1.37333333300005	0.121717684169038	1114	1.13451157998179	1.61215508601831
56	WGN26	1.92500000000005	0.12171768416904	1114	1.68617824698179	2.16382175301831
57	WGN26	1.60333333350004	0.12171768416904	1114	1.36451158048178	1.8421550865183
58	WGN26	1.49666666650005	0.121717684169037	1114	1.25784491348179	1.7354884195183
59	WGN26	1.8612548579969	0.172173390653225	1114	1.52343417680651	2.19907553918729
60	WGN26	1.75166666700004	0.121717684169037	1114	1.51284491398179	1.9904884200183
61	WGN26	1.89000000000004	0.121717684169038	1114	1.65117824698178	2.1288217530183
62	WGN26	1.82333333350004	0.121717684169038	1114	1.58451158048179	2.0621550865183
64	WGN26	1.79333333350004	0.121717684169037	1114	1.55451158048179	2.0321550865183
65	WGN26	1.90333333300005	0.121717684169039	1114	1.66451157998178	2.14215508601831
66	WGN26	1.70500000000005	0.121717684169038	1114	1.46617824698179	1.9438217530183
67	WGN26	1.93833333300004	0.12171768416904	1114	1.69951157998178	2.1771550860183
68	WGN26	1.6445881909969	0.172173390653223	1114	1.30676750980652	1.98240887218729
69	WGN26	1.83000000000004	0.121717684169039	1114	1.59117824698178	2.0688217530183
70	WGN26	1.88166666650004	0.121717684169038	1114	1.64284491348179	2.1204884195183
71	WGN26	1.82333333350004	0.121717684169038	1114	1.58451158048178	2.0621550865183
73	WGN26	1.71500000000004	0.121717684169039	1114	1.47617824698178	1.9538217530183
74	WGN26	2.44000000000005	0.121717684169039	1114	2.20117824698179	2.67882175301831
75	WGN26	1.62500000000004	0.121717684169039	1114	1.38617824698178	1.8638217530183
76	WGN26	2.09000000000004	0.121717684169038	1114	1.85117824698179	2.3288217530183
77	WGN26	1.42666666700005	0.121717684169039	1114	1.18784491398179	1.66548842001831
78	WGN26	1.66833333350004	0.121717684169039	1114	1.42951158048178	1.9071550865183
79	WGN26	1.52541180900318	0.172173390653226	1114	1.18759112781279	1.86323249019357
80	WGN26	1.95000000000004	0.121717684169039	1114	1.71117824698178	2.1888217530183
81	WGN26	1.72000000000004	0.121717684169038	1114	1.48117824698179	1.9588217530183
82	WGN26	1.36500000000004	0.121717684169039	1114	1.12617824698178	1.60382175301831
83	WGN26	2.17666666700005	0.12171768416904	1114	1.93784491398179	2.41548842001831
85	WGN26	2.29000000000004	0.121717684169038	1114	2.05117824698178	2.5288217530183
86	WGN26	1.4779215249969	0.172173390653227	1114	1.14010084380651	1.81574220618729
87	WGN26	1.52833333350004	0.121717684169037	1114	1.28951158048179	1.7671550865183
88	WGN26	1.47833333300005	0.121717684169038	1114	1.23951157998179	1.71715508601831
89	WGN26	1.75666666650005	0.121717684169037	1114	1.51784491348179	1.9954884195183
90	WGN26	1.96000000000004	0.121717684169038	1114	1.72117824698178	2.1988217530183
91	WGN26	1.76500000000004	0.121717684169038	1114	1.52617824698178	2.0038217530183
92	WGN26	1.62500000000004	0.121717684169039	1114	1.38617824698178	1.8638217530183
93	WGN26	1.87000000000004	0.121717684169039	1114	1.63117824698178	2.1088217530183
94	WGN26	1.91333333300004	0.121717684169039	1114	1.67451157998178	2.1521550860183
95	WGN26	1.79500000000004	0.121717684169039	1114	1.55617824698178	2.03382175301831
96	WGN26	1.78500000000004	0.121717684169039	1114	1.54617824698178	2.0238217530183
97	WGN26	1.67333333350004	0.121717684169039	1114	1.43451158048178	1.9121550865183
98	WGN26	2.10666666650003	0.12171768416904	1114	1.86784491348177	2.3454884195183
99	WGN26	1.98166666700005	0.121717684169039	1114	1.74284491398179	2.22048842001831
100	WGN26	1.69792152499691	0.172173390653222	1114	1.36010084380653	2.03574220618729
101	WGN26	1.94000000000005	0.121717684169039	1114	1.70117824698178	2.17882175301831
102	WGN26	1.97166666650004	0.121717684169039	1114	1.73284491348178	2.2104884195183
103	WGN26	1.49833333350004	0.121717684169039	1114	1.25951158048178	1.7371550865183
104	WGN26	1.76333333350005	0.121717684169038	1114	1.52451158048179	2.00215508651831
105	WGN26	1.83833333350004	0.121717684169038	1114	1.59951158048178	2.0771550865183
106	WGN26	1.89166666650004	0.121717684169039	1114	1.65284491348178	2.1304884195183
108	WGN26	1.69000000000005	0.121717684169038	1114	1.45117824698179	1.9288217530183
109	WGN26	1.73333333300004	0.121717684169038	1114	1.49451157998178	1.9721550860183
111	WGN26	1.59166666650004	0.121717684169039	1114	1.35284491348178	1.8304884195183
112	WGN26	1.90500000000004	0.121717684169038	1114	1.66617824698178	2.1438217530183
113	WGN26	1.39000000000004	0.121717684169038	1114	1.15117824698179	1.6288217530183
115	WGN26	1.65833333350004	0.121717684169037	1114	1.41951158048179	1.8971550865183
116	WGN26	1.22000000000004	0.121717684169038	1114	0.981178246981779	1.4588217530183
117	WGN26	1.3312548579969	0.172173390653224	1114	0.993434176806518	1.66907553918729
118	WGN26	1.95000000000004	0.121717684169039	1114	1.71117824698178	2.18882175301831
119	WGN26	1.73500000000004	0.121717684169037	1114	1.49617824698179	1.9738217530183
120	WGN26	1.47333333300005	0.121717684169039	1114	1.23451157998179	1.71215508601831
121	WGN26	1.61166666700004	0.121717684169038	1114	1.37284491398178	1.8504884200183
122	WGN26	1.46166666700004	0.121717684169038	1114	1.22284491398179	1.7004884200183
123	WGN26	1.67833333350004	0.121717684169039	1114	1.43951158048178	1.9171550865183
124	WGN26	1.40874514200317	0.172173390653226	1114	1.07092446081279	1.74656582319356
125	WGN26	2.14000000000005	0.121717684169038	1114	1.90117824698179	2.37882175301831
126	WGN26	1.7179215249969	0.172173390653224	1114	1.38010084380652	2.05574220618729
127	WGN26	1.56500000000004	0.121717684169039	1114	1.32617824698178	1.8038217530183
128	WGN26	1.63333333350004	0.121717684169037	1114	1.39451158048178	1.8721550865183
129	WGN26	1.5545881909969	0.172173390653226	1114	1.21676750980651	1.89240887218729
130	WGN26	1.87666666650005	0.121717684169049	1114	1.63784491348177	2.11548841951833
1	WGN36	1.68541180900324	0.172173390653211	1114	1.34759112781289	2.0232324901936
2	WGN36	1.68333333349999	0.12171768416904	1114	1.44451158048173	1.92215508651825
4	WGN36	1.70833333349999	0.12171768416904	1114	1.46951158048172	1.94715508651825
5	WGN36	1.5083333335	0.121717684169037	1114	1.26951158048174	1.74715508651826
6	WGN36	1.97333333349999	0.121717684169038	1114	1.73451158048173	2.21215508651824
7	WGN36	1.76499999999999	0.121717684169038	1114	1.52617824698173	2.00382175301825
8	WGN36	1.68166666699999	0.12171768416904	1114	1.44284491398173	1.92048842001826
9	WGN36	1.73541180900312	0.172173390653223	1114	1.39759112781274	2.0732324901935
10	WGN36	1.61999999999999	0.121717684169034	1114	1.38117824698174	1.85882175301824
11	WGN36	1.59166666699999	0.121717684169041	1114	1.35284491398172	1.83048842001825
12	WGN36	1.44541180900313	0.172173390653224	1114	1.10759112781275	1.78323249019351
13	WGN36	1.66166666699999	0.12171768416904	1114	1.42284491398172	1.90048842001825
14	WGN36	1.43833333349998	0.12171768416904	1114	1.19951158048172	1.67715508651825
15	WGN36	1.72999999999999	0.121717684169036	1114	1.49117824698173	1.96882175301824
16	WGN36	1.75999999999999	0.121717684169039	1114	1.52117824698173	1.99882175301825
17	WGN36	1.68833333349999	0.121717684169042	1114	1.44951158048172	1.92715508651825
18	WGN36	1.84666666649999	0.121717684169038	1114	1.60784491348173	2.08548841951825
19	WGN36	1.81499999999999	0.121717684169039	1114	1.57617824698173	2.05382175301825
20	WGN36	1.77333333349999	0.121717684169037	1114	1.53451158048173	2.01215508651825
21	WGN36	1.866666667	0.121717684169042	1114	1.62784491398173	2.10548842001826
22	WGN36	1.52833333299999	0.12171768416904	1114	1.28951157998173	1.76715508601825
23	WGN36	1.56166666649999	0.121717684169041	1114	1.32284491348172	1.80048841951825
24	WGN36	1.72166666649999	0.121717684169039	1114	1.48284491348173	1.96048841951825
26	WGN36	1.76666666649999	0.121717684169041	1114	1.52784491348173	2.00548841951826
27	WGN36	1.72833333349999	0.121717684169038	1114	1.48951158048173	1.96715508651825
28	WGN36	1.61999999999999	0.121717684169039	1114	1.38117824698173	1.85882175301825
30	WGN36	1.71333333349999	0.121717684169038	1114	1.47451158048173	1.95215508651825
31	WGN36	1.56666666649999	0.12171768416904	1114	1.32784491348172	1.80548841951825
32	WGN36	1.79999999999999	0.12171768416904	1114	1.56117824698173	2.03882175301826
33	WGN36	1.54833333299999	0.12171768416904	1114	1.30951157998172	1.78715508601825
34	WGN36	1.83166666699999	0.121717684169039	1114	1.59284491398173	2.07048842001825
35	WGN36	2.01333333349999	0.121717684169039	1114	1.77451158048173	2.25215508651825
36	WGN36	1.64499999999999	0.121717684169038	1114	1.40617824698173	1.88382175301825
37	WGN36	1.85166666649998	0.12171768416904	1114	1.61284491348172	2.09048841951825
38	WGN36	1.80874514200313	0.172173390653224	1114	1.47092446081274	2.14656582319351
39	WGN36	1.49499999999999	0.121717684169039	1114	1.25617824698173	1.73382175301825
40	WGN36	1.80166666649999	0.121717684169037	1114	1.56284491348173	2.04048841951824
41	WGN36	1.94833333349999	0.121717684169038	1114	1.70951158048173	2.18715508651825
42	WGN36	2.0766666665	0.12171768416904	1114	1.83784491348173	2.31548841951826
43	WGN36	1.67833333299999	0.121717684169038	1114	1.43951157998173	1.91715508601825
44	WGN36	1.64999999999999	0.121717684169038	1114	1.41117824698173	1.88882175301825
45	WGN36	1.59499999999998	0.12171768416904	1114	1.35617824698172	1.83382175301825
46	WGN36	1.47207847500313	0.172173390653226	1114	1.13425779381274	1.80989915619351
47	WGN36	1.68166666649999	0.121717684169038	1114	1.44284491348173	1.92048841951825
48	WGN36	1.86666666649999	0.121717684169039	1114	1.62784491348173	2.10548841951825
49	WGN36	1.47833333349999	0.121717684169038	1114	1.23951158048173	1.71715508651825
51	WGN36	1.38666666649999	0.121717684169038	1114	1.14784491348173	1.62548841951825
52	WGN36	1.92499999999999	0.121717684169038	1114	1.68617824698173	2.16382175301825
53	WGN36	1.62166666649999	0.121717684169039	1114	1.38284491348173	1.86048841951825
54	WGN36	1.58499999999999	0.12171768416904	1114	1.34617824698173	1.82382175301825
55	WGN36	1.52499999999999	0.121717684169039	1114	1.28617824698173	1.76382175301825
56	WGN36	1.54999999999999	0.121717684169038	1114	1.31117824698173	1.78882175301825
57	WGN36	1.68833333349999	0.121717684169039	1114	1.44951158048173	1.92715508651825
58	WGN36	1.53499999999999	0.121717684169038	1114	1.29617824698173	1.77382175301825
59	WGN36	1.72333333349999	0.121717684169039	1114	1.48451158048173	1.96215508651825
60	WGN36	1.75166666699999	0.121717684169038	1114	1.51284491398173	1.99048842001825
62	WGN36	1.45333333299999	0.121717684169037	1114	1.21451157998174	1.69215508601825
64	WGN36	1.70166666699999	0.121717684169038	1114	1.46284491398173	1.94048842001825
65	WGN36	1.65333333349999	0.121717684169038	1114	1.41451158048173	1.89215508651825
66	WGN36	1.83833333349999	0.121717684169038	1114	1.59951158048173	2.07715508651825
68	WGN36	1.83833333349999	0.121717684169038	1114	1.59951158048173	2.07715508651825
69	WGN36	1.90999999999999	0.121717684169038	1114	1.67117824698173	2.14882175301824
70	WGN36	1.93499999999998	0.121717684169038	1114	1.69617824698173	2.17382175301824
71	WGN36	1.56666666649999	0.121717684169039	1114	1.32784491348173	1.80548841951825
72	WGN36	1.86333333349999	0.121717684169038	1114	1.62451158048173	2.10215508651825
74	WGN36	1.67666666699999	0.12171768416904	1114	1.43784491398173	1.91548842001825
75	WGN36	1.74499999999999	0.12171768416904	1114	1.50617824698173	1.98382175301825
76	WGN36	1.82166666649999	0.121717684169038	1114	1.58284491348173	2.06048841951824
77	WGN36	1.81999999999999	0.121717684169038	1114	1.58117824698173	2.05882175301825
78	WGN36	1.49999999999999	0.121717684169039	1114	1.26117824698172	1.73882175301825
79	WGN36	2.11166666649999	0.121717684169039	1114	1.87284491348173	2.35048841951825
80	WGN36	1.54166666699999	0.121717684169037	1114	1.30284491398173	1.78048842001825
81	WGN36	2.09999999999998	0.121717684169038	1114	1.86117824698172	2.33882175301824
82	WGN36	1.95499999999999	0.121717684169038	1114	1.71617824698173	2.19382175301825
83	WGN36	1.70499999999999	0.121717684169038	1114	1.46617824698173	1.94382175301825
84	WGN36	1.79333333349999	0.121717684169039	1114	1.55451158048173	2.03215508651825
85	WGN36	1.22499999999999	0.121717684169039	1114	0.986178246981724	1.46382175301825
86	WGN36	1.65166666649999	0.121717684169039	1114	1.41284491348173	1.89048841951825
87	WGN36	1.63999999999999	0.121717684169038	1114	1.40117824698173	1.87882175301825
88	WGN36	1.60999999999999	0.121717684169039	1114	1.37117824698173	1.84882175301825
89	WGN36	1.47833333349999	0.121717684169039	1114	1.23951158048173	1.71715508651825
90	WGN36	1.27833333349999	0.121717684169038	1114	1.03951158048173	1.51715508651825
92	WGN36	1.58166666649999	0.121717684169037	1114	1.34284491348173	1.82048841951825
93	WGN36	1.73833333299999	0.121717684169038	1114	1.49951157998173	1.97715508601825
94	WGN36	1.80333333349999	0.121717684169038	1114	1.56451158048173	2.04215508651825
95	WGN36	1.78666666699999	0.121717684169038	1114	1.54784491398173	2.02548842001825
96	WGN36	1.78833333349999	0.121717684169038	1114	1.54951158048173	2.02715508651825
97	WGN36	1.95333333349999	0.121717684169039	1114	1.71451158048173	2.19215508651825
98	WGN36	1.79999999999999	0.121717684169039	1114	1.56117824698173	2.03882175301825
99	WGN36	1.43333333349999	0.121717684169038	1114	1.19451158048173	1.67215508651825
100	WGN36	1.77499999999999	0.121717684169039	1114	1.53617824698173	2.01382175301825
102	WGN36	2.12999999999999	0.121717684169039	1114	1.89117824698173	2.36882175301825
104	WGN36	1.55666666649999	0.121717684169038	1114	1.31784491348173	1.79548841951825
105	WGN36	1.96166666649999	0.121717684169039	1114	1.72284491348173	2.20048841951825
106	WGN36	1.74833333349999	0.121717684169038	1114	1.50951158048173	1.98715508651825
107	WGN36	1.74499999999999	0.121717684169039	1114	1.50617824698173	1.98382175301825
108	WGN36	1.79207847500313	0.172173390653224	1114	1.45425779381275	2.12989915619351
109	WGN36	1.86166666649999	0.121717684169038	1114	1.62284491348173	2.10048841951825
110	WGN36	1.59999999999999	0.121717684169039	1114	1.36117824698173	1.83882175301825
112	WGN36	1.41166666649999	0.121717684169039	1114	1.17284491348173	1.65048841951825
114	WGN36	1.70499999999999	0.121717684169038	1114	1.46617824698173	1.94382175301825
116	WGN36	1.96499999999999	0.121717684169039	1114	1.72617824698173	2.20382175301825
117	WGN36	1.68999999999998	0.121717684169038	1114	1.45117824698172	1.92882175301824
118	WGN36	1.83499999999999	0.121717684169038	1114	1.59617824698173	2.07382175301825
119	WGN36	1.80499999999999	0.121717684169038	1114	1.56617824698173	2.04382175301825
120	WGN36	1.68333333349999	0.121717684169039	1114	1.44451158048173	1.92215508651825
121	WGN36	1.93499999999999	0.121717684169039	1114	1.69617824698173	2.17382175301825
122	WGN36	1.68166666649999	0.121717684169039	1114	1.44284491348173	1.92048841951825
123	WGN36	1.60999999999999	0.121717684169039	1114	1.37117824698173	1.84882175301825
124	WGN36	1.80666666699999	0.121717684169038	1114	1.56784491398173	2.04548842001825
125	WGN36	1.77999999999999	0.121717684169039	1114	1.54117824698173	2.01882175301825
126	WGN36	1.84166666649999	0.121717684169039	1114	1.60284491348173	2.08048841951825
127	WGN36	1.74333333299999	0.121717684169039	1114	1.50451157998173	1.98215508601825
128	WGN36	1.95166666699999	0.121717684169038	1114	1.71284491398173	2.19048842001825
129	WGN36	2.07333333349999	0.121717684169038	1114	1.83451158048173	2.31215508651825
130	WGN36	1.88499999999999	0.121717684169038	1114	1.64617824698173	2.12382175301824
1	WGN38	1.91166666649997	0.121717684169031	1114	1.67284491348172	2.15048841951821
2	WGN38	1.76833333299998	0.121717684169039	1114	1.52951157998172	2.00715508601824
3	WGN38	1.82333333349999	0.121717684169038	1114	1.58451158048173	2.06215508651825
4	WGN38	1.71166666699999	0.12171768416904	1114	1.47284491398172	1.95048842001825
5	WGN38	1.75333333299999	0.121717684169039	1114	1.51451157998173	1.99215508601825
6	WGN38	2.20207847500313	0.172173390653223	1114	1.86425779381275	2.53989915619351
7	WGN38	1.59166666649999	0.121717684169039	1114	1.35284491348173	1.83048841951825
8	WGN38	1.8333333335	0.121717684169037	1114	1.59451158048174	2.07215508651826
10	WGN38	1.58499999999999	0.12171768416904	1114	1.34617824698173	1.82382175301825
11	WGN38	1.81499999999998	0.121717684169038	1114	1.57617824698172	2.05382175301824
12	WGN38	1.69833333349999	0.12171768416904	1114	1.45951158048173	1.93715508651826
13	WGN38	1.72166666699999	0.121717684169039	1114	1.48284491398173	1.96048842001825
14	WGN38	1.6866666665	0.121717684169038	1114	1.44784491348174	1.92548841951826
16	WGN38	1.41499999999999	0.12171768416904	1114	1.17617824698172	1.65382175301825
18	WGN38	1.5516666665	0.121717684169038	1114	1.31284491348174	1.79048841951826
19	WGN38	2.00833333299998	0.121717684169037	1114	1.76951157998173	2.24715508601824
20	WGN38	1.5016666665	0.121717684169038	1114	1.26284491348174	1.74048841951826
21	WGN38	1.745	0.121717684169038	1114	1.50617824698174	1.98382175301825
22	WGN38	1.64166666699998	0.12171768416904	1114	1.40284491398172	1.88048842001825
23	WGN38	1.56666666649998	0.121717684169039	1114	1.32784491348172	1.80548841951824
24	WGN38	1.9816666665	0.121717684169041	1114	1.74284491348173	2.22048841951826
26	WGN38	1.43666666649999	0.12171768416904	1114	1.19784491348173	1.67548841951825
27	WGN38	1.486666667	0.121717684169038	1114	1.24784491398174	1.72548842001826
28	WGN38	1.56833333299999	0.121717684169041	1114	1.32951157998172	1.80715508601825
29	WGN38	1.82999999999999	0.121717684169039	1114	1.59117824698173	2.06882175301825
30	WGN38	1.895	0.121717684169037	1114	1.65617824698174	2.13382175301825
32	WGN38	1.67833333349999	0.121717684169039	1114	1.43951158048173	1.91715508651825
33	WGN38	1.74166666699999	0.12171768416904	1114	1.50284491398173	1.98048842001826
34	WGN38	1.62874514200312	0.172173390653227	1114	1.29092446081273	1.96656582319351
35	WGN38	1.7516666665	0.121717684169038	1114	1.51284491348174	1.99048841951825
36	WGN38	1.58833333349999	0.121717684169039	1114	1.34951158048173	1.82715508651825
37	WGN38	1.7683333335	0.121717684169038	1114	1.52951158048174	2.00715508651825
38	WGN38	1.61999999999999	0.121717684169039	1114	1.38117824698173	1.85882175301825
39	WGN38	1.64999999999999	0.121717684169038	1114	1.41117824698173	1.88882175301825
40	WGN38	1.84499999999999	0.121717684169038	1114	1.60617824698173	2.08382175301825
41	WGN38	1.54333333299999	0.121717684169038	1114	1.30451157998173	1.78215508601825
42	WGN38	1.73833333349999	0.121717684169038	1114	1.49951158048174	1.97715508651825
45	WGN38	1.6483333335	0.121717684169038	1114	1.40951158048174	1.88715508651825
46	WGN38	1.79499999999999	0.121717684169038	1114	1.55617824698173	2.03382175301825
47	WGN38	1.60166666649999	0.121717684169039	1114	1.36284491348173	1.84048841951825
48	WGN38	1.89499999999999	0.121717684169039	1114	1.65617824698173	2.13382175301825
49	WGN38	1.77166666649999	0.121717684169039	1114	1.53284491348173	2.01048841951825
50	WGN38	1.88666666699999	0.121717684169039	1114	1.64784491398173	2.12548842001825
51	WGN38	1.65166666649999	0.121717684169039	1114	1.41284491348173	1.89048841951825
52	WGN38	1.94999999999999	0.121717684169039	1114	1.71117824698173	2.18882175301825
53	WGN38	1.81666666649999	0.121717684169038	1114	1.57784491348173	2.05548841951825
54	WGN38	1.89999999999999	0.121717684169038	1114	1.66117824698173	2.13882175301825
55	WGN38	1.39	0.121717684169038	1114	1.15117824698174	1.62882175301826
56	WGN38	1.65333333349999	0.121717684169039	1114	1.41451158048173	1.89215508651825
59	WGN38	1.74166666649999	0.121717684169038	1114	1.50284491348173	1.98048841951825
61	WGN38	1.68999999999999	0.121717684169039	1114	1.45117824698173	1.92882175301825
63	WGN38	1.96666666699999	0.121717684169038	1114	1.72784491398173	2.20548842001825
64	WGN38	1.96666666699999	0.121717684169039	1114	1.72784491398173	2.20548842001825
65	WGN38	1.69666666649999	0.121717684169038	1114	1.45784491348173	1.93548841951825
66	WGN38	1.81999999999999	0.121717684169038	1114	1.58117824698173	2.05882175301825
67	WGN38	1.54499999999999	0.121717684169038	1114	1.30617824698173	1.78382175301825
68	WGN38	1.55333333299999	0.121717684169039	1114	1.31451157998173	1.79215508601825
69	WGN38	1.82833333349999	0.121717684169038	1114	1.58951158048173	2.06715508651825
70	WGN38	1.56333333299999	0.121717684169039	1114	1.32451157998173	1.80215508601825
72	WGN38	1.78499999999999	0.121717684169039	1114	1.54617824698173	2.02382175301825
73	WGN38	1.168333333	0.121717684169038	1114	0.92951157998174	1.40715508601826
74	WGN38	1.53333333299999	0.121717684169039	1114	1.29451157998173	1.77215508601825
76	WGN38	1.4333333335	0.121717684169038	1114	1.19451158048174	1.67215508651826
77	WGN38	1.63999999999999	0.121717684169038	1114	1.40117824698173	1.87882175301825
78	WGN38	1.63499999999999	0.121717684169039	1114	1.39617824698173	1.87382175301825
80	WGN38	1.65666666699999	0.121717684169039	1114	1.41784491398173	1.89548842001825
81	WGN38	1.90499999999999	0.121717684169038	1114	1.66617824698173	2.14382175301825
82	WGN38	1.45999999999999	0.121717684169039	1114	1.22117824698173	1.69882175301825
83	WGN38	1.76166666699999	0.121717684169039	1114	1.52284491398173	2.00048842001825
84	WGN38	1.73333333349999	0.121717684169038	1114	1.49451158048173	1.97215508651825
85	WGN38	1.86166666649999	0.121717684169039	1114	1.62284491348173	2.10048841951825
86	WGN38	1.89333333349999	0.121717684169038	1114	1.65451158048173	2.13215508651825
87	WGN38	1.80999999999999	0.121717684169038	1114	1.57117824698173	2.04882175301825
88	WGN38	1.56499999999999	0.121717684169038	1114	1.32617824698173	1.80382175301825
89	WGN38	1.80833333349999	0.121717684169038	1114	1.56951158048173	2.04715508651825
90	WGN38	1.62666666649999	0.121717684169039	1114	1.38784491348173	1.86548841951825
91	WGN38	1.74666666649999	0.121717684169038	1114	1.50784491348173	1.98548841951825
92	WGN38	1.89666666699999	0.121717684169038	1114	1.65784491398173	2.13548842001825
93	WGN38	1.72833333299999	0.121717684169038	1114	1.48951157998173	1.96715508601825
94	WGN38	1.63999999999999	0.121717684169038	1114	1.40117824698173	1.87882175301825
95	WGN38	1.81666666649999	0.121717684169038	1114	1.57784491348173	2.05548841951825
96	WGN38	1.62166666699999	0.121717684169038	1114	1.38284491398173	1.86048842001825
97	WGN38	1.44499999999999	0.121717684169039	1114	1.20617824698173	1.68382175301825
98	WGN38	1.70666666649999	0.121717684169038	1114	1.46784491348173	1.94548841951825
99	WGN38	1.65666666649999	0.121717684169038	1114	1.41784491348173	1.89548841951825
100	WGN38	1.62999999999999	0.121717684169039	1114	1.39117824698173	1.86882175301825
101	WGN38	1.52166666649999	0.121717684169039	1114	1.28284491348173	1.76048841951825
102	WGN38	1.80666666649999	0.121717684169038	1114	1.56784491348173	2.04548841951825
103	WGN38	1.69666666649999	0.121717684169038	1114	1.45784491348173	1.93548841951825
104	WGN38	1.80666666649999	0.121717684169039	1114	1.56784491348173	2.04548841951825
106	WGN38	1.80874514200313	0.172173390653224	1114	1.47092446081275	2.14656582319352
107	WGN38	1.73833333299999	0.121717684169039	1114	1.49951157998173	1.97715508601825
108	WGN38	1.88792152499685	0.172173390653224	1114	1.55010084380647	2.22574220618724
109	WGN38	1.81458819099685	0.172173390653224	1114	1.47676750980647	2.15240887218724
110	WGN38	1.47666666649999	0.121717684169038	1114	1.23784491348173	1.71548841951825
111	WGN38	1.69166666649999	0.121717684169038	1114	1.45284491348173	1.93048841951825
112	WGN38	1.77207847500313	0.172173390653224	1114	1.43425779381275	2.10989915619352
113	WGN38	1.72166666649999	0.121717684169038	1114	1.48284491348173	1.96048841951825
114	WGN38	1.76166666699999	0.121717684169038	1114	1.52284491398173	2.00048842001825
115	WGN38	1.61833333349999	0.121717684169038	1114	1.37951158048173	1.85715508651825
1	WGN39	2.3716666665	0.12171768416903	1114	2.13284491348175	2.61048841951824
2	WGN39	1.61333333349988	0.121717684169042	1114	1.37451158048161	1.85215508651814
3	WGN39	1.93666666649993	0.121717684169038	1114	1.69784491348167	2.17548841951819
4	WGN39	1.9146666664999	0.12171768416904	1114	1.67584491348164	2.15348841951817
5	WGN39	1.93166666649993	0.12171768416904	1114	1.69284491348166	2.17048841951819
6	WGN39	1.95166666699994	0.121717684169038	1114	1.71284491398169	2.1904884200182
7	WGN39	1.95833333349993	0.121717684169039	1114	1.71951158048167	2.19715508651819
8	WGN39	1.7466666664999	0.12171768416904	1114	1.50784491348164	1.98548841951817
9	WGN39	1.83666666649994	0.121717684169038	1114	1.59784491348168	2.0754884195182
10	WGN39	1.7833333334999	0.12171768416904	1114	1.54451158048164	2.02215508651817
11	WGN39	1.94999999999992	0.121717684169039	1114	1.71117824698165	2.18882175301818
12	WGN39	1.81166666649992	0.121717684169038	1114	1.57284491348166	2.05048841951818
13	WGN39	1.58666666699993	0.121717684169037	1114	1.34784491398168	1.82548842001819
14	WGN39	1.62833333349993	0.121717684169038	1114	1.38951158048167	1.86715508651818
15	WGN39	1.72666666649991	0.12171768416904	1114	1.48784491348165	1.96548841951818
16	WGN39	2.11999999999992	0.121717684169038	1114	1.88117824698166	2.35882175301818
17	WGN39	1.63833333349992	0.121717684169039	1114	1.39951158048166	1.87715508651818
18	WGN39	1.92166666649992	0.121717684169038	1114	1.68284491348166	2.16048841951818
19	WGN39	1.82333333349993	0.121717684169039	1114	1.58451158048167	2.06215508651819
20	WGN39	1.87999999999992	0.121717684169038	1114	1.64117824698167	2.11882175301818
21	WGN39	1.65666666649993	0.121717684169038	1114	1.41784491348167	1.89548841951819
22	WGN39	2.21999999999992	0.121717684169039	1114	1.98117824698166	2.45882175301818
24	WGN39	1.93666666649995	0.121717684169038	1114	1.69784491348169	2.1754884195182
25	WGN39	1.92166666649993	0.121717684169039	1114	1.68284491348166	2.16048841951819
26	WGN39	1.90999999999992	0.121717684169039	1114	1.67117824698166	2.14882175301818
27	WGN39	2.11166666699992	0.121717684169038	1114	1.87284491398167	2.35048842001818
28	WGN39	1.83833333349992	0.12171768416904	1114	1.59951158048165	2.07715508651818
29	WGN39	1.49833333349993	0.121717684169038	1114	1.25951158048167	1.73715508651819
30	WGN39	1.84333333349991	0.121717684169039	1114	1.60451158048165	2.08215508651817
31	WGN39	1.78499999999993	0.121717684169038	1114	1.54617824698167	2.02382175301819
32	WGN39	1.71999999999993	0.121717684169038	1114	1.48117824698167	1.95882175301819
34	WGN39	1.44166666699995	0.121717684169037	1114	1.2028449139817	1.68048842001821
35	WGN39	1.79999999999994	0.121717684169036	1114	1.56117824698168	2.03882175301819
36	WGN39	1.78666666649992	0.121717684169039	1114	1.54784491348166	2.02548841951818
37	WGN39	1.6366666664999	0.12171768416904	1114	1.39784491348164	1.87548841951817
38	WGN39	1.73874514200305	0.172173390653226	1114	1.40092446081267	2.07656582319344
39	WGN39	1.75833333349992	0.121717684169039	1114	1.51951158048166	1.99715508651818
40	WGN39	2.11166666699994	0.121717684169038	1114	1.87284491398168	2.3504884200182
41	WGN39	1.83333333349995	0.121717684169038	1114	1.59451158048169	2.07215508651821
42	WGN39	1.80666666649993	0.121717684169039	1114	1.56784491348167	2.04548841951819
43	WGN39	1.92166666649992	0.121717684169038	1114	1.68284491348167	2.16048841951818
44	WGN39	1.77499999999993	0.121717684169039	1114	1.53617824698167	2.01382175301819
45	WGN39	1.71166666649992	0.121717684169039	1114	1.47284491348166	1.95048841951818
46	WGN39	1.79166666699993	0.121717684169038	1114	1.55284491398167	2.03048842001819
47	WGN39	1.74499999999994	0.121717684169038	1114	1.50617824698168	1.98382175301819
48	WGN39	1.93999999999993	0.121717684169038	1114	1.70117824698167	2.17882175301819
49	WGN39	1.59333333349994	0.121717684169038	1114	1.35451158048169	1.8321550865182
50	WGN39	1.51999999999991	0.12171768416904	1114	1.28117824698165	1.75882175301817
51	WGN39	1.66666666699993	0.121717684169039	1114	1.42784491398167	1.90548842001819
52	WGN39	1.99999999999992	0.12171768416904	1114	1.76117824698166	2.23882175301818
53	WGN39	1.82666666699992	0.121717684169039	1114	1.58784491398166	2.06548842001818
54	WGN39	1.74833333349995	0.121717684169037	1114	1.50951158048169	1.98715508651821
55	WGN39	1.73166666649991	0.121717684169039	1114	1.49284491348165	1.97048841951817
56	WGN39	1.70499999999991	0.121717684169039	1114	1.46617824698165	1.94382175301817
57	WGN39	1.54666666649991	0.12171768416904	1114	1.30784491348164	1.78548841951817
58	WGN39	1.88666666649994	0.121717684169037	1114	1.64784491348168	2.12548841951819
59	WGN39	1.71333333299993	0.121717684169038	1114	1.47451157998167	1.95215508601819
60	WGN39	1.91333333349993	0.121717684169039	1114	1.67451158048167	2.15215508651819
61	WGN39	1.80499999999992	0.121717684169039	1114	1.56617824698166	2.04382175301818
62	WGN39	1.73666666649993	0.121717684169038	1114	1.49784491348167	1.97548841951819
63	WGN39	1.82666666699993	0.121717684169038	1114	1.58784491398167	2.06548842001819
64	WGN39	1.77833333349993	0.121717684169039	1114	1.53951158048167	2.01715508651819
65	WGN39	1.75499999999994	0.121717684169038	1114	1.51617824698168	1.9938217530182
66	WGN39	1.83333333349992	0.121717684169039	1114	1.59451158048166	2.07215508651818
67	WGN39	2.05333333299993	0.121717684169039	1114	1.81451157998167	2.29215508601819
68	WGN39	1.94333333349993	0.121717684169038	1114	1.70451158048167	2.18215508651819
69	WGN39	1.83999999999993	0.121717684169039	1114	1.60117824698167	2.07882175301819
70	WGN39	1.70833333349993	0.121717684169037	1114	1.46951158048167	1.94715508651819
71	WGN39	1.77499999999994	0.121717684169037	1114	1.53617824698168	2.0138217530182
72	WGN39	1.60499999999993	0.121717684169038	1114	1.36617824698167	1.84382175301819
73	WGN39	1.68666666649993	0.121717684169039	1114	1.44784491348167	1.92548841951819
74	WGN39	1.83833333349992	0.121717684169038	1114	1.59951158048167	2.07715508651818
75	WGN39	1.64666666649993	0.121717684169038	1114	1.40784491348167	1.88548841951819
76	WGN39	1.68833333349993	0.121717684169038	1114	1.44951158048167	1.92715508651819
77	WGN39	2.05666666649993	0.121717684169039	1114	1.81784491348167	2.29548841951819
78	WGN39	1.77999999999992	0.121717684169039	1114	1.54117824698166	2.01882175301818
79	WGN39	1.96666666699993	0.121717684169038	1114	1.72784491398167	2.20548842001819
80	WGN39	1.93499999999993	0.121717684169038	1114	1.69617824698167	2.17382175301819
81	WGN39	1.60166666649993	0.121717684169038	1114	1.36284491348167	1.84048841951819
82	WGN39	1.82499999999993	0.121717684169038	1114	1.58617824698167	2.06382175301819
83	WGN39	1.98666666649993	0.121717684169039	1114	1.74784491348167	2.22548841951819
84	WGN39	1.97666666649993	0.121717684169039	1114	1.73784491348167	2.21548841951819
85	WGN39	1.66333333349993	0.121717684169039	1114	1.42451158048167	1.90215508651819
86	WGN39	1.79833333349993	0.121717684169038	1114	1.55951158048167	2.03715508651819
87	WGN39	1.79999999999993	0.121717684169038	1114	1.56117824698167	2.03882175301819
88	WGN39	2.07333333349993	0.121717684169038	1114	1.83451158048167	2.31215508651819
89	WGN39	1.85999999999993	0.121717684169038	1114	1.62117824698167	2.09882175301819
90	WGN39	1.86499999999993	0.121717684169038	1114	1.62617824698167	2.10382175301819
91	WGN39	1.74833333299992	0.121717684169038	1114	1.50951157998166	1.98715508601818
92	WGN39	1.57999999999992	0.121717684169039	1114	1.34117824698166	1.81882175301818
93	WGN39	2.16333333349993	0.121717684169038	1114	1.92451158048167	2.40215508651819
94	WGN39	1.95666666649993	0.121717684169038	1114	1.71784491348167	2.19548841951819
95	WGN39	1.98666666699993	0.121717684169038	1114	1.74784491398167	2.22548842001819
96	WGN39	2.05333333349992	0.121717684169039	1114	1.81451158048166	2.29215508651818
97	WGN39	1.53666666649993	0.121717684169038	1114	1.29784491348167	1.77548841951819
98	WGN39	1.79666666699992	0.121717684169039	1114	1.55784491398166	2.03548842001818
99	WGN39	1.57166666699993	0.121717684169039	1114	1.33284491398167	1.81048842001819
100	WGN39	1.91166666699992	0.121717684169039	1114	1.67284491398166	2.15048842001818
101	WGN39	1.80166666649993	0.121717684169039	1114	1.56284491348167	2.04048841951819
102	WGN39	1.88166666699992	0.121717684169039	1114	1.64284491398166	2.12048842001818
104	WGN39	1.89499999999993	0.121717684169038	1114	1.65617824698167	2.13382175301819
105	WGN39	1.84666666699994	0.121717684169038	1114	1.60784491398168	2.08548842001819
106	WGN39	1.74499999999993	0.121717684169038	1114	1.50617824698167	1.98382175301819
107	WGN39	1.85666666649993	0.121717684169038	1114	1.61784491348167	2.09548841951819
108	WGN39	1.76166666699993	0.121717684169038	1114	1.52284491398167	2.00048842001819
109	WGN39	1.61499999999992	0.121717684169039	1114	1.37617824698166	1.85382175301818
110	WGN39	1.95333333349993	0.121717684169038	1114	1.71451158048167	2.19215508651819
111	WGN39	1.68499999999993	0.121717684169038	1114	1.44617824698167	1.92382175301819
112	WGN39	1.91999999999992	0.121717684169039	1114	1.68117824698166	2.15882175301818
113	WGN39	1.55166666649993	0.121717684169038	1114	1.31284491348167	1.79048841951819
114	WGN39	1.70499999999992	0.121717684169038	1114	1.46617824698166	1.94382175301818
115	WGN39	1.79666666699993	0.121717684169039	1114	1.55784491398167	2.03548842001819
116	WGN39	1.96166666649993	0.121717684169038	1114	1.72284491348167	2.20048841951819
117	WGN39	1.71666666649993	0.121717684169039	1114	1.47784491348167	1.95548841951819
118	WGN39	1.65333333299993	0.121717684169038	1114	1.41451157998167	1.89215508601819
120	WGN39	1.69833333349993	0.121717684169038	1114	1.45951158048167	1.93715508651819
121	WGN39	1.81207847500307	0.172173390653224	1114	1.47425779381269	2.14989915619345
122	WGN39	1.56999999999993	0.121717684169038	1114	1.33117824698167	1.80882175301819
123	WGN39	1.87333333349993	0.121717684169038	1114	1.63451158048167	2.11215508651819
124	WGN39	1.77792152499679	0.172173390653224	1114	1.4401008438064	2.11574220618717
125	WGN39	1.84999999999993	0.121717684169038	1114	1.61117824698167	2.08882175301819
126	WGN39	1.68499999999993	0.121717684169038	1114	1.44617824698167	1.92382175301819
127	WGN39	1.94666666649993	0.121717684169038	1114	1.70784491348167	2.18548841951819
128	WGN39	1.68999999999993	0.121717684169038	1114	1.45117824698167	1.92882175301819
129	WGN39	1.87874514200307	0.172173390653224	1114	1.54092446081268	2.21656582319345
130	WGN39	1.68333333299993	0.121717684169038	1114	1.44451157998167	1.92215508601819
1	WGN45	1.66500000000001	0.121717684169039	1114	1.42617824698175	1.90382175301828
2	WGN45	1.72666666650002	0.121717684169041	1114	1.48784491348175	1.96548841951828
3	WGN45	1.46000000000001	0.121717684169038	1114	1.22117824698175	1.69882175301827
4	WGN45	1.89666666650003	0.121717684169041	1114	1.65784491348176	2.13548841951829
5	WGN45	2.50499999999997	0.121717684169036	1114	2.26617824698172	2.74382175301823
6	WGN45	1.54833333350001	0.12171768416904	1114	1.30951158048175	1.78715508651828
7	WGN45	1.86166666650002	0.12171768416904	1114	1.62284491348176	2.10048841951828
8	WGN45	1.62500000000001	0.121717684169039	1114	1.38617824698175	1.86382175301827
9	WGN45	1.55166666650001	0.121717684169038	1114	1.31284491348175	1.79048841951827
10	WGN45	1.66166666700001	0.121717684169038	1114	1.42284491398176	1.90048842001827
11	WGN45	1.69125485799687	0.172173390653224	1114	1.35343417680649	2.02907553918725
12	WGN45	1.69500000000002	0.121717684169037	1114	1.45617824698176	1.93382175301827
13	WGN45	1.67500000000002	0.12171768416904	1114	1.43617824698175	1.91382175301828
14	WGN45	1.81500000000002	0.12171768416904	1114	1.57617824698176	2.05382175301828
15	WGN45	1.49500000000001	0.121717684169039	1114	1.25617824698175	1.73382175301827
16	WGN45	2.02000000000001	0.121717684169038	1114	1.78117824698175	2.25882175301827
17	WGN45	1.39166666650002	0.121717684169038	1114	1.15284491348176	1.63048841951828
18	WGN45	1.46500000000001	0.121717684169039	1114	1.22617824698175	1.70382175301827
19	WGN45	1.61207847500316	0.172173390653224	1114	1.27425779381278	1.94989915619355
20	WGN45	1.93166666650002	0.121717684169039	1114	1.69284491348175	2.17048841951828
22	WGN45	1.87000000000002	0.121717684169039	1114	1.63117824698176	2.10882175301829
23	WGN45	1.64500000000001	0.121717684169039	1114	1.40617824698175	1.88382175301827
24	WGN45	1.60541180900315	0.172173390653226	1114	1.26759112781276	1.94323249019354
25	WGN45	1.58625485799688	0.172173390653226	1114	1.24843417680649	1.92407553918726
26	WGN45	1.41666666650002	0.121717684169037	1114	1.17784491348176	1.65548841951828
28	WGN45	1.76166666700002	0.12171768416904	1114	1.52284491398176	2.00048842001828
29	WGN45	1.44500000000002	0.121717684169038	1114	1.20617824698176	1.68382175301828
30	WGN45	0.748745142003178	0.172173390653222	1114	0.410924460812797	1.08656582319356
31	WGN45	1.74000000000001	0.121717684169037	1114	1.50117824698176	1.97882175301827
32	WGN45	1.50000000000001	0.121717684169041	1114	1.26117824698174	1.73882175301827
33	WGN45	1.28000000000002	0.121717684169038	1114	1.04117824698176	1.51882175301828
34	WGN45	1.52000000000001	0.121717684169039	1114	1.28117824698175	1.75882175301827
35	WGN45	1.70000000000001	0.121717684169039	1114	1.46117824698175	1.93882175301827
36	WGN45	1.95166666650001	0.121717684169038	1114	1.71284491348175	2.19048841951827
37	WGN45	1.88666666650002	0.121717684169039	1114	1.64784491348176	2.12548841951828
40	WGN45	1.77666666700002	0.12171768416904	1114	1.53784491398175	2.01548842001828
41	WGN45	1.54666666700002	0.121717684169038	1114	1.30784491398176	1.78548842001828
42	WGN45	1.51166666700002	0.121717684169038	1114	1.27284491398176	1.75048842001828
43	WGN45	2.20000000000001	0.121717684169039	1114	1.96117824698175	2.43882175301827
44	WGN45	2.04333333350001	0.121717684169038	1114	1.80451158048175	2.28215508651827
45	WGN45	1.65833333350001	0.121717684169037	1114	1.41951158048176	1.89715508651827
46	WGN45	1.37833333350001	0.121717684169039	1114	1.13951158048175	1.61715508651827
48	WGN45	1.73125485799688	0.172173390653225	1114	1.39343417680649	2.06907553918726
49	WGN45	1.56666666700001	0.121717684169039	1114	1.32784491398175	1.80548842001828
50	WGN45	1.50874514200315	0.172173390653226	1114	1.17092446081277	1.84656582319354
52	WGN45	1.35833333350001	0.121717684169039	1114	1.11951158048175	1.59715508651827
53	WGN45	1.57000000000002	0.121717684169038	1114	1.33117824698176	1.80882175301828
54	WGN45	1.30500000000002	0.121717684169038	1114	1.06617824698176	1.54382175301828
55	WGN45	2.09833333350001	0.121717684169038	1114	1.85951158048175	2.33715508651827
56	WGN45	1.59166666650001	0.121717684169038	1114	1.35284491348175	1.83048841951827
57	WGN45	1.70166666650002	0.121717684169039	1114	1.46284491348176	1.94048841951828
58	WGN45	1.67333333300001	0.121717684169038	1114	1.43451157998175	1.91215508601827
59	WGN45	1.42500000000002	0.121717684169038	1114	1.18617824698176	1.66382175301827
60	WGN45	1.61666666650002	0.121717684169038	1114	1.37784491348176	1.85548841951827
61	WGN45	1.69166666650001	0.121717684169038	1114	1.45284491348175	1.93048841951827
62	WGN45	1.63833333300002	0.121717684169039	1114	1.39951157998176	1.87715508601828
64	WGN45	1.60833333350001	0.121717684169038	1114	1.36951158048175	1.84715508651827
65	WGN45	1.62166666700001	0.121717684169039	1114	1.38284491398175	1.86048842001827
66	WGN45	1.52166666650002	0.121717684169038	1114	1.28284491348176	1.76048841951827
68	WGN45	1.54500000000001	0.121717684169038	1114	1.30617824698176	1.78382175301827
69	WGN45	1.62333333350002	0.121717684169038	1114	1.38451158048176	1.86215508651827
70	WGN45	1.44166666650001	0.121717684169038	1114	1.20284491348175	1.68048841951827
71	WGN45	1.94333333350001	0.121717684169037	1114	1.70451158048175	2.18215508651827
72	WGN45	1.56833333350002	0.121717684169038	1114	1.32951158048176	1.80715508651828
73	WGN45	1.43000000000002	0.121717684169039	1114	1.19117824698176	1.66882175301828
74	WGN45	1.72541180900316	0.172173390653225	1114	1.38759112781277	2.06323249019354
75	WGN45	1.65166666650001	0.121717684169038	1114	1.41284491348175	1.89048841951827
76	WGN45	1.76333333350002	0.121717684169039	1114	1.52451158048175	2.00215508651828
78	WGN45	1.53333333300001	0.121717684169038	1114	1.29451157998176	1.77215508601827
80	WGN45	1.71666666700002	0.121717684169038	1114	1.47784491398176	1.95548842001827
81	WGN45	1.74333333350001	0.121717684169039	1114	1.50451158048175	1.98215508651827
82	WGN45	1.75458819099688	0.172173390653226	1114	1.41676750980649	2.09240887218726
84	WGN45	2.05833333350002	0.121717684169038	1114	1.81951158048176	2.29715508651828
85	WGN45	1.65500000000001	0.12171768416904	1114	1.41617824698175	1.89382175301828
86	WGN45	1.65500000000002	0.121717684169038	1114	1.41617824698176	1.89382175301828
87	WGN45	1.32666666650001	0.121717684169039	1114	1.08784491348175	1.56548841951827
88	WGN45	1.63000000000002	0.121717684169038	1114	1.39117824698176	1.86882175301828
89	WGN45	1.51166666650001	0.121717684169039	1114	1.27284491348175	1.75048841951827
90	WGN45	1.68666666650002	0.121717684169039	1114	1.44784491348175	1.92548841951828
92	WGN45	1.75500000000002	0.121717684169038	1114	1.51617824698176	1.99382175301827
93	WGN45	1.33000000000001	0.121717684169039	1114	1.09117824698175	1.56882175301828
94	WGN45	1.75500000000001	0.121717684169039	1114	1.51617824698176	1.99382175301827
95	WGN45	1.68666666650001	0.121717684169039	1114	1.44784491348175	1.92548841951827
96	WGN45	1.31125485799688	0.172173390653224	1114	0.973434176806491	1.64907553918726
98	WGN45	1.90833333350001	0.121717684169038	1114	1.66951158048175	2.14715508651827
99	WGN45	1.41792152499688	0.172173390653224	1114	1.08010084380649	1.75574220618726
100	WGN45	1.39166666650002	0.121717684169038	1114	1.15284491348176	1.63048841951827
101	WGN45	1.90166666650002	0.121717684169039	1114	1.66284491348176	2.14048841951828
102	WGN45	1.57666666650002	0.121717684169038	1114	1.33784491348176	1.81548841951828
103	WGN45	1.89166666700002	0.121717684169039	1114	1.65284491398176	2.13048842001828
104	WGN45	2.40333333300002	0.121717684169039	1114	2.16451157998176	2.64215508601828
105	WGN45	1.64666666650001	0.121717684169039	1114	1.40784491348175	1.88548841951827
106	WGN45	1.63666666650001	0.121717684169039	1114	1.39784491348176	1.87548841951827
107	WGN45	1.74666666650002	0.121717684169038	1114	1.50784491348176	1.98548841951827
108	WGN45	1.75000000000002	0.121717684169038	1114	1.51117824698176	1.98882175301828
109	WGN45	1.59500000000002	0.121717684169039	1114	1.35617824698176	1.83382175301827
110	WGN45	1.61333333350001	0.121717684169038	1114	1.37451158048176	1.85215508651827
111	WGN45	1.71666666650002	0.121717684169038	1114	1.47784491348176	1.95548841951827
112	WGN45	1.72874514200316	0.172173390653224	1114	1.39092446081277	2.06656582319354
114	WGN45	1.86333333350002	0.121717684169038	1114	1.62451158048176	2.10215508651827
115	WGN45	1.40500000000002	0.121717684169038	1114	1.16617824698176	1.64382175301828
116	WGN45	1.51500000000002	0.121717684169038	1114	1.27617824698176	1.75382175301827
117	WGN45	1.56125485799688	0.172173390653224	1114	1.22343417680649	1.89907553918726
118	WGN45	1.57333333350002	0.121717684169038	1114	1.33451158048176	1.81215508651827
119	WGN45	1.91000000000002	0.121717684169038	1114	1.67117824698176	2.14882175301828
120	WGN45	1.86833333350002	0.121717684169038	1114	1.62951158048176	2.10715508651828
121	WGN45	1.95000000000001	0.121717684169038	1114	1.71117824698176	2.18882175301827
122	WGN45	1.70000000000002	0.121717684169038	1114	1.46117824698176	1.93882175301828
123	WGN45	1.80207847500316	0.172173390653224	1114	1.46425779381277	2.13989915619354
124	WGN45	1.68333333300002	0.121717684169038	1114	1.44451157998176	1.92215508601827
126	WGN45	1.56000000000002	0.121717684169038	1114	1.32117824698176	1.79882175301828
127	WGN45	1.71000000000002	0.121717684169038	1114	1.47117824698176	1.94882175301827
128	WGN45	1.66792152499687	0.172173390653224	1114	1.33010084380649	2.00574220618726
129	WGN45	1.68166666650002	0.121717684169038	1114	1.44284491348176	1.92048841951827
1	WGN46	1.66333333300001	0.121717684169039	1114	1.42451157998175	1.90215508601827
2	WGN46	1.58000000000002	0.121717684169038	1114	1.34117824698176	1.81882175301828
3	WGN46	1.83500000000001	0.121717684169037	1114	1.59617824698176	2.07382175301827
4	WGN46	1.94833333300002	0.121717684169039	1114	1.70951157998176	2.18715508601828
6	WGN46	2.04166666650001	0.121717684169038	1114	1.80284491348176	2.28048841951827
7	WGN46	1.69000000000001	0.121717684169037	1114	1.45117824698176	1.92882175301827
8	WGN46	2.05666666650002	0.121717684169038	1114	1.81784491348176	2.29548841951828
9	WGN46	1.86333333350002	0.121717684169038	1114	1.62451158048176	2.10215508651828
10	WGN46	2.03500000000002	0.121717684169039	1114	1.79617824698176	2.27382175301828
11	WGN46	1.73500000000001	0.121717684169038	1114	1.49617824698176	1.97382175301827
12	WGN46	2.03166666650002	0.121717684169038	1114	1.79284491348176	2.27048841951828
13	WGN46	1.76166666650002	0.121717684169039	1114	1.52284491348176	2.00048841951828
14	WGN46	1.91500000000002	0.121717684169039	1114	1.67617824698176	2.15382175301828
15	WGN46	1.69666666700002	0.12171768416904	1114	1.45784491398176	1.93548842001828
16	WGN46	1.63000000000001	0.121717684169038	1114	1.39117824698176	1.86882175301827
17	WGN46	1.65500000000002	0.12171768416904	1114	1.41617824698176	1.89382175301828
18	WGN46	1.69166666700002	0.121717684169038	1114	1.45284491398176	1.93048842001827
19	WGN46	1.74833333300002	0.121717684169039	1114	1.50951157998176	1.98715508601828
20	WGN46	1.56500000000002	0.121717684169038	1114	1.32617824698176	1.80382175301828
21	WGN46	1.69125485799687	0.172173390653223	1114	1.35343417680649	2.02907553918726
22	WGN46	1.69166666650002	0.12171768416904	1114	1.45284491348176	1.93048841951828
23	WGN46	1.61207847500315	0.172173390653224	1114	1.27425779381277	1.94989915619354
24	WGN46	1.67666666700002	0.121717684169038	1114	1.43784491398176	1.91548842001828
25	WGN46	1.92666666650002	0.121717684169039	1114	1.68784491348176	2.16548841951828
26	WGN46	1.72000000000002	0.121717684169037	1114	1.48117824698176	1.95882175301827
27	WGN46	1.71333333350002	0.121717684169039	1114	1.47451158048176	1.95215508651828
28	WGN46	1.77833333300002	0.12171768416904	1114	1.53951157998176	2.01715508601828
29	WGN46	1.72666666700002	0.121717684169039	1114	1.48784491398176	1.96548842001828
30	WGN46	1.86833333350002	0.121717684169038	1114	1.62951158048176	2.10715508651828
31	WGN46	1.84666666650002	0.121717684169038	1114	1.60784491348176	2.08548841951828
32	WGN46	2.01666666650002	0.121717684169039	1114	1.77784491348176	2.25548841951828
33	WGN46	1.88666666650002	0.121717684169039	1114	1.64784491348176	2.12548841951828
34	WGN46	1.45000000000001	0.121717684169039	1114	1.21117824698175	1.68882175301828
36	WGN46	1.68666666650002	0.121717684169038	1114	1.44784491348176	1.92548841951828
37	WGN46	2.02333333300002	0.121717684169039	1114	1.78451157998176	2.26215508601829
38	WGN46	1.95166666650001	0.121717684169038	1114	1.71284491348176	2.19048841951827
39	WGN46	1.79833333350002	0.121717684169038	1114	1.55951158048176	2.03715508651828
40	WGN46	1.81666666650002	0.121717684169038	1114	1.57784491348176	2.05548841951827
41	WGN46	1.84833333300001	0.121717684169037	1114	1.60951157998176	2.08715508601827
42	WGN46	1.98166666650002	0.121717684169038	1114	1.74284491348176	2.22048841951827
43	WGN46	2.14500000000002	0.121717684169039	1114	1.90617824698176	2.38382175301828
44	WGN46	1.90333333350002	0.121717684169039	1114	1.66451158048176	2.14215508651828
45	WGN46	1.86833333300001	0.121717684169037	1114	1.62951157998176	2.10715508601827
46	WGN46	1.76333333350002	0.121717684169038	1114	1.52451158048176	2.00215508651827
47	WGN46	1.85333333350002	0.121717684169039	1114	1.61451158048176	2.09215508651828
48	WGN46	1.92500000000002	0.121717684169039	1114	1.68617824698176	2.16382175301828
49	WGN46	1.98833333350002	0.121717684169039	1114	1.74951158048176	2.22715508651828
50	WGN46	2.13666666650001	0.121717684169038	1114	1.89784491348175	2.37548841951827
51	WGN46	1.94541180900316	0.172173390653225	1114	1.60759112781278	2.28323249019355
52	WGN46	1.72333333300002	0.121717684169039	1114	1.48451157998176	1.96215508601828
53	WGN46	1.86166666650001	0.121717684169037	1114	1.62284491348176	2.10048841951827
54	WGN46	1.88000000000002	0.121717684169039	1114	1.64117824698176	2.11882175301828
55	WGN46	1.63000000000001	0.121717684169039	1114	1.39117824698175	1.86882175301827
56	WGN46	1.60833333350002	0.121717684169038	1114	1.36951158048176	1.84715508651828
57	WGN46	2.21666666650001	0.121717684169038	1114	1.97784491348175	2.45548841951827
58	WGN46	1.98666666700001	0.121717684169037	1114	1.74784491398176	2.22548842001827
59	WGN46	1.79000000000002	0.121717684169039	1114	1.55117824698176	2.02882175301828
60	WGN46	1.89000000000002	0.121717684169038	1114	1.65117824698176	2.12882175301828
61	WGN46	1.19000000000002	0.121717684169038	1114	0.951178246981761	1.42882175301828
62	WGN46	1.92500000000001	0.121717684169037	1114	1.68617824698176	2.16382175301827
63	WGN46	1.81666666700002	0.121717684169038	1114	1.57784491398176	2.05548842001828
64	WGN46	1.81500000000002	0.121717684169039	1114	1.57617824698176	2.05382175301828
65	WGN46	1.59874514200316	0.172173390653223	1114	1.26092446081278	1.93656582319354
66	WGN46	1.60500000000002	0.121717684169038	1114	1.36617824698176	1.84382175301828
67	WGN46	1.69333333300002	0.121717684169039	1114	1.45451157998176	1.93215508601828
68	WGN46	1.82166666650001	0.121717684169039	1114	1.58284491348175	2.06048841951828
69	WGN46	1.69666666700002	0.121717684169039	1114	1.45784491398176	1.93548842001828
70	WGN46	1.95166666700002	0.121717684169038	1114	1.71284491398176	2.19048842001828
71	WGN46	2.22833333300003	0.121717684169039	1114	1.98951157998176	2.46715508601829
72	WGN46	1.82166666700002	0.121717684169039	1114	1.58284491398176	2.06048842001828
73	WGN46	1.97166666650002	0.121717684169039	1114	1.73284491348176	2.21048841951828
74	WGN46	1.83333333300002	0.121717684169039	1114	1.59451157998176	2.07215508601828
75	WGN46	1.81000000000002	0.121717684169039	1114	1.57117824698176	2.04882175301828
76	WGN46	1.59166666650002	0.121717684169039	1114	1.35284491348176	1.83048841951828
78	WGN46	1.78000000000002	0.121717684169038	1114	1.54117824698176	2.01882175301827
79	WGN46	2.01666666700002	0.121717684169038	1114	1.77784491398176	2.25548842001827
80	WGN46	1.60833333350002	0.121717684169039	1114	1.36951158048176	1.84715508651828
81	WGN46	1.91500000000002	0.121717684169038	1114	1.67617824698176	2.15382175301828
82	WGN46	1.76333333350002	0.121717684169038	1114	1.52451158048176	2.00215508651827
83	WGN46	1.93833333350002	0.121717684169038	1114	1.69951158048176	2.17715508651828
84	WGN46	1.54541180900316	0.172173390653225	1114	1.20759112781277	1.88323249019354
85	WGN46	1.64166666700002	0.121717684169038	1114	1.40284491398176	1.88048842001828
86	WGN46	1.84833333350002	0.121717684169038	1114	1.60951158048176	2.08715508651828
87	WGN46	1.76833333350002	0.121717684169039	1114	1.52951158048176	2.00715508651828
88	WGN46	1.68833333350002	0.121717684169038	1114	1.44951158048176	1.92715508651828
89	WGN46	2.24500000000002	0.121717684169038	1114	2.00617824698176	2.48382175301827
90	WGN46	1.63833333350002	0.121717684169039	1114	1.39951158048176	1.87715508651828
91	WGN46	1.68792152499688	0.172173390653224	1114	1.35010084380649	2.02574220618726
93	WGN46	1.79833333300002	0.121717684169039	1114	1.55951157998176	2.03715508601828
94	WGN46	1.83333333350002	0.121717684169039	1114	1.59451158048176	2.07215508651828
95	WGN46	1.69166666650002	0.121717684169038	1114	1.45284491348176	1.93048841951828
96	WGN46	1.75000000000002	0.121717684169039	1114	1.51117824698176	1.98882175301828
98	WGN46	2.03458819099688	0.172173390653225	1114	1.69676750980649	2.37240887218726
100	WGN46	1.81833333350002	0.121717684169039	1114	1.57951158048176	2.05715508651828
101	WGN46	1.91500000000002	0.121717684169039	1114	1.67617824698176	2.15382175301828
102	WGN46	1.83000000000002	0.121717684169039	1114	1.59117824698176	2.06882175301828
103	WGN46	1.80833333350002	0.121717684169039	1114	1.56951158048176	2.04715508651828
104	WGN46	1.80333333300002	0.121717684169038	1114	1.56451157998176	2.04215508601827
106	WGN46	1.64500000000002	0.121717684169039	1114	1.40617824698176	1.88382175301828
107	WGN46	1.96000000000002	0.121717684169038	1114	1.72117824698176	2.19882175301828
108	WGN46	1.82333333350002	0.121717684169038	1114	1.58451158048176	2.06215508651827
109	WGN46	1.53500000000002	0.121717684169038	1114	1.29617824698176	1.77382175301828
110	WGN46	1.97166666650002	0.121717684169038	1114	1.73284491348176	2.21048841951828
111	WGN46	1.65833333350002	0.121717684169038	1114	1.41951158048176	1.89715508651828
112	WGN46	1.72333333350002	0.121717684169038	1114	1.48451158048176	1.96215508651828
113	WGN46	1.61000000000002	0.121717684169038	1114	1.37117824698176	1.84882175301828
114	WGN46	2.10500000000002	0.121717684169039	1114	1.86617824698176	2.34382175301828
115	WGN46	1.95500000000002	0.121717684169038	1114	1.71617824698176	2.19382175301828
116	WGN46	1.68500000000002	0.121717684169039	1114	1.44617824698176	1.92382175301828
117	WGN46	1.56000000000002	0.121717684169038	1114	1.32117824698176	1.79882175301828
118	WGN46	1.54792152499688	0.172173390653225	1114	1.21010084380649	1.88574220618726
119	WGN46	1.86166666650002	0.121717684169038	1114	1.62284491348176	2.10048841951828
120	WGN46	1.74000000000002	0.121717684169039	1114	1.50117824698176	1.97882175301828
121	WGN46	1.72500000000002	0.121717684169039	1114	1.48617824698176	1.96382175301828
122	WGN46	2.16333333350002	0.121717684169038	1114	1.92451158048176	2.40215508651828
123	WGN46	1.91666666700002	0.121717684169038	1114	1.67784491398176	2.15548842001828
124	WGN46	1.67000000000002	0.121717684169039	1114	1.43117824698176	1.90882175301828
125	WGN46	1.76166666650002	0.121717684169038	1114	1.52284491348176	2.00048841951828
126	WGN46	1.77166666700002	0.121717684169038	1114	1.53284491398176	2.01048842001828
127	WGN46	1.92833333350002	0.121717684169039	1114	1.68951158048176	2.16715508651828
128	WGN46	1.83166666700002	0.121717684169039	1114	1.59284491398176	2.07048842001828
129	WGN46	2.15833333300002	0.121717684169039	1114	1.91951157998176	2.39715508601828
130	WGN46	1.84833333350002	0.121717684169039	1114	1.60951158048176	2.08715508651828
1	WGN55	1.69500000000003	0.121717684169039	1114	1.45617824698177	1.93382175301829
2	WGN55	1.57666666650001	0.121717684169037	1114	1.33784491348176	1.81548841951827
3	WGN55	1.64166666650001	0.12171768416904	1114	1.40284491348174	1.88048841951827
4	WGN55	1.8383333335	0.121717684169038	1114	1.59951158048174	2.07715508651826
5	WGN55	1.80833333350001	0.121717684169038	1114	1.56951158048175	2.04715508651826
6	WGN55	1.72000000000001	0.121717684169037	1114	1.48117824698175	1.95882175301826
7	WGN55	1.68166666650001	0.121717684169039	1114	1.44284491348174	1.92048841951827
8	WGN55	1.7983333335	0.121717684169038	1114	1.55951158048175	2.03715508651826
9	WGN55	1.685	0.121717684169037	1114	1.44617824698175	1.92382175301826
10	WGN55	1.49333333350001	0.121717684169038	1114	1.25451158048175	1.73215508651827
11	WGN55	1.78000000000001	0.121717684169039	1114	1.54117824698175	2.01882175301827
12	WGN55	1.47874514200315	0.172173390653226	1114	1.14092446081276	1.81656582319354
13	WGN55	1.60833333350001	0.121717684169037	1114	1.36951158048175	1.84715508651827
14	WGN55	1.6083333335	0.121717684169039	1114	1.36951158048174	1.84715508651826
15	WGN55	1.60333333350001	0.121717684169039	1114	1.36451158048174	1.84215508651827
16	WGN55	1.61500000000001	0.121717684169038	1114	1.37617824698175	1.85382175301827
17	WGN55	1.92207847500314	0.172173390653225	1114	1.58425779381276	2.25989915619353
18	WGN55	1.6983333335	0.121717684169038	1114	1.45951158048174	1.93715508651826
19	WGN55	1.55000000000001	0.121717684169038	1114	1.31117824698175	1.78882175301827
20	WGN55	1.853333333	0.121717684169038	1114	1.61451157998174	2.09215508601826
21	WGN55	1.8866666665	0.121717684169037	1114	1.64784491348174	2.12548841951826
22	WGN55	1.67500000000001	0.121717684169037	1114	1.43617824698175	1.91382175301826
23	WGN55	1.795	0.121717684169038	1114	1.55617824698174	2.03382175301826
24	WGN55	1.931666667	0.121717684169038	1114	1.69284491398174	2.17048842001826
25	WGN55	1.788333333	0.121717684169037	1114	1.54951157998174	2.02715508601826
26	WGN55	1.74500000000001	0.121717684169038	1114	1.50617824698175	1.98382175301826
27	WGN55	1.5483333335	0.121717684169039	1114	1.30951158048174	1.78715508651827
28	WGN55	1.755	0.121717684169038	1114	1.51617824698174	1.99382175301826
29	WGN55	1.86000000000001	0.121717684169039	1114	1.62117824698175	2.09882175301827
30	WGN55	1.733333333	0.121717684169038	1114	1.49451157998174	1.97215508601826
31	WGN55	1.91166666650001	0.12171768416904	1114	1.67284491348175	2.15048841951827
32	WGN55	1.71333333300001	0.121717684169038	1114	1.47451157998175	1.95215508601827
33	WGN55	1.73500000000001	0.121717684169038	1114	1.49617824698175	1.97382175301826
34	WGN55	1.62833333300001	0.121717684169038	1114	1.38951157998175	1.86715508601827
35	WGN55	1.62166666650001	0.121717684169039	1114	1.38284491348175	1.86048841951827
36	WGN55	1.835	0.121717684169038	1114	1.59617824698175	2.07382175301826
37	WGN55	1.74541180900315	0.172173390653224	1114	1.40759112781276	2.08323249019353
38	WGN55	1.50666666700001	0.121717684169039	1114	1.26784491398175	1.74548842001827
40	WGN55	1.81166666700001	0.121717684169039	1114	1.57284491398174	2.05048842001827
41	WGN55	1.87000000000001	0.121717684169038	1114	1.63117824698175	2.10882175301827
42	WGN55	1.805	0.121717684169037	1114	1.56617824698175	2.04382175301826
43	WGN55	1.56666666650001	0.121717684169038	1114	1.32784491348175	1.80548841951827
44	WGN55	1.61792152499687	0.172173390653225	1114	1.28010084380648	1.95574220618725
45	WGN55	1.65000000000001	0.121717684169038	1114	1.41117824698175	1.88882175301826
46	WGN55	1.7216666665	0.121717684169039	1114	1.48284491348174	1.96048841951827
47	WGN55	1.35333333300001	0.121717684169038	1114	1.11451157998175	1.59215508601827
48	WGN55	1.77166666650001	0.121717684169038	1114	1.53284491348175	2.01048841951827
49	WGN55	1.76833333350001	0.12171768416904	1114	1.52951158048174	2.00715508651827
50	WGN55	2.0433333335	0.121717684169038	1114	1.80451158048174	2.28215508651826
52	WGN55	1.61000000000001	0.121717684169038	1114	1.37117824698175	1.84882175301827
53	WGN55	1.56166666650001	0.121717684169037	1114	1.32284491348175	1.80048841951827
54	WGN55	1.59333333350001	0.121717684169038	1114	1.35451158048175	1.83215508651827
55	WGN55	1.71166666650001	0.121717684169039	1114	1.47284491348175	1.95048841951827
56	WGN55	1.60666666650001	0.121717684169039	1114	1.36784491348175	1.84548841951827
57	WGN55	1.81874514200315	0.172173390653224	1114	1.48092446081276	2.15656582319353
58	WGN55	1.74833333350001	0.121717684169038	1114	1.50951158048175	1.98715508651827
59	WGN55	1.41125485799686	0.172173390653224	1114	1.07343417680648	1.74907553918725
60	WGN55	2.01333333350001	0.121717684169038	1114	1.77451158048175	2.25215508651827
61	WGN55	1.31500000000001	0.121717684169038	1114	1.07617824698175	1.55382175301827
62	WGN55	1.7533333335	0.121717684169038	1114	1.51451158048175	1.99215508651826
63	WGN55	1.66666666650001	0.121717684169038	1114	1.42784491348175	1.90548841951827
64	WGN55	1.47833333350001	0.121717684169038	1114	1.23951158048175	1.71715508651827
65	WGN55	1.70166666650001	0.121717684169038	1114	1.46284491348175	1.94048841951827
66	WGN55	1.56333333350001	0.121717684169038	1114	1.32451158048175	1.80215508651827
67	WGN55	1.63833333350001	0.121717684169038	1114	1.39951158048175	1.87715508651827
68	WGN55	1.67500000000001	0.121717684169039	1114	1.43617824698175	1.91382175301827
69	WGN55	1.90833333350001	0.121717684169038	1114	1.66951158048175	2.14715508651827
70	WGN55	1.73500000000001	0.121717684169039	1114	1.49617824698175	1.97382175301827
71	WGN55	1.56666666700001	0.121717684169038	1114	1.32784491398175	1.80548842001827
72	WGN55	1.54166666700001	0.121717684169039	1114	1.30284491398175	1.78048842001827
73	WGN55	1.96666666650001	0.121717684169038	1114	1.72784491348175	2.20548841951826
74	WGN55	1.88	0.121717684169039	1114	1.64117824698174	2.11882175301826
75	WGN55	1.70166666700001	0.121717684169039	1114	1.46284491398175	1.94048842001827
76	WGN55	1.73166666650001	0.121717684169039	1114	1.49284491348175	1.97048841951827
77	WGN55	1.74833333350001	0.121717684169038	1114	1.50951158048175	1.98715508651827
78	WGN55	1.61000000000001	0.121717684169038	1114	1.37117824698175	1.84882175301827
80	WGN55	1.825	0.121717684169039	1114	1.58617824698174	2.06382175301826
81	WGN55	1.69333333350001	0.121717684169038	1114	1.45451158048175	1.93215508651826
82	WGN55	1.70666666700001	0.121717684169038	1114	1.46784491398175	1.94548842001826
83	WGN55	1.46000000000001	0.121717684169038	1114	1.22117824698175	1.69882175301827
84	WGN55	1.46833333350001	0.121717684169038	1114	1.22951158048175	1.70715508651827
85	WGN55	1.74000000000001	0.121717684169038	1114	1.50117824698175	1.97882175301826
86	WGN55	1.4716666665	0.121717684169039	1114	1.23284491348174	1.71048841951827
87	WGN55	1.55166666650001	0.121717684169038	1114	1.31284491348175	1.79048841951827
88	WGN55	1.53833333350001	0.121717684169038	1114	1.29951158048175	1.77715508651827
89	WGN55	1.67666666700001	0.121717684169039	1114	1.43784491398175	1.91548842001827
90	WGN55	1.72000000000001	0.121717684169038	1114	1.48117824698175	1.95882175301827
91	WGN55	1.8316666665	0.121717684169038	1114	1.59284491348175	2.07048841951826
92	WGN55	1.58333333350001	0.121717684169038	1114	1.34451158048175	1.82215508651827
93	WGN55	1.87500000000001	0.121717684169038	1114	1.63617824698175	2.11382175301827
94	WGN55	1.53500000000001	0.121717684169038	1114	1.29617824698175	1.77382175301827
95	WGN55	1.52500000000001	0.121717684169039	1114	1.28617824698175	1.76382175301827
96	WGN55	1.48500000000001	0.121717684169038	1114	1.24617824698175	1.72382175301827
97	WGN55	1.70500000000001	0.121717684169039	1114	1.46617824698175	1.94382175301827
98	WGN55	1.53333333350001	0.121717684169038	1114	1.29451158048175	1.77215508651827
99	WGN55	1.39000000000001	0.121717684169038	1114	1.15117824698175	1.62882175301827
100	WGN55	1.68333333350001	0.121717684169038	1114	1.44451158048175	1.92215508651827
101	WGN55	1.52166666650001	0.121717684169039	1114	1.28284491348175	1.76048841951827
102	WGN55	1.73666666650001	0.121717684169038	1114	1.49784491348175	1.97548841951827
103	WGN55	1.45333333300001	0.121717684169038	1114	1.21451157998175	1.69215508601827
104	WGN55	1.68166666650001	0.121717684169038	1114	1.44284491348175	1.92048841951827
105	WGN55	1.74833333350001	0.121717684169038	1114	1.50951158048175	1.98715508651827
106	WGN55	2.16666666700001	0.121717684169038	1114	1.92784491398175	2.40548842001827
107	WGN55	1.88833333350001	0.121717684169038	1114	1.64951158048175	2.12715508651827
108	WGN55	1.45792152499687	0.172173390653224	1114	1.12010084380648	1.79574220618725
109	WGN55	1.67000000000001	0.121717684169039	1114	1.43117824698175	1.90882175301827
110	WGN55	1.59833333350001	0.121717684169038	1114	1.35951158048175	1.83715508651827
111	WGN55	1.43666666650001	0.121717684169038	1114	1.19784491348175	1.67548841951827
112	WGN55	1.76333333350001	0.121717684169038	1114	1.52451158048175	2.00215508651827
113	WGN55	1.78666666700001	0.121717684169038	1114	1.54784491398175	2.02548842001827
114	WGN55	1.89000000000001	0.121717684169038	1114	1.65117824698175	2.12882175301827
115	WGN55	1.60333333350001	0.121717684169038	1114	1.36451158048175	1.84215508651827
116	WGN55	1.47125485799687	0.172173390653224	1114	1.13343417680648	1.80907553918725
117	WGN55	1.53333333350001	0.121717684169038	1114	1.29451158048175	1.77215508651827
118	WGN55	1.79333333350001	0.121717684169038	1114	1.55451158048175	2.03215508651827
119	WGN55	1.86500000000001	0.121717684169038	1114	1.62617824698175	2.10382175301827
120	WGN55	1.77000000000001	0.121717684169038	1114	1.53117824698175	2.00882175301827
121	WGN55	1.59500000000001	0.121717684169038	1114	1.35617824698175	1.83382175301827
122	WGN55	1.67500000000001	0.121717684169038	1114	1.43617824698175	1.91382175301827
123	WGN55	1.40333333300001	0.121717684169038	1114	1.16451157998175	1.64215508601827
124	WGN55	1.76166666650001	0.121717684169038	1114	1.52284491348175	2.00048841951827
125	WGN55	1.63000000000001	0.121717684169038	1114	1.39117824698175	1.86882175301827
126	WGN55	1.66833333350001	0.121717684169038	1114	1.42951158048175	1.90715508651827
128	WGN55	1.78000000000001	0.121717684169038	1114	1.54117824698175	2.01882175301827
129	WGN55	1.98833333300001	0.121717684169038	1114	1.74951157998175	2.22715508601827
130	WGN55	1.62833333350001	0.121717684169038	1114	1.38951158048175	1.86715508651827
1	WGN63	1.74499999999999	0.12171768416904	1114	1.50617824698173	1.98382175301825
2	WGN63	1.68500000000001	0.121717684169039	1114	1.44617824698175	1.92382175301827
3	WGN63	1.68000000000001	0.121717684169039	1114	1.44117824698175	1.91882175301827
4	WGN63	1.968333333	0.121717684169038	1114	1.72951157998175	2.20715508601826
5	WGN63	1.77666666650001	0.121717684169038	1114	1.53784491348175	2.01548841951827
6	WGN63	1.87207847500315	0.172173390653225	1114	1.53425779381276	2.20989915619353
7	WGN63	1.55000000000001	0.121717684169039	1114	1.31117824698175	1.78882175301827
8	WGN63	1.71	0.121717684169039	1114	1.47117824698174	1.94882175301827
9	WGN63	2.00500000000001	0.121717684169038	1114	1.76617824698175	2.24382175301827
10	WGN63	1.71833333300001	0.121717684169039	1114	1.47951157998175	1.95715508601827
12	WGN63	1.90833333350001	0.121717684169038	1114	1.66951158048175	2.14715508651826
13	WGN63	1.8983333335	0.121717684169038	1114	1.65951158048174	2.13715508651826
14	WGN63	1.97666666699999	0.121717684169038	1114	1.73784491398173	2.21548842001825
16	WGN63	1.8966666665	0.121717684169039	1114	1.65784491348174	2.13548841951826
17	WGN63	1.8216666665	0.121717684169038	1114	1.58284491348174	2.06048841951826
18	WGN63	2.0016666665	0.121717684169038	1114	1.76284491348175	2.24048841951826
19	WGN63	1.65500000000001	0.12171768416904	1114	1.41617824698174	1.89382175301827
20	WGN63	1.73333333350001	0.121717684169039	1114	1.49451158048175	1.97215508651827
21	WGN63	1.63166666650002	0.121717684169038	1114	1.39284491348176	1.87048841951827
22	WGN63	2.08000000000001	0.121717684169039	1114	1.84117824698175	2.31882175301827
23	WGN63	1.63000000000001	0.121717684169038	1114	1.39117824698175	1.86882175301827
24	WGN63	1.47833333300001	0.121717684169039	1114	1.23951157998174	1.71715508601827
25	WGN63	1.99166666650001	0.121717684169039	1114	1.75284491348175	2.23048841951827
26	WGN63	1.46	0.121717684169039	1114	1.22117824698174	1.69882175301827
27	WGN63	1.82666666700001	0.121717684169039	1114	1.58784491398175	2.06548842001827
28	WGN63	1.56500000000001	0.121717684169039	1114	1.32617824698175	1.80382175301827
29	WGN63	1.85500000000001	0.12171768416904	1114	1.61617824698175	2.09382175301827
30	WGN63	1.758333333	0.121717684169038	1114	1.51951157998175	1.99715508601826
31	WGN63	1.82666666650001	0.121717684169039	1114	1.58784491348175	2.06548841951827
32	WGN63	1.80333333300001	0.121717684169039	1114	1.56451157998174	2.04215508601827
33	WGN63	1.56333333350001	0.121717684169039	1114	1.32451158048175	1.80215508651827
34	WGN63	1.84666666650001	0.121717684169038	1114	1.60784491348175	2.08548841951827
35	WGN63	2.08833333350001	0.121717684169038	1114	1.84951158048175	2.32715508651827
36	WGN63	1.68792152499687	0.172173390653223	1114	1.35010084380649	2.02574220618725
37	WGN63	1.94000000000001	0.121717684169039	1114	1.70117824698175	2.17882175301827
38	WGN63	1.4916666665	0.121717684169039	1114	1.25284491348174	1.73048841951826
39	WGN63	1.91666666700001	0.121717684169038	1114	1.67784491398175	2.15548842001827
40	WGN63	1.42166666700001	0.121717684169038	1114	1.18284491398175	1.66048842001827
41	WGN63	1.61541180900315	0.172173390653223	1114	1.27759112781276	1.95323249019353
42	WGN63	1.99666666700001	0.121717684169038	1114	1.75784491398175	2.23548842001826
43	WGN63	1.69833333350001	0.121717684169039	1114	1.45951158048175	1.93715508651827
44	WGN63	1.67500000000001	0.121717684169038	1114	1.43617824698175	1.91382175301827
45	WGN63	1.83666666700001	0.121717684169038	1114	1.59784491398175	2.07548842001827
46	WGN63	1.63000000000001	0.121717684169039	1114	1.39117824698175	1.86882175301827
47	WGN63	1.99000000000001	0.121717684169039	1114	1.75117824698175	2.22882175301827
48	WGN63	1.80000000000001	0.121717684169039	1114	1.56117824698175	2.03882175301827
49	WGN63	1.66166666650001	0.121717684169038	1114	1.42284491348175	1.90048841951827
50	WGN63	1.61666666650001	0.121717684169039	1114	1.37784491348174	1.85548841951827
52	WGN63	2.00000000000001	0.121717684169039	1114	1.76117824698175	2.23882175301827
53	WGN63	1.88833333350001	0.121717684169039	1114	1.64951158048175	2.12715508651827
54	WGN63	1.8033333335	0.121717684169039	1114	1.56451158048174	2.04215508651826
55	WGN63	1.53500000000001	0.121717684169038	1114	1.29617824698175	1.77382175301827
56	WGN63	1.80166666650001	0.121717684169038	1114	1.56284491348175	2.04048841951826
57	WGN63	1.61000000000001	0.121717684169039	1114	1.37117824698175	1.84882175301827
58	WGN63	1.68500000000001	0.121717684169038	1114	1.44617824698175	1.92382175301827
59	WGN63	1.64666666650001	0.121717684169039	1114	1.40784491348175	1.88548841951827
60	WGN63	1.74833333350001	0.121717684169039	1114	1.50951158048175	1.98715508651827
61	WGN63	1.83833333350001	0.121717684169038	1114	1.59951158048175	2.07715508651827
62	WGN63	1.87666666650001	0.121717684169039	1114	1.63784491348175	2.11548841951827
63	WGN63	1.86833333350001	0.121717684169039	1114	1.62951158048175	2.10715508651827
64	WGN63	1.64833333300001	0.121717684169038	1114	1.40951157998175	1.88715508601827
65	WGN63	1.66166666650001	0.121717684169039	1114	1.42284491348175	1.90048841951827
66	WGN63	1.68000000000001	0.121717684169039	1114	1.44117824698175	1.91882175301827
67	WGN63	1.4933333335	0.121717684169039	1114	1.25451158048174	1.73215508651827
68	WGN63	1.69666666650001	0.121717684169038	1114	1.45784491348175	1.93548841951827
69	WGN63	1.77833333300001	0.121717684169039	1114	1.53951157998175	2.01715508601827
70	WGN63	1.87666666700001	0.121717684169039	1114	1.63784491398175	2.11548842001827
72	WGN63	1.67833333300001	0.121717684169039	1114	1.43951157998175	1.91715508601827
73	WGN63	1.84666666650001	0.121717684169039	1114	1.60784491348175	2.08548841951827
74	WGN63	1.72000000000001	0.121717684169039	1114	1.48117824698175	1.95882175301827
75	WGN63	1.81833333350001	0.121717684169039	1114	1.57951158048175	2.05715508651827
76	WGN63	1.78000000000001	0.121717684169038	1114	1.54117824698175	2.01882175301827
77	WGN63	1.95000000000001	0.121717684169039	1114	1.71117824698175	2.18882175301827
78	WGN63	1.82000000000001	0.121717684169038	1114	1.58117824698175	2.05882175301827
79	WGN63	1.49833333350001	0.121717684169039	1114	1.25951158048175	1.73715508651827
80	WGN63	1.71666666650001	0.121717684169039	1114	1.47784491348175	1.95548841951827
81	WGN63	1.68000000000001	0.121717684169038	1114	1.44117824698175	1.91882175301827
82	WGN63	1.67333333300001	0.121717684169039	1114	1.43451157998175	1.91215508601827
83	WGN63	1.69166666650001	0.121717684169038	1114	1.45284491348175	1.93048841951827
84	WGN63	1.74833333350001	0.121717684169038	1114	1.50951158048175	1.98715508651827
85	WGN63	1.76500000000001	0.121717684169039	1114	1.52617824698175	2.00382175301827
86	WGN63	1.67666666650001	0.121717684169038	1114	1.43784491348175	1.91548841951827
87	WGN63	1.51166666650001	0.121717684169039	1114	1.27284491348175	1.75048841951827
88	WGN63	1.88207847500315	0.172173390653224	1114	1.54425779381276	2.21989915619353
89	WGN63	1.80833333350001	0.121717684169039	1114	1.56951158048175	2.04715508651827
90	WGN63	1.75125485799687	0.172173390653224	1114	1.41343417680648	2.08907553918725
91	WGN63	2.02833333350001	0.121717684169038	1114	1.78951158048175	2.26715508651827
92	WGN63	1.65166666700001	0.121717684169039	1114	1.41284491398175	1.89048842001827
93	WGN63	1.73166666650001	0.121717684169038	1114	1.49284491348175	1.97048841951827
94	WGN63	1.79666666700001	0.121717684169039	1114	1.55784491398175	2.03548842001827
95	WGN63	1.85541180900315	0.172173390653224	1114	1.51759112781276	2.19323249019353
96	WGN63	1.67666666650001	0.121717684169039	1114	1.43784491348175	1.91548841951827
97	WGN63	1.62666666650001	0.121717684169039	1114	1.38784491348175	1.86548841951827
98	WGN63	2.03833333300001	0.121717684169039	1114	1.79951157998175	2.27715508601827
99	WGN63	1.99833333350001	0.121717684169039	1114	1.75951158048175	2.23715508651827
100	WGN63	1.75333333300001	0.121717684169039	1114	1.51451157998175	1.99215508601827
101	WGN63	1.96166666650001	0.121717684169039	1114	1.72284491348175	2.20048841951827
102	WGN63	1.71833333350001	0.121717684169038	1114	1.47951158048175	1.95715508651827
103	WGN63	1.71666666650001	0.121717684169039	1114	1.47784491348175	1.95548841951827
105	WGN63	1.66166666650001	0.121717684169039	1114	1.42284491348175	1.90048841951827
106	WGN63	1.76874514200315	0.172173390653224	1114	1.43092446081276	2.10656582319353
107	WGN63	1.61207847500315	0.172173390653224	1114	1.27425779381276	1.94989915619353
109	WGN63	1.41500000000001	0.121717684169039	1114	1.17617824698175	1.65382175301827
110	WGN63	1.62500000000001	0.121717684169039	1114	1.38617824698175	1.86382175301827
111	WGN63	2.00000000000001	0.121717684169038	1114	1.76117824698175	2.23882175301827
112	WGN63	1.65166666650001	0.121717684169038	1114	1.41284491348175	1.89048841951827
114	WGN63	1.66000000000001	0.121717684169039	1114	1.42117824698175	1.89882175301827
115	WGN63	1.74166666650001	0.121717684169038	1114	1.50284491348175	1.98048841951827
116	WGN63	1.86500000000001	0.121717684169039	1114	1.62617824698175	2.10382175301827
117	WGN63	1.86666666650001	0.121717684169039	1114	1.62784491348175	2.10548841951827
118	WGN63	1.85833333350001	0.121717684169039	1114	1.61951158048175	2.09715508651827
119	WGN63	1.84333333350001	0.121717684169039	1114	1.60451158048175	2.08215508651827
121	WGN63	1.66333333350001	0.121717684169039	1114	1.42451158048175	1.90215508651827
122	WGN63	1.80666666650001	0.121717684169039	1114	1.56784491348175	2.04548841951827
123	WGN63	1.95666666650001	0.121717684169039	1114	1.71784491348175	2.19548841951827
124	WGN63	1.72166666650001	0.121717684169039	1114	1.48284491348175	1.96048841951827
125	WGN63	1.76833333350001	0.121717684169039	1114	1.52951158048175	2.00715508651827
126	WGN63	1.83166666650001	0.121717684169039	1114	1.59284491348175	2.07048841951827
127	WGN63	1.60500000000001	0.121717684169039	1114	1.36617824698175	1.84382175301827
128	WGN63	1.61500000000001	0.121717684169039	1114	1.37617824698175	1.85382175301827
129	WGN63	1.89333333300001	0.121717684169039	1114	1.65451157998175	2.13215508601827
130	WGN63	1.67833333300001	0.121717684169039	1114	1.43951157998175	1.91715508601827
