plantID3	famID	emmean	SE	df	lower.CL	upper.CL
1	WGN07	2.90166666650036	0.182120612727338	1114	2.54432858297341	3.25900475002731
2	WGN07	3.11166666649981	0.18212061272756	1114	2.75432858297242	3.46900475002719
3	WGN07	3.19166666700006	0.18212061272755	1114	2.8343285834727	3.54900475052743
4	WGN07	2.53000000000021	0.18212061272754	1114	2.17266191647287	2.88733808352755
5	WGN07	3.40333333349999	0.182120612727537	1114	3.04599524997266	3.76067141702733
6	WGN07	2.25500000000002	0.182120612727535	1114	1.89766191647269	2.61233808352736
7	WGN07	3.09166666650001	0.18212061272754	1114	2.73432858297267	3.44900475002735
8	WGN07	2.94	0.182120612727543	1114	2.58266191647265	3.29733808352735
9	WGN07	3.14	0.182120612727545	1114	2.78266191647265	3.49733808352736
10	WGN07	3.095	0.182120612727543	1114	2.73766191647265	3.45233808352734
11	WGN07	2.9633333335	0.18212061272754	1114	2.60599524997265	3.32067141702734
12	WGN07	2.80833333349998	0.182120612727541	1114	2.45099524997264	3.16567141702733
13	WGN07	3.08999999999999	0.18212061272754	1114	2.73266191647265	3.44733808352734
14	WGN07	2.96833333349999	0.182120612727547	1114	2.61099524997263	3.32567141702735
15	WGN07	3.40500000000001	0.182120612727542	1114	3.04766191647266	3.76233808352736
16	WGN07	2.678333333	0.18212061272754	1114	2.32099524947265	3.03567141652734
17	WGN07	3.31500000000001	0.182120612727545	1114	2.95766191647265	3.67233808352736
18	WGN07	3.27666666700001	0.182120612727544	1114	2.91932858347266	3.63400475052736
20	WGN07	2.91166666650001	0.18212061272754	1114	2.55432858297266	3.26900475002735
21	WGN07	3.183333333	0.18212061272754	1114	2.82599524947266	3.54067141652735
22	WGN07	3.19833333350006	0.182120612727542	1114	2.84099524997271	3.5556714170274
23	WGN07	3.01312855041165	0.257615182339456	1114	2.50766289132973	3.51859420949356
24	WGN07	3.14666666699998	0.182120612727545	1114	2.78932858347263	3.50400475052734
25	WGN07	3.27500000000001	0.182120612727545	1114	2.91766191647266	3.63233808352737
26	WGN07	3.27333333300002	0.182120612727544	1114	2.91599524947267	3.63067141652737
27	WGN07	3.33166666650002	0.182120612727548	1114	2.97432858297266	3.68900475002738
28	WGN07	3.23166666650003	0.182120612727545	1114	2.87432858297267	3.58900475002738
29	WGN07	2.83833333299999	0.182120612727544	1114	2.48099524947264	3.19567141652735
30	WGN07	3.08	0.182120612727543	1114	2.72266191647265	3.43733808352735
31	WGN07	3.31166666649999	0.18212061272754	1114	2.95432858297264	3.66900475002733
32	WGN07	3.31166666700003	0.182120612727544	1114	2.95432858347268	3.66900475052738
33	WGN07	3.2666666665	0.182120612727545	1114	2.90932858297265	3.62400475002735
34	WGN07	3.58666666699998	0.182120612727544	1114	3.22932858347263	3.94400475052733
35	WGN07	3.20833333350001	0.182120612727541	1114	2.85099524997266	3.56567141702735
36	WGN07	2.9516666665	0.182120612727544	1114	2.59432858297265	3.30900475002735
37	WGN07	3.17000000000001	0.182120612727538	1114	2.81266191647267	3.52733808352735
38	WGN07	3.2216666665	0.182120612727544	1114	2.86432858297265	3.57900475002735
39	WGN07	2.56833333300001	0.182120612727538	1114	2.21099524947267	2.92567141652735
40	WGN07	2.62333333349999	0.182120612727545	1114	2.26599524997264	2.98067141702735
41	WGN07	3.073333333	0.182120612727541	1114	2.71599524947265	3.43067141652734
42	WGN07	3.13000000000001	0.182120612727546	1114	2.77266191647265	3.48733808352736
44	WGN07	2.7016666665	0.182120612727541	1114	2.34432858297266	3.05900475002735
46	WGN07	3.245	0.182120612727544	1114	2.88766191647265	3.60233808352735
47	WGN07	3.05666666700001	0.182120612727542	1114	2.69932858347266	3.41400475052736
48	WGN07	3.44333333349998	0.182120612727544	1114	3.08599524997263	3.80067141702733
49	WGN07	3.25666666650001	0.182120612727542	1114	2.89932858297266	3.61400475002736
50	WGN07	2.93499999999997	0.182120612727544	1114	2.57766191647262	3.29233808352732
51	WGN07	3.10166666650001	0.182120612727544	1114	2.74432858297265	3.45900475002736
52	WGN07	2.74666666700001	0.182120612727543	1114	2.38932858347266	3.10400475052736
53	WGN07	3.51833333350002	0.182120612727549	1114	3.16099524997266	3.87567141702738
54	WGN07	3.17666666649999	0.182120612727543	1114	2.81932858297264	3.53400475002734
55	WGN07	3.4133333335	0.182120612727543	1114	3.05599524997265	3.77067141702735
56	WGN07	3.39500000000001	0.182120612727544	1114	3.03766191647266	3.75233808352736
57	WGN07	3.28666666650002	0.182120612727547	1114	2.92932858297266	3.64400475002738
58	WGN07	3.85	0.182120612727542	1114	3.49266191647265	4.20733808352735
59	WGN07	2.9616666665	0.182120612727544	1114	2.60432858297265	3.31900475002735
60	WGN07	3.41333333349997	0.182120612727542	1114	3.05599524997263	3.77067141702732
61	WGN07	3.54500000000001	0.182120612727543	1114	3.18766191647266	3.90233808352736
63	WGN07	2.98833333350002	0.182120612727544	1114	2.63099524997267	3.34567141702737
64	WGN07	2.88833333349999	0.182120612727542	1114	2.53099524997264	3.24567141702734
66	WGN07	2.67666666649999	0.18212061272754	1114	2.31932858297265	3.03400475002733
67	WGN07	2.39500000000001	0.182120612727541	1114	2.03766191647267	2.75233808352736
68	WGN07	2.56500000000001	0.182120612727541	1114	2.20766191647266	2.92233808352735
69	WGN07	3.22979521641166	0.257615182339461	1114	2.72432955732973	3.73526087549358
71	WGN07	3.20999999999997	0.182120612727542	1114	2.85266191647262	3.56733808352731
73	WGN07	3.70500000000002	0.182120612727546	1114	3.34766191647267	4.06233808352738
74	WGN07	3.20499999999999	0.182120612727545	1114	2.84766191647264	3.56233808352735
75	WGN07	3.00499999999999	0.182120612727544	1114	2.64766191647264	3.36233808352734
76	WGN07	3.0283333335	0.182120612727543	1114	2.67099524997265	3.38567141702735
77	WGN07	3.30833333350002	0.182120612727544	1114	2.95099524997267	3.66567141702737
78	WGN07	3.25	0.18212061272754	1114	2.89266191647266	3.60733808352734
79	WGN07	3.01333333300001	0.182120612727543	1114	2.65599524947266	3.37067141652736
80	WGN07	3.3066666665	0.182120612727541	1114	2.94932858297265	3.66400475002734
81	WGN07	3.11333333350001	0.182120612727542	1114	2.75599524997266	3.47067141702736
82	WGN07	3.30333333350001	0.182120612727547	1114	2.94599524997266	3.66067141702737
83	WGN07	2.80499999999999	0.182120612727543	1114	2.44766191647264	3.16233808352734
84	WGN07	3.3083333335	0.182120612727543	1114	2.95099524997265	3.66567141702735
85	WGN07	3.04666666699999	0.182120612727539	1114	2.68932858347265	3.40400475052734
86	WGN07	3.30333333349999	0.182120612727541	1114	2.94599524997264	3.66067141702733
87	WGN07	3.425	0.182120612727538	1114	3.06766191647267	3.78233808352734
88	WGN07	3.378333333	0.182120612727542	1114	3.02099524947265	3.73567141652735
89	WGN07	2.9433333335	0.182120612727543	1114	2.58599524997265	3.30067141702735
90	WGN07	3.1083333335	0.182120612727541	1114	2.75099524997266	3.46567141702735
91	WGN07	3.0616666665	0.18212061272754	1114	2.70432858297266	3.41900475002734
92	WGN07	3.65353811658833	0.257615182339456	1114	3.14807245750642	4.15900377567025
93	WGN07	3.13500000000001	0.182120612727543	1114	2.77766191647266	3.49233808352736
94	WGN07	2.87833333300001	0.182120612727543	1114	2.52099524947266	3.23567141652736
95	WGN07	3.32000000000002	0.182120612727542	1114	2.96266191647268	3.67733808352737
96	WGN07	3.01500000000001	0.182120612727547	1114	2.65766191647265	3.37233808352736
97	WGN07	3.29646188341164	0.25761518233946	1114	2.79099622432971	3.80192754249356
98	WGN07	3.07333333349999	0.182120612727547	1114	2.71599524997264	3.43067141702735
99	WGN07	2.93666666699999	0.182120612727544	1114	2.57932858347264	3.29400475052735
100	WGN07	3.32666666650001	0.182120612727542	1114	2.96932858297266	3.68400475002735
101	WGN07	3.2866666665	0.182120612727541	1114	2.92932858297266	3.64400475002735
102	WGN07	3.3383333335	0.18212061272754	1114	2.98099524997265	3.69567141702734
103	WGN07	2.975	0.182120612727542	1114	2.61766191647265	3.33233808352734
104	WGN07	3.26000000000001	0.182120612727543	1114	2.90266191647266	3.61733808352736
105	WGN07	3.17999999999998	0.182120612727536	1114	2.82266191647264	3.53733808352731
106	WGN07	3.38166666650001	0.182120612727541	1114	3.02432858297266	3.73900475002735
107	WGN07	3.2433333335	0.182120612727544	1114	2.88599524997265	3.60067141702735
108	WGN07	3.18666666699999	0.182120612727541	1114	2.82932858347264	3.54400475052734
109	WGN07	3.69020478358832	0.25761518233945	1114	3.18473912450642	4.19567044267022
110	WGN07	3.43999999999997	0.182120612727538	1114	3.08266191647263	3.79733808352731
112	WGN07	3.36833333349999	0.182120612727545	1114	3.01099524997264	3.72567141702734
113	WGN07	3.18	0.18212061272754	1114	2.82266191647266	3.53733808352734
114	WGN07	3.455	0.182120612727542	1114	3.09766191647265	3.81233808352735
115	WGN07	3.46833333300001	0.182120612727543	1114	3.11099524947266	3.82567141652736
116	WGN07	3.47166666700001	0.182120612727545	1114	3.11432858347266	3.82900475052736
117	WGN07	3.2283333335	0.182120612727541	1114	2.87099524997265	3.58567141702735
118	WGN07	3.62833333350001	0.182120612727543	1114	3.27099524997266	3.98567141702736
119	WGN07	3.49499999999999	0.18212061272754	1114	3.13766191647264	3.85233808352733
120	WGN07	3.18	0.18212061272754	1114	2.82266191647265	3.53733808352734
121	WGN07	2.95	0.182120612727548	1114	2.59266191647264	3.30733808352736
122	WGN07	3.11646188341166	0.257615182339466	1114	2.61099622432972	3.62192754249359
123	WGN07	3.30833333350001	0.182120612727544	1114	2.95099524997266	3.66567141702736
124	WGN07	3.49166666650001	0.182120612727546	1114	3.13432858297265	3.84900475002736
125	WGN07	2.645	0.182120612727542	1114	2.28766191647266	3.00233808352735
126	WGN07	3.19	0.182120612727538	1114	2.83266191647266	3.54733808352734
127	WGN07	3.5066666665	0.18212061272754	1114	3.14932858297266	3.86400475002734
128	WGN07	3.1233333335	0.182120612727542	1114	2.76599524997266	3.48067141702735
129	WGN07	3.55666666650001	0.182120612727545	1114	3.19932858297266	3.91400475002737
130	WGN07	2.816666667	0.182120612727546	1114	2.45932858347265	3.17400475052736
1	WGN15	2.99666666649982	0.182120612727514	1114	2.63932858297252	3.35400475002711
2	WGN15	2.94999999999999	0.182120612727541	1114	2.59266191647264	3.30733808352733
3	WGN15	3.57999999999999	0.182120612727542	1114	3.22266191647264	3.93733808352734
4	WGN15	2.80166666649998	0.182120612727546	1114	2.44432858297262	3.15900475002734
5	WGN15	3.34	0.182120612727543	1114	2.98266191647265	3.69733808352735
7	WGN15	2.77666666649999	0.182120612727544	1114	2.41932858297264	3.13400475002734
8	WGN15	3.21499999999998	0.182120612727538	1114	2.85766191647264	3.57233808352732
9	WGN15	2.86499999999999	0.182120612727543	1114	2.50766191647264	3.22233808352734
10	WGN15	3.08166666699998	0.182120612727542	1114	2.72432858347263	3.43900475052733
11	WGN15	2.82666666699999	0.182120612727542	1114	2.46932858347264	3.18400475052734
12	WGN15	3.04166666699998	0.182120612727542	1114	2.68432858347263	3.39900475052733
13	WGN15	3.36499999999998	0.18212061272754	1114	3.00766191647263	3.72233808352732
14	WGN15	3.32333333349999	0.182120612727543	1114	2.96599524997264	3.68067141702734
15	WGN15	3.1483333335	0.182120612727543	1114	2.79099524997265	3.50567141702735
16	WGN15	2.8383333335	0.182120612727541	1114	2.48099524997265	3.19567141702734
17	WGN15	3.11666666649999	0.182120612727542	1114	2.75932858297264	3.47400475002733
18	WGN15	2.89333333349999	0.182120612727542	1114	2.53599524997264	3.25067141702733
19	WGN15	2.83499999999999	0.182120612727543	1114	2.47766191647264	3.19233808352734
20	WGN15	3.22333333299999	0.182120612727543	1114	2.86599524947264	3.58067141652734
21	WGN15	3.19833333349999	0.182120612727543	1114	2.84099524997264	3.55567141702734
22	WGN15	2.95833333349999	0.182120612727542	1114	2.60099524997264	3.31567141702734
23	WGN15	2.99999999999999	0.182120612727544	1114	2.64266191647264	3.35733808352734
24	WGN15	2.95333333299999	0.182120612727539	1114	2.59599524947265	3.31067141652733
25	WGN15	3.17333333349999	0.182120612727543	1114	2.81599524997264	3.53067141702734
26	WGN15	2.71333333299999	0.182120612727543	1114	2.35599524947264	3.07067141652734
27	WGN15	3.02666666699998	0.182120612727542	1114	2.66932858347264	3.38400475052733
28	WGN15	2.98666666649997	0.182120612727542	1114	2.62932858297262	3.34400475002732
29	WGN15	3.29333333349999	0.182120612727541	1114	2.93599524997264	3.65067141702733
30	WGN15	3.01666666649999	0.182120612727539	1114	2.65932858297265	3.37400475002733
31	WGN15	2.91333333349999	0.182120612727544	1114	2.55599524997264	3.27067141702734
32	WGN15	3.35999999999998	0.18212061272754	1114	3.00266191647264	3.71733808352732
33	WGN15	2.8233333335	0.18212061272754	1114	2.46599524997265	3.18067141702734
34	WGN15	2.65999999999998	0.182120612727544	1114	2.30266191647262	3.01733808352733
35	WGN15	3.52666666699997	0.182120612727538	1114	3.16932858347264	3.88400475052731
36	WGN15	3.20833333299999	0.182120612727543	1114	2.85099524947264	3.56567141652734
37	WGN15	3.05166666649999	0.182120612727545	1114	2.69432858297264	3.40900475002735
38	WGN15	2.58833333349999	0.182120612727545	1114	2.23099524997263	2.94567141702734
39	WGN15	3.18833333350002	0.182120612727546	1114	2.83099524997266	3.54567141702737
40	WGN15	2.71833333349999	0.182120612727541	1114	2.36099524997265	3.07567141702734
41	WGN15	2.88166666650001	0.182120612727543	1114	2.52432858297266	3.23900475002736
43	WGN15	2.85166666649999	0.182120612727543	1114	2.49432858297264	3.20900475002734
44	WGN15	3.08333333349999	0.182120612727543	1114	2.72599524997264	3.44067141702733
45	WGN15	2.83333333349998	0.182120612727545	1114	2.47599524997263	3.19067141702734
46	WGN15	2.92166666699999	0.182120612727541	1114	2.56432858347265	3.27900475052734
47	WGN15	2.88499999999999	0.18212061272754	1114	2.52766191647265	3.24233808352733
48	WGN15	2.67	0.182120612727541	1114	2.31266191647266	3.02733808352735
50	WGN15	3.3816666665	0.182120612727544	1114	3.02432858297264	3.73900475002735
51	WGN15	2.59333333349997	0.182120612727542	1114	2.23599524997262	2.95067141702732
52	WGN15	2.76333333349997	0.182120612727541	1114	2.40599524997263	3.12067141702732
53	WGN15	2.51666666649998	0.182120612727544	1114	2.15932858297263	2.87400475002733
54	WGN15	2.97666666649998	0.182120612727544	1114	2.61932858297263	3.33400475002734
55	WGN15	3.1516666665	0.182120612727542	1114	2.79432858297265	3.50900475002734
56	WGN15	2.96333333349999	0.182120612727544	1114	2.60599524997264	3.32067141702734
57	WGN15	2.5366666665	0.182120612727543	1114	2.17932858297265	2.89400475002735
58	WGN15	3.06166666699999	0.182120612727544	1114	2.70432858347264	3.41900475052734
59	WGN15	3.65499999999999	0.182120612727543	1114	3.29766191647264	4.01233808352733
60	WGN15	3.06999999999999	0.18212061272754	1114	2.71266191647265	3.42733808352734
61	WGN15	3.16999999999999	0.182120612727541	1114	2.81266191647264	3.52733808352733
62	WGN15	3.00833333349999	0.182120612727544	1114	2.65099524997264	3.36567141702734
63	WGN15	3.04333333299999	0.182120612727545	1114	2.68599524947264	3.40067141652734
64	WGN15	2.66999999999998	0.182120612727545	1114	2.31266191647263	3.02733808352734
65	WGN15	2.6466666665	0.182120612727544	1114	2.28932858297265	3.00400475002736
66	WGN15	2.335	0.182120612727542	1114	1.97766191647265	2.69233808352735
67	WGN15	3.29	0.182120612727542	1114	2.93266191647265	3.64733808352735
68	WGN15	2.61833333349999	0.182120612727541	1114	2.26099524997265	2.97567141702734
69	WGN15	2.83666666649996	0.182120612727547	1114	2.4793285829726	3.19400475002732
70	WGN15	3.25666666649999	0.18212061272754	1114	2.89932858297265	3.61400475002733
71	WGN15	3.26666666649999	0.18212061272754	1114	2.90932858297265	3.62400475002734
72	WGN15	3.29499999999998	0.182120612727541	1114	2.93766191647264	3.65233808352733
73	WGN15	3.13333333299999	0.182120612727543	1114	2.77599524947264	3.49067141652734
74	WGN15	3.08999999999998	0.182120612727546	1114	2.73266191647263	3.44733808352734
75	WGN15	2.93166666649998	0.182120612727541	1114	2.57432858297264	3.28900475002733
77	WGN15	2.87499999999999	0.182120612727542	1114	2.51766191647264	3.23233808352734
78	WGN15	2.97333333349999	0.182120612727544	1114	2.61599524997264	3.33067141702734
79	WGN15	2.89499999999999	0.182120612727542	1114	2.53766191647264	3.25233808352734
80	WGN15	3.08499999999998	0.18212061272754	1114	2.72766191647263	3.44233808352732
81	WGN15	3.02333333349999	0.182120612727546	1114	2.66599524997264	3.38067141702735
82	WGN15	2.5883333335	0.182120612727541	1114	2.23099524997265	2.94567141702734
83	WGN15	3.18499999999999	0.182120612727543	1114	2.82766191647264	3.54233808352734
84	WGN15	3.26499999999999	0.182120612727542	1114	2.90766191647264	3.62233808352734
85	WGN15	3.60666666649997	0.182120612727541	1114	3.24932858297263	3.96400475002732
86	WGN15	2.70833333349999	0.182120612727543	1114	2.35099524997264	3.06567141702734
87	WGN15	2.69499999999999	0.182120612727543	1114	2.33766191647264	3.05233808352734
88	WGN15	2.81666666649999	0.182120612727541	1114	2.45932858297264	3.17400475002733
89	WGN15	3.0383333335	0.182120612727545	1114	2.68099524997265	3.39567141702735
90	WGN15	2.71999999999997	0.182120612727544	1114	2.36266191647262	3.07733808352733
91	WGN15	2.78833333299999	0.182120612727541	1114	2.43099524947265	3.14567141652734
92	WGN15	2.62	0.182120612727543	1114	2.26266191647265	2.97733808352735
93	WGN15	3.28333333349999	0.182120612727541	1114	2.92599524997264	3.64067141702733
94	WGN15	3.07666666649999	0.182120612727541	1114	2.71932858297265	3.43400475002734
95	WGN15	2.8633333335	0.182120612727544	1114	2.50599524997265	3.22067141702735
96	WGN15	2.36979521641165	0.257615182339464	1114	1.86432955732972	2.87526087549358
97	WGN15	3.25999999999999	0.182120612727543	1114	2.90266191647264	3.61733808352734
98	WGN15	3.50999999999998	0.182120612727543	1114	3.15266191647263	3.86733808352733
99	WGN15	2.93833333349999	0.182120612727544	1114	2.58099524997264	3.29567141702734
100	WGN15	3.08166666649998	0.18212061272754	1114	2.72432858297263	3.43900475002732
101	WGN15	3.03333333349998	0.182120612727542	1114	2.67599524997264	3.39067141702733
102	WGN15	3.22333333299999	0.18212061272754	1114	2.86599524947264	3.58067141652733
103	WGN15	3.38333333349999	0.182120612727545	1114	3.02599524997264	3.74067141702734
104	WGN15	3.0666666665	0.182120612727539	1114	2.70932858297266	3.42400475002734
106	WGN15	2.70166666649998	0.182120612727542	1114	2.34432858297264	3.05900475002733
107	WGN15	3.41999999999998	0.18212061272754	1114	3.06266191647264	3.77733808352732
108	WGN15	3.16833333349999	0.182120612727543	1114	2.81099524997264	3.52567141702734
109	WGN15	2.78999999999999	0.182120612727543	1114	2.43266191647264	3.14733808352734
110	WGN15	3.07499999999998	0.182120612727542	1114	2.71766191647264	3.43233808352733
111	WGN15	3.01999999999999	0.182120612727541	1114	2.66266191647265	3.37733808352734
112	WGN15	2.69833333349999	0.182120612727543	1114	2.34099524997264	3.05567141702734
113	WGN15	3.28666666699999	0.182120612727542	1114	2.92932858347265	3.64400475052734
114	WGN15	3.10499999999998	0.182120612727544	1114	2.74766191647263	3.46233808352734
115	WGN15	2.85499999999999	0.182120612727541	1114	2.49766191647264	3.21233808352734
116	WGN15	2.75999999999998	0.182120612727545	1114	2.40266191647263	3.11733808352733
117	WGN15	3.28833333349999	0.182120612727543	1114	2.93099524997264	3.64567141702734
118	WGN15	3.07666666649999	0.182120612727542	1114	2.71932858297264	3.43400475002734
119	WGN15	3.05	0.182120612727545	1114	2.69266191647264	3.40733808352735
120	WGN15	3.38333333349996	0.182120612727543	1114	3.02599524997261	3.74067141702732
121	WGN15	2.79833333349999	0.182120612727543	1114	2.44099524997265	3.15567141702734
122	WGN15	2.72833333349999	0.182120612727543	1114	2.37099524997264	3.08567141702734
123	WGN15	2.89166666649999	0.182120612727543	1114	2.53432858297264	3.24900475002734
124	WGN15	3.08833333349998	0.18212061272754	1114	2.73099524997263	3.44567141702732
125	WGN15	2.90833333299999	0.182120612727542	1114	2.55099524947264	3.26567141652733
126	WGN15	2.76166666699999	0.182120612727545	1114	2.40432858347263	3.11900475052734
127	WGN15	3.09999999999998	0.182120612727539	1114	2.74266191647264	3.45733808352732
128	WGN15	3.43166666699999	0.182120612727545	1114	3.07432858347264	3.78900475052734
129	WGN15	3.11333333349998	0.182120612727543	1114	2.75599524997263	3.47067141702733
130	WGN15	2.89999999999999	0.182120612727543	1114	2.54266191647264	3.25733808352734
1	WGN26	2.5299999999999	0.18212061272753	1114	2.17266191647257	2.88733808352722
3	WGN26	3.07000000000006	0.182120612727544	1114	2.71266191647271	3.42733808352741
4	WGN26	3.20333333350004	0.182120612727542	1114	2.84599524997269	3.56067141702739
5	WGN26	3.34166666700009	0.182120612727548	1114	2.98432858347274	3.69900475052745
6	WGN26	3.04333333300002	0.182120612727539	1114	2.68599524947267	3.40067141652736
7	WGN26	3.335	0.182120612727538	1114	2.97766191647266	3.69233808352734
8	WGN26	3.07500000000003	0.182120612727544	1114	2.71766191647268	3.43233808352738
9	WGN26	3.08166666650003	0.182120612727542	1114	2.72432858297269	3.43900475002738
10	WGN26	3.46500000000002	0.182120612727541	1114	3.10766191647268	3.82233808352737
11	WGN26	3.61500000000003	0.182120612727541	1114	3.25766191647268	3.97233808352738
12	WGN26	3.80000000000003	0.182120612727542	1114	3.44266191647269	4.15733808352738
13	WGN26	3.21000000000005	0.182120612727544	1114	2.8526619164727	3.5673380835274
14	WGN26	2.71333333350002	0.18212061272754	1114	2.35599524997267	3.07067141702736
15	WGN26	3.05000000000006	0.182120612727544	1114	2.69266191647271	3.40733808352741
17	WGN26	3.05833333350006	0.182120612727545	1114	2.7009952499727	3.41567141702741
18	WGN26	3.43166666700003	0.182120612727541	1114	3.07432858347269	3.78900475052738
19	WGN26	3.48000000000006	0.182120612727544	1114	3.12266191647271	3.83733808352741
20	WGN26	2.93979521641171	0.257615182339462	1114	2.43432955732978	3.44526087549363
21	WGN26	2.83666666650004	0.182120612727543	1114	2.47932858297269	3.19400475002739
22	WGN26	3.36333333350006	0.182120612727544	1114	3.00599524997271	3.72067141702741
23	WGN26	3.39000000000007	0.182120612727545	1114	3.03266191647271	3.74733808352742
24	WGN26	3.59166666650002	0.182120612727541	1114	3.23432858297268	3.94900475002737
25	WGN26	3.05666666650006	0.182120612727545	1114	2.6993285829727	3.41400475002741
26	WGN26	2.61166666650003	0.18212061272754	1114	2.25432858297269	2.96900475002738
27	WGN26	3.14666666650005	0.182120612727544	1114	2.7893285829727	3.5040047500274
28	WGN26	3.70500000000005	0.182120612727542	1114	3.3476619164727	4.0623380835274
29	WGN26	3.32333333350003	0.182120612727542	1114	2.96599524997269	3.68067141702738
30	WGN26	3.44000000000005	0.182120612727543	1114	3.0826619164727	3.7973380835274
31	WGN26	3.13333333300004	0.182120612727543	1114	2.77599524947269	3.49067141652739
32	WGN26	3.41833333350006	0.182120612727544	1114	3.0609952499727	3.77567141702741
33	WGN26	3.51687144958838	0.257615182339462	1114	3.01140579050645	4.02233710867031
34	WGN26	3.83000000000007	0.182120612727543	1114	3.47266191647272	4.18733808352742
35	WGN26	3.22666666700003	0.18212061272754	1114	2.86932858347268	3.58400475052737
36	WGN26	3.03833333300005	0.182120612727546	1114	2.68099524947269	3.3956714165274
38	WGN26	3.14833333300004	0.182120612727543	1114	2.79099524947269	3.50567141652738
39	WGN26	3.98166666650007	0.182120612727545	1114	3.62432858297271	4.33900475002742
40	WGN26	3.18166666700002	0.182120612727541	1114	2.82432858347268	3.53900475052737
41	WGN26	3.07166666650003	0.18212061272754	1114	2.71432858297269	3.42900475002738
42	WGN26	3.63666666700007	0.182120612727544	1114	3.27932858347272	3.99400475052743
43	WGN26	3.12500000000004	0.182120612727544	1114	2.76766191647269	3.4823380835274
44	WGN26	2.95166666650002	0.182120612727539	1114	2.59432858297268	3.30900475002736
45	WGN26	3.23833333300004	0.182120612727543	1114	2.88099524947269	3.59567141652739
46	WGN26	2.91333333350003	0.182120612727542	1114	2.55599524997268	3.27067141702737
47	WGN26	2.83666666650004	0.182120612727541	1114	2.47932858297269	3.19400475002739
48	WGN26	3.06500000000005	0.182120612727543	1114	2.7076619164727	3.4223380835274
49	WGN26	3.23500000000004	0.182120612727543	1114	2.8776619164727	3.59233808352739
50	WGN26	3.72833333350003	0.182120612727542	1114	3.37099524997268	4.08567141702737
51	WGN26	2.96333333300004	0.182120612727544	1114	2.60599524947269	3.32067141652739
52	WGN26	3.06166666700006	0.182120612727546	1114	2.7043285834727	3.41900475052741
53	WGN26	2.63166666650004	0.182120612727544	1114	2.27432858297269	2.98900475002739
54	WGN26	3.13166666650004	0.182120612727545	1114	2.77432858297269	3.4890047500274
55	WGN26	3.03666666650005	0.182120612727546	1114	2.6793285829727	3.39400475002741
56	WGN26	3.77500000000003	0.182120612727543	1114	3.41766191647268	4.13233808352738
57	WGN26	2.82666666650003	0.182120612727542	1114	2.46932858297268	3.18400475002737
58	WGN26	3.42666666700004	0.182120612727544	1114	3.06932858347269	3.7840047505274
59	WGN26	3.40687144958838	0.257615182339459	1114	2.90140579050646	3.9123371086703
60	WGN26	3.29666666650004	0.182120612727543	1114	2.93932858297269	3.65400475002739
61	WGN26	3.5297952164117	0.25761518233946	1114	3.02432955732978	4.03526087549362
62	WGN26	3.17166666650003	0.182120612727544	1114	2.81432858297268	3.52900475002738
64	WGN26	3.32166666650005	0.182120612727544	1114	2.96432858297269	3.6790047500274
65	WGN26	3.28353811658837	0.257615182339461	1114	2.77807245750645	3.7890037756703
66	WGN26	3.14166666700003	0.182120612727543	1114	2.78432858347268	3.49900475052738
67	WGN26	3.18166666650003	0.182120612727543	1114	2.82432858297269	3.53900475002738
68	WGN26	3.31000000000005	0.182120612727541	1114	2.9526619164727	3.6673380835274
69	WGN26	2.79333333350005	0.182120612727545	1114	2.4359952499727	3.1506714170274
70	WGN26	3.15166666650003	0.182120612727542	1114	2.79432858297268	3.50900475002738
71	WGN26	3.01333333350002	0.182120612727541	1114	2.65599524997268	3.37067141702737
72	WGN26	2.88500000000003	0.182120612727543	1114	2.52766191647268	3.24233808352738
73	WGN26	3.65000000000003	0.182120612727541	1114	3.29266191647268	4.00733808352737
74	WGN26	3.65333333350003	0.182120612727542	1114	3.29599524997268	4.01067141702738
75	WGN26	3.38166666650006	0.182120612727544	1114	3.02432858297271	3.73900475002741
76	WGN26	4.00979521641169	0.257615182339461	1114	3.50432955732977	4.51526087549362
77	WGN26	2.76833333300004	0.182120612727544	1114	2.41099524947269	3.12567141652739
78	WGN26	3.65333333350003	0.182120612727541	1114	3.29599524997268	4.01067141702738
79	WGN26	2.54333333350004	0.182120612727543	1114	2.18599524997269	2.90067141702739
80	WGN26	3.28000000000003	0.182120612727541	1114	2.92266191647269	3.63733808352738
81	WGN26	3.22000000000003	0.182120612727543	1114	2.86266191647269	3.57733808352738
82	WGN26	3.63000000000003	0.182120612727541	1114	3.27266191647268	3.98733808352737
83	WGN26	3.43166666650005	0.182120612727543	1114	3.0743285829727	3.78900475002739
85	WGN26	2.80500000000004	0.182120612727544	1114	2.44766191647269	3.16233808352739
86	WGN26	2.84666666650005	0.182120612727543	1114	2.4893285829727	3.2040047500274
87	WGN26	2.90333333300004	0.182120612727543	1114	2.54599524947269	3.26067141652739
88	WGN26	2.72166666650004	0.182120612727545	1114	2.36432858297268	3.07900475002739
89	WGN26	3.55166666700006	0.182120612727543	1114	3.19432858347271	3.90900475052741
90	WGN26	3.47500000000005	0.182120612727543	1114	3.1176619164727	3.8323380835274
91	WGN26	3.17666666650004	0.182120612727543	1114	2.81932858297269	3.53400475002739
92	WGN26	2.85833333300004	0.182120612727544	1114	2.50099524947269	3.21567141652739
93	WGN26	3.34500000000004	0.182120612727543	1114	2.98766191647269	3.70233808352739
94	WGN26	3.09000000000003	0.182120612727541	1114	2.73266191647269	3.44733808352738
95	WGN26	3.23000000000003	0.182120612727542	1114	2.87266191647269	3.58733808352738
96	WGN26	3.39833333300004	0.182120612727544	1114	3.04099524947269	3.7556714165274
97	WGN26	3.38833333300005	0.182120612727543	1114	3.0309952494727	3.74567141652739
98	WGN26	3.34000000000001	0.182120612727541	1114	2.98266191647267	3.69733808352736
99	WGN26	3.42166666700004	0.182120612727543	1114	3.06432858347269	3.77900475052739
100	WGN26	2.96000000000004	0.182120612727543	1114	2.60266191647269	3.31733808352739
101	WGN26	3.51166666700003	0.182120612727542	1114	3.15432858347268	3.86900475052738
102	WGN26	3.26833333300004	0.182120612727543	1114	2.91099524947269	3.62567141652739
103	WGN26	3.39833333300006	0.182120612727544	1114	3.04099524947271	3.75567141652741
104	WGN26	3.21666666650003	0.182120612727542	1114	2.85932858297269	3.57400475002738
105	WGN26	3.31979521641169	0.257615182339461	1114	2.81432955732977	3.82526087549362
106	WGN26	3.49020478358838	0.25761518233946	1114	2.98473912450645	3.9956704426703
108	WGN26	3.1431285504117	0.257615182339458	1114	2.63766289132978	3.64859420949362
109	WGN26	2.92333333350004	0.182120612727542	1114	2.56599524997269	3.28067141702739
111	WGN26	3.21833333350004	0.182120612727543	1114	2.86099524997269	3.57567141702739
112	WGN26	3.40166666650004	0.182120612727543	1114	3.04432858297269	3.75900475002739
113	WGN26	2.71000000000004	0.182120612727541	1114	2.35266191647269	3.06733808352738
114	WGN26	3.09353811658837	0.257615182339459	1114	2.58807245750645	3.59900377567029
115	WGN26	3.14166666700002	0.182120612727541	1114	2.78432858347268	3.49900475052737
116	WGN26	3.25687144958836	0.25761518233946	1114	2.75140579050643	3.76233710867028
117	WGN26	2.81833333300004	0.182120612727542	1114	2.46099524947269	3.17567141652739
118	WGN26	2.97666666650003	0.182120612727543	1114	2.61932858297268	3.33400475002738
119	WGN26	3.19166666700003	0.182120612727542	1114	2.83432858347269	3.54900475052738
120	WGN26	2.75666666650004	0.182120612727542	1114	2.39932858297269	3.11400475002739
121	WGN26	2.95666666700004	0.182120612727543	1114	2.59932858347269	3.31400475052739
122	WGN26	3.63333333350004	0.182120612727542	1114	3.27599524997269	3.99067141702738
123	WGN26	2.91000000000004	0.182120612727543	1114	2.55266191647269	3.26733808352739
124	WGN26	3.03979521641169	0.25761518233946	1114	2.53432955732977	3.54526087549362
125	WGN26	3.00666666700004	0.182120612727542	1114	2.64932858347269	3.36400475052738
126	WGN26	2.33853811658838	0.257615182339462	1114	1.83307245750645	2.84400377567031
127	WGN26	2.97000000000003	0.182120612727541	1114	2.61266191647268	3.32733808352737
128	WGN26	3.30353811658838	0.25761518233946	1114	2.79807245750645	3.8090037756703
129	WGN26	2.91333333300004	0.182120612727542	1114	2.55599524947269	3.27067141652738
130	WGN26	3.45833333350003	0.182120612727544	1114	3.10099524997268	3.81567141702739
1	WGN36	3.30020478358856	0.257615182339447	1114	2.79473912450666	3.80567044267045
2	WGN36	2.94666666649996	0.182120612727545	1114	2.58932858297261	3.30400475002731
4	WGN36	3.07666666649996	0.182120612727546	1114	2.7193285829726	3.43400475002731
5	WGN36	3.03979521641163	0.257615182339459	1114	2.53432955732971	3.54526087549356
6	WGN36	3.16333333349997	0.182120612727539	1114	2.80599524997262	3.52067141702731
7	WGN36	3.11166666649997	0.18212061272754	1114	2.75432858297263	3.46900475002732
8	WGN36	3.51333333299996	0.182120612727543	1114	3.15599524947262	3.87067141652731
9	WGN36	3.70979521641162	0.257615182339457	1114	3.2043295573297	4.21526087549354
10	WGN36	3.48833333349997	0.182120612727545	1114	3.13099524997262	3.84567141702732
11	WGN36	3.24646188341163	0.257615182339459	1114	2.74099622432971	3.75192754249355
12	WGN36	3.97833333349996	0.182120612727542	1114	3.62099524997261	4.33567141702731
13	WGN36	3.25999999999997	0.182120612727542	1114	2.90266191647262	3.61733808352732
14	WGN36	2.81166666649996	0.182120612727544	1114	2.45432858297261	3.16900475002731
15	WGN36	2.84666666699998	0.182120612727541	1114	2.48932858347263	3.20400475052732
16	WGN36	3.29999999999997	0.182120612727544	1114	2.94266191647262	3.65733808352732
17	WGN36	2.96166666699996	0.182120612727544	1114	2.60432858347261	3.31900475052731
18	WGN36	3.48979521641163	0.257615182339463	1114	2.9843295573297	3.99526087549356
19	WGN36	2.91666666699997	0.182120612727541	1114	2.55932858347262	3.27400475052732
20	WGN36	3.08999999999996	0.182120612727543	1114	2.73266191647261	3.44733808352731
21	WGN36	3.44499999999997	0.182120612727544	1114	3.08766191647262	3.80233808352733
22	WGN36	3.31833333349997	0.18212061272754	1114	2.96099524997262	3.67567141702731
23	WGN36	2.90833333299998	0.18212061272754	1114	2.55099524947264	3.26567141652733
24	WGN36	3.02499999999998	0.182120612727538	1114	2.66766191647264	3.38233808352732
26	WGN36	3.26999999999997	0.182120612727544	1114	2.91266191647262	3.62733808352732
27	WGN36	3.24666666699996	0.182120612727542	1114	2.88932858347261	3.60400475052731
28	WGN36	3.24999999999997	0.182120612727537	1114	2.89266191647264	3.60733808352731
30	WGN36	2.77499999999995	0.182120612727546	1114	2.41766191647259	3.1323380835273
31	WGN36	2.76666666649998	0.182120612727541	1114	2.40932858297263	3.12400475002732
32	WGN36	2.91312855041163	0.257615182339462	1114	2.4076628913297	3.41859420949356
33	WGN36	2.94166666699996	0.182120612727542	1114	2.58432858347262	3.29900475052731
34	WGN36	3.24666666699996	0.18212061272754	1114	2.88932858347262	3.60400475052731
35	WGN36	3.28999999999997	0.182120612727541	1114	2.93266191647262	3.64733808352731
36	WGN36	2.90999999999995	0.182120612727544	1114	2.5526619164726	3.26733808352731
37	WGN36	3.65020478358831	0.257615182339462	1114	3.14473912450638	4.15567044267024
38	WGN36	3.0635381165883	0.257615182339463	1114	2.55807245750637	3.56900377567023
39	WGN36	2.77833333349997	0.182120612727544	1114	2.42099524997262	3.13567141702732
40	WGN36	3.42499999999997	0.182120612727543	1114	3.06766191647262	3.78233808352732
41	WGN36	3.53166666699997	0.182120612727543	1114	3.17432858347262	3.88900475052732
42	WGN36	3.51999999999997	0.182120612727542	1114	3.16266191647262	3.87733808352731
43	WGN36	3.04333333349997	0.182120612727541	1114	2.68599524997263	3.40067141702732
44	WGN36	3.05499999999997	0.182120612727543	1114	2.69766191647262	3.41233808352732
45	WGN36	2.89666666649997	0.182120612727542	1114	2.53932858297263	3.25400475002732
46	WGN36	3.53666666649997	0.182120612727541	1114	3.17932858297262	3.89400475002731
47	WGN36	3.20499999999997	0.182120612727543	1114	2.84766191647262	3.56233808352732
48	WGN36	3.14999999999997	0.182120612727541	1114	2.79266191647262	3.50733808352732
49	WGN36	3.16166666699997	0.182120612727543	1114	2.80432858347262	3.51900475052732
51	WGN36	2.82833333349997	0.182120612727542	1114	2.47099524997262	3.18567141702732
52	WGN36	3.60833333349997	0.182120612727542	1114	3.25099524997262	3.96567141702732
53	WGN36	3.10499999999997	0.182120612727542	1114	2.74766191647262	3.46233808352732
54	WGN36	3.18666666699997	0.182120612727541	1114	2.82932858347262	3.54400475052732
55	WGN36	3.66166666699996	0.182120612727541	1114	3.30432858347262	4.01900475052731
56	WGN36	3.16333333349997	0.182120612727542	1114	2.80599524997262	3.52067141702732
57	WGN36	3.01999999999997	0.182120612727543	1114	2.66266191647262	3.37733808352732
58	WGN36	3.19666666699997	0.182120612727543	1114	2.83932858347262	3.55400475052732
59	WGN36	2.93499999999996	0.182120612727543	1114	2.57766191647261	3.29233808352731
60	WGN36	3.34499999999997	0.182120612727543	1114	2.98766191647262	3.70233808352732
62	WGN36	2.96499999999997	0.182120612727543	1114	2.60766191647262	3.32233808352732
64	WGN36	3.43833333349997	0.182120612727543	1114	3.08099524997262	3.79567141702732
65	WGN36	3.15333333349997	0.182120612727542	1114	2.79599524997262	3.51067141702732
66	WGN36	3.48833333349996	0.182120612727542	1114	3.13099524997261	3.84567141702731
68	WGN36	3.30833333349997	0.182120612727542	1114	2.95099524997262	3.66567141702732
69	WGN36	3.00646188341162	0.257615182339463	1114	2.50099622432969	3.51192754249355
70	WGN36	3.37499999999996	0.182120612727543	1114	3.01766191647261	3.73233808352731
71	WGN36	2.60666666699995	0.182120612727545	1114	2.2493285834726	2.9640047505273
72	WGN36	3.34333333299997	0.182120612727544	1114	2.98599524947262	3.70067141652732
74	WGN36	3.28166666649997	0.182120612727542	1114	2.92432858297262	3.63900475002731
75	WGN36	3.63979521641162	0.257615182339459	1114	3.1343295573297	4.14526087549354
76	WGN36	3.21666666649997	0.182120612727543	1114	2.85932858297262	3.57400475002732
77	WGN36	3.12999999999997	0.182120612727541	1114	2.77266191647263	3.48733808352732
78	WGN36	2.62020478358831	0.25761518233946	1114	2.11473912450639	3.12567044267024
79	WGN36	3.45333333299997	0.182120612727544	1114	3.09599524947262	3.81067141652732
80	WGN36	2.74687144958831	0.257615182339461	1114	2.24140579050638	3.25233710867023
81	WGN36	3.61833333299997	0.182120612727542	1114	3.26099524947262	3.97567141652732
82	WGN36	2.91166666649997	0.182120612727543	1114	2.55432858297262	3.26900475002732
83	WGN36	3.12666666649997	0.182120612727541	1114	2.76932858297263	3.48400475002732
84	WGN36	3.41666666649997	0.182120612727544	1114	3.05932858297262	3.77400475002732
85	WGN36	2.30999999999997	0.182120612727543	1114	1.95266191647262	2.66733808352731
86	WGN36	3.68499999999997	0.182120612727542	1114	3.32766191647262	4.04233808352731
87	WGN36	3.06666666649997	0.182120612727543	1114	2.70932858297262	3.42400475002732
88	WGN36	3.49499999999997	0.182120612727543	1114	3.13766191647262	3.85233808352732
89	WGN36	3.07166666649997	0.182120612727543	1114	2.71432858297262	3.42900475002732
90	WGN36	2.89499999999997	0.182120612727542	1114	2.53766191647263	3.25233808352732
92	WGN36	2.72333333349996	0.182120612727543	1114	2.36599524997261	3.08067141702731
93	WGN36	3.02646188341163	0.257615182339461	1114	2.5209962243297	3.53192754249355
94	WGN36	3.33999999999997	0.182120612727542	1114	2.98266191647262	3.69733808352732
95	WGN36	3.00999999999997	0.182120612727544	1114	2.65266191647262	3.36733808352732
96	WGN36	3.29333333349997	0.182120612727543	1114	2.93599524997262	3.65067141702732
97	WGN36	2.99166666699997	0.182120612727543	1114	2.63432858347262	3.34900475052732
98	WGN36	2.98999999999997	0.182120612727544	1114	2.63266191647262	3.34733808352732
99	WGN36	2.76833333349997	0.182120612727543	1114	2.41099524997262	3.12567141702732
100	WGN36	2.87333333349997	0.182120612727543	1114	2.51599524997262	3.23067141702732
102	WGN36	3.81353811658831	0.257615182339462	1114	3.30807245750638	4.31900377567024
104	WGN36	2.99999999999997	0.182120612727542	1114	2.64266191647262	3.35733808352731
105	WGN36	3.20312855041163	0.25761518233946	1114	2.69766289132971	3.70859420949355
106	WGN36	3.20333333299997	0.182120612727543	1114	2.84599524947262	3.56067141652732
107	WGN36	3.21999999999997	0.182120612727543	1114	2.86266191647262	3.57733808352732
108	WGN36	3.00499999999997	0.182120612727542	1114	2.64766191647262	3.36233808352731
109	WGN36	3.66333333299997	0.182120612727542	1114	3.30599524947262	4.02067141652731
110	WGN36	3.09499999999997	0.182120612727542	1114	2.73766191647262	3.45233808352732
112	WGN36	2.81333333349997	0.182120612727543	1114	2.45599524997262	3.17067141702732
114	WGN36	3.07666666649997	0.182120612727542	1114	2.71932858297262	3.43400475002732
116	WGN36	2.98353811658831	0.25761518233946	1114	2.47807245750638	3.48900377567023
117	WGN36	3.35666666699997	0.182120612727543	1114	2.99932858347262	3.71400475052732
118	WGN36	3.66999999999997	0.182120612727543	1114	3.31266191647262	4.02733808352732
119	WGN36	3.62312855041163	0.25761518233946	1114	3.1176628913297	4.12859420949355
120	WGN36	2.91499999999997	0.182120612727543	1114	2.55766191647262	3.27233808352732
121	WGN36	3.81333333349996	0.182120612727543	1114	3.45599524997261	4.17067141702731
122	WGN36	3.30333333299997	0.182120612727542	1114	2.94599524947262	3.66067141652732
123	WGN36	3.13333333349997	0.182120612727543	1114	2.77599524997262	3.49067141702732
124	WGN36	3.33833333349997	0.182120612727544	1114	2.98099524997262	3.69567141702733
125	WGN36	3.57999999999997	0.182120612727543	1114	3.22266191647262	3.93733808352732
126	WGN36	3.49166666699997	0.182120612727543	1114	3.13432858347262	3.84900475052732
127	WGN36	3.18666666649997	0.182120612727543	1114	2.82932858297262	3.54400475002732
128	WGN36	3.27833333299997	0.182120612727543	1114	2.92099524947262	3.63567141652732
129	WGN36	3.20999999999997	0.182120612727542	1114	2.85266191647262	3.56733808352732
130	WGN36	3.24666666699997	0.182120612727543	1114	2.88932858347262	3.60400475052732
1	WGN38	3.1666666665	0.182120612727545	1114	2.80932858297265	3.52400475002735
2	WGN38	3.29333333349998	0.182120612727544	1114	2.93599524997263	3.65067141702733
3	WGN38	3.32646188341165	0.257615182339465	1114	2.82099622432972	3.83192754249359
4	WGN38	3.20333333299998	0.182120612727543	1114	2.84599524947264	3.56067141652733
5	WGN38	3.60833333349997	0.18212061272754	1114	3.25099524997262	3.96567141702731
6	WGN38	3.50999999999999	0.182120612727543	1114	3.15266191647264	3.86733808352734
7	WGN38	3.42166666649998	0.182120612727541	1114	3.06432858297263	3.77900475002732
8	WGN38	3.28833333349999	0.182120612727546	1114	2.93099524997263	3.64567141702734
10	WGN38	2.82166666649998	0.182120612727544	1114	2.46432858297263	3.17900475002733
11	WGN38	3.0766666665	0.182120612727539	1114	2.71932858297266	3.43400475002734
12	WGN38	2.91499999999999	0.182120612727542	1114	2.55766191647264	3.27233808352734
13	WGN38	3.258333333	0.182120612727547	1114	2.90099524947264	3.61567141652735
14	WGN38	3.65666666649995	0.18212061272754	1114	3.29932858297261	4.01400475002729
16	WGN38	2.68666666650001	0.18212061272754	1114	2.32932858297267	3.04400475002735
18	WGN38	3.04166666699998	0.182120612727546	1114	2.68432858347262	3.39900475052733
19	WGN38	3.52833333349997	0.18212061272754	1114	3.17099524997263	3.88567141702731
20	WGN38	2.82333333349998	0.18212061272754	1114	2.46599524997264	3.18067141702733
21	WGN38	3.29833333349999	0.182120612727543	1114	2.94099524997264	3.65567141702734
22	WGN38	3.23499999999999	0.182120612727543	1114	2.87766191647264	3.59233808352734
23	WGN38	3.285	0.182120612727546	1114	2.92766191647265	3.64233808352736
24	WGN38	3.06999999999998	0.182120612727545	1114	2.71266191647263	3.42733808352734
26	WGN38	2.98666666649998	0.182120612727545	1114	2.62932858297263	3.34400475002734
27	WGN38	3.00833333349998	0.182120612727543	1114	2.65099524997264	3.36567141702733
28	WGN38	3.44833333299997	0.182120612727539	1114	3.09099524947263	3.80567141652731
29	WGN38	3.80166666649999	0.182120612727543	1114	3.44432858297264	4.15900475002734
30	WGN38	3.37666666649998	0.182120612727542	1114	3.01932858297264	3.73400475002733
32	WGN38	3.63999999999998	0.182120612727542	1114	3.28266191647264	3.99733808352733
33	WGN38	3.30166666649998	0.182120612727541	1114	2.94432858297264	3.65900475002733
34	WGN38	3.21333333349999	0.182120612727544	1114	2.85599524997264	3.57067141702734
35	WGN38	2.99833333349998	0.182120612727544	1114	2.64099524997263	3.35567141702733
36	WGN38	3.08499999999998	0.182120612727545	1114	2.72766191647263	3.44233808352734
37	WGN38	3.38499999999998	0.182120612727539	1114	3.02766191647264	3.74233808352732
38	WGN38	3.38999999999999	0.182120612727543	1114	3.03266191647264	3.74733808352733
39	WGN38	3.09499999999999	0.182120612727542	1114	2.73766191647264	3.45233808352733
40	WGN38	3.33166666649999	0.182120612727543	1114	2.97432858297264	3.68900475002734
41	WGN38	3.07333333349999	0.18212061272754	1114	2.71599524997265	3.43067141702733
42	WGN38	2.75499999999999	0.182120612727541	1114	2.39766191647265	3.11233808352734
45	WGN38	3.01666666649998	0.182120612727543	1114	2.65932858297264	3.37400475002733
46	WGN38	3.63833333349999	0.182120612727543	1114	3.28099524997264	3.99567141702734
47	WGN38	2.67166666649998	0.182120612727545	1114	2.31432858297262	3.02900475002733
48	WGN38	3.28499999999999	0.182120612727545	1114	2.92766191647264	3.64233808352734
49	WGN38	3.52499999999999	0.182120612727544	1114	3.16766191647264	3.88233808352735
50	WGN38	3.21833333349999	0.182120612727542	1114	2.86099524997264	3.57567141702734
51	WGN38	3.653333333	0.182120612727545	1114	3.29599524947265	4.01067141652736
52	WGN38	3.91499999999998	0.182120612727542	1114	3.55766191647263	4.27233808352733
53	WGN38	3.71499999999999	0.182120612727544	1114	3.35766191647264	4.07233808352734
54	WGN38	3.25166666649999	0.182120612727545	1114	2.89432858297264	3.60900475002734
55	WGN38	2.73312855041164	0.257615182339461	1114	2.22766289132971	3.23859420949357
56	WGN38	2.75999999999999	0.182120612727542	1114	2.40266191647264	3.11733808352734
59	WGN38	3.47999999999999	0.182120612727542	1114	3.12266191647264	3.83733808352733
61	WGN38	3.15666666699998	0.182120612727545	1114	2.79932858347263	3.51400475052734
63	WGN38	3.90666666649999	0.182120612727542	1114	3.54932858297264	4.26400475002734
64	WGN38	2.99666666699999	0.182120612727542	1114	2.63932858347264	3.35400475052734
65	WGN38	3.62166666649998	0.182120612727541	1114	3.26432858297263	3.97900475002733
66	WGN38	3.03333333349999	0.182120612727542	1114	2.67599524997264	3.39067141702734
67	WGN38	3.08166666649998	0.182120612727542	1114	2.72432858297264	3.43900475002733
68	WGN38	3.22833333299999	0.182120612727542	1114	2.87099524947264	3.58567141652733
69	WGN38	3.32666666649999	0.182120612727542	1114	2.96932858297264	3.68400475002734
70	WGN38	2.76333333299998	0.182120612727544	1114	2.40599524947263	3.12067141652733
72	WGN38	3.08833333299999	0.182120612727541	1114	2.73099524947264	3.44567141652733
73	WGN38	2.84166666699999	0.182120612727541	1114	2.48432858347264	3.19900475052733
74	WGN38	3.30333333349999	0.182120612727544	1114	2.94599524997264	3.66067141702734
76	WGN38	2.97333333349999	0.182120612727541	1114	2.61599524997264	3.33067141702733
77	WGN38	3.22833333349998	0.182120612727542	1114	2.87099524997264	3.58567141702733
78	WGN38	2.89166666699998	0.182120612727543	1114	2.53432858347264	3.24900475052733
80	WGN38	3.09833333349999	0.182120612727543	1114	2.74099524997264	3.45567141702734
81	WGN38	3.28499999999999	0.182120612727542	1114	2.92766191647264	3.64233808352733
82	WGN38	3.19999999999999	0.182120612727541	1114	2.84266191647264	3.55733808352733
83	WGN38	3.78833333299999	0.182120612727544	1114	3.43099524947264	4.14567141652735
84	WGN38	3.29833333349999	0.182120612727544	1114	2.94099524997264	3.65567141702734
85	WGN38	3.17979521641164	0.257615182339461	1114	2.67432955732972	3.68526087549357
86	WGN38	3.85333333299998	0.182120612727542	1114	3.49599524947264	4.21067141652733
87	WGN38	3.41499999999999	0.182120612727543	1114	3.05766191647264	3.77233808352734
88	WGN38	2.97166666649999	0.182120612727542	1114	2.61432858297264	3.32900475002733
89	WGN38	2.99333333349999	0.182120612727543	1114	2.63599524997264	3.35067141702734
90	WGN38	3.09833333299999	0.182120612727543	1114	2.74099524947264	3.45567141652734
91	WGN38	3.45333333299999	0.182120612727544	1114	3.09599524947264	3.81067141652734
92	WGN38	3.40666666699999	0.182120612727543	1114	3.04932858347264	3.76400475052734
93	WGN38	3.40833333349998	0.182120612727542	1114	3.05099524997264	3.76567141702733
94	WGN38	2.81333333299998	0.182120612727544	1114	2.45599524947263	3.17067141652733
95	WGN38	3.24333333349999	0.182120612727543	1114	2.88599524997264	3.60067141702733
96	WGN38	3.01833333349999	0.182120612727542	1114	2.66099524997264	3.37567141702734
97	WGN38	2.67979521641165	0.257615182339461	1114	2.17432955732972	3.18526087549357
98	WGN38	3.34166666649999	0.182120612727543	1114	2.98432858297264	3.69900475002734
99	WGN38	2.79833333349999	0.182120612727542	1114	2.44099524997264	3.15567141702733
100	WGN38	3.14499999999999	0.182120612727542	1114	2.78766191647264	3.50233808352734
101	WGN38	3.21499999999999	0.182120612727542	1114	2.85766191647264	3.57233808352733
102	WGN38	3.73333333299999	0.182120612727543	1114	3.37599524947264	4.09067141652734
103	WGN38	3.21666666649999	0.182120612727543	1114	2.85932858297264	3.57400475002734
104	WGN38	3.38166666649999	0.182120612727542	1114	3.02432858297264	3.73900475002733
106	WGN38	3.07833333349999	0.182120612727543	1114	2.72099524997264	3.43567141702734
107	WGN38	3.12166666649999	0.182120612727542	1114	2.76432858297264	3.47900475002734
108	WGN38	3.03666666699999	0.182120612727542	1114	2.67932858347264	3.39400475052734
109	WGN38	3.34833333299999	0.182120612727542	1114	2.99099524947264	3.70567141652733
110	WGN38	3.17666666649999	0.182120612727543	1114	2.81932858297264	3.53400475002734
111	WGN38	3.05333333349999	0.182120612727542	1114	2.69599524997264	3.41067141702734
113	WGN38	3.01666666649999	0.182120612727542	1114	2.65932858297264	3.37400475002734
114	WGN38	3.14666666649999	0.182120612727542	1114	2.78932858297264	3.50400475002734
115	WGN38	3.54833333349999	0.182120612727543	1114	3.19099524997264	3.90567141702734
1	WGN39	3.68666666650001	0.182120612727546	1114	3.32932858297266	4.04400475002737
2	WGN39	2.855	0.182120612727542	1114	2.49766191647265	3.21233808352734
3	WGN39	3.58500000000001	0.182120612727545	1114	3.22766191647266	3.94233808352736
4	WGN39	3.48666666649997	0.182120612727542	1114	3.12932858297262	3.84400475002732
5	WGN39	3.08499999999998	0.182120612727546	1114	2.72766191647262	3.44233808352733
6	WGN39	3.24333333300002	0.182120612727541	1114	2.88599524947268	3.60067141652737
7	WGN39	3.36666666649999	0.182120612727545	1114	3.00932858297264	3.72400475002734
8	WGN39	2.92	0.182120612727542	1114	2.56266191647266	3.27733808352735
9	WGN39	3.1333333335	0.182120612727543	1114	2.77599524997265	3.49067141702735
10	WGN39	2.42500000000004	0.18212061272754	1114	2.0676619164727	2.78233808352739
11	WGN39	3.545	0.182120612727544	1114	3.18766191647264	3.90233808352735
12	WGN39	3.30333333299999	0.182120612727541	1114	2.94599524947265	3.66067141652733
13	WGN39	2.45166666649999	0.182120612727542	1114	2.09432858297264	2.80900475002734
14	WGN39	2.90000000000001	0.182120612727542	1114	2.54266191647266	3.25733808352736
15	WGN39	3.05833333349999	0.182120612727543	1114	2.70099524997264	3.41567141702734
16	WGN39	3.86999999999998	0.182120612727542	1114	3.51266191647264	4.22733808352733
17	WGN39	2.7783333335	0.182120612727543	1114	2.42099524997265	3.13567141702735
18	WGN39	3.44499999999999	0.182120612727544	1114	3.08766191647264	3.80233808352734
19	WGN39	3.03166666700001	0.182120612727541	1114	2.67432858347267	3.38900475052736
20	WGN39	3.02999999999999	0.182120612727543	1114	2.67266191647264	3.38733808352734
21	WGN39	2.93999999999999	0.182120612727543	1114	2.58266191647264	3.29733808352734
22	WGN39	3.48499999999999	0.182120612727544	1114	3.12766191647264	3.84233808352734
24	WGN39	3.04500000000002	0.18212061272754	1114	2.68766191647267	3.40233808352736
25	WGN39	2.9733333335	0.182120612727541	1114	2.61599524997265	3.33067141702735
26	WGN39	3.28646188341165	0.257615182339462	1114	2.78099622432972	3.79192754249358
27	WGN39	3.44166666699999	0.182120612727542	1114	3.08432858347265	3.79900475052734
28	WGN39	2.47166666649996	0.182120612727544	1114	2.11432858297261	2.82900475002732
29	WGN39	2.80833333349999	0.182120612727542	1114	2.45099524997264	3.16567141702734
30	WGN39	3.56166666699999	0.182120612727542	1114	3.20432858347264	3.91900475052733
31	WGN39	3.27666666650001	0.182120612727542	1114	2.91932858297266	3.63400475002736
32	WGN39	3.12833333349999	0.182120612727542	1114	2.77099524997265	3.48567141702734
34	WGN39	2.85999999999997	0.182120612727545	1114	2.50266191647262	3.21733808352732
35	WGN39	2.51	0.182120612727542	1114	2.15266191647265	2.86733808352735
36	WGN39	3.01333333349997	0.182120612727546	1114	2.65599524997261	3.37067141702732
37	WGN39	2.93499999999999	0.182120612727542	1114	2.57766191647265	3.29233808352734
38	WGN39	2.92166666700001	0.182120612727541	1114	2.56432858347266	3.27900475052735
39	WGN39	3.15666666699999	0.182120612727542	1114	2.79932858347264	3.51400475052734
40	WGN39	3.37666666699998	0.182120612727544	1114	3.01932858347263	3.73400475052733
41	WGN39	3.68166666649999	0.182120612727543	1114	3.32432858297264	4.03900475002734
42	WGN39	3.49499999999999	0.182120612727541	1114	3.13766191647265	3.85233808352734
43	WGN39	3.73646188341165	0.257615182339459	1114	3.23099622432973	4.24192754249357
44	WGN39	3.34833333300001	0.18212061272754	1114	2.99099524947267	3.70567141652736
45	WGN39	2.985	0.182120612727544	1114	2.62766191647265	3.34233808352735
46	WGN39	3.08020478358833	0.257615182339462	1114	2.5747391245064	3.58567044267026
47	WGN39	2.68166666700001	0.182120612727541	1114	2.32432858347267	3.03900475052736
48	WGN39	3.14166666649999	0.182120612727543	1114	2.78432858297264	3.49900475002734
49	WGN39	3.22666666649999	0.182120612727545	1114	2.86932858297263	3.58400475002734
50	WGN39	2.60166666700002	0.182120612727541	1114	2.24432858347267	2.95900475052736
51	WGN39	3.085	0.182120612727541	1114	2.72766191647266	3.44233808352735
52	WGN39	3.44333333350001	0.18212061272754	1114	3.08599524997266	3.80067141702735
53	WGN39	3.06	0.182120612727541	1114	2.70266191647265	3.41733808352734
54	WGN39	3.2816666665	0.182120612727541	1114	2.92432858297266	3.63900475002735
55	WGN39	3.37	0.182120612727542	1114	3.01266191647265	3.72733808352735
56	WGN39	3.21499999999999	0.182120612727543	1114	2.85766191647264	3.57233808352734
57	WGN39	2.3133333335	0.182120612727542	1114	1.95599524997266	2.67067141702735
58	WGN39	3.31333333299999	0.182120612727542	1114	2.95599524947264	3.67067141652734
59	WGN39	2.97666666649999	0.182120612727543	1114	2.61932858297264	3.33400475002734
60	WGN39	3.426666667	0.182120612727543	1114	3.06932858347265	3.78400475052735
61	WGN39	3.141666667	0.182120612727542	1114	2.78432858347266	3.49900475052735
62	WGN39	3.15333333349998	0.182120612727544	1114	2.79599524997263	3.51067141702733
63	WGN39	3.28833333350001	0.18212061272754	1114	2.93099524997266	3.64567141702735
64	WGN39	3.12166666649999	0.182120612727543	1114	2.76432858297264	3.47900475002734
65	WGN39	2.61	0.182120612727543	1114	2.25266191647265	2.96733808352734
66	WGN39	2.96166666649999	0.182120612727543	1114	2.60432858297264	3.31900475002734
67	WGN39	3.38666666699999	0.182120612727541	1114	3.02932858347264	3.74400475052734
68	WGN39	3.62353811658833	0.257615182339463	1114	3.1180724575064	4.12900377567026
69	WGN39	3.08666666649999	0.182120612727543	1114	2.72932858297264	3.44400475002734
70	WGN39	3.93353811658834	0.257615182339463	1114	3.42807245750641	4.43900377567026
71	WGN39	2.98166666699998	0.182120612727544	1114	2.62432858347263	3.33900475052733
72	WGN39	2.93999999999997	0.182120612727544	1114	2.58266191647262	3.29733808352732
73	WGN39	2.86166666699998	0.182120612727543	1114	2.50432858347263	3.21900475052733
74	WGN39	2.6783333335	0.182120612727542	1114	2.32099524997265	3.03567141702735
75	WGN39	3.0916666665	0.182120612727542	1114	2.73432858297265	3.44900475002734
76	WGN39	2.94499999999999	0.182120612727542	1114	2.58766191647265	3.30233808352734
77	WGN39	3.32499999999999	0.182120612727544	1114	2.96766191647264	3.68233808352734
78	WGN39	3.05666666649999	0.182120612727542	1114	2.69932858297265	3.41400475002734
79	WGN39	3.73166666649999	0.182120612727542	1114	3.37432858297265	4.08900475002734
80	WGN39	3.30833333349999	0.182120612727542	1114	2.95099524997264	3.66567141702734
81	WGN39	2.94333333349998	0.182120612727543	1114	2.58599524997263	3.30067141702733
82	WGN39	3.07666666650001	0.182120612727541	1114	2.71932858297266	3.43400475002735
83	WGN39	3.31	0.182120612727542	1114	2.95266191647265	3.66733808352735
84	WGN39	3.49333333349999	0.182120612727543	1114	3.13599524997264	3.85067141702734
85	WGN39	3.07833333349999	0.182120612727544	1114	2.72099524997264	3.43567141702734
86	WGN39	3.14333333299998	0.182120612727543	1114	2.78599524947263	3.50067141652733
87	WGN39	3.02	0.182120612727542	1114	2.66266191647265	3.37733808352734
88	WGN39	2.84353811658834	0.25761518233946	1114	2.33807245750642	3.34900377567027
89	WGN39	3.11833333349999	0.182120612727543	1114	2.76099524997264	3.47567141702734
90	WGN39	3.15333333349999	0.182120612727542	1114	2.79599524997265	3.51067141702734
91	WGN39	2.945	0.182120612727542	1114	2.58766191647265	3.30233808352735
92	WGN39	2.7033333335	0.182120612727542	1114	2.34599524997266	3.06067141702735
93	WGN39	3.445	0.182120612727542	1114	3.08766191647265	3.80233808352734
94	WGN39	3.27166666699999	0.182120612727542	1114	2.91432858347265	3.62900475052734
95	WGN39	3.2416666665	0.182120612727542	1114	2.88432858297265	3.59900475002734
96	WGN39	3.30333333349999	0.182120612727543	1114	2.94599524997264	3.66067141702734
97	WGN39	2.991666667	0.182120612727542	1114	2.63432858347265	3.34900475052734
98	WGN39	3.195	0.182120612727542	1114	2.83766191647265	3.55233808352734
99	WGN39	2.8616666665	0.182120612727542	1114	2.50432858297265	3.21900475002735
100	WGN39	3.15499999999999	0.182120612727542	1114	2.79766191647265	3.51233808352734
101	WGN39	2.8916666665	0.182120612727542	1114	2.53432858297265	3.24900475002735
102	WGN39	3.72166666699999	0.182120612727542	1114	3.36432858347265	4.07900475052734
104	WGN39	3.1433333335	0.182120612727542	1114	2.78599524997265	3.50067141702734
105	WGN39	2.79499999999999	0.182120612727543	1114	2.43766191647264	3.15233808352734
106	WGN39	3.08666666649999	0.182120612727542	1114	2.72932858297265	3.44400475002734
107	WGN39	3.3333333335	0.182120612727542	1114	2.97599524997265	3.69067141702734
108	WGN39	3.40833333349999	0.182120612727542	1114	3.05099524997265	3.76567141702734
109	WGN39	2.59999999999999	0.182120612727542	1114	2.24266191647264	2.95733808352734
110	WGN39	3.50999999999999	0.182120612727542	1114	3.15266191647265	3.86733808352734
111	WGN39	3.70166666649999	0.182120612727542	1114	3.34432858297265	4.05900475002734
112	WGN39	3.506666667	0.182120612727542	1114	3.14932858347265	3.86400475052734
113	WGN39	3.18833333349999	0.182120612727543	1114	2.83099524997264	3.54567141702734
114	WGN39	3.028333333	0.182120612727542	1114	2.67099524947265	3.38567141652734
115	WGN39	3.5033333335	0.182120612727542	1114	3.14599524997265	3.86067141702734
116	WGN39	3.55	0.182120612727542	1114	3.19266191647265	3.90733808352734
117	WGN39	2.633333333	0.182120612727542	1114	2.27599524947265	2.99067141652734
118	WGN39	3.255	0.182120612727542	1114	2.89766191647265	3.61233808352734
120	WGN39	2.811666667	0.182120612727542	1114	2.45432858347265	3.16900475052734
121	WGN39	3.005	0.182120612727542	1114	2.64766191647265	3.36233808352734
122	WGN39	2.9766666665	0.182120612727542	1114	2.61932858297265	3.33400475002734
123	WGN39	3.42166666649999	0.182120612727543	1114	3.06432858297265	3.77900475002734
124	WGN39	3.56166666649999	0.182120612727542	1114	3.20432858297265	3.91900475002734
125	WGN39	3.10166666649999	0.182120612727542	1114	2.74432858297265	3.45900475002734
126	WGN39	3.25999999999999	0.182120612727542	1114	2.90266191647265	3.61733808352734
127	WGN39	3.16666666699999	0.182120612727542	1114	2.80932858347265	3.52400475052734
128	WGN39	3.18833333299999	0.182120612727542	1114	2.83099524947265	3.54567141652734
129	WGN39	2.9	0.182120612727542	1114	2.54266191647265	3.25733808352734
130	WGN39	2.7816666665	0.182120612727542	1114	2.42432858297265	3.13900475002734
1	WGN45	3.4	0.182120612727541	1114	3.04266191647266	3.75733808352735
2	WGN45	3.24666666699999	0.182120612727541	1114	2.88932858347265	3.60400475052734
3	WGN45	2.16687144958833	0.257615182339461	1114	1.6614057905064	2.67233710867026
4	WGN45	3.32499999999998	0.182120612727543	1114	2.96766191647263	3.68233808352733
5	WGN45	3.60999999999997	0.182120612727539	1114	3.25266191647263	3.96733808352731
6	WGN45	2.975	0.182120612727539	1114	2.61766191647266	3.33233808352734
7	WGN45	3.87333333349999	0.182120612727543	1114	3.51599524997264	4.23067141702734
8	WGN45	4.00833333300001	0.182120612727545	1114	3.65099524947265	4.36567141652736
9	WGN45	2.97999999999999	0.182120612727542	1114	2.62266191647265	3.33733808352734
10	WGN45	3.33333333299999	0.182120612727541	1114	2.97599524947264	3.69067141652733
11	WGN45	3.44166666649999	0.182120612727539	1114	3.08432858297265	3.79900475002733
12	WGN45	3.38499999999999	0.182120612727542	1114	3.02766191647264	3.74233808352734
13	WGN45	3.19499999999999	0.182120612727542	1114	2.83766191647264	3.55233808352734
14	WGN45	3.40666666699999	0.182120612727542	1114	3.04932858347264	3.76400475052734
15	WGN45	3.20312855041165	0.257615182339461	1114	2.69766289132973	3.70859420949358
16	WGN45	3.27499999999999	0.182120612727542	1114	2.91766191647264	3.63233808352734
17	WGN45	2.95333333299999	0.182120612727541	1114	2.59599524947265	3.31067141652734
18	WGN45	2.78666666649997	0.182120612727545	1114	2.42932858297262	3.14400475002732
19	WGN45	3.53333333349998	0.182120612727541	1114	3.17599524997264	3.89067141702733
20	WGN45	3.71666666649999	0.182120612727543	1114	3.35932858297264	4.07400475002734
22	WGN45	3.73666666649999	0.182120612727542	1114	3.37932858297264	4.09400475002733
23	WGN45	3.28687144958833	0.257615182339459	1114	2.78140579050641	3.79233710867026
24	WGN45	3.05666666699999	0.182120612727541	1114	2.69932858347265	3.41400475052734
25	WGN45	2.988333333	0.182120612727541	1114	2.63099524947265	3.34567141652734
26	WGN45	3.36333333299998	0.182120612727542	1114	3.00599524947264	3.72067141652733
28	WGN45	3.45166666649998	0.182120612727544	1114	3.09432858297263	3.80900475002733
29	WGN45	2.5666666665	0.182120612727541	1114	2.20932858297266	2.92400475002735
31	WGN45	3.15666666649998	0.182120612727543	1114	2.79932858297263	3.51400475002733
32	WGN45	2.91000000000001	0.182120612727539	1114	2.55266191647266	3.26733808352735
33	WGN45	2.28	0.182120612727542	1114	1.92266191647265	2.63733808352734
34	WGN45	3.20999999999999	0.18212061272754	1114	2.85266191647265	3.56733808352734
35	WGN45	3.45999999999999	0.182120612727546	1114	3.10266191647263	3.81733808352734
36	WGN45	3.45166666649998	0.182120612727541	1114	3.09432858297264	3.80900475002733
37	WGN45	3.17166666649999	0.18212061272754	1114	2.81432858297264	3.52900475002733
38	WGN45	2.45	0.182120612727541	1114	2.09266191647266	2.80733808352735
40	WGN45	2.74833333349999	0.182120612727542	1114	2.39099524997264	3.10567141702733
41	WGN45	3.19499999999999	0.182120612727542	1114	2.83766191647264	3.55233808352733
42	WGN45	3.11166666649998	0.182120612727545	1114	2.75432858297263	3.46900475002734
43	WGN45	3.81333333349998	0.182120612727542	1114	3.45599524997264	4.17067141702733
44	WGN45	3.55666666649998	0.182120612727541	1114	3.19932858297264	3.91400475002733
45	WGN45	3.22833333349999	0.182120612727543	1114	2.87099524997264	3.58567141702733
46	WGN45	3.06333333349997	0.182120612727544	1114	2.70599524997262	3.42067141702733
47	WGN45	2.80646188341166	0.257615182339458	1114	2.30099622432974	3.31192754249358
48	WGN45	3.45166666699999	0.182120612727543	1114	3.09432858347264	3.80900475052734
49	WGN45	3.18499999999999	0.18212061272754	1114	2.82766191647265	3.54233808352734
50	WGN45	2.99999999999998	0.182120612727543	1114	2.64266191647263	3.35733808352733
52	WGN45	2.95833333349999	0.182120612727541	1114	2.60099524997264	3.31567141702734
53	WGN45	3.54166666649999	0.182120612727543	1114	3.18432858297264	3.89900475002734
54	WGN45	2.52833333349998	0.182120612727543	1114	2.17099524997263	2.88567141702733
55	WGN45	3.51166666649999	0.182120612727543	1114	3.15432858297264	3.86900475002734
56	WGN45	3.20166666649998	0.182120612727543	1114	2.84432858297263	3.55900475002733
57	WGN45	2.83833333349998	0.182120612727543	1114	2.48099524997263	3.19567141702733
58	WGN45	3.24166666649999	0.182120612727541	1114	2.88432858297264	3.59900475002733
59	WGN45	3.06833333299999	0.182120612727541	1114	2.71099524947264	3.42567141652734
60	WGN45	3.56353811658833	0.257615182339463	1114	3.0580724575064	4.06900377567026
61	WGN45	3.48999999999998	0.182120612727542	1114	3.13266191647264	3.84733808352733
62	WGN45	3.18666666699999	0.182120612727542	1114	2.82932858347264	3.54400475052734
64	WGN45	3.09666666699998	0.182120612727543	1114	2.73932858347264	3.45400475052733
65	WGN45	3.30999999999999	0.182120612727542	1114	2.95266191647264	3.66733808352733
66	WGN45	2.96666666649999	0.182120612727541	1114	2.60932858297264	3.32400475002733
68	WGN45	3.47999999999999	0.182120612727544	1114	3.12266191647263	3.83733808352734
69	WGN45	3.36166666649998	0.182120612727543	1114	3.00432858297263	3.71900475002733
70	WGN45	3.60687144958832	0.257615182339459	1114	3.1014057905064	4.11233710867025
71	WGN45	4.04499999999999	0.182120612727543	1114	3.68766191647264	4.40233808352734
72	WGN45	2.87166666649998	0.182120612727542	1114	2.51432858297263	3.22900475002733
73	WGN45	2.95353811658833	0.257615182339461	1114	2.4480724575064	3.45900377567025
74	WGN45	3.06999999999999	0.182120612727542	1114	2.71266191647264	3.42733808352734
75	WGN45	3.47333333349999	0.182120612727543	1114	3.11599524997264	3.83067141702734
76	WGN45	3.27166666649999	0.182120612727542	1114	2.91432858297264	3.62900475002734
77	WGN45	2.92999999999999	0.182120612727543	1114	2.57266191647264	3.28733808352734
78	WGN45	3.12999999999999	0.182120612727542	1114	2.77266191647264	3.48733808352733
80	WGN45	3.17666666649999	0.182120612727542	1114	2.81932858297264	3.53400475002734
81	WGN45	3.50499999999999	0.182120612727542	1114	3.14766191647264	3.86233808352733
82	WGN45	3.64333333299999	0.182120612727543	1114	3.28599524947264	4.00067141652734
84	WGN45	3.30833333349999	0.182120612727543	1114	2.95099524997264	3.66567141702734
85	WGN45	4.26020478358832	0.25761518233946	1114	3.7547391245064	4.76567044267025
86	WGN45	2.97999999999999	0.182120612727542	1114	2.62266191647264	3.33733808352734
87	WGN45	2.97166666699998	0.182120612727543	1114	2.61432858347263	3.32900475052733
88	WGN45	3.14166666649999	0.182120612727543	1114	2.78432858297264	3.49900475002734
89	WGN45	3.20833333299999	0.182120612727542	1114	2.85099524947264	3.56567141652733
90	WGN45	3.47499999999999	0.182120612727542	1114	3.11766191647264	3.83233808352733
92	WGN45	3.13499999999999	0.182120612727542	1114	2.77766191647264	3.49233808352734
93	WGN45	2.84499999999999	0.182120612727542	1114	2.48766191647264	3.20233808352734
94	WGN45	2.46999999999999	0.182120612727542	1114	2.11266191647264	2.82733808352734
95	WGN45	3.33666666649999	0.182120612727543	1114	2.97932858297264	3.69400475002733
96	WGN45	2.67666666699999	0.182120612727543	1114	2.31932858347264	3.03400475052733
98	WGN45	3.59666666699998	0.182120612727542	1114	3.23932858347264	3.95400475052733
99	WGN45	2.46646188341165	0.25761518233946	1114	1.96099622432973	2.97192754249358
100	WGN45	3.65833333349999	0.182120612727542	1114	3.30099524997264	4.01567141702733
101	WGN45	3.13333333349999	0.182120612727543	1114	2.77599524997264	3.49067141702733
102	WGN45	3.19333333349999	0.182120612727542	1114	2.83599524997264	3.55067141702734
103	WGN45	3.25020478358832	0.257615182339461	1114	2.7447391245064	3.75567044267025
104	WGN45	3.35499999999999	0.182120612727543	1114	2.99766191647264	3.71233808352734
105	WGN45	3.26999999999999	0.182120612727543	1114	2.91266191647264	3.62733808352734
106	WGN45	3.30999999999999	0.182120612727543	1114	2.95266191647264	3.66733808352734
107	WGN45	3.04999999999999	0.182120612727542	1114	2.69266191647264	3.40733808352734
108	WGN45	3.92666666649998	0.182120612727542	1114	3.56932858297264	4.28400475002733
109	WGN45	3.18666666699999	0.182120612727542	1114	2.82932858347264	3.54400475052734
110	WGN45	3.06666666649999	0.182120612727543	1114	2.70932858297264	3.42400475002734
111	WGN45	3.87999999999998	0.182120612727542	1114	3.52266191647264	4.23733808352733
112	WGN45	3.11833333299999	0.182120612727543	1114	2.76099524947264	3.47567141652734
113	WGN45	2.54687144958833	0.257615182339461	1114	2.0414057905064	3.05233710867025
114	WGN45	3.40499999999999	0.182120612727543	1114	3.04766191647264	3.76233808352733
115	WGN45	2.44249999999999	0.182120612727542	1114	2.08516191647264	2.79983808352734
116	WGN45	3.33333333299999	0.182120612727543	1114	2.97599524947264	3.69067141652734
117	WGN45	2.21833333349998	0.182120612727543	1114	1.86099524997263	2.57567141702733
118	WGN45	3.45646188341165	0.257615182339462	1114	2.95099622432972	3.96192754249357
119	WGN45	3.49999999999999	0.182120612727543	1114	3.14266191647264	3.85733808352734
120	WGN45	3.24166666649999	0.182120612727543	1114	2.88432858297264	3.59900475002733
121	WGN45	2.76499999999998	0.182120612727543	1114	2.40766191647264	3.12233808352733
122	WGN45	3.47166666699999	0.182120612727542	1114	3.11432858347264	3.82900475052734
123	WGN45	3.55166666649999	0.182120612727542	1114	3.19432858297264	3.90900475002734
124	WGN45	3.00999999999999	0.182120612727542	1114	2.65266191647264	3.36733808352733
126	WGN45	3.29666666649999	0.182120612727543	1114	2.93932858297264	3.65400475002733
127	WGN45	3.05999999999999	0.182120612727542	1114	2.70266191647264	3.41733808352734
128	WGN45	2.87833333299999	0.182120612727542	1114	2.52099524947264	3.23567141652734
129	WGN45	3.15166666649999	0.182120612727543	1114	2.79432858297264	3.50900475002733
130	WGN45	2.84979521641165	0.257615182339461	1114	2.34432955732972	3.35526087549357
1	WGN46	3.90500000000005	0.182120612727539	1114	3.54766191647271	4.26233808352739
2	WGN46	3.58333333349999	0.182120612727541	1114	3.22599524997264	3.94067141702733
3	WGN46	3.79166666649998	0.182120612727545	1114	3.43432858297263	4.14900475002733
4	WGN46	2.98333333349995	0.182120612727545	1114	2.6259952499726	3.34067141702731
6	WGN46	3.23646188341166	0.257615182339458	1114	2.73099622432974	3.74192754249358
7	WGN46	3.4116666665	0.182120612727539	1114	3.05432858297266	3.76900475002734
8	WGN46	3.1502047835883	0.257615182339464	1114	2.64473912450637	3.65567044267023
9	WGN46	3.56499999999999	0.182120612727542	1114	3.20766191647265	3.92233808352734
10	WGN46	3.08999999999998	0.182120612727543	1114	2.73266191647263	3.44733808352733
11	WGN46	3.31666666699998	0.182120612727541	1114	2.95932858347264	3.67400475052733
12	WGN46	3.12499999999999	0.182120612727541	1114	2.76766191647265	3.48233808352734
13	WGN46	3.48833333349996	0.182120612727545	1114	3.13099524997261	3.84567141702732
14	WGN46	3.48833333299997	0.182120612727543	1114	3.13099524947262	3.84567141652732
15	WGN46	2.77666666649997	0.182120612727544	1114	2.41932858297262	3.13400475002732
16	WGN46	3.35666666699999	0.182120612727542	1114	2.99932858347265	3.71400475052734
17	WGN46	3.01499999999998	0.182120612727543	1114	2.65766191647263	3.37233808352733
18	WGN46	3.32999999999999	0.182120612727542	1114	2.97266191647264	3.68733808352733
19	WGN46	3.44666666649999	0.182120612727541	1114	3.08932858297265	3.80400475002734
20	WGN46	2.95312855041164	0.257615182339462	1114	2.44766289132971	3.45859420949356
21	WGN46	3.09353811658831	0.257615182339463	1114	2.58807245750638	3.59900377567024
22	WGN46	3.35499999999998	0.182120612727543	1114	2.99766191647263	3.71233808352733
23	WGN46	3.05499999999997	0.182120612727543	1114	2.69766191647262	3.41233808352731
24	WGN46	3.37333333299997	0.182120612727542	1114	3.01599524947262	3.73067141652732
25	WGN46	2.98833333349997	0.182120612727544	1114	2.63099524997262	3.34567141702732
26	WGN46	3.09833333349996	0.182120612727545	1114	2.74099524997261	3.45567141702731
27	WGN46	2.43979521641164	0.257615182339461	1114	1.93432955732971	2.94526087549356
28	WGN46	2.88333333349999	0.182120612727542	1114	2.52599524997264	3.24067141702734
29	WGN46	3.42833333299998	0.182120612727543	1114	3.07099524947263	3.78567141652733
30	WGN46	3.33833333349998	0.182120612727543	1114	2.98099524997263	3.69567141702733
31	WGN46	3.65166666699997	0.182120612727544	1114	3.29432858347261	4.00900475052732
32	WGN46	3.54166666649997	0.182120612727545	1114	3.18432858297261	3.89900475002732
33	WGN46	3.54166666699999	0.182120612727542	1114	3.18432858347264	3.89900475052733
34	WGN46	2.94333333349999	0.182120612727543	1114	2.58599524997264	3.30067141702733
36	WGN46	3.43999999999999	0.182120612727542	1114	3.08266191647264	3.79733808352734
37	WGN46	3.58166666649998	0.182120612727542	1114	3.22432858297263	3.93900475002733
38	WGN46	3.45833333299999	0.18212061272754	1114	3.10099524947264	3.81567141652733
39	WGN46	2.92999999999998	0.182120612727542	1114	2.57266191647263	3.28733808352733
40	WGN46	3.57333333299997	0.182120612727545	1114	3.21599524947262	3.93067141652732
41	WGN46	4.04666666699998	0.182120612727541	1114	3.68932858347263	4.40400475052733
42	WGN46	3.67499999999998	0.182120612727542	1114	3.31766191647263	4.03233808352733
43	WGN46	3.43999999999999	0.182120612727542	1114	3.08266191647264	3.79733808352733
44	WGN46	3.69333333349998	0.182120612727543	1114	3.33599524997263	4.05067141702733
45	WGN46	3.41499999999997	0.182120612727544	1114	3.05766191647262	3.77233808352732
46	WGN46	3.80499999999998	0.182120612727542	1114	3.44766191647263	4.16233808352733
47	WGN46	3.30833333299997	0.182120612727543	1114	2.95099524947263	3.66567141652732
48	WGN46	3.51666666699998	0.182120612727542	1114	3.15932858347264	3.87400475052733
49	WGN46	3.86999999999999	0.182120612727543	1114	3.51266191647264	4.22733808352733
50	WGN46	3.38666666649999	0.182120612727542	1114	3.02932858297264	3.74400475002733
52	WGN46	3.45999999999999	0.182120612727541	1114	3.10266191647265	3.81733808352734
53	WGN46	3.21999999999998	0.182120612727542	1114	2.86266191647263	3.57733808352733
54	WGN46	3.34166666649999	0.182120612727541	1114	2.98432858297264	3.69900475002733
55	WGN46	3.17979521641163	0.257615182339462	1114	2.6743295573297	3.68526087549356
56	WGN46	3.36333333349998	0.182120612727542	1114	3.00599524997263	3.72067141702733
57	WGN46	3.74999999999998	0.182120612727542	1114	3.39266191647263	4.10733808352733
58	WGN46	3.42499999999998	0.182120612727543	1114	3.06766191647263	3.78233808352733
59	WGN46	3.22666666649999	0.182120612727542	1114	2.86932858297264	3.58400475002733
60	WGN46	3.26166666649997	0.182120612727543	1114	2.90432858297262	3.61900475002732
61	WGN46	3.15333333349998	0.182120612727543	1114	2.79599524997263	3.51067141702733
62	WGN46	4.08499999999998	0.182120612727543	1114	3.72766191647263	4.44233808352733
63	WGN46	3.43499999999998	0.182120612727543	1114	3.07766191647263	3.79233808352733
64	WGN46	3.04166666699999	0.182120612727542	1114	2.68432858347264	3.39900475052734
65	WGN46	3.20999999999999	0.182120612727542	1114	2.85266191647265	3.56733808352734
66	WGN46	2.97666666649998	0.182120612727542	1114	2.61932858297263	3.33400475002733
67	WGN46	3.33166666699997	0.182120612727544	1114	2.97432858347262	3.68900475052733
68	WGN46	3.09499999999998	0.182120612727543	1114	2.73766191647263	3.45233808352733
69	WGN46	3.16666666699997	0.182120612727544	1114	2.80932858347262	3.52400475052732
70	WGN46	3.11999999999998	0.182120612727543	1114	2.76266191647263	3.47733808352733
71	WGN46	3.32666666649998	0.182120612727543	1114	2.96932858297263	3.68400475002733
72	WGN46	3.49333333349998	0.182120612727543	1114	3.13599524997263	3.85067141702733
73	WGN46	3.50999999999998	0.182120612727542	1114	3.15266191647263	3.86733808352733
74	WGN46	3.37833333299998	0.182120612727542	1114	3.02099524947263	3.73567141652733
75	WGN46	3.24166666649998	0.182120612727542	1114	2.88432858297264	3.59900475002733
76	WGN46	3.30999999999998	0.182120612727543	1114	2.95266191647264	3.66733808352733
78	WGN46	3.25166666649998	0.182120612727543	1114	2.89432858297263	3.60900475002733
79	WGN46	3.48666666649997	0.182120612727543	1114	3.12932858297263	3.84400475002732
80	WGN46	3.13666666649998	0.182120612727543	1114	2.77932858297263	3.49400475002733
81	WGN46	3.13999999999997	0.182120612727543	1114	2.78266191647262	3.49733808352732
82	WGN46	3.66979521641164	0.257615182339461	1114	3.16432955732971	4.17526087549356
83	WGN46	3.27999999999998	0.182120612727542	1114	2.92266191647263	3.63733808352733
84	WGN46	3.54999999999998	0.182120612727542	1114	3.19266191647263	3.90733808352733
85	WGN46	3.39499999999998	0.182120612727542	1114	3.03766191647264	3.75233808352733
86	WGN46	3.65999999999998	0.182120612727542	1114	3.30266191647264	4.01733808352733
87	WGN46	3.35499999999998	0.182120612727543	1114	2.99766191647263	3.71233808352733
88	WGN46	3.91999999999998	0.182120612727544	1114	3.56266191647263	4.27733808352733
89	WGN46	3.67999999999998	0.182120612727542	1114	3.32266191647264	4.03733808352733
90	WGN46	2.99166666699998	0.182120612727542	1114	2.63432858347263	3.34900475052733
91	WGN46	3.27999999999998	0.182120612727542	1114	2.92266191647264	3.63733808352733
92	WGN46	3.58583333349998	0.182120612727542	1114	3.22849524997263	3.94317141702733
93	WGN46	3.68999999999998	0.182120612727542	1114	3.33266191647263	4.04733808352732
94	WGN46	3.22499999999997	0.182120612727542	1114	2.86766191647263	3.58233808352732
95	WGN46	2.91833333349998	0.182120612727543	1114	2.56099524997263	3.27567141702733
96	WGN46	3.03666666649998	0.182120612727543	1114	2.67932858297263	3.39400475002733
98	WGN46	3.65166666649998	0.182120612727543	1114	3.29432858297263	4.00900475002733
100	WGN46	3.06687144958831	0.257615182339462	1114	2.56140579050639	3.57233710867024
101	WGN46	3.36166666699998	0.182120612727543	1114	3.00432858347263	3.71900475052733
102	WGN46	3.45833333299998	0.182120612727542	1114	3.10099524947263	3.81567141652733
103	WGN46	3.33166666699998	0.182120612727543	1114	2.97432858347263	3.68900475052733
104	WGN46	2.94666666649998	0.182120612727542	1114	2.58932858297263	3.30400475002733
106	WGN46	3.19833333349998	0.182120612727543	1114	2.84099524997263	3.55567141702733
107	WGN46	3.39333333349998	0.182120612727542	1114	3.03599524997263	3.75067141702733
108	WGN46	3.10333333299998	0.182120612727543	1114	2.74599524947263	3.46067141652733
109	WGN46	3.43166666649998	0.182120612727543	1114	3.07432858297263	3.78900475002733
110	WGN46	3.72833333349998	0.182120612727543	1114	3.37099524997263	4.08567141702733
111	WGN46	2.73499999999998	0.182120612727543	1114	2.37766191647263	3.09233808352733
112	WGN46	3.50666666699998	0.182120612727543	1114	3.14932858347263	3.86400475052733
113	WGN46	3.40166666699998	0.182120612727543	1114	3.04432858347263	3.75900475052733
114	WGN46	3.61666666699998	0.182120612727543	1114	3.25932858347263	3.97400475052733
115	WGN46	3.42333333349998	0.182120612727543	1114	3.06599524997263	3.78067141702733
116	WGN46	3.02999999999998	0.182120612727543	1114	2.67266191647263	3.38733808352733
117	WGN46	2.90666666649998	0.182120612727543	1114	2.54932858297263	3.26400475002733
118	WGN46	3.48499999999998	0.182120612727543	1114	3.12766191647263	3.84233808352733
119	WGN46	3.34666666699998	0.182120612727543	1114	2.98932858347263	3.70400475052733
120	WGN46	3.27666666699998	0.182120612727543	1114	2.91932858347263	3.63400475052733
121	WGN46	3.38166666649998	0.182120612727543	1114	3.02432858297263	3.73900475002733
122	WGN46	3.44333333299998	0.182120612727543	1114	3.08599524947263	3.80067141652733
123	WGN46	3.90499999999998	0.182120612727543	1114	3.54766191647263	4.26233808352733
124	WGN46	3.02999999999998	0.182120612727543	1114	2.67266191647263	3.38733808352733
125	WGN46	3.43666666699998	0.182120612727543	1114	3.07932858347263	3.79400475052733
126	WGN46	3.43333333349998	0.182120612727543	1114	3.07599524997263	3.79067141702733
127	WGN46	3.62166666699998	0.182120612727543	1114	3.26432858347263	3.97900475052733
128	WGN46	3.61166666649998	0.182120612727543	1114	3.25432858297263	3.96900475002733
129	WGN46	3.61166666649998	0.182120612727543	1114	3.25432858297263	3.96900475002733
130	WGN46	3.45499999999998	0.182120612727543	1114	3.09766191647263	3.81233808352733
1	WGN55	3.13500000000003	0.182120612727544	1114	2.77766191647268	3.49233808352738
2	WGN55	2.84666666700002	0.18212061272754	1114	2.48932858347267	3.20400475052736
3	WGN55	2.82000000000002	0.182120612727542	1114	2.46266191647267	3.17733808352736
4	WGN55	3.17333333350001	0.182120612727543	1114	2.81599524997266	3.53067141702736
5	WGN55	3.42166666650001	0.182120612727543	1114	3.06432858297266	3.77900475002736
6	WGN55	3.81	0.182120612727543	1114	3.45266191647265	4.16733808352735
7	WGN55	3.69500000000003	0.182120612727545	1114	3.33766191647267	4.05233808352738
8	WGN55	3.2783333335	0.182120612727541	1114	2.92099524997266	3.63567141702734
9	WGN55	2.66833333350002	0.182120612727541	1114	2.31099524997267	3.02567141702736
10	WGN55	3.4	0.182120612727542	1114	3.04266191647265	3.75733808352735
11	WGN55	3.43333333349999	0.182120612727541	1114	3.07599524997265	3.79067141702734
12	WGN55	3.025	0.182120612727544	1114	2.66766191647265	3.38233808352736
13	WGN55	3.3966666665	0.182120612727542	1114	3.03932858297266	3.75400475002735
14	WGN55	2.84333333350001	0.18212061272754	1114	2.48599524997267	3.20067141702736
15	WGN55	2.9666666665	0.182120612727542	1114	2.60932858297266	3.32400475002735
16	WGN55	2.67166666700001	0.182120612727541	1114	2.31432858347266	3.02900475052735
17	WGN55	3.2783333335	0.182120612727542	1114	2.92099524997266	3.63567141702735
18	WGN55	2.88500000000001	0.18212061272754	1114	2.52766191647267	3.24233808352736
19	WGN55	3.58	0.182120612727542	1114	3.22266191647266	3.93733808352735
20	WGN55	3.37166666650002	0.182120612727545	1114	3.01432858297266	3.72900475002737
21	WGN55	3.67000000000001	0.182120612727545	1114	3.31266191647266	4.02733808352737
22	WGN55	3.31500000000002	0.182120612727545	1114	2.95766191647266	3.67233808352737
23	WGN55	3.60833333350001	0.182120612727543	1114	3.25099524997266	3.96567141702736
24	WGN55	2.92000000000001	0.182120612727543	1114	2.56266191647266	3.27733808352736
25	WGN55	3.19166666650002	0.182120612727543	1114	2.83432858297267	3.54900475002737
26	WGN55	3.185	0.182120612727542	1114	2.82766191647266	3.54233808352735
27	WGN55	3.58833333350001	0.182120612727543	1114	3.23099524997266	3.94567141702735
28	WGN55	3.40500000000001	0.182120612727542	1114	3.04766191647266	3.76233808352735
29	WGN55	3.4933333335	0.182120612727541	1114	3.13599524997266	3.85067141702735
30	WGN55	3.5183333335	0.182120612727543	1114	3.16099524997265	3.87567141702735
31	WGN55	3.49500000000001	0.182120612727542	1114	3.13766191647266	3.85233808352736
32	WGN55	3.175	0.182120612727544	1114	2.81766191647265	3.53233808352736
33	WGN55	3.2933333335	0.182120612727541	1114	2.93599524997266	3.65067141702735
34	WGN55	3.00166666650001	0.182120612727542	1114	2.64432858297266	3.35900475002735
35	WGN55	3.01333333350001	0.18212061272754	1114	2.65599524997267	3.37067141702736
36	WGN55	3.455	0.182120612727542	1114	3.09766191647266	3.81233808352735
37	WGN55	3.04833333350001	0.182120612727542	1114	2.69099524997266	3.40567141702735
38	WGN55	2.89166666700001	0.182120612727542	1114	2.53432858347266	3.24900475052735
40	WGN55	3.483333333	0.182120612727541	1114	3.12599524947265	3.84067141652734
41	WGN55	3.13333333350001	0.182120612727542	1114	2.77599524997266	3.49067141702735
42	WGN55	3.30000000000001	0.182120612727543	1114	2.94266191647266	3.65733808352735
43	WGN55	3.301666667	0.182120612727541	1114	2.94432858347266	3.65900475052735
44	WGN55	3.0083333335	0.182120612727542	1114	2.65099524997266	3.36567141702735
45	WGN55	3.18666666650001	0.182120612727542	1114	2.82932858297266	3.54400475002735
46	WGN55	2.50646188341165	0.257615182339463	1114	2.00099622432973	3.01192754249358
47	WGN55	3.36333333350001	0.182120612727543	1114	3.00599524997266	3.72067141702736
48	WGN55	3.13000000000001	0.182120612727543	1114	2.77266191647266	3.48733808352736
49	WGN55	3.19833333350001	0.182120612727544	1114	2.84099524997266	3.55567141702736
50	WGN55	3.68333333350001	0.182120612727542	1114	3.32599524997266	4.04067141702735
52	WGN55	3.258333333	0.182120612727541	1114	2.90099524947266	3.61567141652735
53	WGN55	2.62166666650001	0.182120612727542	1114	2.26432858297266	2.97900475002736
54	WGN55	2.835	0.182120612727543	1114	2.47766191647265	3.19233808352735
55	WGN55	3.17166666700001	0.182120612727543	1114	2.81432858347266	3.52900475052736
56	WGN55	2.97500000000001	0.182120612727541	1114	2.61766191647266	3.33233808352735
57	WGN55	2.91353811658835	0.257615182339461	1114	2.40807245750642	3.41900377567027
58	WGN55	3.26166666650001	0.182120612727543	1114	2.90432858297266	3.61900475002736
59	WGN55	2.99666666650001	0.182120612727542	1114	2.63932858297266	3.35400475002735
60	WGN55	3.35000000000001	0.182120612727543	1114	2.99266191647266	3.70733808352735
61	WGN55	2.3666666665	0.182120612727543	1114	2.00932858297265	2.72400475002735
62	WGN55	3.10500000000001	0.182120612727542	1114	2.74766191647266	3.46233808352735
63	WGN55	3.22500000000001	0.182120612727543	1114	2.86766191647266	3.58233808352735
64	WGN55	2.9066666665	0.182120612727543	1114	2.54932858297265	3.26400475002735
65	WGN55	2.99833333300001	0.182120612727543	1114	2.64099524947266	3.35567141652735
66	WGN55	2.99666666650002	0.182120612727542	1114	2.63932858297267	3.35400475002736
67	WGN55	2.83312855041167	0.25761518233946	1114	2.32766289132974	3.33859420949359
68	WGN55	2.833333333	0.182120612727543	1114	2.47599524947265	3.19067141652735
69	WGN55	3.18833333350001	0.182120612727542	1114	2.83099524997266	3.54567141702736
70	WGN55	3.06000000000001	0.182120612727542	1114	2.70266191647266	3.41733808352735
71	WGN55	3.05000000000001	0.182120612727543	1114	2.69266191647266	3.40733808352736
72	WGN55	3.15333333350001	0.182120612727542	1114	2.79599524997266	3.51067141702735
73	WGN55	3.1816666665	0.182120612727544	1114	2.82432858297265	3.53900475002736
74	WGN55	3.38000000000001	0.182120612727543	1114	3.02266191647266	3.73733808352736
75	WGN55	3.45000000000001	0.182120612727543	1114	3.09266191647266	3.80733808352735
76	WGN55	3.55000000000001	0.182120612727542	1114	3.19266191647266	3.90733808352736
77	WGN55	3.24979521641167	0.257615182339461	1114	2.74432955732974	3.75526087549359
78	WGN55	2.75000000000001	0.182120612727542	1114	2.39266191647266	3.10733808352736
80	WGN55	3.1316666665	0.182120612727543	1114	2.77432858297265	3.48900475002735
81	WGN55	3.25166666650001	0.182120612727543	1114	2.89432858297266	3.60900475002736
82	WGN55	3.1333333335	0.182120612727543	1114	2.77599524997266	3.49067141702735
83	WGN55	2.58333333350001	0.182120612727542	1114	2.22599524997266	2.94067141702736
84	WGN55	2.71166666650001	0.182120612727543	1114	2.35432858297266	3.06900475002735
85	WGN55	3.01	0.182120612727543	1114	2.65266191647265	3.36733808352735
86	WGN55	2.85666666650001	0.182120612727542	1114	2.49932858297266	3.21400475002735
87	WGN55	3.21500000000001	0.182120612727543	1114	2.85766191647266	3.57233808352735
88	WGN55	3.28166666650001	0.182120612727543	1114	2.92432858297266	3.63900475002735
89	WGN55	3.27833333350001	0.182120612727543	1114	2.92099524997266	3.63567141702736
90	WGN55	3.036666667	0.182120612727542	1114	2.67932858347266	3.39400475052735
91	WGN55	3.27166666650001	0.182120612727543	1114	2.91432858297266	3.62900475002735
92	WGN55	3.26166666650001	0.182120612727542	1114	2.90432858297266	3.61900475002735
93	WGN55	2.9716666665	0.182120612727543	1114	2.61432858297266	3.32900475002735
94	WGN55	3.27000000000001	0.182120612727543	1114	2.91266191647266	3.62733808352735
95	WGN55	3.1566666665	0.182120612727543	1114	2.79932858297266	3.51400475002735
96	WGN55	2.7666666665	0.182120612727543	1114	2.40932858297265	3.12400475002735
97	WGN55	3.39833333300001	0.182120612727543	1114	3.04099524947266	3.75567141652736
98	WGN55	3.13333333300001	0.182120612727543	1114	2.77599524947266	3.49067141652735
99	WGN55	3.05833333300001	0.182120612727543	1114	2.70099524947266	3.41567141652735
100	WGN55	3.04166666700001	0.182120612727543	1114	2.68432858347266	3.39900475052735
101	WGN55	2.9033333335	0.182120612727543	1114	2.54599524997266	3.26067141702735
102	WGN55	3.0183333335	0.182120612727542	1114	2.66099524997266	3.37567141702735
103	WGN55	3.17833333350001	0.182120612727543	1114	2.82099524997266	3.53567141702735
104	WGN55	3.45979521641167	0.257615182339462	1114	2.95432955732974	3.96526087549359
105	WGN55	2.9416666665	0.182120612727543	1114	2.58432858297265	3.29900475002735
106	WGN55	3.43	0.182120612727543	1114	3.07266191647266	3.78733808352735
107	WGN55	3.461666667	0.182120612727542	1114	3.10432858347266	3.81900475052735
108	WGN55	3.0266666665	0.182120612727543	1114	2.66932858297265	3.38400475002735
109	WGN55	3.00000000000001	0.182120612727543	1114	2.64266191647266	3.35733808352735
110	WGN55	2.9533333335	0.182120612727543	1114	2.59599524997266	3.31067141702735
111	WGN55	3.7533333335	0.182120612727542	1114	3.39599524997265	4.11067141702735
112	WGN55	3.4533333335	0.182120612727543	1114	3.09599524997266	3.81067141702735
113	WGN55	3.601666667	0.182120612727543	1114	3.24432858347266	3.95900475052735
114	WGN55	3.821666667	0.182120612727542	1114	3.46432858347266	4.17900475052735
115	WGN55	2.94	0.182120612727543	1114	2.58266191647266	3.29733808352735
116	WGN55	2.858333333	0.182120612727543	1114	2.50099524947265	3.21567141652735
117	WGN55	2.85000000000001	0.182120612727543	1114	2.49266191647266	3.20733808352735
118	WGN55	3.10166666700001	0.182120612727543	1114	2.74432858347266	3.45900475052735
119	WGN55	3.42166666650001	0.182120612727542	1114	3.06432858297266	3.77900475002735
120	WGN55	3.36646188341167	0.257615182339461	1114	2.86099622432974	3.87192754249359
121	WGN55	3.21666666650001	0.182120612727542	1114	2.85932858297266	3.57400475002735
122	WGN55	3.5166666665	0.182120612727543	1114	3.15932858297266	3.87400475002735
123	WGN55	2.97333333350001	0.182120612727543	1114	2.61599524997266	3.33067141702735
124	WGN55	3.4516666665	0.182120612727543	1114	3.09432858297266	3.80900475002735
125	WGN55	3.1	0.182120612727543	1114	2.74266191647266	3.45733808352735
126	WGN55	3.26500000000001	0.182120612727543	1114	2.90766191647266	3.62233808352735
128	WGN55	3.74166666650001	0.182120612727543	1114	3.38432858297266	4.09900475002735
129	WGN55	3.41000000000001	0.182120612727543	1114	3.05266191647266	3.76733808352735
130	WGN55	3.24833333350001	0.182120612727543	1114	2.89099524997266	3.60567141702735
1	WGN63	3.02999999999998	0.182120612727543	1114	2.67266191647263	3.38733808352733
2	WGN63	3.036666667	0.182120612727543	1114	2.67932858347265	3.39400475052735
3	WGN63	3.1033333335	0.182120612727543	1114	2.74599524997265	3.46067141702735
4	WGN63	2.825	0.182120612727542	1114	2.46766191647266	3.18233808352735
5	WGN63	3.17999999999999	0.182120612727541	1114	2.82266191647265	3.53733808352734
6	WGN63	3.04999999999999	0.182120612727541	1114	2.69266191647265	3.40733808352734
7	WGN63	3.23333333300002	0.182120612727544	1114	2.87599524947267	3.59067141652737
8	WGN63	3.145	0.182120612727543	1114	2.78766191647265	3.50233808352735
9	WGN63	3.94833333300001	0.182120612727543	1114	3.59099524947266	4.30567141652736
10	WGN63	2.9866666665	0.182120612727541	1114	2.62932858297265	3.34400475002735
12	WGN63	3.40333333349999	0.182120612727542	1114	3.04599524997265	3.76067141702734
13	WGN63	2.8083333335	0.182120612727544	1114	2.45099524997264	3.16567141702735
14	WGN63	2.90312855041166	0.257615182339461	1114	2.39766289132974	3.40859420949359
16	WGN63	3.011666667	0.182120612727541	1114	2.65432858347266	3.36900475052735
17	WGN63	3.345	0.182120612727541	1114	2.98766191647265	3.70233808352735
18	WGN63	3.096666667	0.182120612727542	1114	2.73932858347266	3.45400475052735
19	WGN63	2.84166666700001	0.182120612727541	1114	2.48432858347266	3.19900475052735
20	WGN63	3.33	0.182120612727543	1114	2.97266191647265	3.68733808352735
21	WGN63	2.86833333350002	0.182120612727544	1114	2.51099524997267	3.22567141702737
22	WGN63	3.235	0.182120612727544	1114	2.87766191647265	3.59233808352735
23	WGN63	3.4983333335	0.182120612727542	1114	3.14099524997265	3.85567141702735
24	WGN63	2.781666667	0.182120612727542	1114	2.42432858347265	3.13900475052735
25	WGN63	3.575	0.182120612727542	1114	3.21766191647265	3.93233808352735
26	WGN63	3.108333333	0.182120612727543	1114	2.75099524947265	3.46567141652735
27	WGN63	2.8033333335	0.182120612727542	1114	2.44599524997265	3.16067141702735
28	WGN63	3.0016666665	0.182120612727543	1114	2.64432858297265	3.35900475002735
29	WGN63	3.25666666700001	0.182120612727543	1114	2.89932858347266	3.61400475052736
30	WGN63	3.3716666665	0.182120612727542	1114	3.01432858297265	3.72900475002735
31	WGN63	3.435	0.182120612727542	1114	3.07766191647265	3.79233808352735
32	WGN63	2.93	0.182120612727543	1114	2.57266191647265	3.28733808352735
33	WGN63	2.8	0.182120612727543	1114	2.44266191647265	3.15733808352735
34	WGN63	3.3983333335	0.182120612727542	1114	3.04099524997265	3.75567141702735
35	WGN63	2.8933333335	0.182120612727543	1114	2.53599524997265	3.25067141702735
36	WGN63	2.35666666700001	0.182120612727542	1114	1.99932858347266	2.71400475052735
37	WGN63	3.3616666665	0.182120612727542	1114	3.00432858297265	3.71900475002734
38	WGN63	3.70646188341166	0.25761518233946	1114	3.20099622432974	4.21192754249358
39	WGN63	3.62312855041166	0.257615182339461	1114	3.11766289132973	4.12859420949358
40	WGN63	2.90333333300001	0.182120612727541	1114	2.54599524947266	3.26067141652735
41	WGN63	2.99	0.182120612727542	1114	2.63266191647266	3.34733808352735
42	WGN63	3.44166666650001	0.182120612727544	1114	3.08432858297266	3.79900475002736
43	WGN63	3.14666666650001	0.182120612727543	1114	2.78932858297266	3.50400475002736
44	WGN63	3.1166666665	0.182120612727541	1114	2.75932858297266	3.47400475002735
45	WGN63	3.3883333335	0.182120612727542	1114	3.03099524997266	3.74567141702735
46	WGN63	3.22333333350001	0.182120612727544	1114	2.86599524997266	3.58067141702736
47	WGN63	3.1483333335	0.182120612727544	1114	2.79099524997265	3.50567141702735
48	WGN63	3.39666666700001	0.182120612727544	1114	3.03932858347266	3.75400475052736
49	WGN63	3.0216666665	0.182120612727542	1114	2.66432858297266	3.37900475002735
50	WGN63	2.825	0.182120612727542	1114	2.46766191647266	3.18233808352735
51	WGN63	3.66333333300001	0.182120612727543	1114	3.30599524947266	4.02067141652735
52	WGN63	3.1383333335	0.182120612727542	1114	2.78099524997265	3.49567141702735
53	WGN63	3.626666667	0.182120612727542	1114	3.26932858347265	3.98400475052734
54	WGN63	3.1516666665	0.182120612727543	1114	2.79432858297265	3.50900475002735
55	WGN63	3.09646188341166	0.257615182339462	1114	2.59099622432974	3.60192754249359
56	WGN63	3.1166666665	0.182120612727543	1114	2.75932858297265	3.47400475002735
57	WGN63	3.65	0.182120612727541	1114	3.29266191647265	4.00733808352734
58	WGN63	3.3883333335	0.182120612727543	1114	3.03099524997265	3.74567141702735
59	WGN63	3.3166666665	0.182120612727542	1114	2.95932858297265	3.67400475002735
60	WGN63	3.4266666665	0.182120612727542	1114	3.06932858297265	3.78400475002735
61	WGN63	3.11166666650001	0.182120612727542	1114	2.75432858297266	3.46900475002735
62	WGN63	3.015	0.182120612727543	1114	2.65766191647265	3.37233808352735
63	WGN63	3.37353811658834	0.257615182339461	1114	2.86807245750642	3.87900377567027
64	WGN63	2.865	0.182120612727544	1114	2.50766191647265	3.22233808352735
65	WGN63	3.2166666665	0.182120612727543	1114	2.85932858297265	3.57400475002735
66	WGN63	3.29	0.182120612727541	1114	2.93266191647265	3.64733808352735
67	WGN63	2.84	0.182120612727543	1114	2.48266191647265	3.19733808352735
68	WGN63	3.0916666665	0.182120612727543	1114	2.73432858297265	3.44900475002735
69	WGN63	2.698333333	0.182120612727543	1114	2.34099524947265	3.05567141652735
70	WGN63	2.92166666650001	0.182120612727542	1114	2.56432858297266	3.27900475002735
72	WGN63	2.845	0.182120612727542	1114	2.48766191647265	3.20233808352735
73	WGN63	3.24	0.182120612727542	1114	2.88266191647265	3.59733808352735
74	WGN63	3.0583333335	0.182120612727543	1114	2.70099524997265	3.41567141702735
75	WGN63	3.455	0.182120612727542	1114	3.09766191647265	3.81233808352735
76	WGN63	3.44	0.182120612727543	1114	3.08266191647265	3.79733808352735
77	WGN63	3.1933333335	0.182120612727542	1114	2.83599524997265	3.55067141702735
78	WGN63	3.221666667	0.182120612727543	1114	2.86432858347265	3.57900475052735
79	WGN63	3.215	0.182120612727542	1114	2.85766191647265	3.57233808352735
80	WGN63	2.7233333335	0.182120612727542	1114	2.36599524997266	3.08067141702735
81	WGN63	3.7983333335	0.182120612727542	1114	3.44099524997265	4.15567141702735
82	WGN63	3.125	0.182120612727543	1114	2.76766191647265	3.48233808352735
83	WGN63	3.1566666665	0.182120612727543	1114	2.79932858297265	3.51400475002735
84	WGN63	3.02	0.182120612727543	1114	2.66266191647265	3.37733808352735
85	WGN63	3.25	0.182120612727543	1114	2.89266191647265	3.60733808352735
86	WGN63	2.9083333335	0.182120612727542	1114	2.55099524997266	3.26567141702735
87	WGN63	2.65500000000001	0.182120612727542	1114	2.29766191647266	3.01233808352735
88	WGN63	2.955	0.182120612727542	1114	2.59766191647266	3.31233808352735
89	WGN63	3.455	0.182120612727542	1114	3.09766191647265	3.81233808352735
90	WGN63	2.88646188341166	0.257615182339462	1114	2.38099622432973	3.39192754249359
91	WGN63	3.1466666665	0.182120612727543	1114	2.78932858297265	3.50400475002735
92	WGN63	3.355	0.182120612727543	1114	2.99766191647266	3.71233808352735
93	WGN63	3.24	0.182120612727543	1114	2.88266191647265	3.59733808352735
94	WGN63	3.065	0.182120612727543	1114	2.70766191647265	3.42233808352735
95	WGN63	3.2583333335	0.182120612727542	1114	2.90099524997265	3.61567141702735
96	WGN63	3.1766666665	0.182120612727542	1114	2.81932858297265	3.53400475002735
97	WGN63	3.08	0.182120612727543	1114	2.72266191647265	3.43733808352735
98	WGN63	3.45353811658834	0.257615182339461	1114	2.94807245750642	3.95900377567027
99	WGN63	3.57687144958834	0.257615182339461	1114	3.07140579050642	4.08233710867027
100	WGN63	3.023333333	0.182120612727543	1114	2.66599524947265	3.38067141652735
101	WGN63	3.37353811658834	0.257615182339461	1114	2.86807245750642	3.87900377567027
102	WGN63	3.04	0.182120612727543	1114	2.68266191647265	3.39733808352735
103	WGN63	2.9616666665	0.182120612727543	1114	2.60432858297265	3.31900475002735
105	WGN63	2.998333333	0.182120612727543	1114	2.64099524947265	3.35567141652735
106	WGN63	2.755	0.182120612727542	1114	2.39766191647265	3.11233808352735
107	WGN63	2.9433333335	0.182120612727543	1114	2.58599524997265	3.30067141702735
109	WGN63	2.711666667	0.182120612727543	1114	2.35432858347265	3.06900475052735
110	WGN63	2.60312855041166	0.257615182339462	1114	2.09766289132974	3.10859420949359
111	WGN63	3.201666667	0.182120612727543	1114	2.84432858347266	3.55900475052735
112	WGN63	3.161666667	0.182120612727543	1114	2.80432858347265	3.51900475052735
114	WGN63	3.195	0.182120612727542	1114	2.83766191647265	3.55233808352735
115	WGN63	3.33	0.182120612727543	1114	2.97266191647265	3.68733808352735
116	WGN63	3.4083333335	0.182120612727543	1114	3.05099524997265	3.76567141702735
117	WGN63	2.905	0.182120612727543	1114	2.54766191647265	3.26233808352735
118	WGN63	2.865	0.182120612727543	1114	2.50766191647265	3.22233808352735
119	WGN63	3.3583333335	0.182120612727543	1114	3.00099524997265	3.71567141702735
121	WGN63	3.2816666665	0.182120612727543	1114	2.92432858297265	3.63900475002735
122	WGN63	3.0583333335	0.182120612727543	1114	2.70099524997265	3.41567141702735
123	WGN63	3.2416666665	0.182120612727543	1114	2.88432858297266	3.59900475002735
124	WGN63	3.2416666665	0.182120612727543	1114	2.88432858297265	3.59900475002735
125	WGN63	3.06979521641166	0.257615182339462	1114	2.56432955732974	3.57526087549359
126	WGN63	3.11	0.182120612727543	1114	2.75266191647265	3.46733808352735
127	WGN63	3.5333333335	0.182120612727543	1114	3.17599524997265	3.89067141702735
128	WGN63	3.143333333	0.182120612727543	1114	2.78599524947266	3.50067141652735
129	WGN63	3.501666667	0.182120612727543	1114	3.14432858347266	3.85900475052735
130	WGN63	3.0883333335	0.182120612727543	1114	2.73099524997266	3.44567141702735
