plantID3	famID	emmean	SE	df	lower.CL	upper.CL
1	WGN07	1.90333333350006	0.150834325684257	958	1.60732951597547	2.19933715102466
2	WGN07	2.14166666649996	0.150834325684303	958	1.84566284897527	2.43767048402464
3	WGN07	2.14666666700014	0.150834325684291	958	1.85066284947548	2.44267048452481
4	WGN07	1.7966666669999	0.150834325684297	958	1.50066284947522	2.09267048452457
5	WGN07	2.0716666665	0.150834325684302	958	1.77566284897531	2.36767048402468
6	WGN07	1.44666666700003	0.150834325684294	958	1.15066284947537	1.7426704845247
7	WGN07	1.9266666665	0.1508343256843	958	1.63066284897532	2.22267048402468
8	WGN07	2.095	0.150834325684299	958	1.79899618247532	2.39100381752467
9	WGN07	2.2783333335	0.150834325684298	958	1.98232951597532	2.57433715102468
10	WGN07	1.9716666665	0.150834325684303	958	1.67566284897532	2.26767048402469
11	WGN07	1.86500434513763	0.21336754971949	958	1.44628261872473	2.28372607155053
12	WGN07	2.07500434513762	0.213367549719501	958	1.6562826187247	2.49372607155054
13	WGN07	2.31833333300002	0.150834325684304	958	2.02232951547533	2.6143371505247
14	WGN07	1.755	0.150834325684304	958	1.45899618247531	2.05100381752468
15	WGN07	2.205	0.150834325684299	958	1.90899618247532	2.50100381752467
16	WGN07	1.9416666665	0.150834325684302	958	1.64566284897532	2.23767048402468
17	WGN07	2.27499999999998	0.150834325684296	958	1.9789961824753	2.57100381752465
18	WGN07	2.19666666650001	0.150834325684301	958	1.90066284897533	2.49267048402469
20	WGN07	1.58500434513765	0.213367549719504	958	1.16628261872472	2.00372607155058
21	WGN07	1.74333333299998	0.150834325684303	958	1.4473295154753	2.03933715052467
22	WGN07	1.63833333350001	0.150834325684298	958	1.34232951597533	1.93433715102468
23	WGN07	1.93167101113765	0.213367549719514	958	1.5129492847247	2.35039273755059
24	WGN07	2.50167101113765	0.213367549719502	958	2.08294928472472	2.92039273755057
25	WGN07	1.82833767813764	0.213367549719512	958	1.40961595172469	2.24705940455058
26	WGN07	1.98	0.150834325684306	958	1.68399618247531	2.2760038175247
27	WGN07	2.13833333350001	0.150834325684305	958	1.84232951597532	2.4343371510247
28	WGN07	1.925	0.150834325684301	958	1.62899618247532	2.22100381752468
29	WGN07	1.985	0.150834325684303	958	1.68899618247531	2.28100381752468
30	WGN07	1.88333333350003	0.150834325684299	958	1.58732951597535	2.17933715102471
31	WGN07	2.06333333300002	0.150834325684304	958	1.76732951547533	2.3593371505247
32	WGN07	2.03	0.150834325684303	958	1.73399618247531	2.32600381752469
33	WGN07	2.115	0.150834325684302	958	1.81899618247532	2.41100381752469
34	WGN07	2.0683333335	0.150834325684302	958	1.77232951597532	2.36433715102468
35	WGN07	2.0483333335	0.150834325684306	958	1.7523295159753	2.34433715102469
36	WGN07	1.885	0.150834325684301	958	1.58899618247532	2.18100381752468
37	WGN07	1.80499999999999	0.150834325684302	958	1.50899618247531	2.10100381752468
38	WGN07	1.92750000000001	0.150834325684301	958	1.63149618247533	2.22350381752469
39	WGN07	1.6816666665	0.150834325684302	958	1.38566284897531	1.97767048402468
40	WGN07	1.56166666649998	0.150834325684301	958	1.2656628489753	1.85767048402467
41	WGN07	1.75833767813766	0.2133675497195	958	1.33961595172474	2.17705940455058
42	WGN07	1.67333333350001	0.150834325684302	958	1.37732951597532	1.96933715102469
44	WGN07	1.37166666700002	0.150834325684298	958	1.07566284947534	1.66767048452469
46	WGN07	1.85666666649999	0.150834325684305	958	1.5606628489753	2.15267048402468
47	WGN07	1.90833767813766	0.213367549719508	958	1.48961595172472	2.32705940455059
48	WGN07	2.29166666649999	0.150834325684299	958	1.99566284897531	2.58767048402467
49	WGN07	2.05833767813764	0.2133675497195	958	1.63961595172472	2.47705940455056
50	WGN07	2.00500000000001	0.150834325684303	958	1.70899618247533	2.3010038175247
51	WGN07	1.9516666665	0.150834325684304	958	1.65566284897532	2.24767048402469
52	WGN07	1.625	0.150834325684303	958	1.32899618247532	1.92100381752469
53	WGN07	2.07166666650001	0.150834325684303	958	1.77566284897532	2.36767048402469
54	WGN07	1.71833333349999	0.150834325684303	958	1.42232951597531	2.01433715102468
55	WGN07	2.04333333350001	0.150834325684299	958	1.74732951597533	2.33933715102468
56	WGN07	2.40000000000001	0.150834325684306	958	2.10399618247532	2.6960038175247
57	WGN07	2.08666666650001	0.150834325684304	958	1.79066284897533	2.3826704840247
58	WGN07	2.3033333335	0.150834325684301	958	2.00732951597532	2.59933715102468
59	WGN07	1.8433333335	0.1508343256843	958	1.54732951597532	2.13933715102468
60	WGN07	1.9866666665	0.150834325684302	958	1.69066284897532	2.28267048402469
61	WGN07	1.985	0.150834325684303	958	1.68899618247531	2.28100381752468
63	WGN07	1.78999999999999	0.150834325684301	958	1.49399618247531	2.08600381752468
64	WGN07	2.00833767813764	0.213367549719502	958	1.58961595172472	2.42705940455057
66	WGN07	1.895	0.150834325684302	958	1.59899618247532	2.19100381752469
67	WGN07	1.61833333299999	0.150834325684304	958	1.32232951547531	1.91433715052468
68	WGN07	1.62999999999999	0.150834325684302	958	1.3339961824753	1.92600381752467
69	WGN07	1.93167101113763	0.213367549719499	958	1.51294928472471	2.35039273755054
71	WGN07	1.64000000000001	0.150834325684299	958	1.34399618247533	1.93600381752469
73	WGN07	2.01999999999999	0.150834325684302	958	1.72399618247531	2.31600381752468
74	WGN07	2.27000000000001	0.1508343256843	958	1.97399618247533	2.56600381752469
75	WGN07	2.12166666700001	0.150834325684302	958	1.82566284947532	2.41767048452469
76	WGN07	1.88	0.150834325684301	958	1.58399618247532	2.17600381752468
77	WGN07	1.905	0.150834325684304	958	1.60899618247531	2.20100381752469
78	WGN07	1.846666667	0.150834325684299	958	1.55066284947533	2.14267048452468
79	WGN07	1.70833333350001	0.1508343256843	958	1.41232951597533	2.00433715102469
80	WGN07	1.7466666665	0.150834325684303	958	1.45066284897531	2.04267048402468
81	WGN07	1.77999999999999	0.150834325684303	958	1.48399618247531	2.07600381752468
82	WGN07	2.03	0.150834325684303	958	1.73399618247532	2.32600381752469
83	WGN07	1.79333767813765	0.21336754971951	958	1.37461595172471	2.21205940455059
84	WGN07	1.8833333335	0.1508343256843	958	1.58732951597533	2.17933715102468
85	WGN07	1.9266666665	0.150834325684298	958	1.63066284897532	2.22267048402468
86	WGN07	2.015	0.1508343256843	958	1.71899618247532	2.31100381752467
87	WGN07	1.835	0.150834325684306	958	1.53899618247531	2.1310038175247
88	WGN07	2.17000000000001	0.150834325684303	958	1.87399618247532	2.46600381752469
89	WGN07	1.89	0.1508343256843	958	1.59399618247532	2.18600381752468
90	WGN07	1.92833333349998	0.150834325684304	958	1.6323295159753	2.22433715102467
91	WGN07	2.08999999999999	0.150834325684299	958	1.79399618247531	2.38600381752466
92	WGN07	2.06832898886236	0.213367549719505	958	1.64960726244943	2.48705071527529
93	WGN07	1.77500434513765	0.213367549719505	958	1.35628261872472	2.19372607155058
94	WGN07	1.6333333335	0.150834325684303	958	1.33732951597531	1.92933715102468
95	WGN07	1.951666667	0.150834325684298	958	1.65566284947532	2.24767048452467
96	WGN07	1.63083333349999	0.150834325684299	958	1.33482951597532	1.92683715102467
97	WGN07	1.97167101113764	0.213367549719503	958	1.55294928472471	2.39039273755057
98	WGN07	1.866666667	0.150834325684301	958	1.57066284947532	2.16267048452468
99	WGN07	1.885	0.150834325684303	958	1.58899618247532	2.18100381752469
100	WGN07	2.11500000000002	0.1508343256843	958	1.81899618247534	2.4110038175247
101	WGN07	1.87833767813763	0.213367549719505	958	1.4596159517247	2.29705940455056
102	WGN07	2.28166666699999	0.150834325684296	958	1.98566284947532	2.57767048452466
103	WGN07	1.76166666650001	0.150834325684302	958	1.46566284897532	2.05767048402469
104	WGN07	2.28666666650001	0.150834325684304	958	1.99066284897532	2.5826704840247
105	WGN07	1.685	0.150834325684301	958	1.38899618247532	1.98100381752468
106	WGN07	1.55167101113763	0.213367549719505	958	1.1329492847247	1.97039273755056
107	WGN07	1.65333333349999	0.150834325684305	958	1.3573295159753	1.94933715102468
108	WGN07	2.12333333350001	0.1508343256843	958	1.82732951597533	2.41933715102469
109	WGN07	2.28166232186234	0.213367549719499	958	1.86294059544942	2.70038404827525
110	WGN07	2.1583333335	0.1508343256843	958	1.86232951597532	2.45433715102468
112	WGN07	2.1116666665	0.150834325684302	958	1.81566284897532	2.40767048402468
113	WGN07	1.9641666665	0.150834325684302	958	1.66816284897532	2.26017048402469
114	WGN07	2.32833333349999	0.1508343256843	958	2.03232951597531	2.62433715102467
115	WGN07	2.22333333350001	0.150834325684301	958	1.92732951597532	2.51933715102469
116	WGN07	2.26833333350001	0.1508343256843	958	1.97232951597533	2.56433715102468
117	WGN07	1.83000000000001	0.150834325684298	958	1.53399618247533	2.12600381752468
118	WGN07	2.59499565486237	0.213367549719505	958	2.17627392844944	3.01371738127531
119	WGN07	2.12166666650001	0.150834325684302	958	1.82566284897532	2.41767048402469
120	WGN07	2.09333333349999	0.150834325684297	958	1.79732951597532	2.38933715102467
121	WGN07	1.7416666665	0.150834325684301	958	1.44566284897532	2.03767048402468
122	WGN07	1.92500434513764	0.213367549719507	958	1.50628261872471	2.34372607155058
123	WGN07	1.79500000000001	0.150834325684301	958	1.49899618247533	2.0910038175247
124	WGN07	1.72167101113761	0.213367549719495	958	1.3029492847247	2.14039273755052
125	WGN07	1.79500000000002	0.150834325684301	958	1.49899618247533	2.0910038175247
126	WGN07	2.19166666700001	0.1508343256843	958	1.89566284947533	2.48767048452469
127	WGN07	2.28000000000001	0.150834325684303	958	1.98399618247533	2.57600381752469
128	WGN07	1.97166232186237	0.213367549719504	958	1.55294059544944	2.3903840482753
129	WGN07	2.03333333350001	0.150834325684304	958	1.73732951597532	2.3293371510247
130	WGN07	1.6583333335	0.150834325684299	958	1.36232951597533	1.95433715102468
1	WGN15	2.0833333335	0.150834325684298	958	1.78732951597532	2.37933715102467
2	WGN15	1.84167101113766	0.213367549719502	958	1.42294928472473	2.26039273755058
3	WGN15	2.33166666649999	0.150834325684298	958	2.03566284897532	2.62767048402467
4	WGN15	1.70833767813767	0.213367549719505	958	1.28961595172474	2.1270594045506
5	WGN15	2.035	0.150834325684305	958	1.73899618247531	2.33100381752469
7	WGN15	1.89999999999999	0.1508343256843	958	1.60399618247531	2.19600381752467
8	WGN15	2.1083333335	0.150834325684298	958	1.81232951597532	2.40433715102467
9	WGN15	1.94666666700001	0.150834325684298	958	1.65066284947534	2.24267048452469
10	WGN15	1.6883333335	0.1508343256843	958	1.39232951597532	1.98433715102468
11	WGN15	1.7216666665	0.150834325684301	958	1.42566284897532	2.01767048402468
12	WGN15	1.8933333335	0.1508343256843	958	1.59732951597532	2.18933715102468
13	WGN15	1.82500434513764	0.213367549719503	958	1.40628261872471	2.24372607155057
14	WGN15	1.885	0.150834325684301	958	1.58899618247532	2.18100381752468
15	WGN15	1.956666667	0.150834325684299	958	1.66066284947532	2.25267048452468
16	WGN15	1.65166666649999	0.150834325684302	958	1.35566284897531	1.94767048402468
17	WGN15	1.86833767813765	0.213367549719498	958	1.44961595172474	2.28705940455057
18	WGN15	1.80167101113764	0.213367549719505	958	1.38294928472472	2.22039273755057
19	WGN15	1.24499999999998	0.150834325684304	958	0.948996182475292	1.54100381752466
20	WGN15	2.03499999999999	0.150834325684302	958	1.73899618247531	2.33100381752468
21	WGN15	2.05	0.150834325684298	958	1.75399618247532	2.34600381752468
22	WGN15	1.53333333349999	0.150834325684302	958	1.23732951597531	1.82933715102467
23	WGN15	1.738333333	0.150834325684302	958	1.44232951547531	2.03433715052468
24	WGN15	1.81333333350001	0.150834325684298	958	1.51732951597533	2.10933715102468
25	WGN15	1.90166666699999	0.150834325684305	958	1.6056628494753	2.19767048452468
26	WGN15	1.64166666700002	0.150834325684298	958	1.34566284947535	1.9376704845247
27	WGN15	2.1041666665	0.150834325684303	958	1.80816284897532	2.40017048402469
28	WGN15	1.79833333299999	0.150834325684304	958	1.5023295154753	2.09433715052468
29	WGN15	1.64	0.150834325684299	958	1.34399618247532	1.93600381752468
30	WGN15	1.68500434513763	0.213367549719509	958	1.26628261872469	2.10372607155056
31	WGN15	1.665	0.150834325684299	958	1.36899618247533	1.96100381752468
32	WGN15	1.925	0.150834325684301	958	1.62899618247532	2.22100381752468
33	WGN15	1.60999999999999	0.150834325684302	958	1.31399618247531	1.90600381752468
34	WGN15	1.576666667	0.150834325684301	958	1.28066284947532	1.87267048452468
35	WGN15	1.75666666649999	0.1508343256843	958	1.46066284897531	2.05267048402467
36	WGN15	1.86166666650001	0.150834325684303	958	1.56566284897532	2.15767048402469
37	WGN15	2.02833333299999	0.150834325684301	958	1.73232951547531	2.32433715052467
38	WGN15	1.51167101113766	0.213367549719501	958	1.09294928472474	1.93039273755058
39	WGN15	1.778333333	0.150834325684301	958	1.48232951547532	2.07433715052468
40	WGN15	1.65666666650001	0.1508343256843	958	1.36066284897533	1.95267048402469
41	WGN15	1.79333333350001	0.150834325684295	958	1.49732951597534	2.08933715102468
43	WGN15	1.61999999999999	0.150834325684302	958	1.32399618247531	1.91600381752468
44	WGN15	1.8333333335	0.150834325684301	958	1.53732951597532	2.12933715102468
45	WGN15	1.58333333300001	0.150834325684299	958	1.28732951547533	1.87933715052468
46	WGN15	1.78	0.1508343256843	958	1.48399618247533	2.07600381752468
47	WGN15	1.865	0.150834325684303	958	1.56899618247531	2.16100381752468
48	WGN15	1.89833767813761	0.213367549719502	958	1.47961595172469	2.31705940455054
50	WGN15	1.88500000000001	0.150834325684301	958	1.58899618247533	2.18100381752469
51	WGN15	1.60166666650001	0.1508343256843	958	1.30566284897533	1.89767048402469
52	WGN15	1.99	0.1508343256843	958	1.69399618247532	2.28600381752468
53	WGN15	1.38333767813768	0.2133675497195	958	0.964615951724763	1.8020594045506
54	WGN15	1.95166232186236	0.213367549719501	958	1.53294059544944	2.37038404827529
55	WGN15	1.8166666665	0.1508343256843	958	1.52066284897532	2.11267048402468
56	WGN15	1.77833333350001	0.1508343256843	958	1.48232951597533	2.07433715102469
58	WGN15	1.9316666665	0.1508343256843	958	1.63566284897532	2.22767048402468
59	WGN15	2.195	0.150834325684301	958	1.89899618247532	2.49100381752468
60	WGN15	1.745	0.1508343256843	958	1.44899618247532	2.04100381752468
61	WGN15	1.81666666699999	0.1508343256843	958	1.52066284947531	2.11267048452467
62	WGN15	1.81499999999999	0.150834325684302	958	1.51899618247531	2.11100381752468
63	WGN15	1.85166666649999	0.150834325684302	958	1.55566284897531	2.14767048402468
64	WGN15	1.99	0.150834325684303	958	1.69399618247532	2.28600381752469
66	WGN15	1.20166666650001	0.150834325684301	958	0.905662848975328	1.49767048402469
67	WGN15	2.2283333335	0.150834325684304	958	1.93232951597532	2.52433715102469
68	WGN15	1.42999999999999	0.150834325684302	958	1.13399618247531	1.72600381752468
69	WGN15	1.7066666665	0.1508343256843	958	1.41066284897532	2.00267048402468
70	WGN15	1.58000000000001	0.150834325684298	958	1.28399618247534	1.87600381752469
71	WGN15	1.85833767813765	0.213367549719497	958	1.43961595172474	2.27705940455057
72	WGN15	1.97167101113764	0.213367549719504	958	1.55294928472472	2.39039273755057
73	WGN15	2.2733333335	0.150834325684302	958	1.97732951597532	2.56933715102469
74	WGN15	1.84500434513765	0.213367549719504	958	1.42628261872472	2.26372607155058
75	WGN15	1.785	0.150834325684301	958	1.48899618247532	2.08100381752468
77	WGN15	1.83666666650002	0.150834325684299	958	1.54066284897535	2.1326704840247
78	WGN15	1.62499999999999	0.1508343256843	958	1.32899618247531	1.92100381752467
79	WGN15	1.885	0.150834325684301	958	1.58899618247532	2.18100381752468
80	WGN15	1.785	0.150834325684301	958	1.48899618247532	2.08100381752468
81	WGN15	2.2316666665	0.1508343256843	958	1.93566284897532	2.52767048402468
82	WGN15	1.68499565486235	0.213367549719503	958	1.26627392844942	2.10371738127527
83	WGN15	1.87167101113764	0.213367549719506	958	1.45294928472471	2.29039273755058
84	WGN15	1.855	0.150834325684302	958	1.55899618247531	2.15100381752468
85	WGN15	1.885	0.1508343256843	958	1.58899618247532	2.18100381752468
86	WGN15	1.36666666649999	0.150834325684302	958	1.0706628489753	1.66267048402467
87	WGN15	1.518333333	0.150834325684301	958	1.22232951547532	1.81433715052468
88	WGN15	1.93499565486235	0.213367549719508	958	1.51627392844942	2.35371738127529
89	WGN15	1.908333333	0.150834325684303	958	1.61232951547531	2.20433715052468
90	WGN15	1.735	0.1508343256843	958	1.43899618247532	2.03100381752468
91	WGN15	1.5483333335	0.150834325684301	958	1.25232951597532	1.84433715102468
92	WGN15	1.55999999999998	0.150834325684305	958	1.2639961824753	1.85600381752467
93	WGN15	1.80666666650001	0.150834325684299	958	1.51066284897534	2.10267048402469
94	WGN15	1.93499999999999	0.150834325684299	958	1.63899618247531	2.23100381752467
95	WGN15	1.93333333349999	0.150834325684301	958	1.63732951597531	2.22933715102468
96	WGN15	1.52167101113764	0.213367549719507	958	1.1029492847247	1.94039273755057
97	WGN15	1.93833333299999	0.150834325684301	958	1.64232951547531	2.23433715052468
98	WGN15	1.868333333	0.150834325684301	958	1.57232951547531	2.16433715052468
99	WGN15	1.85	0.150834325684301	958	1.55399618247532	2.14600381752468
100	WGN15	1.605	0.150834325684302	958	1.30899618247531	1.90100381752468
101	WGN15	1.7466666665	0.1508343256843	958	1.45066284897532	2.04267048402468
102	WGN15	1.76666666650001	0.150834325684299	958	1.47066284897533	2.06267048402469
103	WGN15	1.73500434513765	0.213367549719504	958	1.31628261872472	2.15372607155058
104	WGN15	1.561666667	0.150834325684301	958	1.26566284947532	1.85767048452468
106	WGN15	1.64833767813765	0.2133675497195	958	1.22961595172473	2.06705940455057
107	WGN15	1.72500434513764	0.213367549719504	958	1.30628261872471	2.14372607155057
108	WGN15	1.86	0.150834325684302	958	1.56399618247532	2.15600381752468
109	WGN15	1.5766666665	0.150834325684301	958	1.28066284897532	1.87267048402468
110	WGN15	1.8833333335	0.150834325684302	958	1.58732951597532	2.17933715102468
111	WGN15	1.74833767813764	0.213367549719506	958	1.32961595172471	2.16705940455057
112	WGN15	1.82499999999999	0.150834325684301	958	1.52899618247531	2.12100381752468
113	WGN15	1.94999999999999	0.150834325684302	958	1.65399618247531	2.24600381752467
114	WGN15	1.798333333	0.1508343256843	958	1.50232951547532	2.09433715052468
115	WGN15	1.6183333335	0.1508343256843	958	1.32232951597533	1.91433715102468
116	WGN15	1.81167101113764	0.213367549719503	958	1.39294928472472	2.23039273755057
117	WGN15	1.8216666665	0.150834325684301	958	1.52566284897532	2.11767048402468
118	WGN15	1.5933333335	0.150834325684301	958	1.29732951597532	1.88933715102468
119	WGN15	1.6283333335	0.150834325684302	958	1.33232951597532	1.92433715102468
120	WGN15	2.33832898886235	0.213367549719505	958	1.91960726244942	2.75705071527528
121	WGN15	1.67166666699999	0.150834325684303	958	1.37566284947531	1.96767048452467
122	WGN15	1.51499565486236	0.213367549719505	958	1.09627392844943	1.93371738127529
123	WGN15	1.64	0.150834325684302	958	1.34399618247532	1.93600381752468
124	WGN15	1.625	0.1508343256843	958	1.32899618247532	1.92100381752468
125	WGN15	2.078333333	0.150834325684301	958	1.78232951547532	2.37433715052468
126	WGN15	1.54499565486236	0.213367549719505	958	1.12627392844943	1.96371738127529
127	WGN15	1.35833333299999	0.150834325684301	958	1.06232951547531	1.65433715052467
128	WGN15	2.09	0.150834325684302	958	1.79399618247532	2.38600381752468
129	WGN15	1.67166666650001	0.1508343256843	958	1.37566284897533	1.96767048402469
130	WGN15	1.77666666649999	0.150834325684301	958	1.48066284897531	2.07267048402467
1	WGN26	1.83833333349999	0.150834325684302	958	1.54232951597531	2.13433715102467
3	WGN26	2.29833767813765	0.213367549719509	958	1.87961595172472	2.71705940455059
4	WGN26	1.82666666650002	0.1508343256843	958	1.53066284897534	2.12267048402469
5	WGN26	2.116666667	0.150834325684301	958	1.82066284947532	2.41267048452468
6	WGN26	1.83833333300001	0.150834325684302	958	1.54232951547533	2.13433715052469
7	WGN26	2.26166666699999	0.150834325684299	958	1.96566284947531	2.55767048452467
8	WGN26	1.86666666650001	0.150834325684304	958	1.57066284897533	2.1626704840247
9	WGN26	2.16167101113764	0.213367549719505	958	1.74294928472471	2.58039273755058
10	WGN26	2.515	0.1508343256843	958	2.21899618247532	2.81100381752468
11	WGN26	2.185	0.150834325684299	958	1.88899618247532	2.48100381752467
12	WGN26	2.075	0.150834325684299	958	1.77899618247532	2.37100381752468
13	WGN26	2.06833333350002	0.150834325684305	958	1.77232951597533	2.36433715102471
14	WGN26	2.2566666665	0.1508343256843	958	1.96066284897532	2.55267048402468
15	WGN26	2.03500000000001	0.150834325684302	958	1.73899618247533	2.3310038175247
17	WGN26	1.94166666650001	0.1508343256843	958	1.64566284897533	2.23767048402469
18	WGN26	2.255	0.150834325684299	958	1.95899618247532	2.55100381752467
19	WGN26	2.1133333335	0.1508343256843	958	1.81732951597532	2.40933715102468
20	WGN26	1.75833767813766	0.213367549719509	958	1.33961595172472	2.1770594045506
21	WGN26	1.69	0.150834325684302	958	1.39399618247532	1.98600381752468
22	WGN26	2.3116666665	0.150834325684301	958	2.01566284897532	2.60767048402468
23	WGN26	2.24833767813768	0.213367549719514	958	1.82961595172473	2.66705940455063
24	WGN26	2.32167101113767	0.213367549719507	958	1.90294928472473	2.7403927375506
25	WGN26	1.88166666700001	0.150834325684297	958	1.58566284947533	2.17767048452468
26	WGN26	2.04167101113765	0.213367549719503	958	1.62294928472472	2.46039273755057
27	WGN26	1.83166666650001	0.150834325684303	958	1.53566284897532	2.12767048402469
28	WGN26	2.11833333300001	0.150834325684303	958	1.82232951547533	2.4143371505247
29	WGN26	2.02499565486237	0.213367549719506	958	1.60627392844943	2.4437173812753
30	WGN26	2.06832898886236	0.213367549719505	958	1.64960726244943	2.48705071527529
31	WGN26	1.79000000000001	0.1508343256843	958	1.49399618247533	2.08600381752469
32	WGN26	2.00167101113766	0.213367549719508	958	1.58294928472472	2.42039273755059
33	WGN26	2.37832898886236	0.213367549719504	958	1.95960726244943	2.79705071527528
34	WGN26	2.47333333300001	0.150834325684301	958	2.17732951547533	2.76933715052469
35	WGN26	2.10833333350001	0.150834325684301	958	1.81232951597533	2.40433715102469
36	WGN26	2.32333333300002	0.150834325684302	958	2.02732951547534	2.6193371505247
38	WGN26	1.92666666700001	0.150834325684304	958	1.63066284947532	2.2226704845247
39	WGN26	2.19166666650001	0.150834325684302	958	1.89566284897533	2.48767048402469
40	WGN26	1.96000000000001	0.150834325684302	958	1.66399618247532	2.25600381752469
41	WGN26	1.83500000000001	0.150834325684301	958	1.53899618247533	2.13100381752469
42	WGN26	2.34666666650002	0.150834325684302	958	2.05066284897533	2.6426704840247
43	WGN26	1.57833333350002	0.150834325684299	958	1.28232951597534	1.87433715102469
44	WGN26	1.96166666700001	0.1508343256843	958	1.66566284947533	2.25767048452468
45	WGN26	2.2566666665	0.1508343256843	958	1.96066284897532	2.55267048402468
46	WGN26	2.18500000000001	0.1508343256843	958	1.88899618247533	2.48100381752469
47	WGN26	1.96500434513766	0.213367549719507	958	1.54628261872472	2.38372607155059
48	WGN26	1.745	0.150834325684301	958	1.44899618247532	2.04100381752468
49	WGN26	2.04500434513765	0.213367549719505	958	1.62628261872472	2.46372607155058
50	WGN26	2.3916666665	0.150834325684301	958	2.09566284897532	2.68767048402468
51	WGN26	2.00000000000001	0.150834325684301	958	1.70399618247533	2.29600381752469
52	WGN26	1.98666666700001	0.1508343256843	958	1.69066284947533	2.28267048452468
53	WGN26	1.86666666650001	0.1508343256843	958	1.57066284897533	2.16267048402469
54	WGN26	1.9833333335	0.1508343256843	958	1.68732951597532	2.27933715102468
55	WGN26	1.85666666700002	0.150834325684302	958	1.56066284947533	2.1526704845247
56	WGN26	2.09500000000001	0.150834325684301	958	1.79899618247533	2.39100381752469
57	WGN26	1.90333333350001	0.150834325684303	958	1.60732951597533	2.1993371510247
58	WGN26	2.02666666650001	0.150834325684301	958	1.73066284897533	2.32267048402469
59	WGN26	1.80166232186237	0.213367549719507	958	1.38294059544943	2.2203840482753
60	WGN26	1.75000000000001	0.150834325684303	958	1.45399618247533	2.0460038175247
61	WGN26	1.70833767813765	0.213367549719506	958	1.28961595172471	2.12705940455058
62	WGN26	2.01333333300001	0.150834325684304	958	1.71732951547532	2.3093371505247
64	WGN26	2.36833333350003	0.150834325684303	958	2.07232951597534	2.66433715102472
65	WGN26	1.94166232186237	0.213367549719508	958	1.52294059544943	2.3603840482753
66	WGN26	1.42250000000003	0.150834325684301	958	1.12649618247535	1.71850381752471
67	WGN26	1.80833333300001	0.1508343256843	958	1.51232951547533	2.10433715052469
68	WGN26	2.01666666700001	0.150834325684299	958	1.72066284947533	2.31267048452469
69	WGN26	2.06500000000001	0.1508343256843	958	1.76899618247533	2.36100381752468
70	WGN26	2.34166232186237	0.213367549719507	958	1.92294059544944	2.7603840482753
71	WGN26	1.94166666650001	0.150834325684301	958	1.64566284897532	2.23767048402469
72	WGN26	1.64583333350001	0.150834325684299	958	1.34982951597533	1.94183715102469
73	WGN26	2.17000000000001	0.150834325684301	958	1.87399618247533	2.46600381752469
74	WGN26	2.66000000000001	0.150834325684302	958	2.36399618247533	2.9560038175247
75	WGN26	2.075	0.150834325684301	958	1.77899618247532	2.37100381752469
76	WGN26	1.92167101113766	0.213367549719506	958	1.50294928472472	2.34039273755059
77	WGN26	1.71000000000001	0.150834325684299	958	1.41399618247533	2.00600381752469
78	WGN26	2.34167101113766	0.213367549719509	958	1.92294928472473	2.7603927375506
79	WGN26	1.6183333335	0.150834325684302	958	1.32232951597532	1.91433715102469
80	WGN26	2.34333333350001	0.150834325684302	958	2.04732951597533	2.6393371510247
81	WGN26	1.93500434513765	0.213367549719503	958	1.51628261872473	2.35372607155058
82	WGN26	2.03167101113765	0.213367549719505	958	1.61294928472472	2.45039273755058
83	WGN26	2.07333333350001	0.150834325684301	958	1.77732951597533	2.36933715102469
85	WGN26	2.20833767813765	0.213367549719505	958	1.78961595172472	2.62705940455058
86	WGN26	1.95167101113765	0.213367549719505	958	1.53294928472472	2.37039273755058
87	WGN26	1.64000000000001	0.150834325684302	958	1.34399618247532	1.93600381752469
88	WGN26	2.3366666665	0.1508343256843	958	2.04066284897532	2.63267048402468
89	WGN26	2.45833333300001	0.1508343256843	958	2.16232951547533	2.75433715052469
90	WGN26	2.11333333350001	0.1508343256843	958	1.81732951597533	2.40933715102469
91	WGN26	1.95166666650001	0.1508343256843	958	1.65566284897533	2.24767048402469
92	WGN26	1.83333333350001	0.150834325684301	958	1.53732951597533	2.12933715102469
93	WGN26	1.86833333350001	0.1508343256843	958	1.57232951597533	2.16433715102468
94	WGN26	2.18500000000001	0.1508343256843	958	1.88899618247533	2.48100381752468
95	WGN26	2.26000000000001	0.150834325684302	958	1.96399618247533	2.5560038175247
96	WGN26	2.22833767813765	0.213367549719505	958	1.80961595172472	2.64705940455058
97	WGN26	1.9783333335	0.150834325684301	958	1.68232951597532	2.27433715102468
98	WGN26	2.34833333350001	0.150834325684301	958	2.05232951597533	2.64433715102469
99	WGN26	2.22666666650001	0.150834325684301	958	1.93066284897533	2.52267048402469
100	WGN26	2.03833333300001	0.1508343256843	958	1.74232951547533	2.33433715052468
101	WGN26	2.16166666650001	0.150834325684301	958	1.86566284897532	2.45767048402469
102	WGN26	2.54167101113764	0.213367549719503	958	2.12294928472472	2.96039273755057
103	WGN26	1.79166232186236	0.213367549719505	958	1.37294059544943	2.21038404827529
104	WGN26	1.84750000000001	0.150834325684299	958	1.55149618247533	2.14350381752469
105	WGN26	2.18500000000001	0.150834325684303	958	1.88899618247533	2.4810038175247
106	WGN26	2.06832898886237	0.213367549719505	958	1.64960726244944	2.4870507152753
108	WGN26	1.79833767813765	0.213367549719506	958	1.37961595172472	2.21705940455058
109	WGN26	1.79833333300001	0.150834325684301	958	1.50232951547533	2.09433715052469
111	WGN26	2.06500000000001	0.150834325684302	958	1.76899618247532	2.36100381752469
112	WGN26	2.0783333335	0.150834325684302	958	1.78232951597531	2.37433715102468
113	WGN26	1.50666666650001	0.150834325684301	958	1.21066284897533	1.80267048402469
114	WGN26	2.11333333300001	0.150834325684301	958	1.81732951547533	2.40933715052469
115	WGN26	1.87416666650001	0.150834325684301	958	1.57816284897533	2.17017048402469
116	WGN26	2.06166232186236	0.213367549719504	958	1.64294059544943	2.48038404827529
117	WGN26	1.63832898886237	0.213367549719503	958	1.21960726244945	2.0570507152753
118	WGN26	2.23166666700002	0.150834325684302	958	1.93566284947534	2.5276704845247
119	WGN26	2.03250000000001	0.150834325684301	958	1.73649618247532	2.32850381752469
120	WGN26	1.93083333350001	0.150834325684302	958	1.63482951597533	2.2268371510247
121	WGN26	1.713333333	0.150834325684301	958	1.41732951547532	2.00933715052468
122	WGN26	2.145	0.150834325684301	958	1.84899618247532	2.44100381752469
123	WGN26	1.89500434513765	0.213367549719506	958	1.47628261872472	2.31372607155058
125	WGN26	1.9475	0.150834325684302	958	1.65149618247532	2.24350381752468
126	WGN26	1.63832898886236	0.213367549719505	958	1.21960726244943	2.05705071527529
127	WGN26	1.50666666650001	0.150834325684302	958	1.21066284897533	1.8026704840247
128	WGN26	2.31499565486237	0.213367549719505	958	1.89627392844944	2.7337173812753
129	WGN26	2.06166666700001	0.150834325684303	958	1.76566284947532	2.35767048452469
130	WGN26	2.25	0.1508343256843	958	1.95399618247532	2.54600381752468
1	WGN36	1.78499565486233	0.213367549719511	958	1.36627392844939	2.20371738127527
2	WGN36	2.088333333	0.150834325684301	958	1.79232951547532	2.38433715052468
4	WGN36	2.02000000000001	0.150834325684304	958	1.72399618247533	2.3160038175247
5	WGN36	1.66500000000001	0.150834325684298	958	1.36899618247533	1.96100381752468
6	WGN36	2.01833333300001	0.150834325684303	958	1.72232951547532	2.31433715052469
7	WGN36	1.97832898886235	0.2133675497195	958	1.55960726244943	2.39705071527527
8	WGN36	1.705	0.150834325684299	958	1.40899618247532	2.00100381752468
9	WGN36	1.93167101113764	0.213367549719503	958	1.51294928472471	2.35039273755056
10	WGN36	1.8516666665	0.150834325684302	958	1.55566284897532	2.14767048402469
11	WGN36	1.83500434513764	0.213367549719504	958	1.41628261872472	2.25372607155057
12	WGN36	1.655	0.150834325684302	958	1.35899618247531	1.95100381752468
13	WGN36	1.82	0.150834325684303	958	1.52399618247532	2.11600381752469
14	WGN36	1.61	0.150834325684302	958	1.31399618247532	1.90600381752468
15	WGN36	1.665	0.150834325684301	958	1.36899618247532	1.96100381752469
16	WGN36	1.921666667	0.150834325684301	958	1.62566284947532	2.21767048452468
17	WGN36	1.6833333335	0.150834325684303	958	1.38732951597531	1.97933715102468
18	WGN36	1.90833767813765	0.213367549719511	958	1.48961595172471	2.32705940455059
19	WGN36	1.81167101113765	0.213367549719506	958	1.39294928472472	2.23039273755058
20	WGN36	2.085	0.150834325684301	958	1.78899618247532	2.38100381752468
21	WGN36	2.01166666699999	0.150834325684302	958	1.71566284947531	2.30767048452468
22	WGN36	1.83166666650001	0.150834325684301	958	1.53566284897533	2.12767048402469
23	WGN36	1.55333333350002	0.150834325684298	958	1.25732951597534	1.84933715102469
24	WGN36	1.8433333335	0.150834325684301	958	1.54732951597532	2.13933715102468
26	WGN36	1.88000000000001	0.150834325684301	958	1.58399618247532	2.17600381752469
27	WGN36	2.15166666700001	0.150834325684303	958	1.85566284947532	2.44767048452469
28	WGN36	1.7783333335	0.1508343256843	958	1.48232951597532	2.07433715102468
30	WGN36	1.646666667	0.150834325684301	958	1.35066284947532	1.94267048452469
31	WGN36	1.73500000000001	0.1508343256843	958	1.43899618247533	2.03100381752468
33	WGN36	1.6533333335	0.1508343256843	958	1.35732951597532	1.94933715102468
34	WGN36	2.47333333350002	0.150834325684303	958	2.17732951597534	2.76933715102471
35	WGN36	2.02	0.150834325684302	958	1.72399618247532	2.31600381752469
36	WGN36	1.7383333335	0.150834325684299	958	1.44232951597533	2.03433715102468
37	WGN36	2.20166232186237	0.213367549719508	958	1.78294059544944	2.62038404827531
38	WGN36	2.15166232186235	0.213367549719503	958	1.73294059544942	2.57038404827527
39	WGN36	1.828333333	0.150834325684302	958	1.53232951547532	2.12433715052469
40	WGN36	1.9016666665	0.150834325684299	958	1.60566284897532	2.19767048402468
41	WGN36	2.20833333350001	0.150834325684302	958	1.91232951597532	2.50433715102469
42	WGN36	2.2	0.1508343256843	958	1.90399618247532	2.49600381752468
43	WGN36	1.8433333335	0.150834325684303	958	1.54732951597531	2.13933715102468
44	WGN36	1.953333333	0.150834325684301	958	1.65732951547532	2.24933715052468
45	WGN36	1.8983333335	0.150834325684303	958	1.60232951597532	2.19433715102469
46	WGN36	1.68333333350001	0.150834325684299	958	1.38732951597533	1.97933715102468
47	WGN36	2.0625	0.150834325684302	958	1.76649618247532	2.35850381752469
48	WGN36	2.37166666700001	0.150834325684302	958	2.07566284947532	2.66767048452469
49	WGN36	1.793333333	0.1508343256843	958	1.49732951547532	2.08933715052468
51	WGN36	1.34000000000001	0.150834325684299	958	1.04399618247534	1.63600381752469
52	WGN36	1.993333333	0.150834325684301	958	1.69732951547532	2.28933715052468
53	WGN36	1.9183333335	0.150834325684302	958	1.62232951597532	2.21433715102469
54	WGN36	2.19499999999999	0.1508343256843	958	1.89899618247531	2.49100381752467
55	WGN36	2.25333333299999	0.1508343256843	958	1.95732951547531	2.54933715052467
56	WGN36	1.57500000000001	0.150834325684301	958	1.27899618247533	1.87100381752469
57	WGN36	1.9666666665	0.1508343256843	958	1.67066284897532	2.26267048402468
58	WGN36	1.5633333335	0.150834325684302	958	1.26732951597532	1.85933715102468
59	WGN36	1.7083333335	0.150834325684301	958	1.41232951597532	2.00433715102468
60	WGN36	2.155	0.150834325684302	958	1.85899618247532	2.45100381752469
62	WGN36	1.8166666665	0.1508343256843	958	1.52066284897532	2.11267048402468
64	WGN36	1.65167101113764	0.213367549719507	958	1.2329492847247	2.07039273755057
65	WGN36	1.4733333335	0.150834325684302	958	1.17732951597531	1.76933715102468
66	WGN36	2.10333333299999	0.150834325684301	958	1.80732951547531	2.39933715052468
68	WGN36	1.85833767813764	0.213367549719503	958	1.43961595172472	2.27705940455057
69	WGN36	2.70500434513763	0.213367549719503	958	2.2862826187247	3.12372607155055
70	WGN36	2.43167101113764	0.213367549719504	958	2.01294928472471	2.85039273755057
71	WGN36	1.5291666665	0.1508343256843	958	1.23316284897533	1.82517048402468
72	WGN36	1.7216666665	0.150834325684301	958	1.42566284897532	2.01767048402468
74	WGN36	2.02333333350001	0.150834325684303	958	1.72732951597532	2.31933715102469
75	WGN36	1.79833767813765	0.213367549719506	958	1.37961595172472	2.21705940455058
76	WGN36	1.8	0.150834325684301	958	1.50399618247532	2.09600381752468
77	WGN36	1.8783333335	0.1508343256843	958	1.58232951597532	2.17433715102468
78	WGN36	1.7916666665	0.1508343256843	958	1.49566284897532	2.08767048402468
79	WGN36	2.4333333335	0.150834325684301	958	2.13732951597532	2.72933715102468
80	WGN36	2.37832898886236	0.213367549719506	958	1.95960726244943	2.79705071527529
81	WGN36	2.225	0.150834325684301	958	1.92899618247532	2.52100381752468
82	WGN36	2.015	0.1508343256843	958	1.71899618247532	2.31100381752468
83	WGN36	2.15167101113765	0.213367549719505	958	1.73294928472472	2.57039273755058
84	WGN36	2.2	0.150834325684302	958	1.90399618247532	2.49600381752469
85	WGN36	1.601666667	0.150834325684302	958	1.30566284947532	1.89767048452468
86	WGN36	1.961666667	0.150834325684302	958	1.66566284947532	2.25767048452468
87	WGN36	1.6316666665	0.1508343256843	958	1.33566284897532	1.92767048402468
88	WGN36	2.0383333335	0.150834325684301	958	1.74232951597532	2.33433715102468
89	WGN36	1.695	0.150834325684301	958	1.39899618247532	1.99100381752468
90	WGN36	1.85	0.150834325684301	958	1.55399618247532	2.14600381752468
92	WGN36	1.861666667	0.150834325684302	958	1.56566284947532	2.15767048452469
93	WGN36	1.90500434513764	0.213367549719506	958	1.48628261872471	2.32372607155057
94	WGN36	2.203333333	0.150834325684301	958	1.90732951547532	2.49933715052468
95	WGN36	1.8116666665	0.150834325684302	958	1.51566284897532	2.10767048402468
96	WGN36	1.7766666665	0.150834325684301	958	1.48066284897532	2.07267048402468
97	WGN36	2.34	0.1508343256843	958	2.04399618247532	2.63600381752468
98	WGN36	1.87	0.150834325684301	958	1.57399618247532	2.16600381752468
99	WGN36	1.6666666665	0.150834325684302	958	1.37066284897531	1.96267048402468
100	WGN36	1.72666666650001	0.1508343256843	958	1.43066284897533	2.02267048402469
102	WGN36	2.20166232186236	0.213367549719505	958	1.78294059544943	2.62038404827529
104	WGN36	1.6933333335	0.150834325684301	958	1.39732951597532	1.98933715102468
105	WGN36	1.83500434513765	0.213367549719505	958	1.41628261872471	2.25372607155058
106	WGN36	1.84	0.150834325684301	958	1.54399618247532	2.13600381752468
107	WGN36	2.0466666665	0.150834325684301	958	1.75066284897532	2.34267048402468
108	WGN36	1.91500434513764	0.213367549719506	958	1.49628261872471	2.33372607155057
109	WGN36	1.9533333335	0.150834325684301	958	1.65732951597532	2.24933715102468
110	WGN36	1.9683333335	0.150834325684302	958	1.67232951597532	2.26433715102468
112	WGN36	1.6333333335	0.150834325684301	958	1.33732951597532	1.92933715102468
114	WGN36	1.7683333335	0.150834325684301	958	1.47232951597532	2.06433715102468
116	WGN36	2.28832898886236	0.213367549719506	958	1.86960726244943	2.70705071527529
117	WGN36	1.8166666665	0.150834325684301	958	1.52066284897532	2.11267048402468
118	WGN36	2.1683333335	0.1508343256843	958	1.87232951597532	2.46433715102468
119	WGN36	2.25500434513765	0.213367549719505	958	1.83628261872472	2.67372607155058
120	WGN36	1.76	0.1508343256843	958	1.46399618247532	2.05600381752468
121	WGN36	2.795	0.150834325684301	958	2.49899618247532	3.09100381752469
122	WGN36	2.21	0.150834325684301	958	1.91399618247532	2.50600381752468
123	WGN36	1.97	0.150834325684301	958	1.67399618247532	2.26600381752469
124	WGN36	2.193333333	0.150834325684301	958	1.89732951547532	2.48933715052468
125	WGN36	1.751666667	0.150834325684302	958	1.45566284947532	2.04767048452468
126	WGN36	2.15	0.1508343256843	958	1.85399618247532	2.44600381752468
127	WGN36	2.04	0.150834325684301	958	1.74399618247532	2.33600381752468
128	WGN36	1.79833767813764	0.213367549719504	958	1.37961595172472	2.21705940455057
129	WGN36	2.49832898886236	0.213367549719504	958	2.07960726244943	2.91705071527528
130	WGN36	1.798333333	0.150834325684301	958	1.50232951547532	2.09433715052468
1	WGN38	1.99166666699988	0.150834325684278	958	1.69566284947525	2.28767048452452
2	WGN38	1.768333333	0.150834325684301	958	1.47232951547531	2.06433715052468
3	WGN38	2.28833767813764	0.213367549719505	958	1.86961595172471	2.70705940455057
4	WGN38	2.305	0.150834325684302	958	2.00899618247531	2.60100381752468
5	WGN38	2.085	0.150834325684303	958	1.78899618247531	2.38100381752468
6	WGN38	2.42166666649998	0.150834325684299	958	2.12566284897531	2.71767048402466
7	WGN38	1.7733333335	0.1508343256843	958	1.47732951597532	2.06933715102468
8	WGN38	2.105	0.150834325684305	958	1.80899618247531	2.40100381752469
10	WGN38	1.80499999999999	0.150834325684301	958	1.50899618247531	2.10100381752468
11	WGN38	2.11833767813763	0.213367549719506	958	1.6996159517247	2.53705940455057
12	WGN38	1.891666667	0.150834325684299	958	1.59566284947532	2.18767048452467
13	WGN38	2.13999999999999	0.1508343256843	958	1.84399618247531	2.43600381752467
14	WGN38	2.04833767813764	0.213367549719505	958	1.62961595172471	2.46705940455057
16	WGN38	1.851666667	0.150834325684302	958	1.55566284947531	2.14767048452468
18	WGN38	1.83833333349999	0.150834325684303	958	1.54232951597531	2.13433715102468
19	WGN38	2.2166666665	0.150834325684302	958	1.92066284897532	2.51267048402469
20	WGN38	1.58500434513764	0.213367549719507	958	1.1662826187247	2.00372607155057
21	WGN38	1.8383333335	0.150834325684299	958	1.54232951597532	2.13433715102468
22	WGN38	1.77833333299999	0.150834325684302	958	1.48232951547531	2.07433715052468
23	WGN38	1.75166666649999	0.150834325684302	958	1.45566284897531	2.04767048402468
24	WGN38	2.23666666699999	0.150834325684301	958	1.94066284947531	2.53267048452468
26	WGN38	1.623333333	0.150834325684301	958	1.32732951547532	1.91933715052468
27	WGN38	1.89416666649999	0.150834325684304	958	1.5981628489753	2.19017048402468
28	WGN38	1.74166666699999	0.150834325684302	958	1.44566284947531	2.03767048452468
29	WGN38	2.025	0.150834325684305	958	1.72899618247531	2.32100381752469
30	WGN38	2.57166666699999	0.1508343256843	958	2.27566284947531	2.86767048452467
32	WGN38	2.2716666665	0.150834325684302	958	1.97566284897531	2.56767048402468
33	WGN38	2.02333333349999	0.150834325684299	958	1.72732951597532	2.31933715102467
34	WGN38	1.84333333349999	0.150834325684304	958	1.5473295159753	2.13933715102468
35	WGN38	2.203333333	0.150834325684302	958	1.90732951547531	2.49933715052468
36	WGN38	2.17999999999999	0.150834325684302	958	1.88399618247531	2.47600381752467
37	WGN38	2.31166666700001	0.150834325684303	958	2.01566284947532	2.60767048452469
38	WGN38	1.87499999999999	0.150834325684304	958	1.5789961824753	2.17100381752467
39	WGN38	1.96833333349999	0.150834325684301	958	1.67232951597531	2.26433715102468
40	WGN38	2.0366666665	0.1508343256843	958	1.74066284897532	2.33267048402468
41	WGN38	1.47499565486234	0.213367549719508	958	1.0562739284494	1.89371738127528
42	WGN38	1.975	0.150834325684302	958	1.67899618247531	2.27100381752468
45	WGN38	1.575	0.150834325684301	958	1.27899618247532	1.87100381752468
46	WGN38	1.9216666665	0.150834325684302	958	1.62566284897531	2.21767048402468
47	WGN38	1.8983333335	0.150834325684299	958	1.60232951597532	2.19433715102468
48	WGN38	2.14166666649999	0.1508343256843	958	1.84566284897531	2.43767048402467
49	WGN38	1.48833767813763	0.213367549719506	958	1.0696159517247	1.90705940455056
50	WGN38	1.99166666649999	0.150834325684301	958	1.69566284897531	2.28767048402468
51	WGN38	1.65167101113764	0.213367549719504	958	1.23294928472472	2.07039273755057
52	WGN38	2.136666667	0.150834325684303	958	1.84066284947532	2.43267048452469
53	WGN38	2.1983333335	0.150834325684302	958	1.90232951597531	2.49433715102468
54	WGN38	1.7983333335	0.150834325684301	958	1.50232951597532	2.09433715102468
55	WGN38	1.58833767813764	0.213367549719505	958	1.16961595172471	2.00705940455057
56	WGN38	1.73833333349999	0.150834325684302	958	1.44232951597531	2.03433715102467
59	WGN38	2.03	0.150834325684301	958	1.73399618247532	2.32600381752468
61	WGN38	1.735	0.150834325684301	958	1.43899618247532	2.03100381752468
63	WGN38	2.08666666649999	0.150834325684302	958	1.79066284897531	2.38267048402468
64	WGN38	2.085	0.150834325684303	958	1.78899618247531	2.38100381752468
65	WGN38	2.64832898886236	0.213367549719506	958	2.22960726244943	3.06705071527529
66	WGN38	1.96500434513764	0.213367549719505	958	1.54628261872471	2.38372607155057
67	WGN38	2.0266666665	0.150834325684302	958	1.73066284897531	2.32267048402468
68	WGN38	1.603333333	0.1508343256843	958	1.30732951547533	1.89933715052468
69	WGN38	2.3466666665	0.150834325684301	958	2.05066284897531	2.64267048402468
70	WGN38	1.57833767813764	0.213367549719504	958	1.15961595172471	1.99705940455057
72	WGN38	1.811666667	0.150834325684301	958	1.51566284947531	2.10767048452468
73	WGN38	1.9	0.1508343256843	958	1.60399618247532	2.19600381752468
74	WGN38	1.998333333	0.150834325684301	958	1.70232951547531	2.29433715052468
76	WGN38	1.563333333	0.150834325684301	958	1.26732951547532	1.85933715052468
77	WGN38	1.895	0.150834325684301	958	1.59899618247531	2.19100381752468
78	WGN38	1.79666666649999	0.150834325684301	958	1.50066284897531	2.09267048402468
80	WGN38	1.9683333335	0.1508343256843	958	1.67232951597532	2.26433715102468
81	WGN38	2.14666666649999	0.1508343256843	958	1.85066284897531	2.44267048402467
82	WGN38	1.83499999999999	0.150834325684301	958	1.53899618247531	2.13100381752468
83	WGN38	2.4266666665	0.150834325684302	958	2.13066284897531	2.72267048402468
84	WGN38	1.76	0.150834325684301	958	1.46399618247532	2.05600381752468
85	WGN38	2.22833767813764	0.213367549719504	958	1.80961595172471	2.64705940455056
86	WGN38	1.98499999999999	0.150834325684301	958	1.68899618247531	2.28100381752468
87	WGN38	2.013333333	0.150834325684302	958	1.71732951547531	2.30933715052468
88	WGN38	1.75833333349999	0.150834325684302	958	1.46232951597531	2.05433715102467
89	WGN38	1.70499999999999	0.150834325684302	958	1.40899618247531	2.00100381752468
90	WGN38	1.80833333349999	0.150834325684302	958	1.51232951597531	2.10433715102468
91	WGN38	1.82166666649999	0.150834325684302	958	1.52566284897531	2.11767048402468
92	WGN38	1.95666666649999	0.150834325684302	958	1.66066284897531	2.25267048402468
93	WGN38	2.22167101113764	0.213367549719506	958	1.80294928472471	2.64039273755057
94	WGN38	1.85833333349999	0.150834325684302	958	1.56232951597531	2.15433715102468
95	WGN38	2.05499999999999	0.150834325684301	958	1.75899618247531	2.35100381752468
96	WGN38	2.03166666699999	0.150834325684301	958	1.73566284947531	2.32767048452467
97	WGN38	1.57500434513764	0.213367549719504	958	1.15628261872471	1.99372607155057
98	WGN38	1.9583333335	0.150834325684301	958	1.66232951597531	2.25433715102468
99	WGN38	2.1233333335	0.150834325684302	958	1.82732951597531	2.41933715102468
100	WGN38	1.99666666699999	0.150834325684302	958	1.70066284947531	2.29267048452468
101	WGN38	1.7916666665	0.150834325684301	958	1.49566284897531	2.08767048402468
102	WGN38	2.175	0.150834325684302	958	1.87899618247531	2.47100381752468
103	WGN38	1.82	0.150834325684301	958	1.52399618247531	2.11600381752468
104	WGN38	1.71833767813764	0.213367549719505	958	1.29961595172471	2.13705940455057
106	WGN38	1.8583333335	0.150834325684301	958	1.56232951597531	2.15433715102468
107	WGN38	1.97666666649999	0.150834325684301	958	1.68066284897531	2.27267048402468
108	WGN38	1.76666666649999	0.150834325684301	958	1.47066284897531	2.06267048402468
109	WGN38	1.79833333349999	0.150834325684301	958	1.50232951597531	2.09433715102468
110	WGN38	1.83333333349999	0.150834325684302	958	1.53732951597531	2.12933715102468
111	WGN38	1.61999999999999	0.150834325684301	958	1.32399618247531	1.91600381752468
113	WGN38	2.00833333299999	0.150834325684301	958	1.71232951547531	2.30433715052468
114	WGN38	1.98333333299999	0.150834325684301	958	1.68732951547531	2.27933715052468
115	WGN38	1.70833333349999	0.150834325684302	958	1.41232951597531	2.00433715102468
1	WGN39	2.21666666650004	0.150834325684294	958	1.92066284897537	2.51267048402471
2	WGN39	2.1016666665	0.150834325684301	958	1.80566284897532	2.39767048402468
3	WGN39	2.17833333299999	0.150834325684302	958	1.88232951547531	2.47433715052468
4	WGN39	2.05999999999999	0.150834325684302	958	1.76399618247531	2.35600381752468
5	WGN39	2.18	0.150834325684297	958	1.88399618247533	2.47600381752468
6	WGN39	2.2483333335	0.150834325684301	958	1.95232951597531	2.54433715102468
7	WGN39	2.01999999999999	0.150834325684302	958	1.72399618247531	2.31600381752467
8	WGN39	2.17167101113763	0.213367549719509	958	1.75294928472469	2.59039273755057
9	WGN39	2.00166666649999	0.150834325684302	958	1.70566284897531	2.29767048402468
10	WGN39	1.84166666699999	0.150834325684301	958	1.54566284947531	2.13767048452467
11	WGN39	2.0216666665	0.150834325684301	958	1.72566284897532	2.31767048402468
12	WGN39	1.88	0.150834325684301	958	1.58399618247531	2.17600381752468
13	WGN39	1.75	0.1508343256843	958	1.45399618247533	2.04600381752468
14	WGN39	1.97499999999999	0.150834325684301	958	1.67899618247531	2.27100381752467
15	WGN39	1.9066666665	0.1508343256843	958	1.61066284897532	2.20267048402468
16	WGN39	2.05	0.1508343256843	958	1.75399618247532	2.34600381752467
17	WGN39	1.70333333350001	0.150834325684299	958	1.40732951597533	1.99933715102469
18	WGN39	1.87499999999999	0.150834325684301	958	1.57899618247531	2.17100381752467
19	WGN39	1.97167101113763	0.213367549719506	958	1.5529492847247	2.39039273755056
20	WGN39	1.76833767813764	0.213367549719503	958	1.34961595172472	2.18705940455057
21	WGN39	2.0266666665	0.150834325684299	958	1.73066284897532	2.32267048402468
22	WGN39	2.05999999999999	0.150834325684303	958	1.7639961824753	2.35600381752467
24	WGN39	1.87000000000001	0.150834325684298	958	1.57399618247534	2.16600381752469
25	WGN39	2.31666666649999	0.150834325684299	958	2.02066284897531	2.61267048402467
26	WGN39	2.02167101113764	0.213367549719504	958	1.60294928472471	2.44039273755057
27	WGN39	2.07833767813763	0.213367549719507	958	1.6596159517247	2.49705940455057
28	WGN39	1.49500000000001	0.150834325684299	958	1.19899618247533	1.79100381752469
29	WGN39	1.55666666649997	0.150834325684303	958	1.26066284897529	1.85267048402466
30	WGN39	2.33833333349999	0.1508343256843	958	2.04232951597531	2.63433715102467
31	WGN39	1.84499999999997	0.150834325684303	958	1.54899618247529	2.14100381752466
32	WGN39	2.07	0.1508343256843	958	1.77399618247532	2.36600381752468
34	WGN39	1.7	0.150834325684301	958	1.40399618247532	1.99600381752468
35	WGN39	1.89666666699999	0.150834325684302	958	1.6006628494753	2.19267048452467
36	WGN39	1.67499999999999	0.150834325684302	958	1.3789961824753	1.97100381752467
37	WGN39	1.86	0.150834325684301	958	1.56399618247532	2.15600381752468
38	WGN39	1.64167101113763	0.213367549719506	958	1.2229492847247	2.06039273755056
39	WGN39	2.11333333299999	0.1508343256843	958	1.81732951547531	2.40933715052467
40	WGN39	2.26499999999999	0.150834325684303	958	1.96899618247531	2.56100381752468
41	WGN39	2.10666666699999	0.150834325684303	958	1.8106628494753	2.40267048452468
42	WGN39	1.88166666649999	0.150834325684301	958	1.58566284897531	2.17767048402468
43	WGN39	2.0666666665	0.1508343256843	958	1.77066284897532	2.36267048402468
44	WGN39	1.89499999999999	0.150834325684302	958	1.59899618247531	2.19100381752467
45	WGN39	1.7633333335	0.150834325684301	958	1.46732951597532	2.05933715102468
46	WGN39	1.89166232186235	0.213367549719504	958	1.47294059544942	2.31038404827528
47	WGN39	1.88666666699999	0.150834325684301	958	1.59066284947531	2.18267048452468
48	WGN39	2.22833767813764	0.213367549719506	958	1.80961595172471	2.64705940455057
49	WGN39	2.08	0.150834325684302	958	1.78399618247532	2.37600381752468
50	WGN39	1.50833767813765	0.213367549719503	958	1.08961595172472	1.92705940455058
51	WGN39	1.86999999999999	0.150834325684302	958	1.57399618247531	2.16600381752468
52	WGN39	2.33166666649999	0.150834325684302	958	2.03566284897531	2.62767048402468
53	WGN39	1.841666667	0.1508343256843	958	1.54566284947532	2.13767048452468
54	WGN39	1.98499999999999	0.1508343256843	958	1.68899618247531	2.28100381752467
55	WGN39	2.075	0.150834325684301	958	1.77899618247532	2.37100381752468
56	WGN39	2.14500434513764	0.213367549719506	958	1.72628261872471	2.56372607155057
57	WGN39	1.53500434513762	0.213367549719507	958	1.11628261872468	1.95372607155055
58	WGN39	1.99499999999999	0.150834325684301	958	1.69899618247531	2.29100381752468
59	WGN39	2.1316666665	0.150834325684301	958	1.83566284897531	2.42767048402468
60	WGN39	1.89166666649999	0.150834325684303	958	1.59566284897531	2.18767048402468
61	WGN39	1.93666666649999	0.150834325684301	958	1.64066284897531	2.23267048402467
62	WGN39	1.7233333335	0.150834325684301	958	1.42732951597531	2.01933715102468
63	WGN39	2.2816666665	0.150834325684301	958	1.98566284897531	2.57767048402468
64	WGN39	1.89333333299999	0.150834325684301	958	1.59732951547531	2.18933715052467
65	WGN39	1.57499999999999	0.150834325684301	958	1.27899618247531	1.87100381752467
66	WGN39	2.15833333299999	0.1508343256843	958	1.86232951547532	2.45433715052468
67	WGN39	2.45	0.150834325684301	958	2.15399618247532	2.74600381752468
68	WGN39	2.21166232186235	0.213367549719505	958	1.79294059544942	2.63038404827528
69	WGN39	2.10499999999999	0.150834325684301	958	1.80899618247531	2.40100381752467
70	WGN39	2.73166232186234	0.213367549719502	958	2.31294059544942	3.15038404827527
71	WGN39	2.07499999999999	0.150834325684301	958	1.77899618247531	2.37100381752467
72	WGN39	1.81	0.150834325684301	958	1.51399618247531	2.10600381752468
73	WGN39	1.8616666665	0.1508343256843	958	1.56566284897532	2.15767048402468
74	WGN39	2.48500434513764	0.213367549719506	958	2.06628261872471	2.90372607155057
75	WGN39	1.81333333349999	0.150834325684301	958	1.51732951597531	2.10933715102468
76	WGN39	1.95333333349999	0.150834325684301	958	1.65732951597531	2.24933715102468
77	WGN39	1.92	0.150834325684301	958	1.62399618247531	2.21600381752468
78	WGN39	2.0733333335	0.150834325684301	958	1.77732951597532	2.36933715102468
79	WGN39	2.06499999999999	0.150834325684301	958	1.76899618247531	2.36100381752467
80	WGN39	2.48999999999999	0.150834325684301	958	2.19399618247531	2.78600381752467
81	WGN39	2.06333333349999	0.150834325684302	958	1.76732951597531	2.35933715102467
82	WGN39	2.12166666649999	0.150834325684301	958	1.82566284897531	2.41767048402467
83	WGN39	1.71333333349999	0.150834325684302	958	1.4173295159753	2.00933715102467
84	WGN39	2.16333333349999	0.150834325684302	958	1.86732951597531	2.45933715102468
85	WGN39	2.27999999999999	0.150834325684302	958	1.98399618247531	2.57600381752467
86	WGN39	1.52167101113763	0.213367549719505	958	1.1029492847247	1.94039273755057
87	WGN39	2.07333333349999	0.150834325684301	958	1.77732951597531	2.36933715102467
89	WGN39	1.935	0.150834325684301	958	1.63899618247531	2.23100381752468
90	WGN39	2.0933333335	0.150834325684301	958	1.79732951597532	2.38933715102468
91	WGN39	1.51167101113764	0.213367549719505	958	1.0929492847247	1.93039273755057
92	WGN39	1.70833333349999	0.150834325684302	958	1.41232951597531	2.00433715102467
93	WGN39	2.15999999999999	0.150834325684301	958	1.86399618247531	2.45600381752468
94	WGN39	2.09833333349999	0.150834325684301	958	1.80232951597531	2.39433715102467
95	WGN39	2.08666666699999	0.150834325684301	958	1.79066284947531	2.38267048452468
96	WGN39	1.96166666649999	0.150834325684301	958	1.66566284897531	2.25767048402468
97	WGN39	1.615	0.150834325684301	958	1.31899618247531	1.91100381752468
98	WGN39	2.29166666699999	0.150834325684301	958	1.99566284947531	2.58767048452468
99	WGN39	1.5116666665	0.150834325684301	958	1.21566284897531	1.80767048402468
100	WGN39	2.05999999999999	0.150834325684301	958	1.76399618247531	2.35600381752467
101	WGN39	1.84333333349999	0.150834325684301	958	1.54732951597531	2.13933715102468
102	WGN39	2.27333333349999	0.150834325684301	958	1.97732951597531	2.56933715102467
104	WGN39	2.18166666649999	0.150834325684301	958	1.88566284897531	2.47767048402467
106	WGN39	1.59333333299999	0.150834325684301	958	1.29732951547531	1.88933715052467
107	WGN39	2.35833767813764	0.213367549719506	958	1.93961595172471	2.77705940455057
108	WGN39	2.20499999999999	0.150834325684301	958	1.90899618247531	2.50100381752467
109	WGN39	2.14333333349999	0.150834325684301	958	1.84732951597531	2.43933715102467
110	WGN39	2.32166666699999	0.150834325684301	958	2.02566284947531	2.61767048452467
111	WGN39	2.06166666649999	0.150834325684302	958	1.76566284897531	2.35767048402468
112	WGN39	2.15499999999999	0.150834325684301	958	1.85899618247531	2.45100381752467
113	WGN39	1.73333333349999	0.150834325684301	958	1.43732951597531	2.02933715102468
114	WGN39	1.52833767813763	0.213367549719505	958	1.1096159517247	1.94705940455056
115	WGN39	2.37499999999999	0.1508343256843	958	2.07899618247531	2.67100381752467
116	WGN39	2.08499999999999	0.150834325684301	958	1.78899618247531	2.38100381752468
117	WGN39	1.51999999999999	0.150834325684301	958	1.22399618247531	1.81600381752467
118	WGN39	1.69833333349999	0.150834325684301	958	1.40232951597531	1.99433715102468
120	WGN39	1.65832898886235	0.213367549719505	958	1.23960726244942	2.07705071527528
121	WGN39	1.71166666649999	0.150834325684301	958	1.41566284897531	2.00767048402468
122	WGN39	2.10166666649999	0.150834325684301	958	1.80566284897531	2.39767048402468
123	WGN39	2.00166666699999	0.150834325684301	958	1.70566284947531	2.29767048452468
124	WGN39	2.40833333349999	0.150834325684301	958	2.11232951597531	2.70433715102468
125	WGN39	2.07999999999999	0.150834325684301	958	1.78399618247531	2.37600381752468
126	WGN39	1.89333333299999	0.150834325684301	958	1.59732951547531	2.18933715052468
127	WGN39	2.11166666699999	0.150834325684301	958	1.81566284947531	2.40767048452468
128	WGN39	2.35166666649999	0.150834325684301	958	2.05566284897531	2.64767048402468
129	WGN39	1.72499565486235	0.213367549719505	958	1.30627392844942	2.14371738127528
130	WGN39	1.72999999999999	0.150834325684301	958	1.43399618247531	2.02600381752468
1	WGN45	1.76333333350002	0.150834325684298	958	1.46732951597535	2.0593371510247
2	WGN45	1.69166666650001	0.150834325684303	958	1.39566284897533	1.9876704840247
3	WGN45	1.62832898886238	0.213367549719502	958	1.20960726244945	2.0470507152753
4	WGN45	2.04333333350001	0.150834325684302	958	1.74732951597532	2.33933715102469
5	WGN45	2.10666666700001	0.1508343256843	958	1.81066284947533	2.40267048452468
6	WGN45	2.031666667	0.1508343256843	958	1.73566284947532	2.32767048452468
7	WGN45	2.19000000000001	0.1508343256843	958	1.89399618247533	2.48600381752469
8	WGN45	1.91500434513765	0.213367549719502	958	1.49628261872473	2.33372607155058
9	WGN45	1.60833333350001	0.150834325684301	958	1.31232951597533	1.90433715102469
10	WGN45	1.77500000000001	0.150834325684301	958	1.47899618247533	2.07100381752469
11	WGN45	1.97000000000002	0.150834325684303	958	1.67399618247533	2.2660038175247
12	WGN45	1.91167101113766	0.213367549719506	958	1.49294928472473	2.33039273755059
13	WGN45	2.07000000000002	0.150834325684302	958	1.77399618247533	2.3660038175247
14	WGN45	1.99833767813765	0.213367549719507	958	1.57961595172472	2.41705940455059
15	WGN45	1.85500434513765	0.213367549719502	958	1.43628261872473	2.27372607155058
16	WGN45	1.81166666650001	0.150834325684299	958	1.51566284897533	2.10767048402469
17	WGN45	1.81333333350001	0.150834325684301	958	1.51732951597533	2.10933715102469
18	WGN45	1.90000000000002	0.150834325684301	958	1.60399618247533	2.1960038175247
19	WGN45	2.22167101113766	0.213367549719508	958	1.80294928472473	2.6403927375506
20	WGN45	2.11500000000003	0.150834325684302	958	1.81899618247534	2.41100381752471
22	WGN45	2.21166666650001	0.150834325684302	958	1.91566284897533	2.5076704840247
23	WGN45	1.97500000000001	0.150834325684304	958	1.67899618247533	2.2710038175247
24	WGN45	1.83500000000001	0.150834325684301	958	1.53899618247533	2.13100381752469
25	WGN45	1.65000000000001	0.150834325684302	958	1.35399618247532	1.94600381752469
26	WGN45	1.97500000000003	0.150834325684304	958	1.67899618247534	2.27100381752471
28	WGN45	1.78333333350001	0.150834325684302	958	1.48732951597533	2.07933715102469
29	WGN45	1.99166666650001	0.150834325684302	958	1.69566284897533	2.2876704840247
31	WGN45	2.211666667	0.150834325684299	958	1.91566284947532	2.50767048452468
32	WGN45	1.89000000000001	0.150834325684301	958	1.59399618247533	2.1860038175247
33	WGN45	1.07499565486234	0.213367549719508	958	0.656273928449408	1.49371738127528
34	WGN45	1.99666666650001	0.150834325684301	958	1.70066284897533	2.29267048402469
35	WGN45	1.85833333300001	0.150834325684301	958	1.56232951547533	2.15433715052469
36	WGN45	2.07500434513765	0.213367549719504	958	1.65628261872472	2.49372607155058
37	WGN45	2.05666666650001	0.150834325684301	958	1.76066284897533	2.35267048402469
38	WGN45	1.56416666650001	0.150834325684302	958	1.26816284897532	1.86017048402469
40	WGN45	2.20000000000001	0.1508343256843	958	1.90399618247533	2.49600381752469
41	WGN45	2.20500000000002	0.150834325684302	958	1.90899618247534	2.5010038175247
42	WGN45	2.04500434513765	0.213367549719504	958	1.62628261872472	2.46372607155058
43	WGN45	2.5483333335	0.150834325684301	958	2.25232951597532	2.84433715102469
44	WGN45	2.17166666700001	0.150834325684301	958	1.87566284947533	2.4676704845247
45	WGN45	1.81500000000001	0.150834325684303	958	1.51899618247533	2.1110038175247
46	WGN45	2.1383333335	0.1508343256843	958	1.84232951597532	2.43433715102468
47	WGN45	1.85167101113766	0.213367549719507	958	1.43294928472473	2.2703927375506
48	WGN45	2.05333333350001	0.150834325684302	958	1.75732951597533	2.3493371510247
49	WGN45	1.94167101113766	0.213367549719506	958	1.52294928472472	2.36039273755059
50	WGN45	2.0483333335	0.1508343256843	958	1.75232951597532	2.34433715102468
52	WGN45	2.03166666700001	0.1508343256843	958	1.73566284947533	2.32767048452469
53	WGN45	2.12000000000001	0.150834325684301	958	1.82399618247533	2.41600381752469
54	WGN45	1.45500434513765	0.213367549719505	958	1.03628261872472	1.87372607155058
55	WGN45	2.14	0.1508343256843	958	1.84399618247533	2.43600381752468
56	WGN45	1.73833333350001	0.1508343256843	958	1.44232951597533	2.03433715102469
57	WGN45	2.11000000000001	0.1508343256843	958	1.81399618247533	2.40600381752469
58	WGN45	2.33333333300001	0.150834325684301	958	2.03732951547533	2.62933715052469
59	WGN45	1.83666666650002	0.150834325684301	958	1.54066284897534	2.1326704840247
60	WGN45	2.09499565486237	0.213367549719505	958	1.67627392844944	2.5137173812753
61	WGN45	2.21833767813765	0.213367549719505	958	1.79961595172472	2.63705940455058
62	WGN45	2.30000000000001	0.150834325684301	958	2.00399618247533	2.59600381752469
64	WGN45	2.00500000000001	0.150834325684302	958	1.70899618247533	2.30100381752469
65	WGN45	2.10666666650001	0.150834325684301	958	1.81066284897533	2.40267048402469
66	WGN45	1.66666666650001	0.150834325684302	958	1.37066284897533	1.96267048402469
67	WGN45	1.68833767813766	0.213367549719505	958	1.26961595172472	2.10705940455059
68	WGN45	1.81333333300001	0.150834325684301	958	1.51732951547533	2.10933715052469
69	WGN45	1.79500000000001	0.150834325684301	958	1.49899618247533	2.09100381752469
71	WGN45	2.32500000000002	0.150834325684302	958	2.02899618247533	2.6210038175247
72	WGN45	1.77500434513765	0.213367549719504	958	1.35628261872472	2.19372607155058
73	WGN45	1.75166232186237	0.213367549719504	958	1.33294059544944	2.17038404827529
74	WGN45	2.3733333335	0.1508343256843	958	2.07732951597532	2.66933715102468
75	WGN45	1.84833333350001	0.150834325684302	958	1.55232951597533	2.1443371510247
76	WGN45	2.16833333350001	0.150834325684302	958	1.87232951597533	2.4643371510247
77	WGN45	1.63166666650001	0.150834325684301	958	1.33566284897533	1.92767048402469
78	WGN45	1.85833767813766	0.213367549719505	958	1.43961595172473	2.27705940455059
80	WGN45	2.4983333335	0.1508343256843	958	2.20232951597532	2.79433715102468
81	WGN45	2.47166666650001	0.150834325684301	958	2.17566284897533	2.7676704840247
82	WGN45	2.06666666700001	0.1508343256843	958	1.77066284947533	2.36267048452469
84	WGN45	2.44000000000001	0.150834325684301	958	2.14399618247533	2.7360038175247
85	WGN45	2.21166232186237	0.213367549719505	958	1.79294059544944	2.6303840482753
86	WGN45	2.04833333350001	0.150834325684301	958	1.75232951597533	2.34433715102469
87	WGN45	2.01333333300001	0.150834325684301	958	1.71732951547533	2.30933715052469
88	WGN45	1.79833333300001	0.150834325684301	958	1.50232951547533	2.09433715052469
89	WGN45	1.80666666700001	0.150834325684302	958	1.51066284947533	2.10267048452469
90	WGN45	2.22166232186237	0.213367549719506	958	1.80294059544944	2.64038404827531
92	WGN45	2.13333333350001	0.150834325684301	958	1.83732951597533	2.42933715102469
93	WGN45	1.75333333300001	0.150834325684302	958	1.45732951547533	2.04933715052469
94	WGN45	2.22166666700001	0.150834325684301	958	1.92566284947533	2.51767048452469
95	WGN45	2.03167101113765	0.213367549719504	958	1.61294928472472	2.45039273755058
96	WGN45	1.83666666700001	0.150834325684301	958	1.54066284947533	2.13267048452469
98	WGN45	2.00000000000001	0.150834325684301	958	1.70399618247533	2.29600381752469
99	WGN45	1.91500434513765	0.213367549719505	958	1.49628261872472	2.33372607155058
100	WGN45	1.89166666650001	0.150834325684301	958	1.59566284897533	2.18767048402469
101	WGN45	1.77166666700001	0.150834325684301	958	1.47566284947533	2.06767048452469
102	WGN45	2.17166666650001	0.150834325684301	958	1.87566284897533	2.46767048402469
103	WGN45	2.19166232186237	0.213367549719505	958	1.77294059544944	2.6103840482753
104	WGN45	1.86333333300001	0.150834325684301	958	1.56732951547533	2.15933715052469
105	WGN45	2.24500000000001	0.150834325684301	958	1.94899618247533	2.54100381752469
106	WGN45	2.13333333300001	0.150834325684301	958	1.83732951547533	2.42933715052469
107	WGN45	1.96000000000001	0.150834325684301	958	1.66399618247533	2.25600381752469
108	WGN45	2.18500000000001	0.150834325684301	958	1.88899618247533	2.48100381752469
109	WGN45	1.90000000000001	0.150834325684301	958	1.60399618247533	2.19600381752469
110	WGN45	1.91833333300001	0.150834325684301	958	1.62232951547533	2.21433715052469
111	WGN45	2.57833767813765	0.213367549719505	958	2.15961595172472	2.99705940455059
112	WGN45	2.09167101113766	0.213367549719506	958	1.67294928472472	2.51039273755059
113	WGN45	2.10500000000001	0.150834325684301	958	1.80899618247533	2.40100381752469
114	WGN45	2.01833767813765	0.213367549719505	958	1.59961595172472	2.43705940455058
115	WGN45	1.94167101113765	0.213367549719504	958	1.52294928472472	2.36039273755058
116	WGN45	1.83166666700001	0.150834325684301	958	1.53566284947533	2.12767048452469
117	WGN45	2.44500434513766	0.213367549719505	958	2.02628261872473	2.86372607155059
118	WGN45	2.09833767813765	0.213367549719504	958	1.67961595172472	2.51705940455058
119	WGN45	2.13833333300001	0.150834325684301	958	1.84232951547533	2.43433715052469
120	WGN45	1.96833333350001	0.150834325684301	958	1.67232951597533	2.26433715102469
121	WGN45	2.11666666700001	0.150834325684301	958	1.82066284947533	2.41267048452469
122	WGN45	2.07666666650001	0.150834325684301	958	1.78066284897533	2.37267048402469
123	WGN45	1.82666666650001	0.150834325684301	958	1.53066284897533	2.12267048402469
124	WGN45	1.71166666700001	0.150834325684301	958	1.41566284947533	2.00767048452469
126	WGN45	1.86833333350001	0.150834325684301	958	1.57232951597533	2.16433715102469
127	WGN45	1.89833333350001	0.150834325684301	958	1.60232951597533	2.19433715102469
128	WGN45	1.77833333350001	0.150834325684301	958	1.48232951597533	2.07433715102469
129	WGN45	1.67333333350001	0.150834325684301	958	1.37732951597533	1.96933715102469
130	WGN45	1.73167101113765	0.213367549719505	958	1.31294928472472	2.15039273755058
1	WGN46	2.43333333350005	0.150834325684305	958	2.13732951597536	2.72933715102474
2	WGN46	2.22000000000001	0.150834325684302	958	1.92399618247533	2.51600381752469
3	WGN46	2.2	0.150834325684304	958	1.90399618247532	2.49600381752469
4	WGN46	1.68500434513763	0.213367549719508	958	1.26628261872469	2.10372607155057
6	WGN46	2.55500434513765	0.213367549719505	958	2.13628261872472	2.97372607155058
7	WGN46	1.973333333	0.150834325684303	958	1.67732951547532	2.26933715052469
8	WGN46	2.29499565486237	0.213367549719504	958	1.87627392844945	2.7137173812753
9	WGN46	1.87166666700003	0.150834325684299	958	1.57566284947535	2.1676704845247
10	WGN46	2.58000000000002	0.150834325684303	958	2.28399618247533	2.8760038175247
11	WGN46	2.08500000000001	0.150834325684301	958	1.78899618247533	2.38100381752469
12	WGN46	2.56833333350001	0.150834325684301	958	2.27232951597533	2.86433715102469
13	WGN46	1.7483333335	0.150834325684302	958	1.45232951597532	2.04433715102469
14	WGN46	2.45166666700001	0.150834325684298	958	2.15566284947533	2.74767048452469
15	WGN46	1.92666666700002	0.1508343256843	958	1.63066284947534	2.2226704845247
16	WGN46	2.41500000000002	0.150834325684301	958	2.11899618247534	2.7110038175247
17	WGN46	2.16166666650002	0.1508343256843	958	1.86566284897534	2.4576704840247
18	WGN46	2.24000000000001	0.1508343256843	958	1.94399618247533	2.53600381752469
19	WGN46	2.11333333350002	0.150834325684301	958	1.81732951597534	2.4093371510247
20	WGN46	2.16167101113765	0.213367549719505	958	1.74294928472472	2.58039273755058
21	WGN46	1.78499565486236	0.213367549719507	958	1.36627392844943	2.2037173812753
22	WGN46	2.16666666700001	0.150834325684303	958	1.87066284947532	2.46267048452469
23	WGN46	2.25	0.150834325684303	958	1.95399618247532	2.54600381752469
24	WGN46	2.15666666650002	0.150834325684299	958	1.86066284897534	2.4526704840247
25	WGN46	2.06333333300001	0.150834325684301	958	1.76732951547533	2.35933715052469
26	WGN46	2	0.150834325684304	958	1.70399618247531	2.29600381752469
27	WGN46	1.98833767813766	0.213367549719505	958	1.56961595172473	2.40705940455059
28	WGN46	2.15500000000002	0.150834325684301	958	1.85899618247534	2.4510038175247
29	WGN46	1.97666666700002	0.1508343256843	958	1.68066284947534	2.2726704845247
30	WGN46	2.40000000000002	0.150834325684301	958	2.10399618247534	2.6960038175247
31	WGN46	1.92500434513764	0.213367549719506	958	1.5062826187247	2.34372607155057
32	WGN46	2.27000000000002	0.1508343256843	958	1.97399618247534	2.56600381752469
33	WGN46	2.08166666700002	0.150834325684301	958	1.78566284947534	2.3776704845247
34	WGN46	1.97333333300002	0.150834325684301	958	1.67732951547534	2.2693371505247
36	WGN46	1.97500000000001	0.150834325684301	958	1.67899618247533	2.27100381752469
37	WGN46	2.16666666650001	0.150834325684301	958	1.87066284897533	2.4626704840247
38	WGN46	2.31166666650001	0.150834325684302	958	2.01566284897533	2.60767048402469
39	WGN46	1.88166232186237	0.213367549719505	958	1.46294059544944	2.3003840482753
40	WGN46	1.91500434513765	0.213367549719504	958	1.49628261872472	2.33372607155058
41	WGN46	2.02166666650001	0.150834325684302	958	1.72566284897533	2.31767048402469
42	WGN46	2.48500434513766	0.213367549719506	958	2.06628261872473	2.90372607155059
43	WGN46	2.11000000000001	0.150834325684302	958	1.81399618247532	2.40600381752469
44	WGN46	2.13500434513766	0.213367549719504	958	1.71628261872473	2.55372607155059
45	WGN46	2.33000000000001	0.150834325684301	958	2.03399618247533	2.62600381752469
46	WGN46	2.18000000000002	0.1508343256843	958	1.88399618247534	2.4760038175247
47	WGN46	2.26666666650001	0.150834325684302	958	1.97066284897533	2.5626704840247
48	WGN46	2.06333333350002	0.150834325684301	958	1.76732951597534	2.3593371510247
49	WGN46	2.10333333350002	0.1508343256843	958	1.80732951597534	2.3993371510247
50	WGN46	2.38000000000001	0.150834325684301	958	2.08399618247533	2.6760038175247
52	WGN46	2.22833333350001	0.1508343256843	958	1.93232951597533	2.52433715102469
53	WGN46	1.84500434513765	0.213367549719505	958	1.42628261872472	2.26372607155058
54	WGN46	1.8866666665	0.150834325684302	958	1.59066284897532	2.18267048402469
55	WGN46	2.10167101113766	0.213367549719505	958	1.68294928472473	2.52039273755059
56	WGN46	2.35000000000002	0.1508343256843	958	2.05399618247534	2.6460038175247
57	WGN46	2.19166666700001	0.150834325684302	958	1.89566284947533	2.48767048452469
58	WGN46	2.01000000000001	0.150834325684302	958	1.71399618247533	2.30600381752469
59	WGN46	2.04833333300002	0.150834325684301	958	1.75232951547533	2.3443371505247
60	WGN46	2.27166666650001	0.150834325684302	958	1.97566284897532	2.56767048402469
61	WGN46	2.17333333350002	0.1508343256843	958	1.87732951597534	2.4693371510247
62	WGN46	2.59166666700001	0.150834325684301	958	2.29566284947533	2.88767048452469
63	WGN46	1.88666666650002	0.1508343256843	958	1.59066284897534	2.1826704840247
64	WGN46	2.17666666700001	0.150834325684301	958	1.88066284947533	2.47267048452469
65	WGN46	2.17166666650001	0.150834325684301	958	1.87566284897533	2.4676704840247
66	WGN46	2.03833333350001	0.150834325684301	958	1.74232951597533	2.33433715102469
67	WGN46	1.92499565486236	0.213367549719506	958	1.50627392844943	2.3437173812753
68	WGN46	2.00833333350001	0.150834325684301	958	1.71232951597533	2.30433715102469
69	WGN46	2.18833333350002	0.1508343256843	958	1.89232951597534	2.4843371510247
70	WGN46	2.06500000000001	0.150834325684301	958	1.76899618247533	2.36100381752469
71	WGN46	2.55000000000001	0.1508343256843	958	2.25399618247533	2.84600381752469
72	WGN46	2.31166666700001	0.150834325684301	958	2.01566284947533	2.60767048452469
73	WGN46	2.17000000000002	0.150834325684301	958	1.87399618247533	2.4660038175247
74	WGN46	1.86000000000001	0.150834325684301	958	1.56399618247533	2.15600381752469
75	WGN46	2.15833333350001	0.150834325684301	958	1.86232951597533	2.45433715102469
76	WGN46	2.12166666650001	0.150834325684302	958	1.82566284897532	2.41767048402469
78	WGN46	2.18500000000001	0.150834325684302	958	1.88899618247533	2.48100381752469
79	WGN46	2.91416666650001	0.150834325684301	958	2.61816284897533	3.21017048402469
80	WGN46	1.75500000000001	0.150834325684301	958	1.45899618247533	2.05100381752469
81	WGN46	2.06166666650001	0.150834325684301	958	1.76566284897533	2.3576704840247
82	WGN46	1.73333333350001	0.150834325684301	958	1.43732951597533	2.0293371510247
83	WGN46	2.07000000000001	0.150834325684301	958	1.77399618247533	2.36600381752469
84	WGN46	1.85333333350001	0.150834325684301	958	1.55732951597533	2.1493371510247
85	WGN46	2.16000000000001	0.150834325684302	958	1.86399618247533	2.4560038175247
86	WGN46	2.27166666650001	0.150834325684301	958	1.97566284897533	2.56767048402469
87	WGN46	1.77333333350001	0.150834325684301	958	1.47732951597533	2.06933715102469
88	WGN46	2.12333333350001	0.150834325684301	958	1.82732951597533	2.41933715102469
89	WGN46	2.19666666650001	0.150834325684301	958	1.90066284897533	2.49267048402469
90	WGN46	2.08500000000001	0.150834325684301	958	1.78899618247533	2.38100381752469
91	WGN46	2.33500000000002	0.150834325684301	958	2.03899618247533	2.6310038175247
92	WGN46	1.99166666700001	0.150834325684301	958	1.69566284947533	2.2876704845247
93	WGN46	2.21333333300001	0.150834325684301	958	1.91732951547533	2.50933715052469
94	WGN46	2.01166666700001	0.150834325684301	958	1.71566284947533	2.30767048452469
95	WGN46	2.03333333300001	0.150834325684301	958	1.73732951547533	2.3293371505247
96	WGN46	2.24000000000001	0.150834325684301	958	1.94399618247533	2.5360038175247
98	WGN46	2.69833333350001	0.150834325684301	958	2.40232951597533	2.9943371510247
101	WGN46	1.81000000000001	0.150834325684301	958	1.51399618247533	2.10600381752469
102	WGN46	1.93000000000001	0.150834325684301	958	1.63399618247533	2.22600381752469
103	WGN46	1.98000000000001	0.150834325684301	958	1.68399618247533	2.2760038175247
104	WGN46	2.01333333350001	0.150834325684301	958	1.71732951597533	2.30933715102469
106	WGN46	1.89833767813765	0.213367549719505	958	1.47961595172472	2.31705940455059
107	WGN46	2.33500434513766	0.213367549719505	958	1.91628261872473	2.75372607155059
108	WGN46	2.04833333300001	0.150834325684301	958	1.75232951547533	2.34433715052469
109	WGN46	1.83000000000002	0.150834325684301	958	1.53399618247534	2.1260038175247
110	WGN46	1.98666666650001	0.150834325684301	958	1.69066284897533	2.28267048402469
111	WGN46	1.84000000000001	0.150834325684301	958	1.54399618247533	2.1360038175247
112	WGN46	1.88500000000001	0.150834325684301	958	1.58899618247533	2.1810038175247
113	WGN46	1.99500000000001	0.150834325684301	958	1.69899618247533	2.29100381752469
114	WGN46	2.28666666650001	0.150834325684301	958	1.99066284897533	2.58267048402469
115	WGN46	2.13666666650001	0.150834325684301	958	1.84066284897533	2.4326704840247
116	WGN46	1.91166666650001	0.150834325684301	958	1.61566284897533	2.2076704840247
117	WGN46	1.80500000000001	0.150834325684301	958	1.50899618247533	2.10100381752469
118	WGN46	2.30833333350001	0.150834325684301	958	2.01232951597533	2.6043371510247
119	WGN46	2.08166666700001	0.150834325684301	958	1.78566284947533	2.37767048452469
120	WGN46	2.24167101113766	0.213367549719505	958	1.82294928472473	2.66039273755059
121	WGN46	2.17000000000001	0.150834325684301	958	1.87399618247533	2.4660038175247
122	WGN46	2.22500434513766	0.213367549719506	958	1.80628261872472	2.64372607155059
123	WGN46	2.39666666650001	0.150834325684301	958	2.10066284897533	2.6926704840247
124	WGN46	1.70333333350001	0.150834325684301	958	1.40732951597533	1.99933715102469
125	WGN46	2.01000000000001	0.150834325684301	958	1.71399618247533	2.3060038175247
126	WGN46	2.18500000000001	0.150834325684301	958	1.88899618247533	2.48100381752469
127	WGN46	2.32833767813766	0.213367549719505	958	1.90961595172473	2.74705940455059
128	WGN46	2.41833333350001	0.150834325684301	958	2.12232951597533	2.7143371510247
129	WGN46	2.26333333350001	0.150834325684301	958	1.96732951597533	2.5593371510247
130	WGN46	2.15833333300001	0.150834325684301	958	1.86232951547533	2.4543371505247
1	WGN55	1.94	0.150834325684299	958	1.64399618247532	2.23600381752468
2	WGN55	2.115	0.150834325684302	958	1.81899618247532	2.41100381752469
3	WGN55	1.84167101113765	0.213367549719508	958	1.42294928472472	2.26039273755059
4	WGN55	2.14833333350001	0.150834325684303	958	1.85232951597532	2.44433715102469
5	WGN55	2.07500434513764	0.213367549719503	958	1.65628261872472	2.49372607155057
6	WGN55	2.36167101113764	0.213367549719503	958	1.94294928472472	2.78039273755057
7	WGN55	1.875	0.150834325684301	958	1.57899618247532	2.17100381752468
8	WGN55	1.82666666650002	0.150834325684299	958	1.53066284897534	2.1226704840247
9	WGN55	1.90167101113765	0.213367549719504	958	1.48294928472472	2.32039273755058
10	WGN55	1.8333333335	0.150834325684302	958	1.53732951597532	2.12933715102468
11	WGN55	1.906666667	0.150834325684301	958	1.61066284947532	2.20267048452468
12	WGN55	2.0833333335	0.1508343256843	958	1.78732951597532	2.37933715102468
13	WGN55	2.085	0.1508343256843	958	1.78899618247532	2.38100381752468
14	WGN55	1.6841666665	0.150834325684302	958	1.38816284897531	1.98017048402468
15	WGN55	1.98167101113764	0.213367549719503	958	1.56294928472472	2.40039273755057
16	WGN55	1.938333333	0.150834325684299	958	1.64232951547532	2.23433715052468
17	WGN55	2.285	0.1508343256843	958	1.98899618247532	2.58100381752467
18	WGN55	1.8533333335	0.150834325684302	958	1.55732951597532	2.14933715102468
19	WGN55	2.026666667	0.150834325684301	958	1.73066284947532	2.32267048452468
20	WGN55	2.005	0.150834325684302	958	1.70899618247532	2.30100381752468
21	WGN55	2.1666666665	0.150834325684303	958	1.87066284897532	2.46267048402469
22	WGN55	1.9883333335	0.150834325684301	958	1.69232951597532	2.28433715102468
23	WGN55	2.46166666650001	0.150834325684302	958	2.16566284897533	2.75767048402469
24	WGN55	1.866666667	0.150834325684301	958	1.57066284947532	2.16267048452468
25	WGN55	1.976666667	0.150834325684301	958	1.68066284947532	2.27267048452468
26	WGN55	1.998333333	0.150834325684301	958	1.70232951547532	2.29433715052468
27	WGN55	2.345	0.1508343256843	958	2.04899618247532	2.64100381752468
28	WGN55	2.40500434513764	0.213367549719504	958	1.98628261872471	2.82372607155057
29	WGN55	2.08	0.1508343256843	958	1.78399618247532	2.37600381752468
30	WGN55	2.29000000000001	0.150834325684302	958	1.99399618247532	2.58600381752469
31	WGN55	2.05000000000001	0.150834325684301	958	1.75399618247532	2.34600381752469
32	WGN55	2.1583333335	0.150834325684302	958	1.86232951597532	2.45433715102469
33	WGN55	2.368333333	0.1508343256843	958	2.07232951547532	2.66433715052468
34	WGN55	1.9533333335	0.150834325684301	958	1.65732951597532	2.24933715102468
35	WGN55	2.00333333350001	0.150834325684302	958	1.70732951597532	2.29933715102469
36	WGN55	2.001666667	0.150834325684301	958	1.70566284947532	2.29767048452468
37	WGN55	1.7333333335	0.150834325684301	958	1.43732951597532	2.02933715102468
38	WGN55	1.76832898886236	0.213367549719503	958	1.34960726244944	2.18705071527529
40	WGN55	2.59000000000001	0.150834325684302	958	2.29399618247533	2.88600381752469
41	WGN55	2.135	0.150834325684302	958	1.83899618247532	2.43100381752468
42	WGN55	2.2783333335	0.1508343256843	958	1.98232951597532	2.57433715102468
43	WGN55	2.15500000000001	0.150834325684302	958	1.85899618247533	2.45100381752469
44	WGN55	2.15	0.150834325684301	958	1.85399618247532	2.44600381752468
45	WGN55	1.855	0.150834325684301	958	1.55899618247532	2.15100381752468
46	WGN55	1.94167101113765	0.213367549719503	958	1.52294928472472	2.36039273755057
47	WGN55	2.385	0.150834325684301	958	2.08899618247532	2.68100381752468
48	WGN55	1.96	0.150834325684302	958	1.66399618247532	2.25600381752468
49	WGN55	1.54833333300001	0.150834325684301	958	1.25232951547533	1.84433715052469
50	WGN55	2.106666667	0.150834325684301	958	1.81066284947532	2.40267048452468
52	WGN55	1.95	0.150834325684302	958	1.65399618247532	2.24600381752468
53	WGN55	1.855	0.150834325684301	958	1.55899618247532	2.15100381752468
54	WGN55	1.9033333335	0.150834325684302	958	1.60732951597532	2.19933715102469
55	WGN55	2.28	0.150834325684301	958	1.98399618247532	2.57600381752468
56	WGN55	2.056666667	0.150834325684301	958	1.76066284947532	2.35267048452468
57	WGN55	2.20499565486236	0.213367549719506	958	1.78627392844943	2.62371738127529
58	WGN55	2.22167101113764	0.213367549719504	958	1.80294928472471	2.64039273755057
59	WGN55	2.0466666665	0.150834325684301	958	1.75066284897532	2.34267048402468
60	WGN55	2.3716666665	0.150834325684301	958	2.07566284897532	2.66767048402468
61	WGN55	1.28333767813765	0.213367549719504	958	0.864615951724719	1.70205940455058
62	WGN55	1.795	0.150834325684301	958	1.49899618247532	2.09100381752468
63	WGN55	2.11	0.150834325684301	958	1.81399618247532	2.40600381752468
64	WGN55	1.925	0.150834325684302	958	1.62899618247532	2.22100381752468
65	WGN55	1.9366666665	0.150834325684301	958	1.64066284897532	2.23267048402468
66	WGN55	1.876666667	0.1508343256843	958	1.58066284947532	2.17267048452468
67	WGN55	1.86833767813764	0.213367549719506	958	1.44961595172471	2.28705940455058
68	WGN55	1.821666667	0.150834325684302	958	1.52566284947532	2.11767048452468
69	WGN55	1.776666667	0.150834325684301	958	1.48066284947532	2.07267048452468
70	WGN55	1.83167101113764	0.213367549719505	958	1.41294928472471	2.25039273755057
71	WGN55	2.1583333335	0.150834325684301	958	1.86232951597532	2.45433715102468
72	WGN55	1.91	0.150834325684301	958	1.61399618247532	2.20600381752468
73	WGN55	2.066666667	0.150834325684301	958	1.77066284947532	2.36267048452468
74	WGN55	2.18500434513764	0.213367549719504	958	1.76628261872472	2.60372607155057
75	WGN55	1.9866666665	0.150834325684302	958	1.69066284897532	2.28267048402469
76	WGN55	2.145	0.150834325684301	958	1.84899618247532	2.44100381752468
77	WGN55	1.96833767813764	0.213367549719504	958	1.54961595172472	2.38705940455057
78	WGN55	1.8333333335	0.150834325684302	958	1.53732951597532	2.12933715102468
80	WGN55	2.05	0.150834325684301	958	1.75399618247532	2.34600381752468
81	WGN55	2.12	0.150834325684301	958	1.82399618247532	2.41600381752468
82	WGN55	1.775	0.150834325684301	958	1.47899618247532	2.07100381752468
83	WGN55	1.5383333335	0.150834325684301	958	1.24232951597532	1.83433715102468
84	WGN55	1.77167101113764	0.213367549719505	958	1.35294928472471	2.19039273755058
85	WGN55	2.4533333335	0.150834325684301	958	2.15732951597532	2.74933715102468
86	WGN55	1.74	0.150834325684302	958	1.44399618247532	2.03600381752468
87	WGN55	1.9616666665	0.150834325684301	958	1.66566284897532	2.25767048402468
88	WGN55	1.66	0.150834325684301	958	1.36399618247532	1.95600381752468
89	WGN55	2.1483333335	0.150834325684301	958	1.85232951597532	2.44433715102468
90	WGN55	1.9766666665	0.150834325684301	958	1.68066284897532	2.27267048402468
91	WGN55	2.14167101113764	0.213367549719504	958	1.72294928472472	2.56039273755057
92	WGN55	2.4	0.150834325684301	958	2.10399618247532	2.69600381752468
93	WGN55	1.75833767813765	0.213367549719505	958	1.33961595172472	2.17705940455058
94	WGN55	1.826666667	0.150834325684301	958	1.53066284947532	2.12267048452468
95	WGN55	2.103333333	0.150834325684301	958	1.80732951547532	2.39933715052468
96	WGN55	2.173333333	0.150834325684301	958	1.87732951547532	2.46933715052468
97	WGN55	1.87167101113764	0.213367549719505	958	1.45294928472471	2.29039273755058
98	WGN55	2.05	0.150834325684301	958	1.75399618247532	2.34600381752468
99	WGN55	1.47500434513764	0.213367549719505	958	1.05628261872471	1.89372607155057
100	WGN55	2.12	0.150834325684301	958	1.82399618247532	2.41600381752468
101	WGN55	1.8083333335	0.150834325684301	958	1.51232951597532	2.10433715102468
102	WGN55	2.088333333	0.150834325684301	958	1.79232951547532	2.38433715052468
103	WGN55	2.035	0.150834325684301	958	1.73899618247532	2.33100381752468
104	WGN55	1.926666667	0.150834325684301	958	1.63066284947532	2.22267048452468
105	WGN55	1.696666667	0.150834325684301	958	1.40066284947532	1.99267048452468
106	WGN55	2.1183333335	0.150834325684301	958	1.82232951597532	2.41433715102468
107	WGN55	1.9333333335	0.150834325684301	958	1.63732951597532	2.22933715102468
108	WGN55	2.1283333335	0.150834325684301	958	1.83232951597532	2.42433715102468
109	WGN55	1.9333333335	0.150834325684301	958	1.63732951597532	2.22933715102468
110	WGN55	1.91	0.150834325684301	958	1.61399618247532	2.20600381752468
111	WGN55	1.805	0.150834325684301	958	1.50899618247532	2.10100381752468
112	WGN55	1.961666667	0.150834325684301	958	1.66566284947532	2.25767048452468
113	WGN55	2.27	0.150834325684301	958	1.97399618247532	2.56600381752468
114	WGN55	2.31	0.150834325684301	958	2.01399618247532	2.60600381752468
115	WGN55	2.065	0.150834325684301	958	1.76899618247532	2.36100381752468
116	WGN55	1.756666667	0.150834325684301	958	1.46066284947532	2.05267048452468
117	WGN55	1.52	0.150834325684301	958	1.22399618247532	1.81600381752468
118	WGN55	2.0441666665	0.150834325684301	958	1.74816284897532	2.34017048402468
119	WGN55	2.1916666665	0.150834325684301	958	1.89566284897532	2.48767048402468
120	WGN55	2.45500434513765	0.213367549719505	958	2.03628261872472	2.87372607155058
121	WGN55	1.77167101113765	0.213367549719505	958	1.35294928472472	2.19039273755058
122	WGN55	2.448333333	0.150834325684301	958	2.15232951547532	2.74433715052468
123	WGN55	1.7783333335	0.150834325684301	958	1.48232951597532	2.07433715102468
124	WGN55	2.565	0.150834325684301	958	2.26899618247532	2.86100381752468
125	WGN55	2.035	0.150834325684301	958	1.73899618247532	2.33100381752468
126	WGN55	2.091666667	0.150834325684301	958	1.79566284947532	2.38767048452468
128	WGN55	2.238333333	0.150834325684301	958	1.94232951547532	2.53433715052468
129	WGN55	2.6158333335	0.150834325684301	958	2.31982951597532	2.91183715102468
130	WGN55	2.3383333335	0.150834325684301	958	2.04232951597532	2.63433715102468
1	WGN63	2.1033333335	0.150834325684303	958	1.80732951597531	2.39933715102468
2	WGN63	1.9483333335	0.150834325684301	958	1.65232951597532	2.24433715102468
3	WGN63	2.095	0.1508343256843	958	1.79899618247532	2.39100381752468
4	WGN63	2.33167101113766	0.213367549719507	958	1.91294928472472	2.75039273755059
5	WGN63	1.85166232186236	0.213367549719505	958	1.43294059544943	2.27038404827529
6	WGN63	1.73	0.150834325684301	958	1.43399618247532	2.02600381752468
7	WGN63	1.80166666700001	0.150834325684301	958	1.50566284947533	2.09767048452469
8	WGN63	1.92	0.150834325684301	958	1.62399618247532	2.21600381752468
9	WGN63	1.86	0.150834325684301	958	1.56399618247532	2.15600381752468
10	WGN63	1.67000000000001	0.150834325684301	958	1.37399618247533	1.96600381752469
12	WGN63	2.143333333	0.150834325684302	958	1.84732951547532	2.43933715052468
13	WGN63	2.271666667	0.1508343256843	958	1.97566284947532	2.56767048452468
16	WGN63	1.921666667	0.150834325684301	958	1.62566284947532	2.21767048452469
17	WGN63	2.228333333	0.150834325684301	958	1.93232951547532	2.52433715052469
18	WGN63	1.94333333350001	0.1508343256843	958	1.64732951597533	2.23933715102469
19	WGN63	1.89	0.150834325684302	958	1.59399618247532	2.18600381752468
20	WGN63	1.895	0.150834325684302	958	1.59899618247532	2.19100381752468
21	WGN63	1.7866666665	0.150834325684302	958	1.49066284897532	2.08267048402468
22	WGN63	2.2816666665	0.1508343256843	958	1.98566284897532	2.57767048402468
23	WGN63	2.055	0.150834325684301	958	1.75899618247532	2.35100381752468
24	WGN63	1.7433333335	0.150834325684302	958	1.44732951597532	2.03933715102468
25	WGN63	2.09499565486236	0.213367549719507	958	1.67627392844943	2.51371738127529
26	WGN63	2.088333333	0.1508343256843	958	1.79232951547532	2.38433715052468
27	WGN63	1.7783333335	0.1508343256843	958	1.48232951597533	2.07433715102468
28	WGN63	1.9483333335	0.1508343256843	958	1.65232951597532	2.24433715102469
29	WGN63	1.785	0.150834325684301	958	1.48899618247532	2.08100381752468
30	WGN63	1.9616666665	0.150834325684301	958	1.66566284897532	2.25767048402468
31	WGN63	1.74666666650001	0.1508343256843	958	1.45066284897533	2.04267048402469
32	WGN63	1.853333333	0.150834325684301	958	1.55732951547532	2.14933715052468
33	WGN63	1.95833333300001	0.150834325684301	958	1.66232951547533	2.25433715052469
34	WGN63	2.0033333335	0.150834325684302	958	1.70732951597532	2.29933715102468
35	WGN63	2.18167101113764	0.213367549719504	958	1.76294928472471	2.60039273755057
36	WGN63	1.66333333300001	0.150834325684301	958	1.36732951547533	1.95933715052469
37	WGN63	2.26500434513764	0.213367549719504	958	1.84628261872472	2.68372607155057
38	WGN63	2.06500434513765	0.213367549719506	958	1.64628261872471	2.48372607155058
39	WGN63	2.02500434513765	0.213367549719504	958	1.60628261872472	2.44372607155058
40	WGN63	1.5733333335	0.150834325684301	958	1.27732951597532	1.86933715102469
41	WGN63	2.111666667	0.150834325684301	958	1.81566284947532	2.40767048452468
42	WGN63	1.94000000000001	0.150834325684301	958	1.64399618247533	2.23600381752469
44	WGN63	1.848333333	0.150834325684301	958	1.55232951547532	2.14433715052468
45	WGN63	1.87167101113765	0.213367549719504	958	1.45294928472472	2.29039273755058
46	WGN63	1.7933333335	0.150834325684301	958	1.49732951597532	2.08933715102468
47	WGN63	1.961666667	0.150834325684301	958	1.66566284947532	2.25767048452468
48	WGN63	1.921666667	0.1508343256843	958	1.62566284947532	2.21767048452468
49	WGN63	2.01	0.150834325684301	958	1.71399618247532	2.30600381752469
50	WGN63	1.70167101113765	0.213367549719504	958	1.28294928472472	2.12039273755058
51	WGN63	2.2683333335	0.150834325684301	958	1.97232951597532	2.56433715102468
52	WGN63	1.983333333	0.150834325684301	958	1.68732951547532	2.27933715052468
53	WGN63	2.053333333	0.150834325684301	958	1.75732951547532	2.34933715052468
54	WGN63	2.085	0.150834325684301	958	1.78899618247532	2.38100381752468
55	WGN63	1.861666667	0.150834325684301	958	1.56566284947532	2.15767048452468
56	WGN63	1.7366666665	0.150834325684302	958	1.44066284897532	2.03267048402468
57	WGN63	2.053333333	0.150834325684301	958	1.75732951547532	2.34933715052468
58	WGN63	1.98333333350001	0.150834325684301	958	1.68732951597532	2.27933715102469
59	WGN63	2.05500434513765	0.213367549719505	958	1.63628261872471	2.47372607155058
60	WGN63	1.66833767813765	0.213367549719505	958	1.24961595172471	2.08705940455058
61	WGN63	2.286666667	0.150834325684301	958	1.99066284947532	2.58267048452469
62	WGN63	1.9866666665	0.150834325684301	958	1.69066284897532	2.28267048402468
63	WGN63	2.15166232186236	0.213367549719504	958	1.73294059544943	2.57038404827529
64	WGN63	1.7566666665	0.150834325684301	958	1.46066284897532	2.05267048402469
65	WGN63	1.9183333335	0.150834325684301	958	1.62232951597532	2.21433715102468
66	WGN63	1.9616666665	0.150834325684301	958	1.66566284897532	2.25767048402469
67	WGN63	1.77167101113765	0.213367549719505	958	1.35294928472472	2.19039273755058
68	WGN63	1.9766666665	0.150834325684301	958	1.68066284897532	2.27267048402468
69	WGN63	2.50500434513765	0.213367549719505	958	2.08628261872472	2.92372607155058
70	WGN63	2.125	0.150834325684301	958	1.82899618247532	2.42100381752469
72	WGN63	1.9283333335	0.150834325684301	958	1.63232951597532	2.22433715102468
73	WGN63	1.9383333335	0.150834325684302	958	1.64232951597532	2.23433715102468
74	WGN63	1.9416666665	0.150834325684301	958	1.64566284897532	2.23767048402468
75	WGN63	2.265	0.150834325684301	958	1.96899618247532	2.56100381752468
76	WGN63	1.73	0.150834325684301	958	1.43399618247532	2.02600381752469
77	WGN63	2.1866666665	0.150834325684301	958	1.89066284897532	2.48267048402468
78	WGN63	2.0666666665	0.150834325684301	958	1.77066284897532	2.36267048402468
79	WGN63	1.8183333335	0.150834325684301	958	1.52232951597532	2.11433715102469
80	WGN63	1.963333333	0.150834325684301	958	1.66732951547532	2.25933715052469
81	WGN63	1.641666667	0.150834325684301	958	1.34566284947532	1.93767048452468
82	WGN63	1.8883333335	0.150834325684301	958	1.59232951597532	2.18433715102468
83	WGN63	2.0783333335	0.1508343256843	958	1.78232951597532	2.37433715102468
84	WGN63	1.886666667	0.150834325684301	958	1.59066284947532	2.18267048452469
85	WGN63	2.1616666665	0.150834325684301	958	1.86566284897532	2.45767048402469
86	WGN63	1.77500434513765	0.213367549719505	958	1.35628261872472	2.19372607155058
87	WGN63	1.7116666665	0.150834325684301	958	1.41566284897532	2.00767048402468
88	WGN63	1.981666667	0.150834325684301	958	1.68566284947532	2.27767048452468
89	WGN63	1.835	0.150834325684301	958	1.53899618247532	2.13100381752469
90	WGN63	1.46167101113765	0.213367549719505	958	1.04294928472472	1.88039273755058
91	WGN63	2.136666667	0.150834325684301	958	1.84066284947532	2.43267048452469
92	WGN63	2.205	0.150834325684301	958	1.90899618247532	2.50100381752468
93	WGN63	2.0133333335	0.150834325684301	958	1.71732951597532	2.30933715102469
94	WGN63	1.986666667	0.150834325684301	958	1.69066284947532	2.28267048452469
95	WGN63	1.71833767813765	0.213367549719505	958	1.29961595172472	2.13705940455058
96	WGN63	2.065	0.150834325684301	958	1.76899618247532	2.36100381752469
97	WGN63	1.9616666665	0.150834325684301	958	1.66566284897532	2.25767048402469
98	WGN63	2.27832898886236	0.213367549719505	958	1.85960726244943	2.69705071527529
99	WGN63	2.45832898886236	0.213367549719505	958	2.03960726244943	2.87705071527529
100	WGN63	1.983333333	0.150834325684301	958	1.68732951547532	2.27933715052469
101	WGN63	2.21166232186236	0.213367549719505	958	1.79294059544943	2.63038404827529
102	WGN63	2.02	0.150834325684301	958	1.72399618247532	2.31600381752468
103	WGN63	1.841666667	0.150834325684301	958	1.54566284947532	2.13767048452469
105	WGN63	1.8833333335	0.150834325684301	958	1.58732951597532	2.17933715102468
106	WGN63	1.781666667	0.150834325684301	958	1.48566284947532	2.07767048452468
107	WGN63	1.703333333	0.150834325684301	958	1.40732951547532	1.99933715052469
109	WGN63	1.7533333335	0.150834325684301	958	1.45732951597532	2.04933715102468
110	WGN63	1.75500434513765	0.213367549719505	958	1.33628261872472	2.17372607155058
111	WGN63	2.2033333335	0.150834325684301	958	1.90732951597532	2.49933715102468
112	WGN63	1.6366666665	0.150834325684301	958	1.34066284897532	1.93267048402469
114	WGN63	2.015	0.150834325684301	958	1.71899618247532	2.31100381752468
115	WGN63	1.756666667	0.150834325684301	958	1.46066284947532	2.05267048452469
116	WGN63	1.736666667	0.150834325684301	958	1.44066284947532	2.03267048452468
117	WGN63	1.6966666665	0.150834325684301	958	1.40066284897532	1.99267048402469
118	WGN63	2.23499565486236	0.213367549719505	958	1.81627392844943	2.65371738127529
119	WGN63	2.1183333335	0.150834325684301	958	1.82232951597532	2.41433715102469
121	WGN63	1.86	0.150834325684301	958	1.56399618247532	2.15600381752468
122	WGN63	1.696666667	0.150834325684301	958	1.40066284947532	1.99267048452468
123	WGN63	1.5433333335	0.150834325684301	958	1.24732951597532	1.83933715102468
124	WGN63	1.73833767813765	0.213367549719505	958	1.31961595172472	2.15705940455058
125	WGN63	1.83500434513765	0.213367549719505	958	1.41628261872472	2.25372607155058
126	WGN63	2.19	0.150834325684301	958	1.89399618247532	2.48600381752469
127	WGN63	2.13833767813765	0.213367549719505	958	1.71961595172472	2.55705940455058
128	WGN63	2.035	0.150834325684301	958	1.73899618247532	2.33100381752469
129	WGN63	2.1616666665	0.150834325684301	958	1.86566284897532	2.45767048402469
130	WGN63	1.94	0.150834325684301	958	1.64399618247532	2.23600381752469
