plantID3	famID	emmean	SE	df	lower.CL	upper.CL
1	WGN07	2.25833333350005	0.160124588833455	1111	1.94415263264416	2.57251403435594
2	WGN07	2.09833333349989	0.160124588833516	1111	1.78415263264388	2.4125140343559
3	WGN07	2.39166666650018	0.160124588833529	1111	2.07748596564415	2.70584736735621
4	WGN07	2.11999999999993	0.160124588833509	1111	1.80581929914393	2.43418070085592
5	WGN07	2.41833333349999	0.160124588833515	1111	2.10415263264399	2.73251403435599
6	WGN07	1.705	0.160124588833506	1111	1.39081929914402	2.01918070085599
7	WGN07	2.31000000000001	0.160124588833512	1111	1.99581929914401	2.62418070085601
8	WGN07	2.18833333300001	0.160124588833505	1111	1.87415263214402	2.502514033856
9	WGN07	2.3383333335	0.160124588833506	1111	2.02415263264401	2.65251403435599
10	WGN07	1.871666667	0.160124588833509	1111	1.55748596614401	2.18584736785599
11	WGN07	2.20833333299999	0.160124588833508	1111	1.894152632144	2.52251403385598
12	WGN07	2.2483333335	0.160124588833505	1111	1.93415263264402	2.56251403435599
13	WGN07	2.55499999999999	0.160124588833502	1111	2.24081929914401	2.86918070085597
14	WGN07	2.25166666700001	0.160124588833506	1111	1.93748596614402	2.565847367856
15	WGN07	2.14000000000001	0.160124588833505	1111	1.82581929914402	2.45418070085599
16	WGN07	2.0183333335	0.160124588833508	1111	1.70415263264401	2.33251403435599
17	WGN07	2.35666666650002	0.160124588833511	1111	2.04248596564402	2.67084736735601
18	WGN07	2.48166666650004	0.160124588833511	1111	2.16748596564404	2.79584736735603
20	WGN07	1.59166666649999	0.160124588833512	1111	1.27748596564399	1.90584736735599
21	WGN07	2.26000000000001	0.160124588833508	1111	1.94581929914401	2.574180700856
22	WGN07	2.06666666650001	0.16012458883351	1111	1.75248596564402	2.38084736735601
23	WGN07	1.99666666649998	0.160124588833513	1111	1.68248596564398	2.31084736735598
24	WGN07	2.37833333350001	0.160124588833511	1111	2.06415263264401	2.69251403435601
25	WGN07	2.0133333335	0.16012458883351	1111	1.699152632644	2.32751403435599
26	WGN07	2.56833333350002	0.160124588833511	1111	2.25415263264402	2.88251403435602
27	WGN07	2.516666667	0.160124588833507	1111	2.20248596614401	2.83084736785599
28	WGN07	1.78000000000001	0.160124588833506	1111	1.46581929914402	2.094180700856
29	WGN07	1.70500000000003	0.160124588833506	1111	1.39081929914404	2.01918070085601
30	WGN07	2.2466666665	0.160124588833508	1111	1.93248596564401	2.56084736735599
31	WGN07	2.405	0.160124588833507	1111	2.09081929914401	2.71918070085599
32	WGN07	2.28	0.160124588833506	1111	1.96581929914401	2.59418070085599
33	WGN07	2.2533333335	0.160124588833511	1111	1.939152632644	2.567514034356
34	WGN07	2.2783333335	0.160124588833512	1111	1.96415263264401	2.592514034356
35	WGN07	2.29333333350001	0.16012458883351	1111	1.97915263264401	2.607514034356
36	WGN07	2.3383333335	0.160124588833507	1111	2.02415263264401	2.65251403435599
37	WGN07	2.55333333350001	0.16012458883351	1111	2.23915263264401	2.867514034356
38	WGN07	2.32833333300001	0.160124588833508	1111	2.01415263214402	2.64251403385601
39	WGN07	1.77166666650001	0.160124588833506	1111	1.45748596564402	2.085847367356
40	WGN07	1.88499999999999	0.160124588833511	1111	1.57081929914399	2.19918070085599
41	WGN07	2.6883333335	0.160124588833503	1111	2.37415263264402	3.00251403435599
42	WGN07	2.3816666665	0.160124588833509	1111	2.06748596564401	2.69584736735599
44	WGN07	1.67500000000001	0.160124588833508	1111	1.36081929914402	1.989180700856
46	WGN07	2.161666667	0.16012458883351	1111	1.84748596614401	2.475847367856
47	WGN07	2.145	0.160124588833503	1111	1.83081929914402	2.45918070085598
48	WGN07	2.36000000000001	0.160124588833513	1111	2.045819299144	2.67418070085601
49	WGN07	2.16166666700001	0.160124588833508	1111	1.84748596614402	2.475847367856
50	WGN07	2.336666667	0.160124588833506	1111	2.02248596614402	2.65084736785599
51	WGN07	1.98666666699999	0.160124588833506	1111	1.672485966144	2.30084736785598
52	WGN07	2.15333333299999	0.16012458883351	1111	1.839152632144	2.46751403385599
53	WGN07	2.266666667	0.160124588833505	1111	1.95248596614401	2.58084736785598
54	WGN07	2.77541067112769	0.22650127007987	1111	2.33099218239416	3.21982915986122
55	WGN07	2.12333333350001	0.160124588833509	1111	1.80915263264402	2.437514034356
56	WGN07	2.443333333	0.160124588833509	1111	2.12915263214401	2.757514033856
57	WGN07	1.86	0.160124588833513	1111	1.545819299144	2.174180700856
58	WGN07	2.575	0.160124588833507	1111	2.26081929914401	2.88918070085599
59	WGN07	1.95333333349999	0.160124588833508	1111	1.639152632644	2.26751403435598
60	WGN07	2.31666666650001	0.16012458883351	1111	2.00248596564401	2.630847367356
61	WGN07	2.54500000000001	0.16012458883351	1111	2.23081929914401	2.859180700856
63	WGN07	2.09833333300001	0.160124588833505	1111	1.78415263214402	2.41251403385599
64	WGN07	2.28166666649999	0.160124588833507	1111	1.967485965644	2.59584736735598
66	WGN07	1.951666667	0.160124588833509	1111	1.63748596614401	2.265847367856
67	WGN07	1.593333333	0.16012458883351	1111	1.279152632144	1.90751403385599
68	WGN07	2.32	0.160124588833512	1111	2.005819299144	2.634180700856
69	WGN07	2.395	0.160124588833509	1111	2.08081929914401	2.70918070085599
71	WGN07	2.19166666650001	0.160124588833508	1111	1.87748596564401	2.505847367356
73	WGN07	2.1	0.160124588833512	1111	1.785819299144	2.414180700856
74	WGN07	2.6516666665	0.160124588833507	1111	2.33748596564401	2.96584736735599
75	WGN07	2.43	0.160124588833506	1111	2.11581929914401	2.74418070085599
76	WGN07	1.8766666665	0.160124588833509	1111	1.562485965644	2.19084736735599
77	WGN07	2.3366666665	0.160124588833509	1111	2.02248596564401	2.650847367356
78	WGN07	2.11	0.160124588833512	1111	1.795819299144	2.424180700856
79	WGN07	2.21666666650001	0.160124588833507	1111	1.90248596564402	2.530847367356
80	WGN07	2.33833333349999	0.160124588833505	1111	2.02415263264401	2.65251403435598
81	WGN07	2.02166666700001	0.160124588833508	1111	1.70748596614402	2.335847367856
82	WGN07	2.01500000000001	0.160124588833509	1111	1.70081929914402	2.32918070085601
83	WGN07	2.2716666665	0.160124588833506	1111	1.95748596564401	2.58584736735599
84	WGN07	2.1683333335	0.160124588833507	1111	1.85415263264401	2.48251403435599
85	WGN07	2.29499999999999	0.160124588833508	1111	1.980819299144	2.60918070085599
86	WGN07	2.4633333335	0.160124588833508	1111	2.149152632644	2.77751403435599
87	WGN07	2.08000000000001	0.160124588833505	1111	1.76581929914402	2.39418070085599
88	WGN07	2.4016666665	0.160124588833507	1111	2.08748596564401	2.71584736735599
89	WGN07	1.83500000000001	0.160124588833508	1111	1.52081929914402	2.149180700856
90	WGN07	1.93	0.160124588833507	1111	1.61581929914401	2.24418070085599
91	WGN07	2.21	0.160124588833505	1111	1.89581929914401	2.52418070085598
92	WGN07	2.146666667	0.160124588833507	1111	1.83248596614401	2.46084736785599
93	WGN07	2.36000000000001	0.160124588833508	1111	2.04581929914402	2.674180700856
94	WGN07	1.975	0.16012458883351	1111	1.660819299144	2.28918070085599
95	WGN07	2.413333333	0.160124588833511	1111	2.09915263214401	2.727514033856
96	WGN07	2.1466666665	0.160124588833509	1111	1.832485965644	2.46084736735599
97	WGN07	2.3916666665	0.160124588833508	1111	2.07748596564401	2.705847367356
98	WGN07	2.32666666650001	0.160124588833508	1111	2.01248596564402	2.640847367356
99	WGN07	2.19500000000001	0.16012458883351	1111	1.88081929914401	2.509180700856
100	WGN07	2.16833333300001	0.16012458883351	1111	1.85415263214401	2.482514033856
101	WGN07	2.47833333349999	0.160124588833506	1111	2.164152632644	2.79251403435598
102	WGN07	2.86500000000001	0.160124588833507	1111	2.55081929914402	3.179180700856
103	WGN07	2.2833333335	0.160124588833504	1111	1.96915263264402	2.59751403435599
104	WGN07	2.205	0.16012458883351	1111	1.890819299144	2.51918070085599
105	WGN07	2.59166666700001	0.160124588833509	1111	2.27748596614401	2.905847367856
106	WGN07	2.3333333335	0.160124588833508	1111	2.019152632644	2.64751403435599
107	WGN07	2.045	0.160124588833512	1111	1.730819299144	2.359180700856
108	WGN07	2.3308333335	0.160124588833505	1111	2.01665263264402	2.64501403435599
109	WGN07	2.305	0.160124588833509	1111	1.99081929914401	2.61918070085599
110	WGN07	2.6016666665	0.160124588833505	1111	2.28748596564401	2.91584736735598
111	WGN07	2.48000000000001	0.160124588833507	1111	2.16581929914402	2.794180700856
112	WGN07	2.64500000000002	0.160124588833507	1111	2.33081929914403	2.95918070085601
113	WGN07	2.08	0.160124588833505	1111	1.76581929914401	2.39418070085598
114	WGN07	2.735	0.160124588833505	1111	2.42081929914401	3.04918070085599
115	WGN07	2.445	0.160124588833508	1111	2.13081929914401	2.759180700856
116	WGN07	2.3666666665	0.160124588833508	1111	2.05248596564401	2.68084736735599
117	WGN07	2.476666667	0.160124588833509	1111	2.16248596614401	2.790847367856
118	WGN07	2.3516666665	0.160124588833509	1111	2.03748596564401	2.665847367356
119	WGN07	2.151666667	0.160124588833508	1111	1.83748596614401	2.46584736785599
120	WGN07	2.01666666650001	0.160124588833508	1111	1.70248596564401	2.330847367356
121	WGN07	1.9666666665	0.160124588833509	1111	1.65248596564401	2.280847367356
122	WGN07	1.9779226618723	0.226501270079872	1111	1.53350417313876	2.42234115060584
123	WGN07	2.37500000000001	0.160124588833508	1111	2.06081929914402	2.689180700856
124	WGN07	2.1833333335	0.160124588833509	1111	1.86915263264401	2.497514034356
125	WGN07	1.87	0.16012458883351	1111	1.555819299144	2.18418070085599
126	WGN07	2.59333333349999	0.160124588833509	1111	2.279152632644	2.90751403435599
127	WGN07	3.14833333350002	0.160124588833511	1111	2.83415263264402	3.46251403435601
128	WGN07	2.071666667	0.16012458883351	1111	1.75748596614401	2.385847367856
129	WGN07	2.43833333299999	0.160124588833508	1111	2.124152632144	2.75251403385598
130	WGN07	1.94166666650001	0.160124588833508	1111	1.62748596564402	2.255847367356
1	WGN15	2.25333333350005	0.160124588833509	1111	1.93915263264405	2.56751403435604
2	WGN15	1.78000000000002	0.160124588833508	1111	1.46581929914403	2.09418070085601
3	WGN15	2.42166666650003	0.160124588833511	1111	2.10748596564403	2.73584736735602
4	WGN15	2.14333333350001	0.160124588833511	1111	1.82915263264401	2.457514034356
5	WGN15	2.36000000000001	0.16012458883351	1111	2.04581929914402	2.67418070085601
7	WGN15	2.07833333350002	0.160124588833508	1111	1.76415263264403	2.39251403435601
8	WGN15	2.31833333300002	0.160124588833511	1111	2.00415263214402	2.63251403385601
9	WGN15	1.77000000000002	0.160124588833508	1111	1.45581929914403	2.08418070085601
10	WGN15	2.13333333300001	0.16012458883351	1111	1.81915263214402	2.44751403385601
11	WGN15	2.25333333350001	0.16012458883351	1111	1.93915263264402	2.56751403435601
12	WGN15	1.75666666700002	0.160124588833507	1111	1.44248596614404	2.07084736785601
13	WGN15	2.07000000000002	0.160124588833506	1111	1.75581929914403	2.38418070085601
14	WGN15	1.77666666700002	0.160124588833509	1111	1.46248596614402	2.09084736785601
15	WGN15	2.32333333350002	0.160124588833506	1111	2.00915263264403	2.63751403435601
16	WGN15	1.58833333349999	0.16012458883351	1111	1.274152632644	1.90251403435599
17	WGN15	2.15125599487232	0.226501270079873	1111	1.70683750613878	2.59567448360586
18	WGN15	2.43000000000002	0.160124588833508	1111	2.11581929914403	2.74418070085601
19	WGN15	2.55874400512772	0.226501270079873	1111	2.11432551639418	3.00316249386125
20	WGN15	2.31333333350002	0.16012458883351	1111	1.99915263264402	2.62751403435601
21	WGN15	2.35666666650002	0.16012458883351	1111	2.04248596564402	2.67084736735601
22	WGN15	1.73000000000001	0.160124588833509	1111	1.41581929914401	2.044180700856
23	WGN15	2.55500000000001	0.160124588833507	1111	2.24081929914402	2.869180700856
24	WGN15	1.96792266187233	0.226501270079867	1111	1.5235041731388	2.41234115060585
25	WGN15	2.16666666700002	0.160124588833508	1111	1.85248596614402	2.48084736785601
26	WGN15	2.33166666700001	0.160124588833508	1111	2.01748596614402	2.645847367856
27	WGN15	2.21416666650002	0.16012458883351	1111	1.89998596564402	2.52834736735601
28	WGN15	2.05833333350002	0.16012458883351	1111	1.74415263264402	2.37251403435601
29	WGN15	2.34833333350002	0.160124588833508	1111	2.03415263264402	2.66251403435601
30	WGN15	2.37666666650002	0.160124588833507	1111	2.06248596564403	2.69084736735601
31	WGN15	2.17458932887232	0.226501270079872	1111	1.73017084013878	2.61900781760586
32	WGN15	2.15500000000002	0.160124588833507	1111	1.84081929914403	2.46918070085601
33	WGN15	2.09000000000002	0.160124588833507	1111	1.77581929914403	2.40418070085601
34	WGN15	1.84000000000002	0.160124588833508	1111	1.52581929914403	2.15418070085601
35	WGN15	2.29666666650002	0.160124588833506	1111	1.98248596564403	2.61084736735601
36	WGN15	1.95000000000002	0.160124588833506	1111	1.63581929914403	2.264180700856
37	WGN15	2.24833333350003	0.160124588833506	1111	1.93415263264405	2.56251403435602
38	WGN15	1.75666666650001	0.160124588833509	1111	1.44248596564402	2.07084736735601
39	WGN15	2.22500000000003	0.160124588833509	1111	1.91081929914403	2.53918070085602
40	WGN15	1.93666666650001	0.160124588833509	1111	1.62248596564402	2.25084736735601
41	WGN15	2.42666666650002	0.160124588833507	1111	2.11248596564403	2.74084736735601
43	WGN15	2.04666666650001	0.160124588833509	1111	1.73248596564401	2.360847367356
44	WGN15	1.97500000000002	0.160124588833508	1111	1.66081929914403	2.28918070085601
45	WGN15	2.14833333300002	0.160124588833508	1111	1.83415263214403	2.46251403385602
46	WGN15	1.78166666700003	0.160124588833506	1111	1.46748596614404	2.09584736785601
47	WGN15	2.02333333350001	0.160124588833513	1111	1.70915263264401	2.33751403435601
48	WGN15	1.75000000000002	0.160124588833508	1111	1.43581929914403	2.06418070085601
50	WGN15	2.67000000000002	0.160124588833508	1111	2.35581929914403	2.98418070085601
51	WGN15	1.86500000000002	0.160124588833506	1111	1.55081929914403	2.17918070085601
52	WGN15	1.9133333335	0.160124588833511	1111	1.59915263264401	2.227514034356
53	WGN15	1.64333333300001	0.16012458883351	1111	1.32915263214402	1.95751403385601
54	WGN15	2.07458932887233	0.22650127007987	1111	1.6301708401388	2.51900781760587
55	WGN15	2.265	0.160124588833505	1111	1.95081929914401	2.57918070085599
56	WGN15	2.47166666650002	0.160124588833508	1111	2.15748596564402	2.78584736735601
57	WGN15	1.97166666650001	0.16012458883351	1111	1.65748596564402	2.28584736735601
58	WGN15	2.13500000000002	0.160124588833508	1111	1.82081929914402	2.44918070085601
59	WGN15	2.61000000000001	0.160124588833507	1111	2.29581929914402	2.924180700856
60	WGN15	2.23500000000003	0.160124588833508	1111	1.92081929914403	2.54918070085602
61	WGN15	2.48000000000002	0.16012458883351	1111	2.16581929914402	2.79418070085602
62	WGN15	2.25000000000001	0.160124588833511	1111	1.93581929914402	2.56418070085601
63	WGN15	2.16666666700001	0.16012458883351	1111	1.85248596614402	2.48084736785601
64	WGN15	1.55166666700002	0.160124588833509	1111	1.23748596614403	1.86584736785601
65	WGN15	2.20333333350002	0.16012458883351	1111	1.88915263264402	2.51751403435601
66	WGN15	1.68000000000003	0.160124588833508	1111	1.36581929914403	1.99418070085602
67	WGN15	2.49333333350003	0.16012458883351	1111	2.17915263264403	2.80751403435602
69	WGN15	2.14833333350001	0.16012458883351	1111	1.83415263264402	2.46251403435601
70	WGN15	2.05333333350002	0.160124588833508	1111	1.73915263264403	2.36751403435601
71	WGN15	2.32500000000001	0.160124588833507	1111	2.01081929914402	2.639180700856
72	WGN15	2.00458932887233	0.226501270079871	1111	1.56017084013879	2.44900781760586
73	WGN15	2.24666666700002	0.160124588833507	1111	1.93248596614403	2.56084736785601
74	WGN15	1.95833333350002	0.160124588833508	1111	1.64415263264403	2.27251403435601
75	WGN15	2.61792266187232	0.226501270079875	1111	2.17350417313877	3.06234115060586
77	WGN15	1.93166666700002	0.16012458883351	1111	1.61748596614402	2.24584736785602
78	WGN15	2.03500000000001	0.160124588833508	1111	1.72081929914402	2.34918070085601
79	WGN15	1.92833333350003	0.160124588833504	1111	1.61415263264404	2.24251403435601
80	WGN15	1.67500000000001	0.16012458883351	1111	1.36081929914401	1.989180700856
81	WGN15	2.42333333350001	0.160124588833506	1111	2.10915263264402	2.73751403435599
82	WGN15	2.06833333300002	0.160124588833508	1111	1.75415263214403	2.38251403385601
83	WGN15	2.20166666650002	0.160124588833505	1111	1.88748596564403	2.515847367356
84	WGN15	2.25833333350002	0.160124588833511	1111	1.94415263264402	2.57251403435601
85	WGN15	2.73666666650001	0.160124588833509	1111	2.42248596564402	3.05084736735601
86	WGN15	1.87000000000001	0.160124588833511	1111	1.55581929914401	2.18418070085601
87	WGN15	2.21333333350002	0.160124588833509	1111	1.89915263264402	2.52751403435601
88	WGN15	1.93833333300001	0.160124588833509	1111	1.62415263214402	2.25251403385601
89	WGN15	2.00666666700001	0.16012458883351	1111	1.69248596614402	2.32084736785601
90	WGN15	2.39166666700002	0.160124588833509	1111	2.07748596614403	2.70584736785602
91	WGN15	1.57666666700002	0.160124588833506	1111	1.26248596614404	1.89084736785601
92	WGN15	1.99166666650002	0.16012458883351	1111	1.67748596564402	2.30584736735601
93	WGN15	1.83833333300003	0.160124588833507	1111	1.52415263214404	2.15251403385602
94	WGN15	2.49166666650002	0.160124588833508	1111	2.17748596564403	2.80584736735601
95	WGN15	2.16166666700002	0.160124588833508	1111	1.84748596614403	2.47584736785602
96	WGN15	1.94333333350002	0.16012458883351	1111	1.62915263264402	2.25751403435601
97	WGN15	2.25666666650002	0.160124588833507	1111	1.94248596564403	2.57084736735601
98	WGN15	2.13833333350002	0.160124588833508	1111	1.82415263264402	2.45251403435601
99	WGN15	2.11333333350001	0.160124588833509	1111	1.79915263264402	2.427514034356
100	WGN15	2.29666666650001	0.160124588833509	1111	1.98248596564402	2.610847367356
101	WGN15	2.61000000000002	0.16012458883351	1111	2.29581929914402	2.92418070085601
102	WGN15	2.08333333300002	0.160124588833508	1111	1.76915263214403	2.39751403385601
103	WGN15	1.94666666700002	0.160124588833507	1111	1.63248596614403	2.26084736785601
104	WGN15	2.06333333300002	0.160124588833508	1111	1.74915263214403	2.37751403385601
106	WGN15	1.88333333350002	0.160124588833509	1111	1.56915263264402	2.19751403435601
107	WGN15	2.466666667	0.16012458883351	1111	2.15248596614401	2.780847367856
108	WGN15	2.11833333350003	0.160124588833511	1111	1.80415263264403	2.43251403435603
109	WGN15	2.37333333300002	0.160124588833508	1111	2.05915263214402	2.68751403385601
110	WGN15	1.71333333350002	0.160124588833508	1111	1.39915263264402	2.02751403435601
111	WGN15	2.28166666650002	0.160124588833506	1111	1.96748596564403	2.595847367356
112	WGN15	2.13166666700002	0.160124588833509	1111	1.81748596614402	2.44584736785601
113	WGN15	1.96666666650001	0.160124588833508	1111	1.65248596564402	2.280847367356
114	WGN15	2.14500000000002	0.160124588833508	1111	1.83081929914402	2.45918070085601
115	WGN15	1.83000000000001	0.160124588833508	1111	1.51581929914402	2.144180700856
116	WGN15	1.80833333300001	0.16012458883351	1111	1.49415263214402	2.12251403385601
117	WGN15	2.22333333350002	0.160124588833509	1111	1.90915263264403	2.53751403435602
118	WGN15	1.81666666700002	0.160124588833505	1111	1.50248596614403	2.130847367856
119	WGN15	2.47333333350002	0.160124588833507	1111	2.15915263264403	2.78751403435601
120	WGN15	2.96500000000002	0.160124588833509	1111	2.65081929914403	3.27918070085601
121	WGN15	1.69666666700003	0.160124588833507	1111	1.38248596614404	2.01084736785602
122	WGN15	2.06500000000002	0.160124588833508	1111	1.75081929914402	2.37918070085601
123	WGN15	2.05166666650001	0.160124588833508	1111	1.73748596564402	2.365847367356
124	WGN15	2.22166666700002	0.160124588833508	1111	1.90748596614402	2.53584736785601
125	WGN15	2.04833333350002	0.160124588833507	1111	1.73415263264403	2.362514034356
126	WGN15	1.73666666650002	0.160124588833508	1111	1.42248596564403	2.05084736735601
127	WGN15	2.08833333350002	0.160124588833509	1111	1.77415263264402	2.40251403435601
128	WGN15	2.30500000000002	0.16012458883351	1111	1.99081929914402	2.61918070085601
129	WGN15	2.02166666650001	0.160124588833509	1111	1.70748596564402	2.33584736735601
130	WGN15	2.2166666665	0.160124588833508	1111	1.90248596564401	2.53084736735599
3	WGN26	1.87333333300001	0.160124588833508	1111	1.55915263214402	2.187514033856
4	WGN26	2.57166666650002	0.16012458883351	1111	2.25748596564402	2.88584736735601
5	WGN26	1.98666666650002	0.160124588833506	1111	1.67248596564403	2.30084736735601
6	WGN26	2.40500000000001	0.16012458883351	1111	2.09081929914402	2.71918070085601
7	WGN26	2.115	0.160124588833511	1111	1.800819299144	2.429180700856
9	WGN26	2.2666666665	0.160124588833512	1111	1.952485965644	2.580847367356
10	WGN26	2.76333333350001	0.160124588833508	1111	2.44915263264402	3.077514034356
11	WGN26	2.45458932887231	0.226501270079874	1111	2.01017084013878	2.89900781760585
12	WGN26	2.435	0.160124588833506	1111	2.12081929914401	2.74918070085599
13	WGN26	2.28666666650001	0.160124588833511	1111	1.97248596564401	2.600847367356
14	WGN26	2.21833333350002	0.160124588833505	1111	1.90415263264403	2.532514034356
15	WGN26	2.14500000000001	0.160124588833509	1111	1.83081929914401	2.459180700856
17	WGN26	2.67833333300001	0.160124588833509	1111	2.36415263214402	2.992514033856
18	WGN26	2.51125599487231	0.226501270079867	1111	2.06683750613878	2.95567448360584
19	WGN26	2.1920773381277	0.226501270079874	1111	1.74765884939416	2.63649582686124
20	WGN26	2.22125599487231	0.226501270079873	1111	1.77683750613877	2.66567448360585
21	WGN26	2.05500000000001	0.160124588833508	1111	1.74081929914402	2.369180700856
22	WGN26	2.34666666700001	0.160124588833508	1111	2.03248596614402	2.660847367856
23	WGN26	2.27500000000001	0.16012458883351	1111	1.96081929914401	2.58918070085601
25	WGN26	2.15000000000001	0.160124588833507	1111	1.83581929914402	2.464180700856
26	WGN26	1.936666667	0.16012458883351	1111	1.62248596614401	2.250847367856
27	WGN26	2.25166666650001	0.160124588833507	1111	1.93748596564402	2.565847367356
28	WGN26	2.48000000000001	0.160124588833508	1111	2.16581929914402	2.794180700856
29	WGN26	2.22500000000001	0.160124588833507	1111	1.91081929914402	2.539180700856
30	WGN26	2.6916666665	0.160124588833506	1111	2.37748596564402	3.00584736735599
31	WGN26	2.40500000000001	0.160124588833509	1111	2.09081929914402	2.719180700856
32	WGN26	1.94166666649999	0.160124588833511	1111	1.62748596564399	2.25584736735599
33	WGN26	2.54458932887232	0.226501270079874	1111	2.10017084013878	2.98900781760585
34	WGN26	2.5816666665	0.160124588833506	1111	2.26748596564401	2.89584736735599
35	WGN26	2.48500000000001	0.160124588833508	1111	2.17081929914402	2.799180700856
36	WGN26	2.33333333350001	0.160124588833505	1111	2.01915263264402	2.647514034356
38	WGN26	2.20000000000001	0.160124588833509	1111	1.88581929914402	2.514180700856
39	WGN26	2.11833333350002	0.160124588833507	1111	1.80415263264403	2.43251403435601
40	WGN26	2.46833333350001	0.160124588833508	1111	2.15415263264402	2.782514034356
41	WGN26	1.75207733812771	0.226501270079872	1111	1.30765884939417	2.19649582686124
42	WGN26	2.58666666700002	0.160124588833511	1111	2.27248596614402	2.90084736785602
43	WGN26	1.99333333300002	0.160124588833506	1111	1.67915263214403	2.30751403385601
44	WGN26	2.55000000000002	0.160124588833511	1111	2.23581929914402	2.86418070085601
45	WGN26	2.6216666665	0.160124588833506	1111	2.30748596564401	2.93584736735599
46	WGN26	2.43500000000001	0.160124588833509	1111	2.12081929914402	2.74918070085601
47	WGN26	2.28833333300001	0.160124588833507	1111	1.97415263214402	2.602514033856
48	WGN26	2.715	0.160124588833505	1111	2.40081929914401	3.02918070085598
49	WGN26	2.49833333350001	0.160124588833508	1111	2.18415263264402	2.812514034356
50	WGN26	2.896666667	0.160124588833506	1111	2.58248596614401	3.21084736785599
51	WGN26	1.77333333350002	0.160124588833507	1111	1.45915263264403	2.08751403435601
52	WGN26	2.27666666650001	0.160124588833509	1111	1.96248596564402	2.59084736735601
53	WGN26	1.833333333	0.160124588833509	1111	1.51915263214401	2.147514033856
54	WGN26	2.41500000000001	0.160124588833507	1111	2.10081929914402	2.729180700856
55	WGN26	1.63833333350001	0.160124588833509	1111	1.32415263264401	1.952514034356
56	WGN26	2.66833333350001	0.160124588833507	1111	2.35415263264402	2.98251403435599
57	WGN26	1.986666667	0.16012458883351	1111	1.67248596614401	2.300847367856
58	WGN26	2.26666666650001	0.160124588833506	1111	1.95248596564403	2.580847367356
59	WGN26	3.65207733812771	0.226501270079872	1111	3.20765884939418	4.09649582686125
60	WGN26	1.97000000000003	0.160124588833504	1111	1.65581929914405	2.28418070085602
61	WGN26	2.55666666650001	0.160124588833508	1111	2.24248596564402	2.870847367356
62	WGN26	2.27833333350001	0.160124588833507	1111	1.96415263264402	2.592514034356
64	WGN26	2.45166666650001	0.160124588833508	1111	2.13748596564402	2.765847367356
65	WGN26	2.45333333300001	0.160124588833508	1111	2.13915263214402	2.767514033856
66	WGN26	2.08333333300001	0.160124588833507	1111	1.76915263214402	2.397514033856
67	WGN26	2.28166666700002	0.160124588833508	1111	1.96748596614402	2.59584736785601
68	WGN26	2.388333333	0.160124588833509	1111	2.07415263214401	2.702514033856
69	WGN26	2.52833333350001	0.160124588833509	1111	2.21415263264402	2.842514034356
70	WGN26	2.80000000000002	0.160124588833508	1111	2.48581929914402	3.11418070085601
71	WGN26	2.17500000000001	0.16012458883351	1111	1.86081929914401	2.489180700856
73	WGN26	2.05333333300001	0.16012458883351	1111	1.73915263214401	2.367514033856
74	WGN26	2.55666666650001	0.160124588833509	1111	2.24248596564402	2.870847367356
75	WGN26	2.26833333350001	0.160124588833509	1111	1.95415263264401	2.582514034356
76	WGN26	2.76666666650001	0.160124588833509	1111	2.45248596564401	3.080847367356
77	WGN26	1.65874400512771	0.226501270079871	1111	1.21432551639418	2.10316249386125
78	WGN26	2.68833333350001	0.160124588833508	1111	2.37415263264402	3.002514034356
79	WGN26	2.21792266187231	0.226501270079872	1111	1.77350417313877	2.66234115060585
80	WGN26	2.29666666700001	0.160124588833508	1111	1.98248596614402	2.610847367856
81	WGN26	2.13207733812771	0.22650127007987	1111	1.68765884939418	2.57649582686124
82	WGN26	2.04500000000001	0.160124588833509	1111	1.73081929914401	2.359180700856
83	WGN26	2.49833333350001	0.160124588833508	1111	2.18415263264402	2.812514034356
85	WGN26	2.55874400512771	0.226501270079869	1111	2.11432551639418	3.00316249386124
86	WGN26	1.53707733812771	0.226501270079869	1111	1.09265884939418	1.98149582686125
87	WGN26	2.20000000000001	0.160124588833508	1111	1.88581929914402	2.514180700856
88	WGN26	2.02500000000001	0.160124588833507	1111	1.71081929914402	2.339180700856
89	WGN26	2.26666666700001	0.160124588833508	1111	1.95248596614401	2.580847367856
90	WGN26	2.51666666650001	0.160124588833508	1111	2.20248596564402	2.830847367356
91	WGN26	2.08166666650001	0.160124588833509	1111	1.76748596564402	2.39584736735601
92	WGN26	2.18666666650001	0.160124588833508	1111	1.87248596564402	2.500847367356
93	WGN26	2.20333333300001	0.160124588833507	1111	1.88915263214402	2.517514033856
94	WGN26	2.36500000000001	0.160124588833508	1111	2.05081929914402	2.679180700856
95	WGN26	2.27666666650001	0.160124588833509	1111	1.96248596564401	2.590847367356
96	WGN26	2.07833333350001	0.160124588833507	1111	1.76415263264402	2.392514034356
97	WGN26	2.19000000000001	0.160124588833508	1111	1.87581929914401	2.504180700856
98	WGN26	2.55833333300001	0.160124588833508	1111	2.24415263214402	2.872514033856
99	WGN26	2.09666666700001	0.160124588833509	1111	1.78248596614401	2.410847367856
101	WGN26	2.42833333350002	0.160124588833509	1111	2.11415263264402	2.74251403435601
102	WGN26	2.31833333300001	0.160124588833508	1111	2.00415263214402	2.632514033856
103	WGN26	2.52333333300001	0.16012458883351	1111	2.20915263214402	2.83751403385601
104	WGN26	2.43666666700001	0.160124588833507	1111	2.12248596614402	2.750847367856
105	WGN26	2.17500000000001	0.160124588833509	1111	1.86081929914401	2.489180700856
106	WGN26	2.46500000000001	0.160124588833508	1111	2.15081929914402	2.779180700856
108	WGN26	2.42833333350001	0.160124588833508	1111	2.11415263264402	2.742514034356
109	WGN26	2.03166666700001	0.160124588833507	1111	1.71748596614402	2.345847367856
111	WGN26	2.253333333	0.160124588833507	1111	1.93915263214401	2.56751403385599
112	WGN26	2.32833333350001	0.160124588833509	1111	2.01415263264402	2.642514034356
113	WGN26	1.26000000000001	0.160124588833509	1111	0.945819299144018	1.57418070085601
115	WGN26	2.27500000000001	0.160124588833509	1111	1.96081929914402	2.58918070085601
116	WGN26	2.13000000000001	0.160124588833507	1111	1.81581929914402	2.444180700856
117	WGN26	1.83541067112771	0.226501270079871	1111	1.39099218239417	2.27982915986124
118	WGN26	2.30000000000001	0.160124588833508	1111	1.98581929914401	2.614180700856
119	WGN26	2.31000000000001	0.160124588833509	1111	1.99581929914401	2.624180700856
121	WGN26	2.30500000000001	0.160124588833508	1111	1.99081929914402	2.619180700856
122	WGN26	2.30000000000001	0.160124588833509	1111	1.98581929914402	2.614180700856
123	WGN26	2.26333333300001	0.160124588833508	1111	1.94915263214402	2.577514033856
125	WGN26	2.61666666700001	0.160124588833509	1111	2.30248596614402	2.930847367856
127	WGN26	2.21666666650001	0.160124588833507	1111	1.90248596564402	2.530847367356
128	WGN26	1.90333333300001	0.160124588833508	1111	1.58915263214402	2.217514033856
129	WGN26	1.61792266187231	0.226501270079872	1111	1.17350417313877	2.06234115060584
130	WGN26	2.37999999999999	0.160124588833517	1111	2.06581929914398	2.694180700856
1	WGN36	2.50833333350009	0.160124588833511	1111	2.19415263264409	2.82251403435609
2	WGN36	2.12666666700002	0.160124588833508	1111	1.81248596614402	2.44084736785601
4	WGN36	2.09166666650002	0.160124588833506	1111	1.77748596564404	2.40584736735601
5	WGN36	2.42666666650001	0.160124588833509	1111	2.11248596564401	2.740847367356
6	WGN36	3.07000000000002	0.160124588833509	1111	2.75581929914402	3.38418070085601
7	WGN36	2.78333333350001	0.160124588833509	1111	2.46915263264401	3.097514034356
8	WGN36	2.51833333350001	0.160124588833512	1111	2.20415263264401	2.83251403435601
9	WGN36	2.51125599487231	0.226501270079877	1111	2.06683750613876	2.95567448360585
10	WGN36	2.17666666650001	0.160124588833508	1111	1.86248596564402	2.490847367356
11	WGN36	2.20833333349999	0.160124588833514	1111	1.89415263264398	2.52251403435599
12	WGN36	2.33792266187232	0.226501270079872	1111	1.89350417313878	2.78234115060585
13	WGN36	2.1133333335	0.16012458883351	1111	1.799152632644	2.42751403435599
14	WGN36	1.76333333350001	0.160124588833507	1111	1.44915263264402	2.077514034356
15	WGN36	2.48833333350001	0.160124588833508	1111	2.17415263264402	2.802514034356
16	WGN36	2.55333333300001	0.160124588833509	1111	2.23915263214402	2.86751403385601
17	WGN36	2.05500000000001	0.160124588833508	1111	1.74081929914401	2.369180700856
18	WGN36	2.61500000000001	0.160124588833506	1111	2.30081929914402	2.92918070085599
19	WGN36	2.34333333350001	0.160124588833506	1111	2.02915263264402	2.657514034356
20	WGN36	2.43333333350001	0.160124588833508	1111	2.11915263264402	2.747514034356
21	WGN36	2.28666666650001	0.160124588833508	1111	1.97248596564402	2.600847367356
22	WGN36	2.12000000000001	0.160124588833508	1111	1.80581929914402	2.434180700856
23	WGN36	2.273333333	0.160124588833511	1111	1.959152632144	2.587514033856
24	WGN36	2.13000000000001	0.160124588833509	1111	1.81581929914401	2.444180700856
26	WGN36	2.61166666700001	0.160124588833507	1111	2.29748596614402	2.925847367856
27	WGN36	2.306666667	0.160124588833513	1111	1.992485966144	2.620847367856
28	WGN36	2.29333333300001	0.160124588833507	1111	1.97915263214402	2.607514033856
30	WGN36	2.50833333300001	0.160124588833509	1111	2.19415263214402	2.822514033856
31	WGN36	2.135	0.160124588833509	1111	1.82081929914401	2.449180700856
32	WGN36	2.51833333350001	0.160124588833508	1111	2.20415263264402	2.832514034356
33	WGN36	1.9566666665	0.160124588833509	1111	1.64248596564401	2.270847367356
34	WGN36	2.835	0.160124588833505	1111	2.52081929914402	3.14918070085599
35	WGN36	2.38000000000001	0.160124588833508	1111	2.06581929914402	2.69418070085601
36	WGN36	2.2833333335	0.160124588833508	1111	1.969152632644	2.59751403435599
37	WGN36	2.7245893288723	0.226501270079874	1111	2.28017084013876	3.16900781760584
38	WGN36	2.40458932887231	0.226501270079871	1111	1.96017084013878	2.84900781760584
39	WGN36	2.15666666650001	0.160124588833508	1111	1.84248596564402	2.470847367356
40	WGN36	2.105	0.160124588833509	1111	1.79081929914401	2.419180700856
41	WGN36	2.52833333350001	0.160124588833509	1111	2.21415263264401	2.842514034356
42	WGN36	2.7383333335	0.160124588833507	1111	2.42415263264401	3.05251403435599
43	WGN36	2.16333333350001	0.160124588833508	1111	1.84915263264402	2.477514034356
44	WGN36	2.43166666700001	0.16012458883351	1111	2.11748596614401	2.745847367856
45	WGN36	2.3033333335	0.160124588833509	1111	1.98915263264401	2.617514034356
46	WGN36	2.33500000000001	0.160124588833509	1111	2.02081929914401	2.649180700856
47	WGN36	1.84166666650001	0.160124588833508	1111	1.52748596564402	2.155847367356
48	WGN36	2.38666666700001	0.160124588833508	1111	2.07248596614402	2.700847367856
49	WGN36	2.14333333350001	0.160124588833509	1111	1.82915263264401	2.457514034356
51	WGN36	2.19333333350001	0.160124588833508	1111	1.87915263264402	2.507514034356
52	WGN36	2.52833333300001	0.160124588833508	1111	2.21415263214401	2.842514033856
53	WGN36	2.38166666650001	0.160124588833509	1111	2.06748596564401	2.695847367356
54	WGN36	2.28666666700001	0.160124588833508	1111	1.97248596614402	2.600847367856
55	WGN36	2.0216666665	0.160124588833509	1111	1.70748596564401	2.335847367356
56	WGN36	2.02333333300001	0.160124588833509	1111	1.70915263214402	2.337514033856
57	WGN36	2.13000000000001	0.160124588833508	1111	1.81581929914401	2.444180700856
58	WGN36	1.92333333300001	0.160124588833508	1111	1.60915263214401	2.237514033856
59	WGN36	2.13666666700001	0.160124588833508	1111	1.82248596614402	2.450847367856
60	WGN36	2.36000000000001	0.160124588833508	1111	2.04581929914402	2.674180700856
62	WGN36	2.01166666700001	0.160124588833508	1111	1.69748596614402	2.325847367856
64	WGN36	2.33166666650001	0.160124588833509	1111	2.01748596564401	2.645847367356
65	WGN36	1.8366666665	0.160124588833509	1111	1.52248596564401	2.150847367356
66	WGN36	2.50500000000001	0.160124588833508	1111	2.19081929914402	2.819180700856
68	WGN36	2.56000000000001	0.160124588833509	1111	2.24581929914401	2.874180700856
69	WGN36	2.36666666650001	0.160124588833509	1111	2.05248596564401	2.680847367356
70	WGN36	2.26166666700001	0.160124588833509	1111	1.94748596614401	2.575847367856
71	WGN36	1.95333333300001	0.160124588833508	1111	1.63915263214402	2.267514033856
72	WGN36	2.57166666700001	0.160124588833508	1111	2.25748596614402	2.885847367856
74	WGN36	2.70500000000001	0.160124588833508	1111	2.39081929914401	3.019180700856
75	WGN36	2.40000000000001	0.160124588833509	1111	2.08581929914402	2.714180700856
76	WGN36	1.99333333300001	0.160124588833508	1111	1.67915263214402	2.307514033856
77	WGN36	2.55166666650001	0.160124588833511	1111	2.23748596564401	2.865847367356
78	WGN36	1.93999999999999	0.160124588833511	1111	1.62581929914399	2.25418070085599
79	WGN36	2.73333333300002	0.160124588833512	1111	2.41915263214402	3.04751403385602
80	WGN36	2.40833333300001	0.16012458883351	1111	2.09415263214401	2.722514033856
81	WGN36	2.75000000000001	0.160124588833511	1111	2.43581929914401	3.06418070085601
82	WGN36	2.53166666700001	0.160124588833511	1111	2.21748596614401	2.845847367856
83	WGN36	2.46333333300001	0.16012458883351	1111	2.14915263214401	2.777514033856
84	WGN36	2.63333333350001	0.160124588833511	1111	2.31915263264401	2.94751403435601
85	WGN36	1.83333333299999	0.160124588833511	1111	1.51915263214399	2.14751403385598
86	WGN36	2.44000000000001	0.16012458883351	1111	2.12581929914401	2.754180700856
87	WGN36	2.59833333350001	0.16012458883351	1111	2.28415263264401	2.912514034356
88	WGN36	2.41666666700001	0.160124588833509	1111	2.10248596614401	2.730847367856
89	WGN36	2.088333333	0.160124588833509	1111	1.77415263214401	2.402514033856
90	WGN36	1.8983333335	0.16012458883351	1111	1.584152632644	2.21251403435599
92	WGN36	1.92000000000001	0.160124588833508	1111	1.60581929914402	2.234180700856
93	WGN36	3.07166666650001	0.160124588833509	1111	2.75748596564401	3.385847367356
94	WGN36	2.27666666700001	0.160124588833509	1111	1.96248596614401	2.590847367856
95	WGN36	2.28000000000001	0.160124588833508	1111	1.96581929914402	2.594180700856
96	WGN36	2.45166666650002	0.160124588833508	1111	2.13748596564402	2.76584736735601
97	WGN36	2.47666666650001	0.160124588833508	1111	2.16248596564402	2.790847367356
98	WGN36	2.10333333300001	0.160124588833508	1111	1.78915263214402	2.417514033856
99	WGN36	1.98666666700001	0.160124588833509	1111	1.67248596614402	2.300847367856
100	WGN36	2.06500000000001	0.160124588833509	1111	1.75081929914401	2.379180700856
102	WGN36	3.10000000000001	0.160124588833509	1111	2.78581929914401	3.414180700856
104	WGN36	2.27666666700001	0.160124588833508	1111	1.96248596614402	2.590847367856
105	WGN36	2.15833333350001	0.160124588833509	1111	1.84415263264401	2.472514034356
106	WGN36	2.39000000000001	0.160124588833509	1111	2.07581929914401	2.704180700856
107	WGN36	2.47833333300001	0.160124588833508	1111	2.16415263214401	2.792514033856
108	WGN36	2.40333333300001	0.160124588833509	1111	2.08915263214402	2.717514033856
109	WGN36	2.43333333300001	0.160124588833508	1111	2.11915263214402	2.747514033856
110	WGN36	2.31500000000001	0.160124588833509	1111	2.00081929914402	2.629180700856
112	WGN36	2.17666666650001	0.160124588833508	1111	1.86248596564402	2.490847367356
114	WGN36	2.16833333300001	0.160124588833508	1111	1.85415263214402	2.482514033856
116	WGN36	2.24166666700001	0.160124588833509	1111	1.92748596614402	2.555847367856
117	WGN36	2.62000000000001	0.160124588833508	1111	2.30581929914402	2.934180700856
118	WGN36	2.52666666700001	0.160124588833509	1111	2.21248596614401	2.840847367856
119	WGN36	2.31333333350001	0.160124588833508	1111	1.99915263264402	2.627514034356
120	WGN36	2.23166666700001	0.160124588833509	1111	1.91748596614401	2.545847367856
121	WGN36	2.73833333350001	0.160124588833508	1111	2.42415263264402	3.052514034356
122	WGN36	2.31833333350001	0.160124588833509	1111	2.00415263264402	2.632514034356
123	WGN36	2.41166666650001	0.160124588833509	1111	2.09748596564401	2.725847367356
124	WGN36	2.50666666700001	0.160124588833509	1111	2.19248596614401	2.820847367856
125	WGN36	2.10166666650001	0.160124588833508	1111	1.78748596564402	2.415847367356
126	WGN36	2.42000000000001	0.160124588833509	1111	2.10581929914401	2.734180700856
127	WGN36	2.68833333350001	0.160124588833508	1111	2.37415263264402	3.002514034356
128	WGN36	2.58833333350001	0.160124588833509	1111	2.27415263264402	2.902514034356
129	WGN36	2.41333333300001	0.160124588833509	1111	2.09915263214402	2.727514033856
130	WGN36	2.05833333300001	0.160124588833508	1111	1.74415263214402	2.372514033856
1	WGN38	2.51166666650005	0.1601245888335	1111	2.19748596564407	2.82584736735602
2	WGN38	2.6066666665	0.160124588833511	1111	2.292485965644	2.92084736735599
3	WGN38	2.20666666649999	0.160124588833508	1111	1.892485965644	2.52084736735598
4	WGN38	2.62499999999999	0.160124588833508	1111	2.31081929914399	2.93918070085598
5	WGN38	2.22	0.160124588833508	1111	1.90581929914401	2.53418070085599
6	WGN38	2.9412559948723	0.226501270079872	1111	2.49683750613876	3.38567448360584
7	WGN38	2.31833333349999	0.16012458883351	1111	2.00415263264399	2.63251403435599
8	WGN38	2.43666666649999	0.160124588833509	1111	2.122485965644	2.75084736735599
10	WGN38	2.40166666699999	0.160124588833507	1111	2.087485966144	2.71584736785598
11	WGN38	2.49166666699999	0.16012458883351	1111	2.17748596614399	2.80584736785598
12	WGN38	2.3645893288723	0.22650127007987	1111	1.92017084013877	2.80900781760583
13	WGN38	2.36333333349999	0.160124588833509	1111	2.049152632644	2.67751403435598
14	WGN38	2.69333333349999	0.16012458883351	1111	2.379152632644	3.00751403435599
16	WGN38	2.135	0.160124588833507	1111	1.82081929914401	2.44918070085599
18	WGN38	2.34833333299999	0.160124588833509	1111	2.034152632144	2.66251403385598
19	WGN38	2.61833333299999	0.160124588833508	1111	2.304152632144	2.93251403385598
20	WGN38	2.43666666649999	0.160124588833507	1111	2.122485965644	2.75084736735598
21	WGN38	2.06666666649999	0.160124588833508	1111	1.752485965644	2.38084736735598
22	WGN38	2.01166666699999	0.160124588833509	1111	1.69748596614399	2.32584736785598
23	WGN38	2.49999999999999	0.160124588833509	1111	2.185819299144	2.81418070085598
24	WGN38	2.193333333	0.160124588833507	1111	1.87915263214401	2.50751403385599
26	WGN38	2.35499999999999	0.160124588833508	1111	2.040819299144	2.66918070085598
27	WGN38	2.58166666699999	0.160124588833509	1111	2.267485966144	2.89584736785599
28	WGN38	2.01999999999999	0.160124588833509	1111	1.70581929914399	2.33418070085598
29	WGN38	2.29999999999999	0.160124588833509	1111	1.98581929914399	2.61418070085598
30	WGN38	2.70166666699999	0.160124588833508	1111	2.387485966144	3.01584736785598
32	WGN38	2.44666666699999	0.160124588833508	1111	2.132485966144	2.76084736785598
33	WGN38	2.47333333349999	0.160124588833508	1111	2.159152632644	2.78751403435598
34	WGN38	2.42166666649999	0.160124588833508	1111	2.107485965644	2.73584736735598
35	WGN38	2.61333333299999	0.160124588833507	1111	2.299152632144	2.92751403385598
36	WGN38	2.60666666699999	0.160124588833509	1111	2.292485966144	2.92084736785598
37	WGN38	2.97833333349999	0.160124588833507	1111	2.66415263264399	3.29251403435598
38	WGN38	2.55666666699999	0.160124588833509	1111	2.242485966144	2.87084736785599
39	WGN38	2.07499999999999	0.160124588833508	1111	1.760819299144	2.38918070085599
40	WGN38	2.46833333349999	0.160124588833508	1111	2.154152632644	2.78251403435598
41	WGN38	2.15999999999999	0.160124588833508	1111	1.845819299144	2.47418070085598
42	WGN38	2.04999999999999	0.160124588833508	1111	1.735819299144	2.36418070085599
45	WGN38	2.32666666649999	0.160124588833508	1111	2.012485965644	2.64084736735598
46	WGN38	2.52666666699999	0.160124588833508	1111	2.212485966144	2.84084736785598
47	WGN38	1.72499999999998	0.160124588833509	1111	1.41081929914399	2.03918070085598
48	WGN38	2.30499999999999	0.160124588833509	1111	1.990819299144	2.61918070085598
49	WGN38	2.8483333335	0.160124588833509	1111	2.534152632644	3.16251403435599
50	WGN38	2.69833333349999	0.160124588833509	1111	2.384152632644	3.01251403435599
51	WGN38	2.20499999999999	0.160124588833509	1111	1.890819299144	2.51918070085598
52	WGN38	2.56666666649999	0.160124588833509	1111	2.252485965644	2.88084736735598
53	WGN38	2.69166666699999	0.160124588833508	1111	2.377485966144	3.00584736785598
54	WGN38	2.45333333299999	0.160124588833508	1111	2.139152632144	2.76751403385598
55	WGN38	2.055	0.160124588833508	1111	1.74081929914401	2.36918070085599
56	WGN38	2.42333333349999	0.160124588833508	1111	2.109152632644	2.73751403435598
59	WGN38	2.75999999999999	0.160124588833508	1111	2.445819299144	3.07418070085598
61	WGN38	2.57333333299999	0.160124588833509	1111	2.259152632144	2.88751403385598
63	WGN38	2.54333333299999	0.160124588833508	1111	2.229152632144	2.85751403385598
64	WGN38	2.85666666649999	0.160124588833509	1111	2.542485965644	3.17084736735599
65	WGN38	2.23499999999999	0.160124588833508	1111	1.920819299144	2.54918070085599
66	WGN38	1.998333333	0.160124588833508	1111	1.684152632144	2.31251403385599
67	WGN38	2.23999999999999	0.160124588833508	1111	1.925819299144	2.55418070085598
68	WGN38	2.09499999999999	0.160124588833509	1111	1.780819299144	2.40918070085598
69	WGN38	2.60666666699999	0.160124588833508	1111	2.292485966144	2.92084736785599
70	WGN38	2.42833333299999	0.160124588833509	1111	2.114152632144	2.74251403385598
72	WGN38	2.35499999999999	0.160124588833508	1111	2.040819299144	2.66918070085599
73	WGN38	2.33499999999999	0.160124588833508	1111	2.020819299144	2.64918070085598
74	WGN38	2.57999999999999	0.160124588833509	1111	2.265819299144	2.89418070085599
76	WGN38	2.19999999999999	0.160124588833509	1111	1.885819299144	2.51418070085599
77	WGN38	2.29833333349999	0.160124588833508	1111	1.984152632644	2.61251403435598
78	WGN38	2.09499999999999	0.160124588833509	1111	1.780819299144	2.40918070085598
80	WGN38	2.17166666699999	0.160124588833509	1111	1.857485966144	2.48584736785598
81	WGN38	2.67999999999999	0.160124588833508	1111	2.365819299144	2.99418070085598
82	WGN38	2.21666666699999	0.160124588833509	1111	1.902485966144	2.53084736785598
83	WGN38	2.65166666649999	0.160124588833509	1111	2.337485965644	2.96584736735599
84	WGN38	2.25999999999999	0.160124588833508	1111	1.945819299144	2.57418070085598
85	WGN38	2.52333333349999	0.160124588833509	1111	2.209152632644	2.83751403435598
86	WGN38	2.39166666699999	0.160124588833508	1111	2.077485966144	2.70584736785598
87	WGN38	2.05666666649999	0.160124588833508	1111	1.742485965644	2.37084736735599
88	WGN38	2.10833333349999	0.160124588833508	1111	1.794152632644	2.42251403435598
89	WGN38	2.07166666699999	0.160124588833508	1111	1.757485966144	2.38584736785599
90	WGN38	2.45999999999999	0.160124588833508	1111	2.145819299144	2.77418070085598
91	WGN38	2.28666666699999	0.160124588833508	1111	1.972485966144	2.60084736785598
92	WGN38	2.34166666699999	0.160124588833508	1111	2.027485966144	2.65584736785598
93	WGN38	2.40999999999999	0.160124588833508	1111	2.095819299144	2.72418070085598
94	WGN38	2.35333333299999	0.160124588833508	1111	2.039152632144	2.66751403385598
95	WGN38	2.44166666649999	0.160124588833508	1111	2.127485965644	2.75584736735598
96	WGN38	2.06999999999999	0.160124588833508	1111	1.755819299144	2.38418070085598
97	WGN38	1.99166666649999	0.160124588833509	1111	1.677485965644	2.30584736735598
98	WGN38	2.80666666699999	0.160124588833508	1111	2.492485966144	3.12084736785598
99	WGN38	2.45666666699999	0.160124588833508	1111	2.142485966144	2.77084736785598
100	WGN38	2.36499999999999	0.160124588833508	1111	2.050819299144	2.67918070085598
101	WGN38	2.35999999999999	0.160124588833508	1111	2.045819299144	2.67418070085598
102	WGN38	2.56333333299999	0.160124588833509	1111	2.249152632144	2.87751403385599
103	WGN38	2.07499999999999	0.160124588833508	1111	1.760819299144	2.38918070085599
104	WGN38	2.05166666649999	0.160124588833508	1111	1.737485965644	2.36584736735598
106	WGN38	1.91458932887229	0.226501270079871	1111	1.47017084013876	2.35900781760583
107	WGN38	2.41833333299999	0.160124588833508	1111	2.104152632144	2.73251403385598
108	WGN38	2.19541067112769	0.226501270079871	1111	1.75099218239416	2.63982915986122
109	WGN38	2.61541067112769	0.226501270079871	1111	2.17099218239415	3.05982915986122
110	WGN38	2.30833333349999	0.160124588833508	1111	1.994152632644	2.62251403435598
111	WGN38	1.95166666649999	0.160124588833508	1111	1.637485965644	2.26584736735598
112	WGN38	2.27792266187229	0.226501270079871	1111	1.83350417313876	2.72234115060583
113	WGN38	2.21999999999999	0.160124588833509	1111	1.905819299144	2.53418070085598
114	WGN38	2.41499999999999	0.160124588833508	1111	2.100819299144	2.72918070085598
115	WGN38	2.16333333299999	0.160124588833508	1111	1.849152632144	2.47751403385598
1	WGN39	2.42499999999994	0.160124588833497	1111	2.11081929914397	2.73918070085591
2	WGN39	2.18499999999998	0.160124588833512	1111	1.87081929914398	2.49918070085598
3	WGN39	2.30499999999998	0.160124588833513	1111	1.99081929914398	2.61918070085598
4	WGN39	2.408333333	0.160124588833509	1111	2.09415263214401	2.72251403385599
5	WGN39	2.6266666665	0.160124588833509	1111	2.312485965644	2.94084736735599
6	WGN39	2.55	0.16012458883351	1111	2.235819299144	2.86418070085599
7	WGN39	2.33499999999999	0.160124588833506	1111	2.02081929914401	2.64918070085598
8	WGN39	2.21166666649999	0.160124588833506	1111	1.897485965644	2.52584736735598
9	WGN39	2.37833333299999	0.160124588833509	1111	2.064152632144	2.69251403385598
10	WGN39	2.0833333335	0.160124588833507	1111	1.76915263264401	2.39751403435599
11	WGN39	2.42333333299999	0.160124588833509	1111	2.109152632144	2.73751403385598
12	WGN39	2.39333333349998	0.160124588833511	1111	2.07915263264399	2.70751403435598
13	WGN39	2.07	0.160124588833507	1111	1.75581929914401	2.38418070085599
14	WGN39	2.34833333349999	0.160124588833508	1111	2.03415263264399	2.66251403435598
15	WGN39	2.28999999999999	0.16012458883351	1111	1.97581929914399	2.60418070085598
16	WGN39	2.92166666649999	0.160124588833508	1111	2.607485965644	3.23584736735598
17	WGN39	1.93666666699997	0.160124588833511	1111	1.62248596614397	2.25084736785597
18	WGN39	2.67666666649999	0.160124588833509	1111	2.362485965644	2.99084736735599
19	WGN39	2.38833333349999	0.160124588833507	1111	2.074152632644	2.70251403435598
20	WGN39	2.28499999999999	0.160124588833509	1111	1.970819299144	2.59918070085598
21	WGN39	2.19833333299999	0.160124588833507	1111	1.884152632144	2.51251403385598
22	WGN39	2.17125599487231	0.226501270079871	1111	1.72683750613877	2.61567448360584
24	WGN39	2.66833333299999	0.160124588833508	1111	2.354152632144	2.98251403385598
25	WGN39	2.11166666699999	0.16012458883351	1111	1.79748596614399	2.42584736785598
26	WGN39	2.55499999999999	0.160124588833508	1111	2.24081929914399	2.86918070085598
27	WGN39	2.21666666649999	0.160124588833509	1111	1.90248596564399	2.53084736735598
28	WGN39	1.91499999999999	0.160124588833508	1111	1.600819299144	2.22918070085599
29	WGN39	2.31499999999999	0.160124588833509	1111	2.000819299144	2.62918070085598
30	WGN39	2.66666666649999	0.160124588833508	1111	2.352485965644	2.98084736735599
31	WGN39	2.36166666649999	0.160124588833509	1111	2.047485965644	2.67584736735598
32	WGN39	2.36666666699999	0.160124588833511	1111	2.05248596614399	2.68084736785599
34	WGN39	2.03499999999999	0.160124588833507	1111	1.720819299144	2.34918070085599
35	WGN39	2.28166666649999	0.160124588833509	1111	1.967485965644	2.59584736735598
36	WGN39	2.16999999999999	0.160124588833508	1111	1.855819299144	2.48418070085598
37	WGN39	2.03333333349997	0.160124588833512	1111	1.71915263264397	2.34751403435597
38	WGN39	1.89792266187228	0.226501270079873	1111	1.45350417313875	2.34234115060582
39	WGN39	2.31666666699999	0.160124588833506	1111	2.002485966144	2.63084736785598
40	WGN39	2.38333333299999	0.160124588833507	1111	2.069152632144	2.69751403385598
41	WGN39	2.71999999999999	0.160124588833507	1111	2.405819299144	3.03418070085598
42	WGN39	2.15166666649998	0.16012458883351	1111	1.83748596564399	2.46584736735598
43	WGN39	2.17833333299999	0.160124588833509	1111	1.86415263214399	2.49251403385598
44	WGN39	2.63166666649999	0.160124588833509	1111	2.317485965644	2.94584736735599
45	WGN39	2.53666666649999	0.160124588833511	1111	2.222485965644	2.85084736735599
46	WGN39	2.54333333349999	0.160124588833508	1111	2.229152632644	2.85751403435598
47	WGN39	2.33333333299999	0.160124588833509	1111	2.019152632144	2.64751403385599
48	WGN39	2.48833333299999	0.160124588833509	1111	2.174152632144	2.80251403385598
49	WGN39	2.21833333299999	0.160124588833509	1111	1.904152632144	2.53251403385598
50	WGN39	2.00999999999999	0.16012458883351	1111	1.69581929914399	2.32418070085598
51	WGN39	2.51999999999999	0.160124588833507	1111	2.205819299144	2.83418070085598
52	WGN39	2.68999999999999	0.160124588833509	1111	2.375819299144	3.00418070085599
53	WGN39	2.36166666649999	0.160124588833511	1111	2.04748596564399	2.67584736735599
54	WGN39	2.13833333349999	0.160124588833508	1111	1.824152632644	2.45251403435598
55	WGN39	2.30833333349999	0.160124588833509	1111	1.994152632644	2.62251403435598
56	WGN39	2.17833333349999	0.160124588833508	1111	1.864152632644	2.49251403435599
57	WGN39	2.16833333349999	0.160124588833509	1111	1.854152632644	2.48251403435598
58	WGN39	2.54499999999999	0.160124588833508	1111	2.230819299144	2.85918070085598
59	WGN39	2.45166666699999	0.160124588833509	1111	2.137485966144	2.76584736785598
60	WGN39	2.40333333349999	0.160124588833509	1111	2.089152632644	2.71751403435598
61	WGN39	2.55166666649999	0.160124588833507	1111	2.237485965644	2.86584736735598
62	WGN39	2.27833333349999	0.160124588833509	1111	1.964152632644	2.59251403435598
63	WGN39	2.23833333299999	0.160124588833509	1111	1.924152632144	2.55251403385598
64	WGN39	2.47999999999999	0.160124588833509	1111	2.165819299144	2.79418070085599
65	WGN39	2.18499999999999	0.160124588833509	1111	1.87081929914399	2.49918070085598
66	WGN39	2.43666666649999	0.160124588833506	1111	2.122485965644	2.75084736735598
67	WGN39	2.67499999999999	0.160124588833508	1111	2.360819299144	2.98918070085598
68	WGN39	2.58833333349999	0.160124588833509	1111	2.274152632644	2.90251403435599
69	WGN39	2.27166666649999	0.160124588833508	1111	1.957485965644	2.58584736735598
70	WGN39	2.66166666699999	0.160124588833508	1111	2.347485966144	2.97584736785598
71	WGN39	2.46666666699999	0.160124588833509	1111	2.152485966144	2.78084736785598
72	WGN39	2.31333333299999	0.160124588833508	1111	1.999152632144	2.62751403385598
73	WGN39	2.63666666699999	0.160124588833509	1111	2.322485966144	2.95084736785599
74	WGN39	2.31833333349999	0.16012458883351	1111	2.00415263264399	2.63251403435598
75	WGN39	2.40833333349999	0.16012458883351	1111	2.094152632644	2.72251403435599
76	WGN39	2.46499999999999	0.160124588833509	1111	2.15081929914399	2.77918070085598
77	WGN39	2.50666666699999	0.160124588833508	1111	2.192485966144	2.82084736785598
78	WGN39	2.23666666699999	0.160124588833508	1111	1.922485966144	2.55084736785598
79	WGN39	2.51833333349999	0.160124588833508	1111	2.204152632644	2.83251403435598
80	WGN39	2.88333333349999	0.160124588833507	1111	2.569152632644	3.19751403435598
81	WGN39	2.37333333349999	0.160124588833509	1111	2.059152632644	2.68751403435598
82	WGN39	2.15499999999999	0.160124588833508	1111	1.840819299144	2.46918070085598
83	WGN39	2.25666666699999	0.160124588833507	1111	1.942485966144	2.57084736785598
84	WGN39	2.79166666699999	0.160124588833509	1111	2.477485966144	3.10584736785598
85	WGN39	2.27833333299999	0.160124588833507	1111	1.964152632144	2.59251403385598
86	WGN39	2.68666666649999	0.160124588833508	1111	2.372485965644	3.00084736735598
87	WGN39	2.26833333299999	0.160124588833508	1111	1.954152632144	2.58251403385598
88	WGN39	2.38166666649999	0.160124588833508	1111	2.067485965644	2.69584736735598
89	WGN39	2.31833333349999	0.160124588833508	1111	2.004152632644	2.63251403435598
90	WGN39	2.7	0.16012458883351	1111	2.385819299144	3.01418070085599
91	WGN39	2.24166666649999	0.160124588833509	1111	1.927485965644	2.55584736735598
92	WGN39	1.95333333349999	0.160124588833509	1111	1.639152632644	2.26751403435598
93	WGN39	2.78833333299999	0.160124588833509	1111	2.474152632144	3.10251403385599
94	WGN39	2.63833333299999	0.160124588833509	1111	2.324152632144	2.95251403385599
95	WGN39	2.43166666649999	0.160124588833508	1111	2.117485965644	2.74584736735598
96	WGN39	2.35499999999999	0.160124588833509	1111	2.040819299144	2.66918070085598
97	WGN39	2.31333333349999	0.160124588833509	1111	1.999152632644	2.62751403435599
98	WGN39	2.36333333349999	0.160124588833508	1111	2.049152632644	2.67751403435598
99	WGN39	2.06999999999999	0.160124588833508	1111	1.755819299144	2.38418070085598
100	WGN39	2.59833333349999	0.160124588833509	1111	2.284152632644	2.91251403435599
101	WGN39	2.46833333349999	0.160124588833508	1111	2.154152632644	2.78251403435598
102	WGN39	2.39833333349999	0.160124588833509	1111	2.084152632644	2.71251403435598
104	WGN39	2.67833333349999	0.160124588833508	1111	2.364152632644	2.99251403435598
105	WGN39	2.27333333349999	0.160124588833508	1111	1.959152632644	2.58751403435598
106	WGN39	2.49166666649999	0.160124588833509	1111	2.177485965644	2.80584736735598
107	WGN39	2.42499999999999	0.160124588833508	1111	2.110819299144	2.73918070085598
108	WGN39	2.95125599487229	0.226501270079871	1111	2.50683750613876	3.39567448360582
109	WGN39	2.16333333349999	0.160124588833508	1111	1.849152632644	2.47751403435598
110	WGN39	2.90333333349999	0.160124588833508	1111	2.589152632644	3.21751403435598
111	WGN39	2.58666666649999	0.160124588833508	1111	2.272485965644	2.90084736735598
112	WGN39	2.73166666649999	0.160124588833508	1111	2.417485965644	3.04584736735598
113	WGN39	2.02833333349999	0.160124588833508	1111	1.714152632644	2.34251403435598
114	WGN39	2.59666666699999	0.160124588833508	1111	2.282485966144	2.91084736785598
115	WGN39	2.44166666699999	0.160124588833508	1111	2.127485966144	2.75584736785598
116	WGN39	2.52333333349999	0.160124588833508	1111	2.209152632644	2.83751403435598
117	WGN39	1.87499999999999	0.160124588833508	1111	1.560819299144	2.18918070085598
118	WGN39	2.51833333299999	0.160124588833508	1111	2.204152632144	2.83251403385598
120	WGN39	2.23333333299999	0.160124588833508	1111	1.919152632144	2.54751403385598
121	WGN39	2.39792266187229	0.226501270079871	1111	1.95350417313876	2.84234115060583
122	WGN39	2.19999999999999	0.160124588833508	1111	1.885819299144	2.51418070085598
123	WGN39	2.25833333299999	0.160124588833509	1111	1.944152632144	2.57251403385598
124	WGN39	2.51166666649999	0.160124588833508	1111	2.197485965644	2.82584736735598
125	WGN39	2.42999999999999	0.160124588833508	1111	2.115819299144	2.74418070085598
126	WGN39	2.45499999999999	0.160124588833509	1111	2.140819299144	2.76918070085598
127	WGN39	2.60999999999999	0.160124588833509	1111	2.295819299144	2.92418070085598
128	WGN39	2.77207733812769	0.226501270079871	1111	2.32765884939415	3.21649582686122
129	WGN39	2.67999999999999	0.160124588833508	1111	2.365819299144	2.99418070085598
130	WGN39	2.13833333349999	0.160124588833508	1111	1.824152632644	2.45251403435598
1	WGN45	2.11000000000004	0.160124588833507	1111	1.79581929914405	2.42418070085603
2	WGN45	2.64833333350001	0.160124588833509	1111	2.33415263264402	2.96251403435601
3	WGN45	1.71	0.160124588833508	1111	1.39581929914401	2.024180700856
4	WGN45	2.67166666700003	0.160124588833511	1111	2.35748596614403	2.98584736785602
5	WGN45	2.03500000000001	0.160124588833507	1111	1.72081929914402	2.34918070085599
6	WGN45	2.16833333350001	0.160124588833507	1111	1.85415263264402	2.482514034356
7	WGN45	2.613333333	0.160124588833507	1111	2.29915263214401	2.92751403385599
8	WGN45	2.735	0.160124588833508	1111	2.42081929914401	3.04918070085599
9	WGN45	2.03333333350001	0.160124588833509	1111	1.71915263264401	2.347514034356
10	WGN45	2.1466666665	0.160124588833509	1111	1.83248596564401	2.460847367356
11	WGN45	2.5066666665	0.160124588833507	1111	2.19248596564401	2.82084736735599
12	WGN45	1.83333333350001	0.16012458883351	1111	1.51915263264401	2.147514034356
13	WGN45	2.458333333	0.160124588833507	1111	2.14415263214401	2.77251403385599
14	WGN45	2.225	0.160124588833506	1111	1.91081929914401	2.53918070085599
15	WGN45	1.84500000000002	0.160124588833507	1111	1.53081929914403	2.15918070085601
16	WGN45	2.3533333335	0.160124588833509	1111	2.03915263264401	2.66751403435599
17	WGN45	1.9766666665	0.160124588833507	1111	1.66248596564402	2.29084736735599
18	WGN45	1.585	0.160124588833509	1111	1.270819299144	1.89918070085599
19	WGN45	2.51500000000001	0.160124588833509	1111	2.20081929914402	2.82918070085601
20	WGN45	3.27333333300002	0.160124588833509	1111	2.95915263214403	3.58751403385601
22	WGN45	2.54666666700001	0.16012458883351	1111	2.23248596614402	2.86084736785601
23	WGN45	2.056666667	0.160124588833509	1111	1.74248596614401	2.370847367856
24	WGN45	1.40207733812771	0.226501270079871	1111	0.957658849394179	1.84649582686125
26	WGN45	1.64125599487231	0.22650127007987	1111	1.19683750613878	2.08567448360585
28	WGN45	1.75000000000001	0.160124588833508	1111	1.43581929914402	2.064180700856
29	WGN45	2.09833333350001	0.160124588833509	1111	1.78415263264401	2.412514034356
31	WGN45	2.28333333350001	0.160124588833511	1111	1.96915263264401	2.597514034356
32	WGN45	2.29833333350001	0.160124588833509	1111	1.98415263264402	2.612514034356
33	WGN45	1.76166666650001	0.160124588833507	1111	1.44748596564401	2.075847367356
34	WGN45	1.92833333350001	0.160124588833507	1111	1.61415263264402	2.242514034356
35	WGN45	2.5116666665	0.160124588833507	1111	2.19748596564401	2.82584736735599
36	WGN45	2.815	0.160124588833508	1111	2.50081929914401	3.12918070085599
37	WGN45	2.16666666700001	0.160124588833509	1111	1.85248596614401	2.480847367856
40	WGN45	2.44833333350001	0.160124588833509	1111	2.13415263264401	2.762514034356
41	WGN45	2.3183333335	0.160124588833507	1111	2.00415263264401	2.63251403435599
42	WGN45	2.22666666650001	0.16012458883351	1111	1.91248596564401	2.540847367356
43	WGN45	2.45500000000001	0.160124588833508	1111	2.14081929914401	2.769180700856
44	WGN45	2.361666667	0.160124588833508	1111	2.04748596614401	2.67584736785599
45	WGN45	2.1916666665	0.160124588833507	1111	1.87748596564401	2.50584736735599
46	WGN45	1.7966666665	0.160124588833508	1111	1.48248596564401	2.110847367356
49	WGN45	2.29500000000001	0.160124588833509	1111	1.98081929914401	2.609180700856
50	WGN45	1.34792266187231	0.226501270079872	1111	0.903504173138773	1.79234115060585
52	WGN45	1.94541067112771	0.226501270079871	1111	1.50099218239417	2.38982915986124
53	WGN45	2.23500000000001	0.160124588833508	1111	1.92081929914401	2.549180700856
54	WGN45	2.325	0.160124588833508	1111	2.01081929914401	2.63918070085599
55	WGN45	2.61666666650001	0.16012458883351	1111	2.30248596564402	2.93084736735601
56	WGN45	2.13333333350001	0.160124588833507	1111	1.81915263264402	2.447514034356
57	WGN45	2.205	0.160124588833507	1111	1.89081929914401	2.51918070085599
58	WGN45	2.035	0.16012458883351	1111	1.72081929914401	2.349180700856
59	WGN45	2.0383333335	0.16012458883351	1111	1.72415263264401	2.352514034356
60	WGN45	2.1470773381277	0.226501270079871	1111	1.70265884939417	2.59149582686124
61	WGN45	2.025	0.160124588833509	1111	1.71081929914401	2.339180700856
62	WGN45	2.325	0.160124588833508	1111	2.01081929914401	2.63918070085599
64	WGN45	2.28833333350001	0.160124588833509	1111	1.97415263264401	2.602514034356
65	WGN45	2.32500000000001	0.160124588833508	1111	2.01081929914401	2.639180700856
66	WGN45	1.6066666665	0.160124588833509	1111	1.29248596564401	1.920847367356
68	WGN45	2.48333333300001	0.160124588833509	1111	2.16915263214401	2.797514033856
69	WGN45	2.26000000000001	0.160124588833508	1111	1.94581929914401	2.574180700856
70	WGN45	1.87000000000001	0.160124588833508	1111	1.55581929914402	2.184180700856
71	WGN45	2.62999999999999	0.160124588833507	1111	2.315819299144	2.94418070085598
72	WGN45	2.2266666665	0.160124588833508	1111	1.91248596564401	2.54084736735599
73	WGN45	1.8020773381277	0.226501270079871	1111	1.35765884939417	2.24649582686124
74	WGN45	2.46792266187231	0.226501270079872	1111	2.02350417313877	2.91234115060585
75	WGN45	1.97458932887231	0.226501270079872	1111	1.53017084013877	2.41900781760584
76	WGN45	2.6166666665	0.160124588833508	1111	2.30248596564401	2.930847367356
78	WGN45	1.9687440051277	0.226501270079871	1111	1.52432551639417	2.41316249386124
80	WGN45	2.321666667	0.160124588833508	1111	2.00748596614401	2.635847367856
81	WGN45	2.00500000000001	0.160124588833509	1111	1.69081929914401	2.319180700856
82	WGN45	2.95874400512771	0.226501270079873	1111	2.51432551639417	3.40316249386125
84	WGN45	2.5166666665	0.160124588833508	1111	2.20248596564401	2.83084736735599
85	WGN45	2.75333333350001	0.160124588833508	1111	2.43915263264401	3.067514034356
86	WGN45	2.36	0.160124588833508	1111	2.04581929914401	2.674180700856
88	WGN45	2.42833333350001	0.160124588833509	1111	2.11415263264401	2.742514034356
89	WGN45	2.10333333350001	0.160124588833508	1111	1.78915263264401	2.417514034356
90	WGN45	2.1866666665	0.160124588833508	1111	1.87248596564401	2.500847367356
92	WGN45	2.3266666665	0.160124588833508	1111	2.01248596564401	2.640847367356
93	WGN45	1.5687440051277	0.226501270079872	1111	1.12432551639416	2.01316249386123
94	WGN45	2.68833333350001	0.160124588833509	1111	2.37415263264402	3.002514034356
95	WGN45	2.14666666650001	0.160124588833509	1111	1.83248596564401	2.460847367356
96	WGN45	1.5120773381277	0.226501270079871	1111	1.06765884939417	1.95649582686124
98	WGN45	2.96666666650001	0.160124588833509	1111	2.65248596564401	3.280847367356
99	WGN45	1.51792266187231	0.22650127007987	1111	1.07350417313878	1.96234115060585
100	WGN45	2.17333333350001	0.160124588833508	1111	1.85915263264401	2.487514034356
101	WGN45	2.61833333350001	0.160124588833509	1111	2.30415263264401	2.932514034356
102	WGN45	2.586666667	0.160124588833508	1111	2.27248596614401	2.900847367856
103	WGN45	2.54166666700001	0.160124588833509	1111	2.22748596614401	2.855847367856
104	WGN45	2.01333333350001	0.160124588833509	1111	1.69915263264401	2.327514034356
105	WGN45	2.6116666665	0.160124588833508	1111	2.29748596564401	2.925847367356
106	WGN45	2.41000000000001	0.160124588833508	1111	2.09581929914401	2.724180700856
107	WGN45	2.48333333300001	0.160124588833508	1111	2.16915263214401	2.797514033856
108	WGN45	2.24666666700001	0.160124588833509	1111	1.93248596614401	2.560847367856
109	WGN45	2.36500000000001	0.160124588833509	1111	2.05081929914401	2.679180700856
110	WGN45	2.3733333335	0.160124588833508	1111	2.05915263264401	2.687514034356
111	WGN45	2.51000000000001	0.160124588833509	1111	2.19581929914401	2.824180700856
114	WGN45	2.22666666700001	0.160124588833509	1111	1.91248596614401	2.540847367856
116	WGN45	2.2066666665	0.160124588833508	1111	1.89248596564401	2.520847367356
117	WGN45	1.34792266187231	0.226501270079871	1111	0.903504173138778	1.79234115060584
118	WGN45	2.1583333335	0.160124588833509	1111	1.84415263264401	2.472514034356
119	WGN45	2.80500000000001	0.160124588833509	1111	2.49081929914401	3.119180700856
120	WGN45	2.24666666650001	0.160124588833509	1111	1.93248596564401	2.560847367356
121	WGN45	1.90833333350001	0.160124588833509	1111	1.59415263264401	2.222514034356
122	WGN45	2.4387440051277	0.226501270079871	1111	1.99432551639417	2.88316249386124
123	WGN45	2.29458932887231	0.226501270079871	1111	1.85017084013877	2.73900781760584
124	WGN45	2.171666667	0.160124588833509	1111	1.85748596614401	2.485847367856
126	WGN45	2.46166666650001	0.160124588833509	1111	2.14748596564401	2.775847367356
127	WGN45	2.271666667	0.160124588833509	1111	1.95748596614401	2.585847367856
128	WGN45	2.40833333350001	0.160124588833509	1111	2.09415263264401	2.722514034356
129	WGN45	1.758333333	0.160124588833509	1111	1.44415263214401	2.072514033856
1	WGN46	2.81500000000001	0.16012458883351	1111	2.50081929914401	3.12918070085601
2	WGN46	2.82166666650001	0.160124588833508	1111	2.50748596564402	3.135847367356
3	WGN46	2.62500000000001	0.16012458883351	1111	2.31081929914401	2.939180700856
4	WGN46	2.17833333300002	0.160124588833509	1111	1.86415263214403	2.49251403385601
6	WGN46	2.39666666650001	0.160124588833511	1111	2.08248596564401	2.710847367356
7	WGN46	2.19000000000001	0.160124588833509	1111	1.87581929914402	2.50418070085601
8	WGN46	2.54666666700001	0.160124588833507	1111	2.23248596614402	2.860847367856
9	WGN46	2.44166666650001	0.160124588833509	1111	2.12748596564402	2.75584736735601
10	WGN46	2.35500000000001	0.160124588833509	1111	2.04081929914401	2.669180700856
11	WGN46	2.94166666650001	0.160124588833509	1111	2.62748596564402	3.25584736735601
12	WGN46	2.94166666700001	0.16012458883351	1111	2.62748596614402	3.25584736785601
13	WGN46	2.48000000000002	0.160124588833508	1111	2.16581929914403	2.79418070085601
14	WGN46	2.89166666700001	0.160124588833506	1111	2.57748596614402	3.205847367856
15	WGN46	2.36666666650002	0.160124588833506	1111	2.05248596564403	2.68084736735601
16	WGN46	2.46000000000002	0.160124588833507	1111	2.14581929914403	2.77418070085601
17	WGN46	2.43207733812771	0.226501270079873	1111	1.98765884939417	2.87649582686124
18	WGN46	2.67000000000001	0.16012458883351	1111	2.35581929914401	2.98418070085601
19	WGN46	2.46500000000001	0.160124588833508	1111	2.15081929914402	2.779180700856
20	WGN46	2.32166666650001	0.160124588833509	1111	2.00748596564401	2.635847367356
21	WGN46	2.1820773381277	0.226501270079873	1111	1.73765884939417	2.62649582686124
22	WGN46	2.07333333300001	0.160124588833508	1111	1.75915263214402	2.38751403385601
23	WGN46	2.66792266187231	0.226501270079871	1111	2.22350417313878	3.11234115060584
24	WGN46	2.61666666700001	0.160124588833508	1111	2.30248596614402	2.93084736785601
25	WGN46	2.17166666650001	0.160124588833508	1111	1.85748596564402	2.48584736735601
26	WGN46	2.48833333350001	0.16012458883351	1111	2.17415263264401	2.802514034356
27	WGN46	2.14500000000003	0.160124588833507	1111	1.83081929914404	2.45918070085602
28	WGN46	2.08	0.16012458883351	1111	1.765819299144	2.39418070085599
29	WGN46	2.298333333	0.16012458883351	1111	1.984152632144	2.612514033856
30	WGN46	2.20166666650001	0.160124588833509	1111	1.88748596564401	2.515847367356
31	WGN46	2.15666666700002	0.160124588833508	1111	1.84248596614402	2.47084736785601
32	WGN46	2.97166666650001	0.160124588833508	1111	2.65748596564402	3.285847367356
33	WGN46	2.31166666650001	0.160124588833509	1111	1.99748596564402	2.625847367356
34	WGN46	1.995	0.160124588833509	1111	1.68081929914401	2.309180700856
36	WGN46	2.58833333350001	0.16012458883351	1111	2.27415263264401	2.902514034356
37	WGN46	2.86666666650001	0.160124588833509	1111	2.55248596564402	3.18084736735601
38	WGN46	2.70000000000001	0.16012458883351	1111	2.38581929914401	3.014180700856
39	WGN46	2.45833333300001	0.160124588833508	1111	2.14415263214402	2.772514033856
40	WGN46	2.41333333350001	0.160124588833509	1111	2.09915263264402	2.727514034356
41	WGN46	2.75666666650001	0.160124588833508	1111	2.44248596564402	3.070847367356
42	WGN46	2.28000000000002	0.160124588833507	1111	1.96581929914403	2.59418070085601
43	WGN46	1.87666666650002	0.160124588833508	1111	1.56248596564402	2.19084736735601
44	WGN46	3.05500000000001	0.160124588833509	1111	2.74081929914402	3.36918070085601
45	WGN46	2.45166666650001	0.160124588833509	1111	2.13748596564401	2.765847367356
46	WGN46	2.27500000000002	0.160124588833507	1111	1.96081929914403	2.58918070085601
47	WGN46	2.45666666650001	0.160124588833508	1111	2.14248596564402	2.77084736735601
48	WGN46	2.74333333350001	0.160124588833509	1111	2.42915263264401	3.057514034356
49	WGN46	2.63000000000001	0.160124588833509	1111	2.31581929914402	2.944180700856
50	WGN46	2.63666666650001	0.160124588833509	1111	2.32248596564401	2.950847367356
51	WGN46	2.74792266187231	0.226501270079874	1111	2.30350417313878	3.19234115060585
52	WGN46	2.44000000000001	0.160124588833508	1111	2.12581929914402	2.754180700856
53	WGN46	2.32666666700001	0.160124588833509	1111	2.01248596614401	2.640847367856
54	WGN46	2.41166666700001	0.160124588833509	1111	2.09748596614402	2.725847367856
55	WGN46	2.42166666650001	0.160124588833508	1111	2.10748596564402	2.735847367356
56	WGN46	2.5316666665	0.16012458883351	1111	2.21748596564401	2.845847367356
57	WGN46	2.75833333350001	0.160124588833509	1111	2.44415263264402	3.072514034356
58	WGN46	2.62666666700001	0.160124588833509	1111	2.31248596614402	2.94084736785601
59	WGN46	2.64000000000001	0.160124588833509	1111	2.32581929914402	2.95418070085601
60	WGN46	2.48666666650002	0.160124588833509	1111	2.17248596564402	2.80084736735601
61	WGN46	2.38166666700001	0.160124588833509	1111	2.06748596614401	2.695847367856
62	WGN46	3.02833333350001	0.160124588833508	1111	2.71415263264402	3.34251403435601
63	WGN46	2.59333333350001	0.160124588833508	1111	2.27915263264402	2.907514034356
64	WGN46	2.19500000000001	0.160124588833508	1111	1.88081929914402	2.50918070085601
65	WGN46	3.03458932887231	0.22650127007987	1111	2.59017084013878	3.47900781760584
66	WGN46	2.30666666650002	0.160124588833507	1111	1.99248596564403	2.62084736735601
67	WGN46	2.65166666650001	0.160124588833509	1111	2.33748596564402	2.96584736735601
68	WGN46	2.74500000000002	0.160124588833508	1111	2.43081929914403	3.05918070085601
69	WGN46	2.50833333300002	0.160124588833508	1111	2.19415263214403	2.82251403385601
70	WGN46	2.57333333300001	0.16012458883351	1111	2.25915263214401	2.887514033856
71	WGN46	2.57833333300001	0.160124588833508	1111	2.26415263214402	2.89251403385601
72	WGN46	2.81500000000001	0.160124588833508	1111	2.50081929914402	3.129180700856
73	WGN46	2.30833333300001	0.16012458883351	1111	1.99415263214401	2.622514033856
74	WGN46	2.33500000000002	0.160124588833508	1111	2.02081929914403	2.64918070085601
75	WGN46	2.67166666650001	0.160124588833509	1111	2.35748596564402	2.98584736735601
76	WGN46	2.46000000000002	0.160124588833508	1111	2.14581929914403	2.77418070085601
78	WGN46	2.86666666700001	0.160124588833508	1111	2.55248596614402	3.18084736785601
79	WGN46	2.47666666650001	0.16012458883351	1111	2.16248596564401	2.790847367356
80	WGN46	2.48333333300001	0.160124588833509	1111	2.16915263214401	2.797514033856
81	WGN46	2.12166666650002	0.160124588833508	1111	1.80748596564403	2.43584736735601
82	WGN46	2.44833333350002	0.160124588833508	1111	2.13415263264403	2.76251403435601
83	WGN46	2.35000000000001	0.160124588833508	1111	2.03581929914402	2.664180700856
84	WGN46	2.15166666700002	0.160124588833508	1111	1.83748596614403	2.46584736785601
85	WGN46	2.39333333300001	0.160124588833509	1111	2.07915263214402	2.707514033856
86	WGN46	2.36000000000002	0.160124588833508	1111	2.04581929914403	2.67418070085601
87	WGN46	2.62500000000001	0.160124588833509	1111	2.31081929914402	2.93918070085601
88	WGN46	2.37333333350001	0.160124588833508	1111	2.05915263264402	2.68751403435601
89	WGN46	2.52833333300001	0.160124588833509	1111	2.21415263214402	2.842514033856
90	WGN46	2.34166666650001	0.160124588833509	1111	2.02748596564401	2.655847367356
91	WGN46	2.41541067112771	0.22650127007987	1111	1.97099218239418	2.85982915986125
93	WGN46	2.56000000000001	0.160124588833509	1111	2.24581929914402	2.87418070085601
94	WGN46	2.23833333350001	0.160124588833509	1111	1.92415263264401	2.552514034356
95	WGN46	2.48833333350001	0.160124588833509	1111	2.17415263264402	2.80251403435601
96	WGN46	2.64333333350001	0.160124588833509	1111	2.32915263264402	2.95751403435601
98	WGN46	2.89833333350001	0.160124588833509	1111	2.58415263264402	3.21251403435601
100	WGN46	2.33500000000001	0.160124588833508	1111	2.02081929914402	2.64918070085601
101	WGN46	2.40500000000002	0.160124588833508	1111	2.09081929914402	2.71918070085601
102	WGN46	2.26166666700001	0.160124588833509	1111	1.94748596614402	2.575847367856
103	WGN46	2.66500000000001	0.160124588833509	1111	2.35081929914402	2.97918070085601
104	WGN46	2.53166666650001	0.160124588833508	1111	2.21748596564402	2.84584736735601
106	WGN46	2.13000000000001	0.160124588833508	1111	1.81581929914402	2.44418070085601
107	WGN46	2.69500000000001	0.160124588833509	1111	2.38081929914402	3.00918070085601
108	WGN46	2.10500000000002	0.160124588833508	1111	1.79081929914403	2.41918070085601
109	WGN46	2.46500000000001	0.160124588833508	1111	2.15081929914402	2.779180700856
110	WGN46	2.85333333300001	0.160124588833508	1111	2.53915263214402	3.167514033856
111	WGN46	2.60833333350002	0.160124588833508	1111	2.29415263264402	2.92251403435601
112	WGN46	2.41833333350001	0.160124588833508	1111	2.10415263264402	2.73251403435601
113	WGN46	2.52833333350001	0.160124588833508	1111	2.21415263264402	2.84251403435601
114	WGN46	2.59166666650001	0.160124588833509	1111	2.27748596564402	2.90584736735601
115	WGN46	2.52500000000001	0.160124588833508	1111	2.21081929914402	2.83918070085601
116	WGN46	2.36500000000001	0.160124588833508	1111	2.05081929914402	2.67918070085601
117	WGN46	1.99666666700001	0.160124588833509	1111	1.68248596614402	2.310847367856
118	WGN46	2.34541067112771	0.226501270079871	1111	1.90099218239418	2.78982915986125
119	WGN46	2.29833333350001	0.160124588833508	1111	1.98415263264402	2.61251403435601
120	WGN46	2.61166666700001	0.160124588833508	1111	2.29748596614402	2.92584736785601
121	WGN46	2.75666666650001	0.160124588833508	1111	2.44248596564402	3.070847367356
122	WGN46	2.74000000000001	0.160124588833508	1111	2.42581929914402	3.05418070085601
123	WGN46	2.53333333300001	0.160124588833508	1111	2.21915263214402	2.84751403385601
124	WGN46	2.41666666650001	0.160124588833508	1111	2.10248596564402	2.73084736735601
125	WGN46	2.03833333300001	0.160124588833508	1111	1.72415263214402	2.35251403385601
126	WGN46	2.42500000000001	0.160124588833508	1111	2.11081929914402	2.73918070085601
127	WGN46	2.58500000000001	0.160124588833508	1111	2.27081929914402	2.89918070085601
128	WGN46	2.67666666650001	0.160124588833508	1111	2.36248596564402	2.99084736735601
129	WGN46	2.81333333350001	0.160124588833508	1111	2.49915263264402	3.12751403435601
130	WGN46	2.61166666700001	0.160124588833508	1111	2.29748596614402	2.92584736785601
1	WGN55	2.20166666650001	0.160124588833507	1111	1.88748596564402	2.515847367356
2	WGN55	2.425	0.160124588833506	1111	2.11081929914401	2.73918070085599
3	WGN55	2.2566666665	0.16012458883351	1111	1.94248596564401	2.570847367356
4	WGN55	2.56833333350001	0.160124588833507	1111	2.25415263264402	2.882514034356
5	WGN55	2.4783333335	0.160124588833509	1111	2.16415263264401	2.79251403435599
6	WGN55	2.80499999999999	0.160124588833507	1111	2.490819299144	3.11918070085598
7	WGN55	2.3183333335	0.160124588833506	1111	2.00415263264401	2.63251403435599
8	WGN55	2.56666666650001	0.160124588833509	1111	2.25248596564402	2.880847367356
9	WGN55	2.1183333335	0.160124588833507	1111	1.80415263264401	2.43251403435599
10	WGN55	2.56666666650001	0.16012458883351	1111	2.25248596564401	2.880847367356
11	WGN55	2.29	0.160124588833509	1111	1.97581929914401	2.604180700856
12	WGN55	2.6079226618723	0.22650127007987	1111	2.16350417313877	3.05234115060583
13	WGN55	2.49166666650001	0.160124588833508	1111	2.17748596564402	2.805847367356
14	WGN55	2.4133333335	0.16012458883351	1111	2.09915263264401	2.727514034356
15	WGN55	2.4733333335	0.160124588833508	1111	2.15915263264401	2.78751403435599
16	WGN55	2.32	0.160124588833508	1111	2.00581929914401	2.63418070085599
17	WGN55	2.34792266187231	0.226501270079873	1111	1.90350417313877	2.79234115060585
18	WGN55	2.195	0.160124588833509	1111	1.88081929914401	2.509180700856
19	WGN55	2.2533333335	0.160124588833509	1111	1.93915263264401	2.567514034356
20	WGN55	2.75166666650001	0.16012458883351	1111	2.43748596564402	3.06584736735601
21	WGN55	2.5866666665	0.160124588833508	1111	2.27248596564401	2.90084736735599
22	WGN55	2.53000000000001	0.16012458883351	1111	2.21581929914401	2.84418070085601
23	WGN55	2.5366666665	0.160124588833508	1111	2.22248596564401	2.85084736735599
24	WGN55	2.53166666650001	0.160124588833509	1111	2.21748596564401	2.845847367356
25	WGN55	2.2816666665	0.160124588833509	1111	1.96748596564401	2.595847367356
26	WGN55	2.69499999999999	0.160124588833507	1111	2.380819299144	3.00918070085598
27	WGN55	2.425	0.160124588833508	1111	2.11081929914401	2.739180700856
28	WGN55	1.90458932887231	0.226501270079871	1111	1.46017084013877	2.34900781760584
29	WGN55	2.5316666665	0.160124588833507	1111	2.21748596564401	2.84584736735599
30	WGN55	2.425	0.160124588833508	1111	2.11081929914401	2.73918070085599
31	WGN55	2.566666667	0.160124588833506	1111	2.25248596614401	2.88084736785599
32	WGN55	2.4833333335	0.160124588833508	1111	2.16915263264401	2.79751403435599
33	WGN55	2.435	0.160124588833508	1111	2.12081929914401	2.74918070085599
34	WGN55	2.10000000000001	0.160124588833509	1111	1.78581929914402	2.414180700856
35	WGN55	2.31	0.160124588833509	1111	1.99581929914401	2.624180700856
36	WGN55	2.55666666650001	0.160124588833508	1111	2.24248596564401	2.870847367356
37	WGN55	2.0283333335	0.160124588833508	1111	1.71415263264401	2.342514034356
38	WGN55	2.1733333335	0.160124588833508	1111	1.85915263264401	2.48751403435599
40	WGN55	2.73333333300001	0.16012458883351	1111	2.41915263214402	3.04751403385601
41	WGN55	2.14	0.160124588833509	1111	1.82581929914401	2.454180700856
42	WGN55	2.54166666700001	0.160124588833508	1111	2.22748596614401	2.855847367856
43	WGN55	2.605	0.160124588833508	1111	2.290819299144	2.91918070085599
44	WGN55	2.4266666665	0.160124588833509	1111	2.112485965644	2.74084736735599
45	WGN55	1.93	0.160124588833509	1111	1.61581929914401	2.244180700856
46	WGN55	2.2366666665	0.160124588833508	1111	1.92248596564401	2.55084736735599
47	WGN55	2.39	0.160124588833508	1111	2.07581929914401	2.704180700856
48	WGN55	2.1316666665	0.160124588833508	1111	1.81748596564401	2.44584736735599
49	WGN55	2.51666666700001	0.160124588833509	1111	2.20248596614401	2.830847367856
50	WGN55	2.4733333335	0.160124588833509	1111	2.15915263264401	2.787514034356
52	WGN55	2.495	0.160124588833509	1111	2.18081929914401	2.809180700856
53	WGN55	1.9466666665	0.160124588833509	1111	1.63248596564401	2.26084736735599
54	WGN55	2.3933333335	0.160124588833507	1111	2.07915263264401	2.70751403435599
55	WGN55	2.393333333	0.160124588833508	1111	2.07915263214401	2.70751403385599
56	WGN55	2.565	0.160124588833507	1111	2.25081929914401	2.87918070085599
57	WGN55	2.576666667	0.160124588833508	1111	2.26248596614401	2.89084736785599
58	WGN55	2.72166666650001	0.16012458883351	1111	2.40748596564401	3.035847367356
59	WGN55	2.3	0.16012458883351	1111	1.98581929914401	2.614180700856
60	WGN55	2.295	0.160124588833509	1111	1.98081929914401	2.609180700856
61	WGN55	1.8366666665	0.160124588833509	1111	1.52248596564401	2.150847367356
62	WGN55	2.185	0.160124588833509	1111	1.87081929914401	2.499180700856
63	WGN55	2.4133333335	0.160124588833508	1111	2.09915263264401	2.727514034356
64	WGN55	2.19	0.160124588833508	1111	1.87581929914401	2.504180700856
65	WGN55	2.493333333	0.160124588833509	1111	2.17915263214401	2.807514033856
66	WGN55	2.21	0.160124588833509	1111	1.89581929914401	2.524180700856
67	WGN55	2.40500000000001	0.160124588833509	1111	2.09081929914401	2.719180700856
68	WGN55	2.5733333335	0.160124588833508	1111	2.25915263264401	2.887514034356
69	WGN55	2.74	0.160124588833509	1111	2.42581929914401	3.054180700856
70	WGN55	2.0216666665	0.160124588833509	1111	1.70748596564401	2.335847367356
71	WGN55	2.085	0.160124588833508	1111	1.77081929914401	2.399180700856
72	WGN55	2.26	0.160124588833509	1111	1.94581929914401	2.574180700856
73	WGN55	2.4683333335	0.160124588833508	1111	2.15415263264401	2.78251403435599
74	WGN55	2.315	0.160124588833509	1111	2.00081929914401	2.629180700856
75	WGN55	2.2533333335	0.160124588833508	1111	1.93915263264401	2.56751403435599
76	WGN55	2.35	0.160124588833508	1111	2.03581929914401	2.66418070085599
77	WGN55	2.3316666665	0.160124588833509	1111	2.01748596564401	2.645847367356
78	WGN55	1.8616666665	0.160124588833508	1111	1.54748596564401	2.175847367356
80	WGN55	2.331666667	0.160124588833508	1111	2.01748596614401	2.64584736785599
81	WGN55	2.125	0.160124588833508	1111	1.81081929914401	2.43918070085599
82	WGN55	2.276666667	0.160124588833508	1111	1.96248596614401	2.590847367856
83	WGN55	2.0233333335	0.160124588833508	1111	1.70915263264401	2.337514034356
84	WGN55	2.165	0.160124588833508	1111	1.85081929914401	2.47918070085599
85	WGN55	2.4716666665	0.160124588833508	1111	2.15748596564401	2.785847367356
86	WGN55	1.99	0.160124588833509	1111	1.67581929914401	2.304180700856
87	WGN55	2.086666667	0.160124588833508	1111	1.77248596614401	2.400847367856
88	WGN55	2.02166666650001	0.160124588833508	1111	1.70748596564401	2.335847367356
89	WGN55	2.61	0.160124588833508	1111	2.29581929914401	2.92418070085599
90	WGN55	2.4183333335	0.160124588833508	1111	2.10415263264401	2.732514034356
91	WGN55	2.6233333335	0.160124588833508	1111	2.30915263264401	2.937514034356
92	WGN55	2.681666667	0.160124588833508	1111	2.36748596614401	2.99584736785599
93	WGN55	2.78333333300001	0.160124588833509	1111	2.46915263214401	3.097514033856
94	WGN55	2.1516666665	0.160124588833508	1111	1.83748596564401	2.465847367356
95	WGN55	2.62	0.160124588833508	1111	2.30581929914401	2.93418070085599
96	WGN55	2.0516666665	0.160124588833508	1111	1.73748596564401	2.365847367356
97	WGN55	2.335	0.160124588833509	1111	2.02081929914401	2.649180700856
98	WGN55	2.275	0.160124588833508	1111	1.96081929914401	2.58918070085599
99	WGN55	2.275	0.160124588833508	1111	1.96081929914401	2.58918070085599
100	WGN55	2.3166666665	0.160124588833508	1111	2.00248596564401	2.63084736735599
101	WGN55	2.4733333335	0.160124588833508	1111	2.15915263264401	2.78751403435599
102	WGN55	2.245	0.160124588833508	1111	1.93081929914401	2.559180700856
103	WGN55	2.1483333335	0.160124588833509	1111	1.83415263264401	2.46251403435599
104	WGN55	2.285	0.160124588833508	1111	1.97081929914401	2.599180700856
105	WGN55	2.2266666665	0.160124588833509	1111	1.91248596564401	2.540847367356
106	WGN55	2.3166666665	0.160124588833508	1111	2.00248596564401	2.63084736735599
107	WGN55	2.2983333335	0.160124588833508	1111	1.98415263264401	2.612514034356
108	WGN55	2.4916666665	0.160124588833508	1111	2.17748596564401	2.80584736735599
109	WGN55	2.3666666665	0.160124588833508	1111	2.05248596564401	2.680847367356
110	WGN55	2.47000000000001	0.160124588833508	1111	2.15581929914401	2.784180700856
111	WGN55	2.7766666665	0.160124588833508	1111	2.46248596564401	3.090847367356
112	WGN55	2.601666667	0.160124588833508	1111	2.28748596614401	2.91584736785599
113	WGN55	2.665	0.160124588833508	1111	2.35081929914401	2.979180700856
114	WGN55	2.7383333335	0.160124588833508	1111	2.42415263264401	3.052514034356
115	WGN55	2.4666666665	0.160124588833508	1111	2.15248596564401	2.780847367356
116	WGN55	1.9287440051277	0.226501270079872	1111	1.48432551639417	2.37316249386124
117	WGN55	2.4933333335	0.160124588833508	1111	2.17915263264401	2.807514034356
118	WGN55	2.548333333	0.160124588833508	1111	2.23415263214401	2.862514033856
119	WGN55	2.5916666665	0.160124588833508	1111	2.27748596564401	2.905847367356
120	WGN55	2.2283333335	0.160124588833508	1111	1.91415263264401	2.542514034356
121	WGN55	2.3133333335	0.160124588833508	1111	1.99915263264401	2.627514034356
122	WGN55	2.65	0.160124588833508	1111	2.33581929914401	2.964180700856
123	WGN55	2.6416666665	0.160124588833508	1111	2.32748596564401	2.955847367356
124	WGN55	2.74	0.160124588833508	1111	2.42581929914401	3.054180700856
125	WGN55	2.401666667	0.160124588833508	1111	2.08748596614401	2.715847367856
126	WGN55	2.346666667	0.160124588833508	1111	2.03248596614401	2.660847367856
128	WGN55	2.191666667	0.160124588833508	1111	1.87748596614401	2.505847367856
129	WGN55	2.3566666665	0.160124588833508	1111	2.04248596564401	2.670847367356
130	WGN55	2.23	0.160124588833508	1111	1.91581929914401	2.544180700856
1	WGN63	2.34166666650003	0.160124588833506	1111	2.02748596564404	2.65584736735602
2	WGN63	2.2133333335	0.160124588833508	1111	1.89915263264401	2.52751403435599
3	WGN63	2.66	0.160124588833508	1111	2.34581929914401	2.97418070085599
4	WGN63	2.345	0.160124588833508	1111	2.03081929914401	2.65918070085599
5	WGN63	2.59333333350001	0.16012458883351	1111	2.27915263264401	2.907514034356
6	WGN63	2.6679226618723	0.226501270079872	1111	2.22350417313877	3.11234115060584
7	WGN63	2.166666667	0.160124588833509	1111	1.85248596614401	2.48084736785599
8	WGN63	2.075	0.16012458883351	1111	1.760819299144	2.38918070085599
9	WGN63	2.6683333335	0.160124588833507	1111	2.354152632644	2.98251403435599
10	WGN63	2.2733333335	0.160124588833509	1111	1.95915263264401	2.58751403435599
12	WGN63	2.63333333300001	0.16012458883351	1111	2.31915263214401	2.947514033856
13	WGN63	2.46	0.160124588833508	1111	2.14581929914401	2.77418070085599
14	WGN63	2.5183333335	0.160124588833509	1111	2.204152632644	2.83251403435599
16	WGN63	2.438333333	0.160124588833508	1111	2.12415263214401	2.75251403385599
17	WGN63	2.5666666665	0.160124588833507	1111	2.25248596564401	2.88084736735598
18	WGN63	2.133333333	0.160124588833507	1111	1.81915263214401	2.44751403385599
19	WGN63	2.26	0.16012458883351	1111	1.945819299144	2.57418070085599
20	WGN63	1.973333333	0.160124588833509	1111	1.65915263214401	2.28751403385599
21	WGN63	1.8016666665	0.160124588833508	1111	1.48748596564401	2.11584736735599
22	WGN63	2.46	0.160124588833508	1111	2.14581929914401	2.77418070085599
23	WGN63	2.176666667	0.160124588833509	1111	1.86248596614401	2.49084736785599
24	WGN63	2.04	0.160124588833509	1111	1.72581929914401	2.35418070085599
25	WGN63	2.20333333299999	0.160124588833509	1111	1.889152632144	2.51751403385599
26	WGN63	2.01166666700001	0.160124588833507	1111	1.69748596614402	2.325847367856
27	WGN63	2.345	0.160124588833508	1111	2.03081929914401	2.65918070085599
28	WGN63	2.4966666665	0.160124588833509	1111	2.18248596564401	2.81084736735599
29	WGN63	2.435	0.160124588833508	1111	2.12081929914401	2.74918070085599
30	WGN63	2.4133333335	0.160124588833508	1111	2.09915263264401	2.72751403435599
31	WGN63	2.2533333335	0.160124588833507	1111	1.93915263264401	2.56751403435599
32	WGN63	2.2516666665	0.160124588833509	1111	1.93748596564401	2.56584736735599
33	WGN63	2.06	0.16012458883351	1111	1.745819299144	2.37418070085599
34	WGN63	2.6733333335	0.160124588833509	1111	2.35915263264401	2.987514034356
35	WGN63	2.55333333300001	0.160124588833509	1111	2.23915263214402	2.867514033856
36	WGN63	2.11333333349999	0.16012458883351	1111	1.799152632644	2.42751403435599
37	WGN63	2.668333333	0.160124588833508	1111	2.35415263214401	2.98251403385599
38	WGN63	2.6066666665	0.160124588833509	1111	2.29248596564401	2.92084736735599
39	WGN63	2.71166666699999	0.160124588833507	1111	2.397485966144	3.02584736785599
40	WGN63	2.3033333335	0.160124588833508	1111	1.98915263264401	2.61751403435599
41	WGN63	2.0745893288723	0.226501270079871	1111	1.63017084013876	2.51900781760583
42	WGN63	2.2016666665	0.160124588833507	1111	1.88748596564401	2.51584736735599
43	WGN63	2.3366666665	0.160124588833508	1111	2.02248596564401	2.65084736735599
44	WGN63	2.273333333	0.160124588833509	1111	1.959152632144	2.58751403385599
45	WGN63	2.4583333335	0.160124588833509	1111	2.14415263264401	2.772514034356
46	WGN63	2.615	0.160124588833507	1111	2.300819299144	2.92918070085599
47	WGN63	2.101666667	0.160124588833508	1111	1.78748596614401	2.41584736785599
48	WGN63	2.188333333	0.16012458883351	1111	1.874152632144	2.50251403385599
49	WGN63	2.5283333335	0.16012458883351	1111	2.21415263264401	2.842514034356
50	WGN63	2.5183333335	0.16012458883351	1111	2.204152632644	2.83251403435599
51	WGN63	2.7854106711277	0.226501270079871	1111	2.34099218239416	3.22982915986123
52	WGN63	2.171666667	0.160124588833509	1111	1.85748596614401	2.48584736785599
53	WGN63	2.78	0.160124588833508	1111	2.465819299144	3.09418070085599
54	WGN63	2.21	0.160124588833508	1111	1.89581929914401	2.52418070085599
55	WGN63	2.1816666665	0.160124588833509	1111	1.867485965644	2.49584736735599
56	WGN63	2.42	0.160124588833509	1111	2.10581929914401	2.734180700856
57	WGN63	2.2616666665	0.160124588833509	1111	1.94748596564401	2.57584736735599
58	WGN63	2.2766666665	0.160124588833508	1111	1.96248596564401	2.59084736735599
59	WGN63	2.07	0.160124588833508	1111	1.75581929914401	2.38418070085599
60	WGN63	2.4483333335	0.160124588833508	1111	2.13415263264401	2.76251403435599
61	WGN63	2.3883333335	0.160124588833508	1111	2.07415263264401	2.70251403435599
62	WGN63	2.38	0.160124588833508	1111	2.06581929914401	2.69418070085599
63	WGN63	2.355	0.160124588833508	1111	2.04081929914401	2.66918070085599
64	WGN63	2.4016666665	0.160124588833509	1111	2.08748596564401	2.71584736735599
65	WGN63	2.43	0.160124588833509	1111	2.11581929914401	2.74418070085599
66	WGN63	2.1333333335	0.160124588833509	1111	1.81915263264401	2.44751403435599
67	WGN63	2.2783333335	0.160124588833509	1111	1.96415263264401	2.59251403435599
68	WGN63	2.505	0.160124588833508	1111	2.19081929914401	2.81918070085599
69	WGN63	2.62	0.160124588833509	1111	2.30581929914401	2.934180700856
70	WGN63	2.62	0.160124588833508	1111	2.30581929914401	2.93418070085599
72	WGN63	2.5266666665	0.160124588833509	1111	2.21248596564401	2.84084736735599
73	WGN63	2.3033333335	0.160124588833509	1111	1.98915263264401	2.61751403435599
74	WGN63	2.2966666665	0.160124588833508	1111	1.98248596564401	2.61084736735599
75	WGN63	2.245	0.160124588833508	1111	1.93081929914401	2.55918070085599
76	WGN63	2.68	0.160124588833509	1111	2.36581929914401	2.99418070085599
77	WGN63	2.286666667	0.160124588833509	1111	1.97248596614401	2.60084736785599
78	WGN63	2.0216666665	0.160124588833509	1111	1.70748596564401	2.33584736735599
79	WGN63	2.405	0.160124588833508	1111	2.09081929914401	2.71918070085599
80	WGN63	2.0416666665	0.160124588833509	1111	1.72748596564401	2.35584736735599
81	WGN63	2.621666667	0.160124588833509	1111	2.30748596614401	2.93584736785599
82	WGN63	2.2266666665	0.160124588833508	1111	1.91248596564401	2.54084736735599
83	WGN63	2.51	0.160124588833509	1111	2.19581929914401	2.824180700856
84	WGN63	2.67	0.160124588833509	1111	2.35581929914401	2.984180700856
85	WGN63	2.3266666665	0.160124588833509	1111	2.01248596564401	2.64084736735599
86	WGN63	2.2633333335	0.160124588833509	1111	1.94915263264401	2.57751403435599
87	WGN63	2.05	0.160124588833509	1111	1.73581929914401	2.36418070085599
88	WGN63	1.995	0.160124588833509	1111	1.68081929914401	2.30918070085599
89	WGN63	2.3866666665	0.160124588833508	1111	2.07248596564401	2.70084736735599
90	WGN63	2.1420773381277	0.226501270079871	1111	1.69765884939417	2.58649582686123
91	WGN63	2.535	0.160124588833508	1111	2.22081929914401	2.84918070085599
92	WGN63	2.1133333335	0.160124588833509	1111	1.79915263264401	2.42751403435599
93	WGN63	2.435	0.160124588833509	1111	2.12081929914401	2.74918070085599
94	WGN63	2.355	0.160124588833509	1111	2.04081929914401	2.66918070085599
95	WGN63	2.1379226618723	0.226501270079871	1111	1.69350417313877	2.58234115060584
96	WGN63	2.4083333335	0.160124588833508	1111	2.09415263264401	2.72251403435599
97	WGN63	2.1583333335	0.160124588833508	1111	1.84415263264401	2.47251403435599
98	WGN63	2.3216666665	0.160124588833509	1111	2.00748596564401	2.63584736735599
99	WGN63	2.496666667	0.160124588833508	1111	2.18248596614401	2.81084736785599
100	WGN63	2.4483333335	0.160124588833509	1111	2.13415263264401	2.762514034356
101	WGN63	2.796666667	0.160124588833509	1111	2.48248596614401	3.11084736785599
102	WGN63	2.5966666665	0.160124588833509	1111	2.28248596564401	2.91084736735599
103	WGN63	2.4116666665	0.160124588833509	1111	2.09748596564401	2.72584736735599
105	WGN63	2.18	0.160124588833508	1111	1.86581929914401	2.494180700856
106	WGN63	1.9012559948723	0.226501270079871	1111	1.45683750613877	2.34567448360584
107	WGN63	2.14	0.160124588833509	1111	1.82581929914401	2.45418070085599
109	WGN63	1.8283333335	0.160124588833509	1111	1.51415263264401	2.14251403435599
110	WGN63	1.945	0.160124588833509	1111	1.63081929914401	2.25918070085599
111	WGN63	2.2316666665	0.160124588833509	1111	1.91748596564401	2.545847367356
112	WGN63	2.2633333335	0.160124588833509	1111	1.94915263264401	2.57751403435599
114	WGN63	2.4483333335	0.160124588833508	1111	2.13415263264401	2.76251403435599
115	WGN63	2.323333333	0.160124588833509	1111	2.00915263214401	2.63751403385599
116	WGN63	2.3466666665	0.160124588833509	1111	2.03248596564401	2.66084736735599
117	WGN63	2.1233333335	0.160124588833509	1111	1.80915263264401	2.43751403435599
118	WGN63	2.2	0.160124588833509	1111	1.88581929914401	2.51418070085599
119	WGN63	2.336666667	0.160124588833509	1111	2.02248596614401	2.65084736785599
121	WGN63	2.6683333335	0.160124588833509	1111	2.35415263264401	2.98251403435599
122	WGN63	2.448333333	0.160124588833509	1111	2.13415263214401	2.76251403385599
123	WGN63	2.1566666665	0.160124588833509	1111	1.84248596564401	2.47084736735599
124	WGN63	2.481666667	0.160124588833509	1111	2.16748596614401	2.79584736785599
125	WGN63	2.478333333	0.160124588833509	1111	2.16415263214401	2.79251403385599
126	WGN63	1.9666666665	0.160124588833509	1111	1.65248596564401	2.28084736735599
127	WGN63	2.346666667	0.160124588833508	1111	2.03248596614401	2.66084736785599
128	WGN63	2.271666667	0.160124588833509	1111	1.95748596614401	2.58584736785599
129	WGN63	2.2966666665	0.160124588833509	1111	1.98248596564401	2.61084736735599
130	WGN63	2.0466666665	0.160124588833509	1111	1.73248596564401	2.36084736735599
