plantID3	famID	emmean	SE	df	lower.CL	upper.CL
1	WGN07	0.00829641650000735	0.0142456323797546	610	-0.0196800189455884	0.0362728519456031
2	WGN07	0.0173133891333746	0.0201546080244696	610	-0.0222674504739419	0.056894228740691
3	WGN07	0.00811338913339011	0.0201546080244725	610	-0.031467450473932	0.0476942287407122
4	WGN07	0.00811338913336966	0.0201546080244696	610	-0.0314674504739468	0.0476942287406861
5	WGN07	0.0563500000000029	0.0142456323797611	610	0.0283735645543945	0.0843264354456114
7	WGN07	0.0145815999999977	0.0142456323797612	610	-0.013394835445611	0.0425580354456063
8	WGN07	0.0340000000000014	0.0142456323797613	610	0.00602356455439245	0.0619764354456103
9	WGN07	0.0429000000000003	0.0142456323797611	610	0.0149235645543918	0.0708764354456087
11	WGN07	0.00548661086661267	0.0201546080244698	610	-0.034094228740704	0.0450674504739294
13	WGN07	0.0341622499999986	0.0142456323797609	610	0.00618581455439052	0.0621386854456067
14	WGN07	0.0235532778666122	0.0201546080244702	610	-0.0160275617407053	0.0631341174739297
15	WGN07	0.0083214284999998	0.0142456323797608	610	-0.0196550069456081	0.0362978639456077
16	WGN07	0.0109687499999992	0.0142456323797608	610	-0.0170076854456086	0.0389451854456071
17	WGN07	0.0365328144999999	0.0142456323797611	610	0.00855637905439132	0.0645092499456084
18	WGN07	0.0172199999999994	0.0142456323797612	610	-0.0107564354456093	0.0451964354456081
21	WGN07	0.0258426664999997	0.014245632379761	610	-0.00213376894560857	0.0538191019456079
22	WGN07	0.00360714300000023	0.0142456323797613	610	-0.0243692924456087	0.0315835784456092
23	WGN07	0.0020866108666126	0.0201546080244696	610	-0.0374942287407037	0.0416674504739289
24	WGN07	0.0076866108666106	0.0201546080244704	610	-0.0318942287407074	0.0472674504739286
25	WGN07	0.026186610866612	0.0201546080244699	610	-0.013394228740705	0.065767450473929
26	WGN07	0.00805555549999965	0.0142456323797611	610	-0.0199208799456089	0.0360319909456082
27	WGN07	0.00279464299999992	0.014245632379761	610	-0.0251817924456084	0.0307710784456082
28	WGN07	0.0201833335	0.0142456323797613	610	-0.00779310194560882	0.0481597689456088
29	WGN07	0.0182132499999992	0.0142456323797612	610	-0.00976318544560954	0.0461896854456079
30	WGN07	0.00347777799999991	0.0142456323797609	610	-0.0244986574456082	0.031454213445608
31	WGN07	0.0309797	0.014245632379761	610	0.00300326455439165	0.0589561354456084
33	WGN07	-0.000513389133387907	0.0201546080244698	610	-0.0400942287407047	0.0390674504739289
34	WGN07	0.0194507999999997	0.014245632379761	610	-0.00852563544560847	0.047427235445608
35	WGN07	0.0441305194999988	0.0142456323797608	610	0.016154084054391	0.0721069549456066
37	WGN07	-0.00581338913338832	0.0201546080244702	610	-0.045394228740706	0.0337674504739293
38	WGN07	0.0588866108666136	0.02015460802447	610	0.0193057712592964	0.0984674504739309
39	WGN07	0.0031285714999999	0.014245632379761	610	-0.0248478639456084	0.0311050069456082
40	WGN07	0.0106000000000002	0.0142456323797612	610	-0.0173764354456085	0.0385764354456088
42	WGN07	0.0162999999999999	0.0142456323797607	610	-0.0116764354456079	0.0442764354456077
44	WGN07	0.0108888889999993	0.0142456323797612	610	-0.0170875464456094	0.0388653244456079
46	WGN07	-0.00103005613338762	0.0201546080244699	610	-0.0406108957407045	0.0385507834739293
47	WGN07	0.0475532778666118	0.0201546080244698	610	0.0079724382592949	0.0871341174739286
48	WGN07	-0.00371338913338814	0.0201546080244695	610	-0.0432942287407044	0.0358674504739281
50	WGN07	0.033799999999999	0.0142456323797609	610	0.00582356455439082	0.0617764354456072
51	WGN07	0.004686610866612	0.0201546080244697	610	-0.0348942287407045	0.0442674504739285
52	WGN07	0.007863389133387	0.0201546080244703	610	-0.0317174504739308	0.0474442287407047
53	WGN07	0.00724999999999957	0.014245632379761	610	-0.0207264354456087	0.0352264354456078
54	WGN07	0.00878005613338782	0.0201546080244696	610	-0.0308007834739286	0.0483608957407043
56	WGN07	0.0102245001333876	0.0201546080244703	610	-0.0293563394739301	0.0498053397407053
57	WGN07	0.0115249999999997	0.014245632379761	610	-0.0164514354456085	0.0395014354456079
58	WGN07	0.00996353386661174	0.0201546080244696	610	-0.0296173057407046	0.0495443734739281
59	WGN07	-0.00382767513338769	0.0201546080244701	610	-0.043408514740705	0.0357531644739296
60	WGN07	-0.00269672213338845	0.0201546080244698	610	-0.0422775617407053	0.0368841174739284
61	WGN07	0.0134999999999995	0.0142456323797608	610	-0.0144764354456085	0.0414764354456075
63	WGN07	0.00262222199999996	0.0142456323797611	610	-0.0253542134456085	0.0305986574456084
64	WGN07	0.000186610866611639	0.0201546080244701	610	-0.0393942287407056	0.0397674504739289
66	WGN07	0.00603571449999999	0.014245632379761	610	-0.0219407209456083	0.0340121499456082
68	WGN07	0.010237264	0.0142456323797607	610	-0.0177391714456077	0.0382136994456078
69	WGN07	0.0196008968666124	0.02015460802447	610	-0.0199799427407048	0.0591817364739297
71	WGN07	-0.002335611133388	0.0201546080244699	610	-0.0419164507407051	0.0372452284739291
73	WGN07	0.00163661086661175	0.0201546080244702	610	-0.0379442287407058	0.0412174504739293
74	WGN07	0.0555479999999996	0.0142456323797607	610	0.0275715645543918	0.0835244354456074
75	WGN07	0.00428661086661185	0.0201546080244699	610	-0.0352942287407051	0.0438674504739288
76	WGN07	0.00284090900000011	0.0142456323797608	610	-0.0251355264456079	0.0308173444456081
77	WGN07	0.00338636349999969	0.0142456323797611	610	-0.0245900719456088	0.0313627989456082
78	WGN07	0.00107727250000068	0.0142456323797609	610	-0.0268991629456074	0.0290537079456088
79	WGN07	0.023375	0.0142456323797611	610	-0.00460143544560853	0.0513514354456086
81	WGN07	0.00504999999999958	0.014245632379761	610	-0.0229264354456088	0.0330264354456079
82	WGN07	0.0117765154999998	0.014245632379761	610	-0.0161999199456084	0.0397529509456081
85	WGN07	0.00757051249999956	0.0142456323797612	610	-0.0204059229456091	0.0355469479456083
86	WGN07	0.0061904764999993	0.0142456323797611	610	-0.0217859589456092	0.0341669119456078
87	WGN07	0.0358579444999997	0.0142456323797612	610	0.0078815090543909	0.0638343799456085
88	WGN07	0.00825555549999983	0.0142456323797609	610	-0.0197208799456083	0.0362319909456079
89	WGN07	0.00901388899999984	0.0142456323797611	610	-0.0189625464456086	0.0369903244456083
90	WGN07	0.0101088328666105	0.02015460802447	610	-0.0294720067407067	0.0496896724739277
91	WGN07	0.0528077664999994	0.014245632379761	610	0.0248313310543911	0.0807842019456078
92	WGN07	0.0104133891333878	0.0201546080244699	610	-0.0291674504739291	0.0499942287407048
93	WGN07	0.0170866108666114	0.0201546080244694	610	-0.0224942287407046	0.0566674504739274
94	WGN07	0.0218429284999998	0.014245632379761	610	-0.00613350694560856	0.0498193639456081
95	WGN07	0.00577142850000016	0.0142456323797611	610	-0.0222050069456083	0.0337478639456086
97	WGN07	0.0105866108666124	0.0201546080244703	610	-0.0289942287407054	0.0501674504739301
98	WGN07	0.0297863634999998	0.0142456323797609	610	0.00180992805439162	0.0577627989456079
99	WGN07	0.00610000000000118	0.0142456323797612	610	-0.0218764354456075	0.0340764354456098
100	WGN07	0.0150866108666123	0.0201546080244704	610	-0.0244942287407057	0.0546674504739302
101	WGN07	-0.00328005613338788	0.0201546080244694	610	-0.0428608957407039	0.0363007834739282
102	WGN07	0.00755555549999958	0.014245632379761	610	-0.0204208799456087	0.0355319909456078
103	WGN07	0.00667500000000004	0.0142456323797611	610	-0.0213014354456085	0.0346514354456086
104	WGN07	0.00521428549999951	0.014245632379761	610	-0.0227621499456087	0.0331907209456077
105	WGN07	0.0371458334999995	0.014245632379761	610	0.00916939805439118	0.0651222689456078
106	WGN07	0.00188661086661237	0.0201546080244701	610	-0.0376942287407051	0.0414674504739298
107	WGN07	0.014972222	0.0142456323797609	610	-0.013004213445608	0.0429486574456081
108	WGN07	0.0138999999999997	0.0142456323797608	610	-0.0140764354456083	0.0418764354456077
110	WGN07	0.00738611613338888	0.0201546080244701	610	-0.0321947234739284	0.0469669557407062
112	WGN07	0.027094743	0.0142456323797611	610	-0.000881692445608508	0.0550711784456085
113	WGN07	-0.00171338913338805	0.0201546080244704	610	-0.041294228740706	0.0378674504739299
115	WGN07	0.0188767999999998	0.014245632379761	610	-0.00909963544560857	0.0468532354456081
116	WGN07	0.039522716499999	0.0142456323797609	610	0.0115462810543909	0.0674991519456071
117	WGN07	0.023886610866611	0.0201546080244697	610	-0.0156942287407056	0.0634674504739276
118	WGN07	0.00684066213338747	0.0201546080244699	610	-0.0327401774739294	0.0464215017407044
119	WGN07	0.0237666664999982	0.0142456323797611	610	-0.00420976894561019	0.0517431019456067
120	WGN07	0.0285586938666118	0.0201546080244698	610	-0.011022145740705	0.0681395334739286
121	WGN07	0.00804444449999904	0.0142456323797607	610	-0.0199319909456086	0.0360208799456067
122	WGN07	0.0919612778666113	0.0201546080244697	610	0.0523804382592947	0.131542117473928
123	WGN07	0.0119433888666117	0.0201546080244699	610	-0.0276374507407052	0.0515242284739287
124	WGN07	0.055800310866612	0.02015460802447	610	0.0162194712592949	0.0953811504739291
125	WGN07	0.00677857149999966	0.0142456323797609	610	-0.0211978639456084	0.0347550069456077
126	WGN07	0.0070133891333874	0.0201546080244702	610	-0.0325674504739301	0.0465942287407049
127	WGN07	0.0159285714999998	0.0142456323797608	610	-0.0120478639456082	0.0439050069456078
128	WGN07	0.0317213891333893	0.0201546080244702	610	-0.00785945047392821	0.0713022287407067
129	WGN07	0.0233437179999998	0.0142456323797609	610	-0.00463271744560832	0.051320153445608
130	WGN07	0.00142499999999983	0.0142456323797608	610	-0.0265514354456082	0.0294014354456078
1	WGN15	0.010530610866614	0.0201546080244673	610	-0.0290502287406978	0.0501114504739258
3	WGN15	0.0074883891333876	0.0201546080244702	610	-0.03209245047393	0.0470692287407052
5	WGN15	0.00845000000000013	0.014245632379761	610	-0.0195264354456081	0.0364264354456084
7	WGN15	0.00661338913338798	0.0201546080244696	610	-0.0329674504739285	0.0461942287407044
8	WGN15	0.00584999999999947	0.0142456323797612	610	-0.0221264354456093	0.0338264354456082
9	WGN15	0.00946666649999988	0.014245632379761	610	-0.0185097689456084	0.0374431019456081
11	WGN15	0.00931338913338715	0.0201546080244701	610	-0.0302674504739302	0.0488942287407045
12	WGN15	0.00844999999999984	0.014245632379761	610	-0.0195264354456086	0.0364264354456082
13	WGN15	0.0040866108666122	0.0201546080244696	610	-0.0354942287407042	0.0436674504739286
14	WGN15	0.0374866108666125	0.0201546080244702	610	-0.00209422874070501	0.0770674504739299
15	WGN15	0.0216915141333875	0.0201546080244699	610	-0.0178893254739294	0.0612723537407045
16	WGN15	0.00497142849999979	0.0142456323797611	610	-0.0230050069456087	0.0329478639456083
17	WGN15	0.0278016108666115	0.0201546080244698	610	-0.0117792287407052	0.0673824504739282
18	WGN15	0.00318661086661217	0.0201546080244699	610	-0.0363942287407048	0.0427674504739291
19	WGN15	0.0177714284999998	0.014245632379761	610	-0.0102050069456085	0.045747863945608
21	WGN15	0.00339999999999991	0.014245632379761	610	-0.0245764354456085	0.0313764354456083
22	WGN15	0.00648664999999994	0.014245632379761	610	-0.0214897854456083	0.0344630854456082
23	WGN15	0.00239545449999989	0.014245632379761	610	-0.0255809809456085	0.0303718899456083
24	WGN15	-0.0039133891333882	0.0201546080244699	610	-0.0434942287407051	0.0356674504739287
25	WGN15	0.000586610866611948	0.02015460802447	610	-0.0389942287407052	0.0401674504739291
27	WGN15	0.00476161086661218	0.0201546080244696	610	-0.0348192287407042	0.0443424504739286
28	WGN15	0.00470000000000012	0.0142456323797609	610	-0.023276435445608	0.0326764354456082
29	WGN15	0.00579699999999987	0.014245632379761	610	-0.0221794354456084	0.0337734354456082
30	WGN15	0.0034866108666119	0.0201546080244699	610	-0.036094228740705	0.0430674504739288
31	WGN15	-0.00361338913338763	0.0201546080244695	610	-0.0431942287407039	0.0359674504739287
32	WGN15	0.00744672213338757	0.0201546080244702	610	-0.0321341174739299	0.0470275617407051
33	WGN15	0.0171088328666123	0.0201546080244699	610	-0.0224720067407047	0.0566896724739293
34	WGN15	-0.00339910313338779	0.0201546080244702	610	-0.0429799427407053	0.0361817364739297
36	WGN15	-0.000213389133388011	0.0201546080244703	610	-0.0397942287407059	0.0393674504739298
37	WGN15	-0.00466894513338809	0.0201546080244699	610	-0.0442497847407051	0.0349118944739289
39	WGN15	0.0111714284999996	0.0142456323797608	610	-0.0168050069456083	0.0391478639456075
40	WGN15	0.0104227275000002	0.0142456323797612	610	-0.0175537079456086	0.038399162945609
41	WGN15	-0.00339910313338738	0.0201546080244699	610	-0.0429799427407044	0.0361817364739296
44	WGN15	0.0053717950000001	0.0142456323797608	610	-0.0226046404456078	0.033348230445608
47	WGN15	0.00868661086661229	0.0201546080244698	610	-0.0308942287407045	0.0482674504739291
48	WGN15	-0.00201338913338781	0.0201546080244702	610	-0.0415942287407053	0.0375674504739297
50	WGN15	0.0037083334999998	0.0142456323797612	610	-0.0242681019456089	0.0316847689456085
51	WGN15	-0.00202248013338882	0.0201546080244703	610	-0.0416033197407065	0.0375583594739289
52	WGN15	0.00926428549999991	0.0142456323797609	610	-0.0187121499456081	0.037240720945608
54	WGN15	0.0096133891333878	0.02015460802447	610	-0.0299674504739293	0.0491942287407049
55	WGN15	0.0137548569999997	0.014245632379761	610	-0.0142215784456086	0.0417312924456079
56	WGN15	0.0013285715000002	0.0142456323797612	610	-0.0266478639456084	0.0293050069456088
59	WGN15	0.0276833334999999	0.0142456323797609	610	-0.000293101945608148	0.055659768945608
61	WGN15	0.00341052650000012	0.0142456323797609	610	-0.0245659089456081	0.0313869619456083
62	WGN15	-0.00325624613338772	0.0201546080244699	610	-0.0428370857407046	0.0363245934739292
63	WGN15	-0.00301338913338799	0.0201546080244696	610	-0.0425942287407043	0.0365674504739284
64	WGN15	-0.000913389133388049	0.0201546080244701	610	-0.0404942287407055	0.0386674504739294
67	WGN15	0.00523076899999988	0.0142456323797611	610	-0.0227456664456086	0.0332072044456084
68	WGN15	-0.00194672213338757	0.0201546080244702	610	-0.0415275617407051	0.03763411747393
70	WGN15	0.0272432774999998	0.0142456323797611	610	-0.000733157945608676	0.0552197129456083
71	WGN15	-0.000813389133388094	0.0201546080244701	610	-0.0403942287407054	0.0387674504739292
73	WGN15	0.0112502468666121	0.0201546080244703	610	-0.0283305927407056	0.0508310864739298
74	WGN15	-0.00423838913338781	0.0201546080244699	610	-0.0438192287407048	0.0353424504739292
75	WGN15	0.00552499999999991	0.0142456323797611	610	-0.0224514354456086	0.0335014354456084
77	WGN15	-0.0053133891333893	0.0201546080244699	610	-0.0448942287407062	0.0342674504739276
78	WGN15	0.00499999999999944	0.0142456323797613	610	-0.0229764354456095	0.0329764354456084
79	WGN15	-0.00322450013338804	0.0201546080244698	610	-0.0428053397407049	0.0363563394739288
80	WGN15	-0.00525624613338807	0.0201546080244701	610	-0.0448370857407054	0.0343245934739293
81	WGN15	0.00556250000000004	0.0142456323797609	610	-0.0224139354456082	0.0335389354456082
84	WGN15	0.00731111100000018	0.0142456323797609	610	-0.020665324445608	0.0352875464456084
85	WGN15	0.0454416665	0.0142456323797611	610	0.0174652310543915	0.0734181019456086
86	WGN15	-0.00525624613338732	0.0201546080244699	610	-0.0448370857407042	0.0343245934739296
87	WGN15	0.0204828891333877	0.0201546080244698	610	-0.019097950473929	0.0600637287407044
88	WGN15	0.00794672213338755	0.0201546080244701	610	-0.0316341174739297	0.0475275617407048
89	WGN15	0.00453934999999933	0.014245632379761	610	-0.023437085445609	0.0325157854456077
90	WGN15	-0.00397303813338769	0.02015460802447	610	-0.0435538777407048	0.0356078014739294
91	WGN15	0.00884066213338743	0.0201546080244701	610	-0.03074017747393	0.0484215017407049
93	WGN15	0.00678888899999947	0.0142456323797611	610	-0.0211875464456091	0.034765324445608
94	WGN15	0.00264015150000003	0.014245632379761	610	-0.0253362839456084	0.0306165869456084
97	WGN15	0.00245803986661212	0.0201546080244704	610	-0.0371227997407059	0.0420388794739302
99	WGN15	0.0219439999999998	0.014245632379761	610	-0.00603243544560851	0.049920435445608
101	WGN15	0.0243090910000001	0.0142456323797609	610	-0.003667344445608	0.0522855264456082
102	WGN15	-0.00342148913338792	0.02015460802447	610	-0.0430023287407052	0.0361593504739293
103	WGN15	-0.00351338913338803	0.02015460802447	610	-0.0430942287407052	0.0360674504739291
107	WGN15	0.000159337866611747	0.0201546080244699	610	-0.0394215017407052	0.0397401774739287
110	WGN15	0.0127800561333882	0.0201546080244696	610	-0.0268007834739282	0.0523608957407046
115	WGN15	0.00958661086661182	0.02015460802447	610	-0.0299942287407053	0.0491674504739289
118	WGN15	-0.0022562461333879	0.0201546080244698	610	-0.0418370857407047	0.0373245934739289
119	WGN15	-0.00429520713338889	0.0201546080244704	610	-0.0438760467407069	0.0352856324739291
120	WGN15	0.00951338913338784	0.02015460802447	610	-0.0300674504739293	0.049094228740705
121	WGN15	0.00848661086661269	0.0201546080244702	610	-0.0310942287407048	0.0480674504739302
122	WGN15	0.0243846391333862	0.0201546080244699	610	-0.0151962004739308	0.0639654787407032
123	WGN15	0.0252042499999999	0.014245632379761	610	-0.00277218544560842	0.0531806854456083
124	WGN15	0.0191424999999998	0.014245632379761	610	-0.00883393544560847	0.0471189354456082
125	WGN15	0.00165000000000008	0.014245632379761	610	-0.0263264354456083	0.0296264354456084
126	WGN15	0.0073285715	0.014245632379761	610	-0.0206478639456083	0.0353050069456083
127	WGN15	0.0123866108666117	0.02015460802447	610	-0.0271942287407055	0.0519674504739288
128	WGN15	0.0108999999999995	0.0142456323797609	610	-0.0170764354456086	0.0388764354456076
130	WGN15	0.0180785714999998	0.0142456323797611	610	-0.00989786394560871	0.0460550069456082
1	WGN26	0.0249583334999999	0.0142456323797623	610	-0.00301810194561097	0.0529347689456109
3	WGN26	-0.00341338913338781	0.0201546080244704	610	-0.0429942287407057	0.0361674504739301
4	WGN26	-0.005335611133387	0.02015460802447	610	-0.0449164507407042	0.0342452284739302
5	WGN26	0.0343500000000009	0.014245632379761	610	0.00637356455439261	0.0623264354456093
6	WGN26	0.0147800561333891	0.0201546080244699	610	-0.024800783473928	0.0543608957407061
7	WGN26	0.029466666500001	0.0142456323797611	610	0.00149023105439246	0.0574431019456094
8	WGN26	0.0404467221333887	0.0201546080244697	610	0.000865882526072198	0.0800275617407052
9	WGN26	-0.00511338913338737	0.0201546080244701	610	-0.0446942287407048	0.0344674504739301
11	WGN26	0.00778166650000138	0.0142456323797608	610	-0.0201947689456065	0.0357581019456093
12	WGN26	0.0104133891333887	0.02015460802447	610	-0.0291674504739285	0.049994228740706
13	WGN26	0.00684415600000098	0.014245632379761	610	-0.0211322794456072	0.0348205914456092
14	WGN26	0.0154133891333887	0.02015460802447	610	-0.0241674504739284	0.0549942287407059
15	WGN26	0.0112272725000013	0.0142456323797608	610	-0.0167491629456067	0.0392037079456092
17	WGN26	0.0244016035000009	0.0142456323797609	610	-0.00357483194560718	0.0523780389456091
18	WGN26	0.0248000000000009	0.0142456323797609	610	-0.00317643544560724	0.0527764354456091
19	WGN26	0.0355111365000013	0.0142456323797612	610	0.00753470105439263	0.0634875719456101
20	WGN26	0.025314610866613	0.0201546080244703	610	-0.0142662287407047	0.0648954504739308
21	WGN26	0.0189287700000008	0.0142456323797611	610	-0.00904766544560772	0.0469052054456093
22	WGN26	0.0604498891333906	0.0201546080244704	610	0.0208690495260726	0.100030728740709
23	WGN26	0.017261610866613	0.02015460802447	610	-0.0223192287407042	0.0568424504739303
24	WGN26	0.00521411086661312	0.02015460802447	610	-0.034366728740704	0.0447949504739303
25	WGN26	0.0124210811333891	0.0201546080244697	610	-0.0271597584739274	0.0520019207407056
27	WGN26	0.00617857150000085	0.014245632379761	610	-0.0217978639456075	0.0341550069456092
28	WGN26	0.0123356111333886	0.02015460802447	610	-0.0272452284739285	0.0519164507407058
30	WGN26	0.020613389133389	0.0201546080244699	610	-0.018967450473928	0.0601942287407061
31	WGN26	0.0417051000000007	0.0142456323797609	610	0.0137286645543926	0.0696815354456089
34	WGN26	0.00510000000000089	0.014245632379761	610	-0.0228764354456074	0.0330764354456092
35	WGN26	0.0630226375000016	0.0142456323797611	610	0.0350462020543932	0.0909990729456101
36	WGN26	0.00731250000000111	0.0142456323797609	610	-0.0206639354456071	0.0352889354456093
38	WGN26	0.0206636365000008	0.0142456323797609	610	-0.00731279894560725	0.0486400719456088
39	WGN26	0.0597095085000007	0.0142456323797609	610	0.0317330730543926	0.0876859439456089
40	WGN26	0.0015000000000017	0.0142456323797608	610	-0.0264764354456062	0.0294764354456096
41	WGN26	0.00541666650000109	0.0142456323797609	610	-0.0225597689456071	0.0333931019456093
42	WGN26	0.0722552145000011	0.014245632379761	610	0.0442787790543928	0.100231649945609
43	WGN26	0.0167013335000008	0.0142456323797611	610	-0.0112751019456077	0.0446777689456093
44	WGN26	0.0406600000000009	0.014245632379761	610	0.0126835645543926	0.0686364354456092
45	WGN26	0.00575000000000114	0.014245632379761	610	-0.0222264354456071	0.0337264354456094
46	WGN26	0.019261905000001	0.0142456323797612	610	-0.00871453044560757	0.0472383404456097
47	WGN26	0.00221994386661276	0.0201546080244699	610	-0.0373608957407042	0.0418007834739298
49	WGN26	0.0286988328666131	0.0201546080244697	610	-0.0108820067407036	0.0682796724739297
50	WGN26	0.0396818075000012	0.0142456323797607	610	0.0117053720543935	0.0676582429456089
51	WGN26	0.0642692499999996	0.0142456323797608	610	0.0362928145543917	0.0922456854456076
52	WGN26	0.0185833335000009	0.0142456323797611	610	-0.00939310194560768	0.0465597689456094
53	WGN26	0.0170000000000009	0.0142456323797611	610	-0.0109764354456077	0.0449764354456095
54	WGN26	0.00220000000000063	0.0142456323797611	610	-0.0257764354456079	0.0301764354456092
55	WGN26	0.0978463334999988	0.0142456323797608	610	0.0698698980543908	0.125822768945607
56	WGN26	0.00865000000000108	0.0142456323797609	610	-0.019326435445607	0.0366264354456092
57	WGN26	0.0178197725000009	0.014245632379761	610	-0.0101566629456075	0.0457962079456093
58	WGN26	0.0140234500000013	0.0142456323797608	610	-0.0139529854456067	0.0419998854456093
60	WGN26	0.0252500000000009	0.014245632379761	610	-0.00272643544560731	0.0532264354456092
62	WGN26	0.0324000000000007	0.014245632379761	610	0.0044235645543924	0.0603764354456089
64	WGN26	0.00175000000000102	0.0142456323797608	610	-0.026226435445607	0.029726435445609
65	WGN26	0.00741338913338917	0.0201546080244696	610	-0.0321674504739273	0.0469942287407056
66	WGN26	0.0402142855000012	0.0142456323797611	610	0.0122378500543928	0.0681907209456096
67	WGN26	0.00880000000000106	0.014245632379761	610	-0.0191764354456072	0.0367764354456094
68	WGN26	0.00646077786661315	0.0201546080244701	610	-0.0331200617407043	0.0460416174739306
69	WGN26	0.0465735000000009	0.0142456323797609	610	0.0185970645543928	0.074549935445609
70	WGN26	0.0214467221333886	0.02015460802447	610	-0.0181341174739286	0.0610275617407059
71	WGN26	-0.00373838913338729	0.0201546080244701	610	-0.0433192287407046	0.03584245047393
72	WGN26	0.0098866108666128	0.0201546080244698	610	-0.0296942287407039	0.0494674504739295
73	WGN26	0.00851571200000082	0.0142456323797609	610	-0.0194607234456074	0.036492147445609
74	WGN26	0.0127800561333887	0.0201546080244698	610	-0.0268007834739281	0.0523608957407056
75	WGN26	0.0578958335000009	0.0142456323797609	610	0.0299193980543928	0.085872268945609
77	WGN26	0.00835000000000168	0.0142456323797608	610	-0.0196264354456063	0.0363264354456096
78	WGN26	0.00208661086661288	0.02015460802447	610	-0.0374942287407044	0.0416674504739301
79	WGN26	0.00325024686661291	0.0201546080244699	610	-0.0363305927407041	0.0428310864739299
80	WGN26	0.00141666650000077	0.014245632379761	610	-0.0265597689456075	0.0293931019456091
81	WGN26	0.026341155866613	0.0201546080244699	610	-0.0132396837407039	0.06592199547393
82	WGN26	0.0261088328666132	0.02015460802447	610	-0.013472006740704	0.0656896724739304
83	WGN26	0.0120866108666131	0.02015460802447	610	-0.0274942287407041	0.0516674504739303
85	WGN26	0.00798661086661411	0.0201546080244699	610	-0.0315942287407029	0.0475674504739311
86	WGN26	0.00117232486661279	0.0201546080244699	610	-0.0384085147407043	0.0407531644739298
87	WGN26	0.0390666665000011	0.0142456323797609	610	0.011090231054393	0.0670431019456093
88	WGN26	0.0277755000000012	0.014245632379761	610	-0.000200935445607054	0.0557519354456095
89	WGN26	0.011000000000001	0.0142456323797608	610	-0.016976435445607	0.038976435445609
90	WGN26	0.00741338913338903	0.0201546080244699	610	-0.0321674504739279	0.0469942287407059
91	WGN26	0.00880000000000086	0.0142456323797611	610	-0.0191764354456076	0.0367764354456093
92	WGN26	0.00138661086661273	0.0201546080244701	610	-0.0381942287407046	0.0409674504739301
93	WGN26	0.0339577780000009	0.0142456323797611	610	0.00598134255439242	0.0619342134456093
94	WGN26	0.011322727500001	0.0142456323797611	610	-0.0166537079456074	0.0392991629456094
95	WGN26	0.0130192500000009	0.014245632379761	610	-0.0149571854456073	0.0409956854456092
96	WGN26	0.00344216686661294	0.0201546080244699	610	-0.0361386727407041	0.04302300647393
97	WGN26	0.0386917500000017	0.014245632379761	610	0.0107153145543933	0.0666681854456101
98	WGN26	0.0116314500000006	0.0142456323797611	610	-0.016344985445608	0.0396078854456092
99	WGN26	0.0346872220000016	0.014245632379761	610	0.00671078655439319	0.0626636574456099
100	WGN26	0.0132666665000007	0.0142456323797608	610	-0.0147097689456073	0.0412431019456086
101	WGN26	-0.000541167133386942	0.02015460802447	610	-0.0401220067407041	0.0390396724739302
103	WGN26	0.0113991031333889	0.02015460802447	610	-0.0281817364739282	0.050979942740706
104	WGN26	0.0276133891333891	0.0201546080244698	610	-0.0119674504739277	0.0671942287407058
105	WGN26	0.0667140000000008	0.014245632379761	610	0.0387375645543926	0.094690435445609
106	WGN26	0.0158133891333889	0.02015460802447	610	-0.0237674504739283	0.0553942287407061
108	WGN26	0.00928661086661338	0.0201546080244699	610	-0.0302942287407035	0.0488674504739303
109	WGN26	0.0156160715000013	0.0142456323797609	610	-0.0123603639456069	0.0435925069456095
111	WGN26	0.0436878665000024	0.014245632379761	610	0.0157114310543942	0.0716643019456106
112	WGN26	0.0121655635000009	0.0142456323797611	610	-0.0158108719456076	0.0401419989456095
113	WGN26	0.0010866108666137	0.0201546080244695	610	-0.0384942287407024	0.0406674504739298
114	WGN26	0.00330384600000086	0.0142456323797611	610	-0.0246725894456077	0.0312802814456095
115	WGN26	0.064117110866613	0.0201546080244697	610	0.0245362712592963	0.10369795047393
118	WGN26	0.0467413500000009	0.014245632379761	610	0.0187649145543927	0.0747177854456091
119	WGN26	0.0387499999999997	0.014245632379761	610	0.0107735645543914	0.066726435445608
121	WGN26	0.0311000000000009	0.0142456323797609	610	0.00312356455439271	0.059076435445609
122	WGN26	0.0168222220000008	0.014245632379761	610	-0.0111542134456075	0.0447986574456091
123	WGN26	0.0227126108666132	0.0201546080244695	610	-0.016868228740703	0.0622934504739295
125	WGN26	0.101219943866612	0.0201546080244697	610	0.0616391042592957	0.140800783473929
126	WGN26	0.0166133891333888	0.0201546080244701	610	-0.0229674504739286	0.0561942287407063
127	WGN26	0.012066666500001	0.0142456323797609	610	-0.015909768945607	0.0400431019456091
128	WGN26	0.0459133891333886	0.0201546080244698	610	0.00633254952607194	0.0854942287407053
129	WGN26	0.00815000000000083	0.0142456323797612	610	-0.0198264354456079	0.0361264354456095
130	WGN26	0.0385116108666133	0.02015460802447	610	-0.0010692287407039	0.0780924504739305
1	WGN36	0.0218133891333854	0.0201546080244708	610	-0.0177674504739333	0.0613942287407042
2	WGN36	0.0128999999999991	0.0142456323797612	610	-0.0150764354456096	0.0408764354456077
4	WGN36	0.022053277866612	0.0201546080244696	610	-0.0175275617407043	0.0616341174739283
5	WGN36	-0.00419672213338672	0.0201546080244695	610	-0.0437775617407029	0.0353841174739295
6	WGN36	0.00352297486661228	0.0201546080244698	610	-0.0360578647407045	0.0431038144739291
7	WGN36	0.0111133891333878	0.0201546080244699	610	-0.0284674504739293	0.0506942287407048
8	WGN36	0.0375045454999998	0.014245632379761	610	0.00952811005439149	0.0654809809456081
9	WGN36	-0.00294672213338836	0.0201546080244701	610	-0.0425275617407057	0.036634117473929
10	WGN36	0.0036181819999997	0.014245632379761	610	-0.0243582534456086	0.031594617445608
11	WGN36	0.00766438886661174	0.0201546080244701	610	-0.0319164507407057	0.0472452284739292
12	WGN36	0.00609999999999957	0.0142456323797611	610	-0.021876435445609	0.0340764354456081
13	WGN36	0.0290294699999998	0.0142456323797608	610	0.00105303455439186	0.0570059054456078
14	WGN36	0.00389999999999925	0.014245632379761	610	-0.024076435445609	0.0318764354456075
15	WGN36	0.0163346664999997	0.014245632379761	610	-0.0116417689456086	0.0443111019456081
16	WGN36	0.0149874999999997	0.0142456323797611	610	-0.0129889354456088	0.0429639354456082
17	WGN36	0.033626318	0.0142456323797611	610	0.00564988255439145	0.0616027534456086
18	WGN36	-0.00386338913338744	0.0201546080244699	610	-0.0434442287407044	0.0357174504739296
19	WGN36	0.0185266108666123	0.0201546080244701	610	-0.0210542287407051	0.0581074504739297
20	WGN36	0.0553464999999993	0.0142456323797609	610	0.0273700645543911	0.0833229354456074
21	WGN36	0.00965932549999986	0.0142456323797609	610	-0.0183171099456083	0.037635760945608
22	WGN36	0.0485018749999994	0.0142456323797609	610	0.0205254395543913	0.0764783104456076
23	WGN36	0.00371590899999942	0.0142456323797611	610	-0.024260526445609	0.0316923444456078
24	WGN36	0.0278576924999998	0.014245632379761	610	-0.000118742945608544	0.0558341279456082
26	WGN36	0.0412757999999995	0.0142456323797609	610	0.0132993645543913	0.0692522354456076
28	WGN36	0.0488314999999996	0.014245632379761	610	0.0208550645543912	0.0768079354456079
30	WGN36	0.0212833334999997	0.014245632379761	610	-0.00669310194560856	0.0492597689456079
31	WGN36	0.02318925	0.014245632379761	610	-0.00478718544560832	0.0511656854456082
33	WGN36	0.0146999999999997	0.0142456323797611	610	-0.0132764354456087	0.0426764354456081
34	WGN36	0.0132608499999998	0.014245632379761	610	-0.0147155854456085	0.041237285445608
35	WGN36	0.00925595199999938	0.0142456323797612	610	-0.0187204834456092	0.037232387445608
36	WGN36	0.0115918749999996	0.0142456323797611	610	-0.0163845604456088	0.0395683104456081
37	WGN36	0.0491133891333878	0.02015460802447	610	0.00953254952607064	0.088694228740705
38	WGN36	0.00748838913338777	0.0201546080244699	610	-0.0320924504739291	0.0470692287407047
39	WGN36	0.0486954545000001	0.0142456323797611	610	0.0207190190543916	0.0766718899456085
40	WGN36	0.00113661086661164	0.0201546080244701	610	-0.0384442287407058	0.040717450473929
41	WGN36	-0.00344672213338745	0.0201546080244698	610	-0.0430275617407042	0.0361341174739293
42	WGN36	0.00907142849999982	0.0142456323797609	610	-0.0189050069456083	0.037047863945608
43	WGN36	0.0780730999999993	0.0142456323797609	610	0.0500966645543911	0.106049535445608
44	WGN36	-0.00511338913338858	0.0201546080244701	610	-0.044694228740706	0.0344674504739289
45	WGN36	0.002986610866612	0.0201546080244699	610	-0.0365942287407049	0.0425674504739289
46	WGN36	0.0265277854999997	0.0142456323797609	610	-0.00144864994560853	0.0545042209456079
47	WGN36	0.0150499999999998	0.0142456323797611	610	-0.0129264354456087	0.0430264354456082
48	WGN36	0.00840491649999929	0.0142456323797611	610	-0.0195715189456093	0.0363813519456079
49	WGN36	0.00989444449999996	0.0142456323797609	610	-0.0180819909456082	0.0378708799456081
51	WGN36	0.0558499999999997	0.014245632379761	610	0.0278735645543914	0.0838264354456079
52	WGN36	0.0146181819999997	0.014245632379761	610	-0.0133582534456085	0.0425946174456079
54	WGN36	0.00864583349999956	0.0142456323797611	610	-0.0193306019456089	0.0366222689456081
55	WGN36	0.0224641891333878	0.02015460802447	610	-0.0171166504739294	0.0620450287407049
56	WGN36	0.0192454164999998	0.0142456323797609	610	-0.00873101894560835	0.047221851945608
57	WGN36	0.0285337499999997	0.014245632379761	610	0.000557314554391487	0.056510185445608
58	WGN36	0.0467007499999996	0.014245632379761	610	0.0187243145543914	0.0746771854456078
59	WGN36	0.0359134999999995	0.0142456323797608	610	0.00793706455439152	0.0638899354456074
60	WGN36	0.0401493329999996	0.0142456323797609	610	0.0121728975543914	0.0681257684456078
62	WGN36	0.0497744500000001	0.014245632379761	610	0.0217980145543917	0.0777508854456085
64	WGN36	0.00419999999999994	0.0142456323797609	610	-0.0237764354456081	0.032176435445608
65	WGN36	0.0105499999999997	0.014245632379761	610	-0.0174264354456087	0.038526435445608
66	WGN36	0.0273633891333876	0.0201546080244699	610	-0.0122174504739295	0.0669442287407046
68	WGN36	0.0104866108666117	0.0201546080244702	610	-0.0290942287407059	0.0500674504739293
69	WGN36	0.0595866108666118	0.02015460802447	610	0.0200057712592946	0.099167450473929
70	WGN36	-0.00411338913338854	0.0201546080244701	610	-0.043694228740706	0.0354674504739289
71	WGN36	0.00673276486661181	0.0201546080244701	610	-0.0328480747407056	0.0463136044739292
72	WGN36	-0.00254196013338808	0.0201546080244699	610	-0.042122799740705	0.0370388794739289
74	WGN36	0.0241874999999997	0.014245632379761	610	-0.00378893544560868	0.0521639354456081
75	WGN36	0.011486610866612	0.0201546080244701	610	-0.0280942287407053	0.0510674504739293
76	WGN36	0.0136249999999999	0.0142456323797611	610	-0.0143514354456086	0.0416014354456084
77	WGN36	0.0127954544999999	0.0142456323797609	610	-0.0151809809456081	0.040771889945608
78	WGN36	0.0090555554999998	0.014245632379761	610	-0.0189208799456085	0.0370319909456081
79	WGN36	-0.00471338913338811	0.02015460802447	610	-0.0442942287407053	0.0348674504739291
81	WGN36	0.0310249999999999	0.014245632379761	610	0.00304856455439154	0.0590014354456082
82	WGN36	0.0110116108666119	0.0201546080244701	610	-0.0285692287407055	0.0505924504739293
83	WGN36	0.00238661086661204	0.0201546080244699	610	-0.0371942287407048	0.0419674504739289
84	WGN36	0.0343392855	0.014245632379761	610	0.00636285005439177	0.0623157209456083
85	WGN36	0.00288661086661192	0.02015460802447	610	-0.0366942287407053	0.0424674504739291
86	WGN36	0.00187499999999998	0.014245632379761	610	-0.0261014354456083	0.0298514354456082
88	WGN36	0.00182863649999968	0.014245632379761	610	-0.0261477989456087	0.0298050719456081
89	WGN36	0.0141333335000001	0.014245632379761	610	-0.0138431019456082	0.0421097689456083
90	WGN36	-0.00471338913338836	0.0201546080244699	610	-0.0442942287407053	0.0348674504739286
92	WGN36	0.043886610866612	0.02015460802447	610	0.00430577125929481	0.0834674504739292
94	WGN36	0.00636338913338785	0.0201546080244698	610	-0.0332174504739289	0.0459442287407046
95	WGN36	0.00999166649999981	0.014245632379761	610	-0.0179847689456086	0.0379681019456082
96	WGN36	0.0477343334999997	0.014245632379761	610	0.0197578980543914	0.075710768945608
97	WGN36	0.0284087499999996	0.014245632379761	610	0.000432314554391373	0.0563851854456078
98	WGN36	0.0192712499999998	0.014245632379761	610	-0.00870518544560852	0.0472476854456081
100	WGN36	0.000719943866611612	0.0201546080244701	610	-0.0388608957407058	0.040300783473929
102	WGN36	0.00747702513338778	0.0201546080244699	610	-0.0321038144739292	0.0470578647407047
104	WGN36	0.0147999999999998	0.0142456323797609	610	-0.0131764354456084	0.042776435445608
105	WGN36	0.0233866108666117	0.02015460802447	610	-0.0161942287407055	0.062967450473929
106	WGN36	0.00479999999999978	0.014245632379761	610	-0.0231764354456085	0.0327764354456081
109	WGN36	0.0103866108666118	0.02015460802447	610	-0.0291942287407053	0.0499674504739289
110	WGN36	0.000186610866612007	0.0201546080244698	610	-0.0393942287407048	0.0397674504739289
112	WGN36	-0.00551338913338789	0.02015460802447	610	-0.0450942287407051	0.0340674504739293
116	WGN36	0.0074467221333877	0.0201546080244701	610	-0.0321341174739296	0.047027561740705
117	WGN36	0.00659999999999963	0.014245632379761	610	-0.0213764354456087	0.034576435445608
118	WGN36	0.0197584999999999	0.014245632379761	610	-0.00821793544560835	0.0477349354456082
120	WGN36	0.0565606109999998	0.014245632379761	610	0.0285841755543915	0.084537046445608
121	WGN36	0.0172539999999996	0.014245632379761	610	-0.0107224354456087	0.045230435445608
122	WGN36	0.0209227274999998	0.0142456323797609	610	-0.0070537079456084	0.048899162945608
123	WGN36	0.0357750999999998	0.014245632379761	610	0.00779866455439151	0.063751535445608
124	WGN36	0.0191999999999998	0.0142456323797609	610	-0.00877643544560845	0.047176435445608
125	WGN36	0.0186757778666117	0.0201546080244701	610	-0.0209050617407056	0.058256617473929
126	WGN36	0.0714350499999999	0.014245632379761	610	0.0434586145543915	0.0994114854456083
127	WGN36	0.0210956999999997	0.014245632379761	610	-0.00688073544560859	0.049072135445608
128	WGN36	0.000986610866612065	0.0201546080244698	610	-0.0385942287407047	0.0405674504739289
129	WGN36	0.0157133891333876	0.0201546080244699	610	-0.0238674504739294	0.0552942287407047
130	WGN36	0.0127499999999997	0.0142456323797611	610	-0.0152264354456088	0.0407264354456081
1	WGN38	0.0355264665000003	0.0142456323797615	610	0.00755003105439091	0.0635029019456096
3	WGN38	0.0236138838666138	0.0201546080244696	610	-0.0159669557407026	0.0631947234739302
4	WGN38	-0.000113389133387299	0.0201546080244702	610	-0.0396942287407048	0.0394674504739302
5	WGN38	0.0397430555000012	0.0142456323797609	610	0.0117666200543931	0.0677194909456093
6	WGN38	0.004068428866614	0.0201546080244697	610	-0.0355124107407026	0.0436492684739306
7	WGN38	0.0038214285000012	0.014245632379761	610	-0.0241550069456071	0.0317978639456095
8	WGN38	0.0175303030000018	0.0142456323797608	610	-0.0104461324456061	0.0455067384456097
10	WGN38	0.0327440555000011	0.0142456323797611	610	0.00476762005439255	0.0607204909456097
11	WGN38	0.00115933786661307	0.0201546080244701	610	-0.0384215017407043	0.0407401774739304
12	WGN38	0.000303277866613974	0.0201546080244698	610	-0.0392775617407028	0.0398841174739308
14	WGN38	-0.00141338913338637	0.0201546080244699	610	-0.0409942287407034	0.0381674504739306
18	WGN38	-0.00328005613338773	0.0201546080244703	610	-0.0428608957407054	0.03630078347393
19	WGN38	0.00765884413338882	0.02015460802447	610	-0.0319219954739284	0.0472396837407061
20	WGN38	0.0674988328666133	0.0201546080244698	610	0.0279179932592964	0.10707967247393
22	WGN38	0.00580000000000065	0.0142456323797612	610	-0.022176435445608	0.0337764354456093
23	WGN38	0.0574850000000011	0.014245632379761	610	0.0295085645543929	0.0854614354456094
26	WGN38	0.0177205555000017	0.0142456323797608	610	-0.0102558799456063	0.0456969909456097
27	WGN38	0.0100016891333889	0.0201546080244701	610	-0.0295791504739284	0.0495825287407062
28	WGN38	0.0372750000000014	0.0142456323797609	610	0.00929856455439334	0.0652514354456095
29	WGN38	0.0026722220000017	0.0142456323797609	610	-0.0253042134456064	0.0306486574456098
30	WGN38	0.00520384600000175	0.0142456323797609	610	-0.0227725894456063	0.0331802814456098
32	WGN38	0.00759545450000213	0.0142456323797608	610	-0.0203809809456058	0.03557188994561
33	WGN38	0.0108181820000015	0.0142456323797609	610	-0.0171582534456067	0.0387946174456096
35	WGN38	0.0126000000000017	0.0142456323797608	610	-0.0153764354456063	0.0405764354456097
36	WGN38	-0.00511338913338631	0.0201546080244699	610	-0.0446942287407032	0.0344674504739306
37	WGN38	-0.00481338913338668	0.02015460802447	610	-0.0443942287407038	0.0347674504739305
38	WGN38	0.0668750000000009	0.0142456323797609	610	0.0388985645543927	0.094851435445609
39	WGN38	0.00683333350000111	0.014245632379761	610	-0.0211431019456072	0.0348097689456095
40	WGN38	0.0233153570000015	0.0142456323797608	610	-0.00466107844560647	0.0512917924456096
41	WGN38	0.0117383891333889	0.02015460802447	610	-0.0278424504739283	0.0513192287407061
42	WGN38	-0.0043297631333867	0.02015460802447	610	-0.0439106027407038	0.0352510764739304
45	WGN38	0.0222596875000012	0.0142456323797609	610	-0.00571674794560686	0.0502361229456093
46	WGN38	0.0204866108666135	0.02015460802447	610	-0.0190942287407037	0.0600674504739306
47	WGN38	0.0101133891333889	0.02015460802447	610	-0.0294674504739283	0.0496942287407061
48	WGN38	0.0314883891333892	0.0201546080244699	610	-0.0080924504739278	0.0710692287407063
49	WGN38	-0.00244672213338683	0.02015460802447	610	-0.042027561740704	0.0371341174739303
50	WGN38	0.0069833335000008	0.0142456323797611	610	-0.0209931019456077	0.0349597689456093
51	WGN38	0.000219943866612914	0.0201546080244701	610	-0.0393608957407044	0.0398007834739303
52	WGN38	0.0354713890000014	0.0142456323797609	610	0.00749495355439329	0.0634478244456096
53	WGN38	0.00954166650000129	0.014245632379761	610	-0.018434768945607	0.0375181019456096
54	WGN38	-0.00571338913338701	0.02015460802447	610	-0.0452942287407042	0.0338674504739302
55	WGN38	-0.0052133891333855	0.0201546080244697	610	-0.044794228740702	0.034367450473931
56	WGN38	0.000937500000001216	0.0142456323797609	610	-0.0270389354456069	0.0289139354456093
59	WGN38	0.0725477725000013	0.014245632379761	610	0.044571337054393	0.10052420794561
61	WGN38	0.00784090900000135	0.014245632379761	610	-0.0201355264456069	0.0358173444456096
63	WGN38	0.00283333350000186	0.0142456323797609	610	-0.0251431019456062	0.0308097689456099
64	WGN38	0.00751338913338941	0.0201546080244699	610	-0.0320674504739276	0.0470942287407064
65	WGN38	0.0513133891333891	0.0201546080244698	610	0.0117325495260722	0.0908942287407059
66	WGN38	0.0124866108666134	0.0201546080244699	610	-0.0270942287407037	0.0520674504739305
67	WGN38	0.0659457500000014	0.014245632379761	610	0.0379693145543931	0.0939221854456097
68	WGN38	0.00616600000000168	0.0142456323797609	610	-0.0218104354456065	0.0341424354456098
69	WGN38	-0.00494672213338632	0.0201546080244699	610	-0.0445275617407032	0.0346341174739306
70	WGN38	0.00341349986661308	0.02015460802447	610	-0.0361673397407042	0.0429943394739303
72	WGN38	0.0283635000000013	0.0142456323797609	610	0.00038706455439309	0.0563399354456094
73	WGN38	0.0434300000000013	0.014245632379761	610	0.0154535645543931	0.0714064354456096
76	WGN38	0.0267327265000013	0.0142456323797609	610	-0.00124370894560686	0.0547091619456094
77	WGN38	0.0644410000000011	0.0142456323797609	610	0.036464564554393	0.0924174354456093
78	WGN38	0.0498484845000014	0.014245632379761	610	0.0218720490543931	0.0778249199456097
80	WGN38	0.00711338913338914	0.0201546080244699	610	-0.0324674504739279	0.0466942287407061
81	WGN38	0.0204418335000013	0.014245632379761	610	-0.00753460194560691	0.0484182689456095
82	WGN38	0.0148222220000014	0.0142456323797609	610	-0.0131542134456068	0.0427986574456096
83	WGN38	0.0234133891333891	0.02015460802447	610	-0.0161674504739281	0.0629942287407063
84	WGN38	0.0261612000000014	0.0142456323797609	610	-0.00181523544560681	0.0541376354456095
85	WGN38	-0.00297053213338671	0.02015460802447	610	-0.0425513717407038	0.0366103074739304
86	WGN38	0.0269318180000013	0.014245632379761	610	-0.00104461744560702	0.0549082534456096
87	WGN38	-0.00222450013338639	0.0201546080244699	610	-0.0418053397407034	0.0373563394739306
88	WGN38	0.0095133891333895	0.0201546080244698	610	-0.0300674504739273	0.0490942287407063
89	WGN38	0.0296355000000013	0.0142456323797609	610	0.00165906455439314	0.0576119354456095
90	WGN38	0.0716525625000012	0.014245632379761	610	0.0436761270543929	0.0996289979456094
91	WGN38	0.00421666650000163	0.0142456323797609	610	-0.0237597689456065	0.0321931019456097
92	WGN38	0.0170364661333891	0.0201546080244699	610	-0.0225443734739279	0.0566173057407062
93	WGN38	0.0228866108666136	0.0201546080244698	610	-0.0166942287407032	0.0624674504739304
94	WGN38	0.0267670500000013	0.014245632379761	610	-0.00120938544560704	0.0547434854456096
95	WGN38	-0.00148838913338674	0.02015460802447	610	-0.0410692287407038	0.0380924504739303
96	WGN38	0.0189000000000011	0.014245632379761	610	-0.0090764354456071	0.0468764354456093
97	WGN38	0.00538661086661326	0.02015460802447	610	-0.0341942287407039	0.0449674504739305
98	WGN38	0.0839876000000012	0.014245632379761	610	0.056011164554393	0.111964035445609
99	WGN38	0.0140333335000011	0.014245632379761	610	-0.0139431019456071	0.0420097689456094
100	WGN38	0.00986383950000115	0.014245632379761	610	-0.0181125959456072	0.0378402749456095
101	WGN38	0.0137500000000014	0.014245632379761	610	-0.0142264354456069	0.0417264354456096
102	WGN38	0.00489772750000129	0.014245632379761	610	-0.023078707945607	0.0328741629456095
103	WGN38	0.00630000000000139	0.014245632379761	610	-0.0216764354456069	0.0342764354456097
104	WGN38	0.0316866108666135	0.0201546080244699	610	-0.00789422874070349	0.0712674504739305
106	WGN38	0.0719641665000013	0.014245632379761	610	0.0439877310543931	0.0999406019456096
107	WGN38	0.0724956430000012	0.014245632379761	610	0.0445192075543929	0.100472078445609
108	WGN38	0.00896071400000123	0.014245632379761	610	-0.0190157214456071	0.0369371494456096
109	WGN38	0.00846994386661392	0.0201546080244699	610	-0.031110895740703	0.0480507834739309
110	WGN38	0.107980625000001	0.0142456323797609	610	0.0800041895543929	0.135957060445609
111	WGN38	0.00895000000000136	0.014245632379761	610	-0.019026435445607	0.0369264354456097
113	WGN38	0.0457875000000013	0.014245632379761	610	0.017811064554393	0.0737639354456095
114	WGN38	-0.00425624613338629	0.0201546080244698	610	-0.0438370857407031	0.0353245934739305
115	WGN38	-0.00281338913338669	0.02015460802447	610	-0.0423942287407038	0.0367674504739304
1	WGN39	0.00239999999999146	0.0142456323797619	610	-0.0255764354456187	0.0303764354456016
2	WGN39	0.0342587779999994	0.0142456323797611	610	0.00628234255439085	0.0622352134456079
3	WGN39	0.00681338913338704	0.0201546080244698	610	-0.0327674504739297	0.0463942287407038
4	WGN39	0.0484162499999981	0.0142456323797609	610	0.0204398145543901	0.0763926854456062
5	WGN39	0.00454444449999908	0.0142456323797611	610	-0.0234319909456094	0.0325208799456076
6	WGN39	0.00803634999999829	0.0142456323797609	610	-0.0199400854456098	0.0360127854456064
7	WGN39	0.038799999999998	0.0142456323797608	610	0.0108235645543901	0.066776435445606
8	WGN39	0.0146599438666114	0.0201546080244701	610	-0.024920895740706	0.0542407834739288
9	WGN39	0.0161522108666114	0.0201546080244702	610	-0.0234286287407062	0.055733050473929
12	WGN39	0.00163661086661119	0.0201546080244699	610	-0.0379442287407057	0.0412174504739281
15	WGN39	0.0177969124999989	0.0142456323797609	610	-0.0101795229456093	0.045773347945607
16	WGN39	0.00440259749999925	0.0142456323797609	610	-0.0235738379456088	0.0323790329456073
17	WGN39	0.00254999999999897	0.0142456323797612	610	-0.0254264354456098	0.0305264354456077
18	WGN39	0.0196734999999984	0.0142456323797609	610	-0.00830293544560973	0.0476499354456066
19	WGN39	0.0541882778666113	0.02015460802447	610	0.0146074382592942	0.0937691174739285
21	WGN39	0.00611818199999871	0.0142456323797608	610	-0.0218582534456093	0.0340946174456067
24	WGN39	0.0224808824999988	0.0142456323797609	610	-0.00549555294560933	0.050457317945607
25	WGN39	0.00928005613338687	0.0201546080244696	610	-0.0303007834739296	0.0488608957407033
26	WGN39	0.00548661086661116	0.02015460802447	610	-0.034094228740706	0.0450674504739284
27	WGN39	-0.00451338913338867	0.0201546080244701	610	-0.044094228740706	0.0350674504739287
29	WGN39	0.00151666649999885	0.0142456323797609	610	-0.0264597689456093	0.029493101945607
30	WGN39	0.00261249999999902	0.014245632379761	610	-0.0253639354456093	0.0305889354456074
31	WGN39	0.00843333349999906	0.0142456323797611	610	-0.0195431019456094	0.0364097689456075
32	WGN39	0.0184986459999993	0.0142456323797611	610	-0.00947778944560923	0.0464750814456078
34	WGN39	0.00332857149999888	0.0142456323797611	610	-0.0246478639456095	0.0313050069456073
35	WGN39	-1.33891333889248e-05	0.0201546080244701	610	-0.0395942287407062	0.0395674504739284
36	WGN39	-0.00371338913338904	0.0201546080244701	610	-0.0432942287407064	0.0358674504739283
37	WGN39	0.0104467221333867	0.0201546080244698	610	-0.0291341174739302	0.0500275617407035
39	WGN39	0.00929999999999915	0.0142456323797611	610	-0.0186764354456093	0.0372764354456076
40	WGN39	0.00838844999999908	0.0142456323797609	610	-0.0195879854456091	0.0363648854456072
41	WGN39	0.0656868334999979	0.0142456323797609	610	0.0377103980543898	0.0936632689456059
42	WGN39	0.0139249999999994	0.0142456323797611	610	-0.0140514354456091	0.0419014354456078
43	WGN39	0.0341499999999987	0.0142456323797609	610	0.00617356455439047	0.0621264354456068
44	WGN39	0.00306842886661136	0.0201546080244699	610	-0.0365124107407057	0.0426492684739284
45	WGN39	0.0104866108666106	0.02015460802447	610	-0.0290942287407064	0.0500674504739277
47	WGN39	0.00979999999999913	0.0142456323797611	610	-0.0181764354456093	0.0377764354456076
49	WGN39	0.015283333499999	0.0142456323797611	610	-0.0126931019456095	0.0432597689456074
50	WGN39	-0.00411338913338872	0.0201546080244698	610	-0.0436942287407055	0.035467450473928
51	WGN39	0.0190658999999993	0.0142456323797611	610	-0.00891053544560921	0.0470423354456078
52	WGN39	0.00783634999999923	0.0142456323797611	610	-0.0201400854456092	0.0358127854456077
53	WGN39	0.00389174999999898	0.014245632379761	610	-0.0240846854456093	0.0318681854456073
54	WGN39	0.00224454149999897	0.014245632379761	610	-0.0257318939456093	0.0302209769456073
56	WGN39	0.0162502468666111	0.0201546080244701	610	-0.0233305927407062	0.0558310864739285
57	WGN39	-0.00571338913338912	0.0201546080244702	610	-0.0452942287407066	0.0338674504739284
58	WGN39	0.0128265454999992	0.0142456323797611	610	-0.0151498899456093	0.0408029809456076
60	WGN39	0.00249999999999897	0.014245632379761	610	-0.0254764354456093	0.0304764354456072
61	WGN39	0.00284545449999921	0.0142456323797611	610	-0.0251309809456093	0.0308218899456077
63	WGN39	0.0107999999999989	0.014245632379761	610	-0.0171764354456094	0.0387764354456072
64	WGN39	0.00168661086661117	0.02015460802447	610	-0.037894228740706	0.0412674504739284
65	WGN39	-0.00378005613338909	0.02015460802447	610	-0.0433608957407062	0.035800783473928
66	WGN39	0.00565941649999903	0.014245632379761	610	-0.0223170189456093	0.0336358519456074
67	WGN39	0.0342999999999991	0.014245632379761	610	0.00632356455439086	0.0622764354456074
68	WGN39	0.0562498891333873	0.02015460802447	610	0.0166690495260701	0.0958307287407046
69	WGN39	0.0598737219999992	0.014245632379761	610	0.0318972865543908	0.0878501574456076
70	WGN39	0.0149133891333869	0.0201546080244698	610	-0.02466745047393	0.0544942287407037
71	WGN39	0.00151666649999895	0.014245632379761	610	-0.0264597689456094	0.0294931019456073
72	WGN39	-0.00561338913338878	0.0201546080244699	610	-0.0451942287407058	0.0339674504739283
73	WGN39	0.00638661086661124	0.0201546080244699	610	-0.0331942287407057	0.0459674504739281
74	WGN39	0.0630294678666106	0.0201546080244699	610	0.0234486282592937	0.102610307473928
75	WGN39	0.0231712499999993	0.0142456323797611	610	-0.00480518544560926	0.0511476854456078
76	WGN39	0.0164740259999992	0.0142456323797611	610	-0.0115024094456092	0.0444504614456077
78	WGN39	0.00813479149999897	0.014245632379761	610	-0.0198416439456094	0.0361112269456074
79	WGN39	0.00946666649999918	0.0142456323797609	610	-0.018509768945609	0.0374431019456074
80	WGN39	0.0107133891333869	0.0201546080244699	610	-0.0288674504739301	0.0502942287407039
81	WGN39	0.0289133891333868	0.0201546080244699	610	-0.0106674504739302	0.0684942287407037
82	WGN39	0.00254999999999896	0.014245632379761	610	-0.0254264354456093	0.0305264354456072
83	WGN39	0.00911338913338679	0.0201546080244699	610	-0.0304674504739302	0.0486942287407038
84	WGN39	0.015049999999999	0.014245632379761	610	-0.0129264354456093	0.0430264354456074
85	WGN39	0.0116186154999991	0.0142456323797611	610	-0.0163578199456093	0.0395950509456075
86	WGN39	0.00328661086661105	0.02015460802447	610	-0.0362942287407061	0.0428674504739282
90	WGN39	0.0272639584999989	0.014245632379761	610	-0.000712476945609365	0.0552403939456072
94	WGN39	0.00277272749999903	0.014245632379761	610	-0.0252037079456092	0.0307491629456073
95	WGN39	0.00906249999999914	0.014245632379761	610	-0.0189139354456092	0.0370389354456075
96	WGN39	-0.0018911671333888	0.02015460802447	610	-0.0414720067407059	0.0376896724739283
98	WGN39	0.030014499999999	0.014245632379761	610	0.0020380645543908	0.0579909354456073
101	WGN39	0.0529435554999989	0.014245632379761	610	0.0249671200543907	0.0809199909456072
102	WGN39	0.014759090999999	0.014245632379761	610	-0.0132173444456093	0.0427355264456072
104	WGN39	0.0289333334999989	0.014245632379761	610	0.000956898054390674	0.0569097689456071
106	WGN39	-0.0052245001333888	0.0201546080244699	610	-0.0448053397407058	0.0343563394739282
107	WGN39	0.0137327648666112	0.0201546080244699	610	-0.0258480747407059	0.0533136044739282
108	WGN39	0.0327027274999989	0.014245632379761	610	0.00472629205439067	0.0606791629456072
109	WGN39	0.00473015899999895	0.014245632379761	610	-0.0232462764456094	0.0327065944456072
110	WGN39	0.0109866108666112	0.0201546080244701	610	-0.028594228740706	0.0505674504739285
111	WGN39	-0.00111338913338887	0.02015460802447	610	-0.040694228740706	0.0384674504739283
112	WGN39	0.0537102274999992	0.014245632379761	610	0.0257337920543909	0.0816866629456075
113	WGN39	0.00513661086661107	0.02015460802447	610	-0.034444228740706	0.0447174504739281
115	WGN39	0.0277488499999991	0.014245632379761	610	-0.000227585445609274	0.0557252854456074
116	WGN39	-0.000213389133388941	0.02015460802447	610	-0.0397942287407061	0.0393674504739282
117	WGN39	0.012886610866611	0.02015460802447	610	-0.0266942287407061	0.0524674504739281
118	WGN39	0.027849999999999	0.014245632379761	610	-0.000126435445609321	0.0558264354456073
122	WGN39	0.026769449999999	0.014245632379761	610	-0.00120698544560928	0.0547458854456073
123	WGN39	0.00226363649999899	0.014245632379761	610	-0.0257127989456092	0.0302400719456072
124	WGN39	0.000786610866611052	0.02015460802447	610	-0.0387942287407061	0.0403674504739282
125	WGN39	0.0583703054999991	0.014245632379761	610	0.0303938700543908	0.0863467409456073
128	WGN39	0.00663484449999893	0.014245632379761	610	-0.0213415909456093	0.0346112799456072
130	WGN39	0.019186610866611	0.0201546080244699	610	-0.020394228740706	0.0587674504739281
1	WGN45	0.00853888899999378	0.0142456323797602	610	-0.0194375464456129	0.0365153244456005
2	WGN45	0.00498636350000067	0.0142456323797609	610	-0.0229900719456074	0.0329627989456087
4	WGN45	0.0127000000000005	0.014245632379761	610	-0.0152764354456079	0.0406764354456088
5	WGN45	0.0339750235000003	0.014245632379761	610	0.00599858805439202	0.0619514589456086
6	WGN45	0.0110519480000003	0.0142456323797611	610	-0.0169244874456082	0.0390283834456088
7	WGN45	0.00745000000000023	0.014245632379761	610	-0.020526435445608	0.0354264354456084
8	WGN45	0.00321994386661235	0.0201546080244696	610	-0.036360895740704	0.0428007834739287
9	WGN45	0.0293832665000005	0.0142456323797611	610	0.00140683105439211	0.057359701945609
10	WGN45	-0.00311338913338766	0.0201546080244701	610	-0.0426942287407051	0.0364674504739298
11	WGN45	0.00860000000000024	0.0142456323797609	610	-0.019376435445608	0.0365764354456084
12	WGN45	0.023986610866612	0.0201546080244697	610	-0.0155942287407046	0.0635674504739286
13	WGN45	0.0333727275000005	0.0142456323797611	610	0.00539629205439193	0.061349162945609
14	WGN45	0.0195095108666128	0.0201546080244702	610	-0.0200713287407047	0.0590903504739304
15	WGN45	0.147219943866609	0.0201546080244697	610	0.107639104259292	0.186800783473925
16	WGN45	0.0182500000000004	0.014245632379761	610	-0.00972643544560781	0.0462264354456086
17	WGN45	0.0202133891333883	0.0201546080244701	610	-0.0193674504739291	0.0597942287407057
18	WGN45	0.0127000000000004	0.014245632379761	610	-0.0152764354456079	0.0406764354456087
19	WGN45	-0.00486338913338749	0.02015460802447	610	-0.0444442287407046	0.0347174504739297
20	WGN45	0.0190246720000006	0.0142456323797611	610	-0.00895176344560797	0.0470011074456092
22	WGN45	0.0127140000000003	0.0142456323797609	610	-0.0152624354456079	0.0406904354456084
23	WGN45	-0.00331338913338755	0.02015460802447	610	-0.0428942287407047	0.0362674504739296
24	WGN45	-0.00494672213338725	0.0201546080244698	610	-0.044527561740704	0.0346341174739295
25	WGN45	0.00794672213338835	0.0201546080244699	610	-0.0316341174739285	0.0475275617407052
26	WGN45	0.00961338913338825	0.0201546080244701	610	-0.0299674504739291	0.0491942287407055
28	WGN45	0.0229977218666124	0.02015460802447	610	-0.0165831177407047	0.0625785614739294
29	WGN45	0.0328706108666122	0.0201546080244699	610	-0.00671022874070472	0.072451450473929
31	WGN45	0.0542985235000008	0.0142456323797611	610	0.0263220880543923	0.0822749589456092
32	WGN45	0.0214000000000006	0.0142456323797611	610	-0.00657643544560793	0.0493764354456092
34	WGN45	0.0211051820000005	0.0142456323797611	610	-0.00687125344560792	0.049081617445609
35	WGN45	0.00300000000000049	0.014245632379761	610	-0.0249764354456077	0.0309764354456087
37	WGN45	0.0209250000000002	0.014245632379761	610	-0.00705143544560808	0.0489014354456085
38	WGN45	-0.000413389133387104	0.02015460802447	610	-0.0399942287407042	0.03916745047393
40	WGN45	0.0103000000000004	0.014245632379761	610	-0.0176764354456079	0.0382764354456087
41	WGN45	0.0348500000000004	0.014245632379761	610	0.00687356455439202	0.0628264354456088
42	WGN45	-0.0034770251333878	0.0201546080244702	610	-0.0430578647407053	0.0361038144739297
43	WGN45	0.0140866108666126	0.02015460802447	610	-0.0254942287407046	0.0536674504739298
44	WGN45	0.00642500000000028	0.0142456323797609	610	-0.0215514354456079	0.0344014354456085
45	WGN45	0.00879626650000035	0.014245632379761	610	-0.0191801689456079	0.0367727019456086
46	WGN45	0.0294577915000002	0.014245632379761	610	0.00148135605439196	0.0574342269456084
47	WGN45	0.0332866108666125	0.0201546080244701	610	-0.00629422874070482	0.0728674504739298
48	WGN45	0.0128500000000002	0.014245632379761	610	-0.0151264354456081	0.0408264354456086
49	WGN45	0.0370295198666126	0.0201546080244701	610	-0.00255131974070464	0.0766103594739299
50	WGN45	0.0348214285000001	0.0142456323797609	610	0.00684499305439198	0.0627978639456082
52	WGN45	-0.00301338913338749	0.0201546080244701	610	-0.0425942287407048	0.0365674504739298
53	WGN45	0.088774943866611	0.0201546080244698	610	0.0491941042592942	0.128355783473928
54	WGN45	-0.00531338913338755	0.02015460802447	610	-0.0448942287407048	0.0342674504739297
55	WGN45	0.00352353550000042	0.014245632379761	610	-0.0244528999456079	0.0314999709456088
56	WGN45	0.0159102500000004	0.0142456323797611	610	-0.0120661854456082	0.0438866854456089
57	WGN45	-0.00201338913338676	0.02015460802447	610	-0.041594228740704	0.0375674504739305
58	WGN45	0.0283750000000007	0.0142456323797611	610	0.00039856455439213	0.0563514354456092
59	WGN45	0.00875000000000035	0.014245632379761	610	-0.019226435445608	0.0367264354456087
60	WGN45	0.0150313891333881	0.02015460802447	610	-0.024549450473929	0.0546122287407052
61	WGN45	0.0321723248666124	0.02015460802447	610	-0.0074085147407047	0.0717531644739295
62	WGN45	0.0185116108666124	0.02015460802447	610	-0.0210692287407048	0.0580924504739296
64	WGN45	0.0149583335000004	0.0142456323797609	610	-0.0130181019456078	0.0429347689456086
65	WGN45	-0.00466894513338753	0.0201546080244699	610	-0.0442497847407045	0.0349118944739294
66	WGN45	0.00948333350000036	0.014245632379761	610	-0.018493101945608	0.0374597689456087
67	WGN45	-0.00501338913338757	0.02015460802447	610	-0.0445942287407047	0.0345674504739295
68	WGN45	0.0142166665000005	0.0142456323797611	610	-0.013759768945608	0.0421931019456091
69	WGN45	0.0038500000000003	0.0142456323797609	610	-0.0241264354456079	0.0318264354456085
71	WGN45	0.0112500000000004	0.0142456323797609	610	-0.0167264354456078	0.0392264354456086
73	WGN45	0.0131133891333883	0.02015460802447	610	-0.0264674504739289	0.0526942287407055
74	WGN45	0.0111866108666125	0.02015460802447	610	-0.0283942287407046	0.0507674504739297
75	WGN45	0.0121416665000003	0.014245632379761	610	-0.015834768945608	0.0401181019456086
76	WGN45	0.0221787000000005	0.0142456323797611	610	-0.00579773544560805	0.050155135445609
77	WGN45	0.00342857150000027	0.0142456323797611	610	-0.0245478639456081	0.0314050069456087
78	WGN45	0.0389011108666125	0.02015460802447	610	-0.000679728740704703	0.0784819504739297
80	WGN45	0.0138500000000003	0.0142456323797609	610	-0.0141264354456078	0.0418264354456084
81	WGN45	0.0449590910000001	0.0142456323797609	610	0.0169826555543919	0.0729355264456083
82	WGN45	0.00438661086661249	0.02015460802447	610	-0.0351942287407046	0.0439674504739296
84	WGN45	0.0140954545000003	0.014245632379761	610	-0.0138809809456081	0.0420718899456087
85	WGN45	0.0108633891333882	0.02015460802447	610	-0.028717450473929	0.0504442287407054
86	WGN45	0.00328661086661249	0.02015460802447	610	-0.0362942287407046	0.0428674504739296
87	WGN45	-0.00311338913338731	0.0201546080244699	610	-0.0426942287407043	0.0364674504739296
88	WGN45	0.0319363635000004	0.014245632379761	610	0.00395992805439207	0.0599127989456087
89	WGN45	-0.00339910313338747	0.02015460802447	610	-0.0429799427407046	0.0361817364739297
90	WGN45	0.0548246621333882	0.0201546080244699	610	0.0152438225260712	0.0944055017407052
92	WGN45	0.0319363635000004	0.014245632379761	610	0.00395992805439202	0.0599127989456087
93	WGN45	0.0280775500000002	0.014245632379761	610	0.000101114554391893	0.0560539854456085
94	WGN45	0.0105000000000004	0.014245632379761	610	-0.0174764354456078	0.0384764354456086
95	WGN45	0.00934803986661239	0.0201546080244699	610	-0.0302327997407047	0.0489288794739295
96	WGN45	0.00521994386661256	0.0201546080244699	610	-0.0343608957407044	0.0448007834739295
98	WGN45	0.00748333350000031	0.014245632379761	610	-0.020493101945608	0.0354597689456086
99	WGN45	-0.00231338913338757	0.02015460802447	610	-0.0418942287407048	0.0372674504739296
100	WGN45	0.0146000000000003	0.014245632379761	610	-0.0133764354456079	0.0425764354456086
101	WGN45	0.0194318570000004	0.014245632379761	610	-0.00854457844560788	0.0474082924456087
102	WGN45	0.00605000000000034	0.014245632379761	610	-0.0219264354456081	0.0340264354456087
103	WGN45	0.0188633891333882	0.0201546080244699	610	-0.0207174504739288	0.0584442287407051
104	WGN45	0.0229375000000003	0.014245632379761	610	-0.00503893544560797	0.0509139354456086
106	WGN45	0.0192250000000003	0.014245632379761	610	-0.00875143544560796	0.0472014354456085
107	WGN45	0.0370972915000005	0.014245632379761	610	0.00912085605439214	0.0650737269456088
108	WGN45	0.0168335545000003	0.014245632379761	610	-0.011142880945608	0.0448099899456086
109	WGN45	0.0394750000000004	0.014245632379761	610	0.0114985645543921	0.0674514354456087
110	WGN45	0.00520000000000035	0.014245632379761	610	-0.0227764354456079	0.0331764354456086
111	WGN45	0.0198866108666125	0.02015460802447	610	-0.0196942287407047	0.0594674504739296
112	WGN45	-0.00371338913338761	0.02015460802447	610	-0.0432942287407047	0.0358674504739295
113	WGN45	0.0568003891333881	0.0201546080244699	610	0.0172195495260711	0.0963812287407051
114	WGN45	-0.00144672213338753	0.0201546080244699	610	-0.0410275617407046	0.0381341174739295
116	WGN45	-0.0029315711333875	0.0201546080244699	610	-0.0425124107407045	0.0366492684739295
117	WGN45	0.0225866108666125	0.0201546080244699	610	-0.0169942287407046	0.0621674504739295
118	WGN45	-0.00011338913338756	0.02015460802447	610	-0.0396942287407048	0.0394674504739296
119	WGN45	0.0284181820000003	0.014245632379761	610	0.000441746554392032	0.0563946174456086
120	WGN45	0.00830000000000037	0.014245632379761	610	-0.0196764354456079	0.0362764354456087
121	WGN45	0.0142333335000003	0.014245632379761	610	-0.013743101945608	0.0422097689456086
122	WGN45	0.0299439090000004	0.014245632379761	610	0.00196747355439205	0.0579203444456087
123	WGN45	0.0176666665000003	0.014245632379761	610	-0.010309768945608	0.0456431019456086
124	WGN45	0.00575000000000035	0.014245632379761	610	-0.0222264354456079	0.0337264354456086
126	WGN45	0.0326515155000004	0.014245632379761	610	0.00467508005439207	0.0606279509456087
127	WGN45	0.00573276486661241	0.0201546080244699	610	-0.0338480747407046	0.0453136044739294
128	WGN45	-0.00141338913338763	0.02015460802447	610	-0.0409942287407047	0.0381674504739295
129	WGN45	0.0099666665000003	0.014245632379761	610	-0.018009768945608	0.0379431019456086
130	WGN45	-0.00111338913338762	0.02015460802447	610	-0.0406942287407047	0.0384674504739295
1	WGN46	0.0160775000000023	0.014245632379761	610	-0.0118989354456059	0.0440539354456105
2	WGN46	0.0160797060000005	0.0142456323797611	610	-0.011896729445608	0.0440561414456091
3	WGN46	0.0486699999999998	0.014245632379761	610	0.0206935645543916	0.076646435445608
4	WGN46	0.0151593378666126	0.0201546080244698	610	-0.0244215017407042	0.0547401774739293
6	WGN46	0.0136561668666122	0.0201546080244697	610	-0.0259246727407044	0.0532370064739288
7	WGN46	0.0318750000000003	0.0142456323797611	610	0.00389856455439175	0.0598514354456089
8	WGN46	0.00794672213338784	0.0201546080244702	610	-0.0316341174739297	0.0475275617407054
9	WGN46	0.0115170455000001	0.0142456323797611	610	-0.0164593899456084	0.0394934809456085
10	WGN46	0.00872159099999984	0.0142456323797611	610	-0.0192548444456087	0.0366980264456084
11	WGN46	0.0104499999999999	0.0142456323797611	610	-0.0175264354456085	0.0384264354456084
12	WGN46	0.00794672213338813	0.0201546080244698	610	-0.0316341174739287	0.047527561740705
13	WGN46	0.0327555555000001	0.014245632379761	610	0.00477912005439173	0.0607319909456084
14	WGN46	0.00911461086661221	0.02015460802447	610	-0.0304662287407049	0.0486954504739293
15	WGN46	0.0561699438666116	0.0201546080244697	610	0.0165891042592949	0.0957507834739282
16	WGN46	0.0257218180000001	0.0142456323797611	610	-0.00225461744560831	0.0536982534456085
17	WGN46	0.0677222224999992	0.0142456323797609	610	0.039745787054391	0.0956986579456073
18	WGN46	0.108629749999998	0.0142456323797608	610	0.0806533145543896	0.136606185445606
19	WGN46	0.0373000000000002	0.014245632379761	610	0.00932356455439185	0.0652764354456086
20	WGN46	-0.00171338913338794	0.02015460802447	610	-0.0412942287407051	0.0378674504739293
21	WGN46	0.0164467221333874	0.02015460802447	610	-0.0231341174739298	0.0560275617407046
22	WGN46	0.0065111110000001	0.014245632379761	610	-0.0214653244456082	0.0344875464456084
23	WGN46	0.0338166664999998	0.014245632379761	610	0.00584023105439149	0.0617931019456081
24	WGN46	0.0166111115	0.014245632379761	610	-0.0113653239456082	0.0445875469456083
25	WGN46	0.0407241665000002	0.014245632379761	610	0.0127477310543918	0.0687006019456086
26	WGN46	0.0439758460000002	0.014245632379761	610	0.015999410554392	0.0719522814456085
27	WGN46	-0.0017383891333879	0.0201546080244701	610	-0.0413192287407053	0.0378424504739295
28	WGN46	0.0139636365000001	0.0142456323797611	610	-0.0140127989456085	0.0419400719456086
29	WGN46	0.00801338913338804	0.0201546080244699	610	-0.0315674504739289	0.047594228740705
30	WGN46	0.0401005250000002	0.014245632379761	610	0.0121240895543919	0.0680769604456085
31	WGN46	0.140386610866612	0.0201546080244699	610	0.100805771259295	0.179967450473929
32	WGN46	0.0445043634999998	0.014245632379761	610	0.0165279280543916	0.0724807989456081
33	WGN46	0.0110000000000001	0.0142456323797611	610	-0.0169764354456084	0.0389764354456086
34	WGN46	0.0290760834999995	0.0142456323797609	610	0.00109964805439148	0.0570525189456076
36	WGN46	0.0527321665000009	0.0142456323797612	610	0.0247557310543923	0.0807086019456096
37	WGN46	0.0334903635	0.014245632379761	610	0.00551392805439161	0.0614667989456084
38	WGN46	0.0556572144999996	0.0142456323797609	610	0.0276807790543914	0.0836336499456078
40	WGN46	0.0292866108666125	0.0201546080244701	610	-0.0102942287407049	0.0688674504739299
41	WGN46	0.0210000000000001	0.0142456323797611	610	-0.00697643544560833	0.0489764354456085
42	WGN46	-0.00311338913338763	0.0201546080244699	610	-0.0426942287407047	0.0364674504739294
43	WGN46	0.0217500000000002	0.0142456323797611	610	-0.00622643544560841	0.0497264354456087
44	WGN46	0.0112616108666123	0.02015460802447	610	-0.0283192287407048	0.0508424504739294
46	WGN46	0.0354044445000012	0.0142456323797611	610	0.00742800905439261	0.0633808799456097
47	WGN46	0.00277549986661214	0.02015460802447	610	-0.0368053397407051	0.0423563394739294
48	WGN46	0.0377136365	0.014245632379761	610	0.00973720105439169	0.0656900719456084
49	WGN46	0.0180857145000001	0.0142456323797611	610	-0.00989072094560853	0.0460621499456087
50	WGN46	0.0362792999999999	0.0142456323797609	610	0.00830286455439169	0.0642557354456081
52	WGN46	0.012027778	0.0142456323797609	610	-0.0159486574456082	0.0400042134456082
53	WGN46	0.016011610866612	0.0201546080244698	610	-0.0235692287407048	0.0555924504739289
54	WGN46	0.00395833349999998	0.0142456323797611	610	-0.0240181019456084	0.0319347689456084
55	WGN46	0.172454792866616	0.0201546080244702	610	0.132873953259298	0.212035632473933
56	WGN46	0.128912999999999	0.0142456323797609	610	0.100936564554391	0.156889435445607
57	WGN46	0.00446464650000016	0.014245632379761	610	-0.0235117889456081	0.0324410819456084
58	WGN46	0.00479999999999999	0.0142456323797612	610	-0.0231764354456086	0.0327764354456086
59	WGN46	0.0532166664999997	0.0142456323797609	610	0.0252402310543916	0.0811931019456079
60	WGN46	0.0199285715000001	0.0142456323797611	610	-0.00804786394560836	0.0479050069456086
61	WGN46	0.0967259999999993	0.014245632379761	610	0.0687495645543911	0.124702435445608
62	WGN46	0.0561041820000005	0.0142456323797611	610	0.0281277465543921	0.0840806174456089
63	WGN46	0.0350454165	0.014245632379761	610	0.00706898105439176	0.0630218519456083
64	WGN46	0.0193181820000001	0.0142456323797611	610	-0.00865825344560835	0.0472946174456085
65	WGN46	0.04925	0.014245632379761	610	0.0212735645543918	0.0772264354456083
66	WGN46	0.0334093180000002	0.014245632379761	610	0.0054328825543918	0.0613857534456085
67	WGN46	0.00781338913338809	0.02015460802447	610	-0.0317674504739291	0.0473942287407052
68	WGN46	0.0158482145000001	0.014245632379761	610	-0.0121282209456082	0.0438246499456084
69	WGN46	0.0146384615000002	0.014245632379761	610	-0.0133379739456081	0.0426148969456085
70	WGN46	0.0378267500000004	0.0142456323797611	610	0.00985031455439197	0.0658031854456089
71	WGN46	0.0625000000000002	0.014245632379761	610	0.0345235645543918	0.0904764354456085
72	WGN46	0.0226389000000002	0.014245632379761	610	-0.00533753544560808	0.0506153354456085
73	WGN46	0.0247860000000001	0.014245632379761	610	-0.00319043544560815	0.0527624354456084
74	WGN46	0.00675555549999994	0.0142456323797611	610	-0.0212208799456085	0.0347319909456084
75	WGN46	0.00185000000000033	0.014245632379761	610	-0.026126435445608	0.0298264354456087
76	WGN46	0.0147602500000001	0.014245632379761	610	-0.0132161854456083	0.0427366854456084
78	WGN46	0.0127222220000002	0.0142456323797611	610	-0.0152542134456083	0.0406986574456086
79	WGN46	0.1216944445	0.014245632379761	610	0.0937180090543913	0.149670879945608
80	WGN46	0.00797725000000007	0.014245632379761	610	-0.0199991854456082	0.0359536854456083
81	WGN46	0.0378069000000001	0.014245632379761	610	0.00983046455439175	0.0657833354456084
82	WGN46	-0.00297053213338761	0.0201546080244699	610	-0.0425513717407046	0.0366103074739294
83	WGN46	0.00672222200000026	0.014245632379761	610	-0.0212542134456081	0.0346986574456086
84	WGN46	0.00727777800000005	0.014245632379761	610	-0.0206986574456082	0.0352542134456083
85	WGN46	0.0135000000000002	0.014245632379761	610	-0.0144764354456082	0.0414764354456086
86	WGN46	0.03	0.0142456323797609	610	0.00202356455439176	0.0579764354456082
87	WGN46	0.0814658891333882	0.02015460802447	610	0.0418850495260711	0.121046728740705
88	WGN46	0.0569870999999998	0.0142456323797609	610	0.0290106645543916	0.084963535445608
89	WGN46	0.00838661086661219	0.0201546080244699	610	-0.0311942287407047	0.0479674504739291
90	WGN46	0.0052770180000002	0.014245632379761	610	-0.0226994174456081	0.0332534534456085
91	WGN46	0.0517178334999999	0.014245632379761	610	0.0237413980543917	0.0796942689456081
92	WGN46	0.0172616430000002	0.014245632379761	610	-0.0107147924456082	0.0452380784456086
93	WGN46	0.00764285700000005	0.014245632379761	610	-0.0203335784456083	0.0356192924456084
94	WGN46	0.0617326000000004	0.0142456323797611	610	0.033756164554392	0.0897090354456088
95	WGN46	0.0887666664999999	0.014245632379761	610	0.0607902310543916	0.116743101945608
96	WGN46	0.0891787500000006	0.014245632379761	610	0.0612023145543922	0.117155185445609
98	WGN46	0.0291313130000002	0.0142456323797611	610	0.00115487755439179	0.0571077484456086
101	WGN46	-0.0034467221333874	0.0201546080244699	610	-0.0430275617407043	0.0361341174739295
102	WGN46	0.00592227100000002	0.0142456323797611	610	-0.0220541644456084	0.0338987064456084
103	WGN46	0.0163191108666122	0.0201546080244699	610	-0.0232617287407047	0.0558999504739291
104	WGN46	0.0378391945000001	0.014245632379761	610	0.00986275905439178	0.0658156299456085
106	WGN46	0.00538661086661225	0.0201546080244699	610	-0.0341942287407048	0.0449674504739293
107	WGN46	0.0310713378666122	0.0201546080244699	610	-0.00850950174070486	0.0706521774739292
108	WGN46	0.00913661086661224	0.0201546080244699	610	-0.0304442287407048	0.0487174504739292
109	WGN46	0.0562859	0.014245632379761	610	0.0283094645543917	0.0842623354456083
110	WGN46	-0.000238389133387646	0.0201546080244699	610	-0.0398192287407047	0.0393424504739294
111	WGN46	-0.00451566213338758	0.0201546080244699	610	-0.0440965017407046	0.0350651774739295
112	WGN46	0.0395500000000001	0.014245632379761	610	0.0115735645543918	0.0675264354456084
113	WGN46	0.0663726364999999	0.014245632379761	610	0.0383962010543916	0.0943490719456082
114	WGN46	0.0220863635000002	0.014245632379761	610	-0.00589007194560819	0.0500627989456085
115	WGN46	0.0127363635000001	0.014245632379761	610	-0.0152400719456082	0.0407127989456084
116	WGN46	0.0254318180000001	0.014245632379761	610	-0.00254461744560825	0.0534082534456084
117	WGN46	-0.00211338913338774	0.02015460802447	610	-0.0416942287407049	0.0374674504739294
118	WGN46	0.0266597370000001	0.014245632379761	610	-0.00131669844560825	0.0546361724456084
119	WGN46	0.0245555555	0.014245632379761	610	-0.00342087994560825	0.0525319909456083
120	WGN46	0.0630866108666122	0.0201546080244699	610	0.0235057712592951	0.102667450473929
121	WGN46	0.0305435000000001	0.014245632379761	610	0.00256706455439184	0.0585199354456084
122	WGN46	0.0265575755000001	0.014245632379761	610	-0.00141885994560827	0.0545340109456084
123	WGN46	0.0447132780000001	0.014245632379761	610	0.0167368425543917	0.0726897134456083
124	WGN46	-0.00121338913338762	0.02015460802447	610	-0.0407942287407047	0.0383674504739295
125	WGN46	0.0223750000000001	0.014245632379761	610	-0.00560143544560817	0.0503514354456085
126	WGN46	0.0126840000000001	0.014245632379761	610	-0.0152924354456082	0.0406604354456084
127	WGN46	0.0259866108666122	0.0201546080244699	610	-0.0135942287407048	0.0655674504739292
128	WGN46	0.110965625	0.014245632379761	610	0.0829891895543919	0.138942060445609
129	WGN46	0.0974750000000001	0.014245632379761	610	0.0694985645543918	0.125451435445608
130	WGN46	0.0041000000000001	0.014245632379761	610	-0.0238764354456082	0.0320764354456084
1	WGN55	0.0367967854999995	0.014245632379761	610	0.00882035005439125	0.0647732209456078
2	WGN55	0.0304338179999999	0.014245632379761	610	0.00245738255439169	0.0584102534456081
3	WGN55	0.0624038838666115	0.0201546080244699	610	0.0228230442592946	0.101984723473928
4	WGN55	0.00429999999999946	0.014245632379761	610	-0.0236764354456088	0.0322764354456077
5	WGN55	0.00688661086661131	0.02015460802447	610	-0.0326942287407059	0.0464674504739285
6	WGN55	0.000286610866609889	0.0201546080244702	610	-0.0392942287407077	0.0398674504739274
7	WGN55	0.0024866108666116	0.02015460802447	610	-0.0370942287407055	0.0420674504739287
8	WGN55	0.0108928569999996	0.0142456323797609	610	-0.0170835784456086	0.0388692924456078
9	WGN55	0.0079866108666123	0.0201546080244698	610	-0.0315942287407045	0.0475674504739291
10	WGN55	0.00758333349999983	0.0142456323797609	610	-0.0203931019456083	0.0355597689456079
11	WGN55	-0.001713389133388	0.0201546080244699	610	-0.041294228740705	0.037867450473929
12	WGN55	0.0349549999999997	0.0142456323797611	610	0.00697856455439126	0.0629314354456082
13	WGN55	0.0190542014999994	0.014245632379761	610	-0.00892223394560896	0.0470306369456078
14	WGN55	0.00821994386661153	0.0201546080244701	610	-0.0313608957407058	0.0478007834739288
15	WGN55	0.000600896866611329	0.02015460802447	610	-0.0389799427407059	0.0401817364739286
16	WGN55	0.00634999999999993	0.0142456323797609	610	-0.0216264354456082	0.0343264354456081
17	WGN55	0.0152999999999997	0.014245632379761	610	-0.0126764354456085	0.0432764354456079
18	WGN55	0.0549551214999995	0.014245632379761	610	0.0269786860543912	0.0829315569456079
19	WGN55	0.00519957149999976	0.0142456323797609	610	-0.0227768639456084	0.0331760069456079
20	WGN55	0.0127666664999995	0.014245632379761	610	-0.0152097689456088	0.0407431019456078
21	WGN55	0.0326749999999995	0.014245632379761	610	0.00469856455439115	0.0606514354456078
22	WGN55	0.00893181799999936	0.014245632379761	610	-0.019044617445609	0.0369082534456077
23	WGN55	0.0290517499999995	0.014245632379761	610	0.00107531455439127	0.0570281854456078
24	WGN55	0.0684938749999994	0.014245632379761	610	0.0405174395543912	0.0964703104456076
25	WGN55	0.0244629999999996	0.014245632379761	610	-0.00351343544560868	0.0524394354456078
26	WGN55	0.0413285714999997	0.014245632379761	610	0.0133521360543913	0.069305006945608
27	WGN55	0.0245999999999993	0.014245632379761	610	-0.00337643544560908	0.0525764354456077
28	WGN55	0.0569366108666117	0.0201546080244701	610	0.0173557712592944	0.096517450473929
29	WGN55	0.0133749999999996	0.014245632379761	610	-0.0146014354456086	0.0413514354456078
31	WGN55	0.00736818199999971	0.0142456323797609	610	-0.0206082534456085	0.0353446174456079
32	WGN55	0.00807777799999992	0.0142456323797609	610	-0.0198986574456081	0.0360542134456079
33	WGN55	0.00847619049999943	0.014245632379761	610	-0.0195002449456089	0.0364526259456077
35	WGN55	0.0106833334999996	0.014245632379761	610	-0.0172931019456086	0.0386597689456078
36	WGN55	0.00728661086661189	0.0201546080244699	610	-0.032294228740705	0.0468674504739288
37	WGN55	0.00809595999999989	0.0142456323797609	610	-0.0198804754456082	0.036072395445608
38	WGN55	0.00661338913338752	0.0201546080244699	610	-0.0329674504739295	0.0461942287407046
40	WGN55	0.0320866108666117	0.0201546080244699	610	-0.00749422874070538	0.0716674504739288
41	WGN55	0.0518039999999998	0.0142456323797611	610	0.0238275645543914	0.0797804354456082
42	WGN55	0.0637819999999998	0.014245632379761	610	0.0358055645543915	0.0917584354456082
43	WGN55	0.0368841429999995	0.0142456323797609	610	0.00890770755439132	0.0648605784456077
44	WGN55	0.00801338913338724	0.0201546080244701	610	-0.0315674504739301	0.0475942287407045
47	WGN55	0.0145333334999997	0.0142456323797609	610	-0.0134431019456086	0.0425097689456079
48	WGN55	0.00191666649999928	0.014245632379761	610	-0.0260597689456091	0.0298931019456076
49	WGN55	0.000458039866611603	0.02015460802447	610	-0.0391227997407055	0.0400388794739287
50	WGN55	0.00801338913338746	0.02015460802447	610	-0.0315674504739297	0.0475942287407046
52	WGN55	0.0030866108666115	0.02015460802447	610	-0.0364942287407058	0.0426674504739288
54	WGN55	0.0121999999999993	0.014245632379761	610	-0.015776435445609	0.0401764354456076
55	WGN55	0.0338684999999995	0.0142456323797609	610	0.00589206455439147	0.0618449354456076
56	WGN55	0.00501515149999963	0.0142456323797609	610	-0.0229612839456086	0.0329915869456078
57	WGN55	0.00911338913338767	0.02015460802447	610	-0.0304674504739295	0.0486942287407049
58	WGN55	0.0095116108666118	0.0201546080244699	610	-0.0300692287407052	0.0490924504739288
59	WGN55	0.0107977774999996	0.014245632379761	610	-0.0171786579456087	0.0387742129456078
60	WGN55	-0.00482767513338827	0.02015460802447	610	-0.0444085147407054	0.0347531644739288
62	WGN55	-0.00461338913338887	0.0201546080244701	610	-0.0441942287407062	0.0349674504739284
65	WGN55	0.00362499999999948	0.014245632379761	610	-0.0243514354456088	0.0316014354456078
66	WGN55	0.00519999999999959	0.014245632379761	610	-0.0227764354456087	0.0331764354456079
69	WGN55	-0.00261338913338788	0.0201546080244698	610	-0.0421942287407047	0.036967450473929
70	WGN55	0.00252297486661155	0.02015460802447	610	-0.0370578647407056	0.0421038144739287
72	WGN55	0.0184821429999994	0.014245632379761	610	-0.00949429244560886	0.0464585784456077
73	WGN55	0.0174999999999994	0.014245632379761	610	-0.010476435445609	0.0454764354456077
74	WGN55	0.0362199438666115	0.02015460802447	610	-0.00336089574070576	0.0758007834739287
76	WGN55	0.0106499999999995	0.014245632379761	610	-0.0173264354456088	0.0386264354456078
77	WGN55	0.0024320658666115	0.02015460802447	610	-0.0371487737407057	0.0420129054739287
80	WGN55	0.0050454544999997	0.014245632379761	610	-0.0229309809456086	0.033021889945608
81	WGN55	-0.00566894513338847	0.02015460802447	610	-0.0452497847407057	0.0339118944739287
82	WGN55	0.0123649209999996	0.014245632379761	610	-0.0156115144456086	0.0403413564456079
83	WGN55	0.0107957018666118	0.0201546080244699	610	-0.0287851377407053	0.0503765414739288
84	WGN55	0.00018661086661196	0.0201546080244699	610	-0.039394228740705	0.0397674504739289
85	WGN55	0.0188749999999994	0.014245632379761	610	-0.00910143544560895	0.0468514354456078
86	WGN55	-0.00321338913338856	0.02015460802447	610	-0.0427942287407057	0.0363674504739286
87	WGN55	-0.00251338913338842	0.02015460802447	610	-0.0420942287407055	0.0370674504739287
88	WGN55	-0.00491566213338822	0.0201546080244699	610	-0.0444965017407052	0.0346651774739288
89	WGN55	0.0827336108666117	0.0201546080244699	610	0.0431527712592947	0.122314450473929
92	WGN55	0.0676137144999998	0.014245632379761	610	0.0396372790543914	0.0955901499456081
93	WGN55	-0.00378005613338821	0.0201546080244699	610	-0.0433608957407053	0.0358007834739289
95	WGN55	0.0234090909999995	0.014245632379761	610	-0.00456734444560883	0.0513855264456079
97	WGN55	0.0234975108666114	0.02015460802447	610	-0.0160833287407058	0.0630783504739285
98	WGN55	0.00511038949999938	0.014245632379761	610	-0.022866045945609	0.0330868249456078
99	WGN55	8.66108666117563e-05	0.0201546080244699	610	-0.0394942287407053	0.0396674504739288
100	WGN55	0.0151999999999996	0.014245632379761	610	-0.0127764354456087	0.0431764354456079
101	WGN55	0.0204136364999995	0.014245632379761	610	-0.00756279894560878	0.0483900719456078
102	WGN55	0.0177499999999996	0.014245632379761	610	-0.0102264354456087	0.0457264354456078
103	WGN55	0.0144769229999996	0.014245632379761	610	-0.0134995124456087	0.0424533584456079
104	WGN55	0.00399772186661149	0.02015460802447	610	-0.0355831177407057	0.0435785614739286
105	WGN55	0.0200249999999995	0.014245632379761	610	-0.00795143544560881	0.0480014354456078
106	WGN55	0.00711637499999953	0.014245632379761	610	-0.0208600604456088	0.0350928104456078
107	WGN55	-0.00211338913338817	0.0201546080244699	610	-0.0416942287407052	0.0374674504739289
108	WGN55	0.0178999999999995	0.014245632379761	610	-0.0100764354456089	0.0458764354456078
109	WGN55	-0.00151338913338823	0.02015460802447	610	-0.0410942287407053	0.0380674504739289
111	WGN55	0.0121999999999996	0.014245632379761	610	-0.0157764354456087	0.0401764354456079
112	WGN55	0.0558713889999996	0.014245632379761	610	0.0278949535543913	0.0838478244456079
113	WGN55	0.00297727249999954	0.014245632379761	610	-0.0249991629456088	0.0309537079456078
114	WGN55	0.00852777799999955	0.014245632379761	610	-0.0194486574456088	0.0365042134456078
115	WGN55	0.0199090909999996	0.014245632379761	610	-0.00806734444560873	0.0478855264456079
116	WGN55	0.0109649999999995	0.014245632379761	610	-0.0170114354456088	0.0389414354456078
117	WGN55	0.00816661086661165	0.0201546080244699	610	-0.0314142287407054	0.0477474504739287
118	WGN55	0.0191499999999995	0.014245632379761	610	-0.00882643544560873	0.0471264354456078
119	WGN55	0.0488719999999997	0.014245632379761	610	0.0208955645543913	0.076848435445608
120	WGN55	0.139584527866612	0.0201546080244699	610	0.100003688259295	0.179165367473929
121	WGN55	0.00948661086661161	0.02015460802447	610	-0.0300942287407055	0.0490674504739287
122	WGN55	0.00869672213338737	0.02015460802447	610	-0.0308841174739299	0.0482775617407046
123	WGN55	-0.000613389133388222	0.0201546080244699	610	-0.0401942287407053	0.0389674504739288
124	WGN55	0.0079166664999995	0.014245632379761	610	-0.0200597689456088	0.0358931019456078
125	WGN55	0.00636557549999954	0.014245632379761	610	-0.0216108599456088	0.0343420109456079
126	WGN55	0.0121129089999995	0.014245632379761	610	-0.0158635264456088	0.0400893444456078
128	WGN55	0.0211297999999995	0.014245632379761	610	-0.00684663544560881	0.0491062354456078
129	WGN55	0.00224999999999951	0.014245632379761	610	-0.0257264354456088	0.0302264354456078
130	WGN55	0.0841709999999995	0.014245632379761	610	0.0561945645543912	0.112147435445608
1	WGN63	0.0165500000000002	0.014245632379761	610	-0.0114264354456082	0.0445264354456085
2	WGN63	-0.00311338913338827	0.02015460802447	610	-0.0426942287407054	0.0364674504739289
3	WGN63	0.054482054866612	0.02015460802447	610	0.0149012152592949	0.0940628944739292
4	WGN63	0.000886610866611797	0.0201546080244699	610	-0.0386942287407052	0.0404674504739288
5	WGN63	0.0121133891333879	0.0201546080244699	610	-0.0274674504739291	0.0516942287407049
6	WGN63	0.0223999999999996	0.014245632379761	610	-0.00557643544560862	0.0503764354456078
8	WGN63	0.0043124999999995	0.0142456323797611	610	-0.023663935445609	0.032288935445608
9	WGN63	0.00702248013338735	0.0201546080244701	610	-0.0325583594739299	0.0466033197407046
10	WGN63	0.0155062499999997	0.0142456323797609	610	-0.0124701854456085	0.0434826854456079
12	WGN63	0.0121545454999996	0.0142456323797611	610	-0.0158218899456088	0.0401309809456081
13	WGN63	0.0237838174999996	0.014245632379761	610	-0.00419261794560865	0.0517602529456079
16	WGN63	-0.00191338913338814	0.02015460802447	610	-0.0414942287407053	0.037667450473929
17	WGN63	-0.00555783313338798	0.0201546080244699	610	-0.045138672740705	0.034023006473929
18	WGN63	0.00279999999999965	0.0142456323797609	610	-0.0251764354456085	0.0307764354456078
19	WGN63	0.00691666649999968	0.014245632379761	610	-0.0210597689456086	0.034893101945608
20	WGN63	0.00382777799999969	0.014245632379761	610	-0.0241486574456086	0.031804213445608
21	WGN63	0.0088406621333875	0.02015460802447	610	-0.0307401774739297	0.0484215017407047
22	WGN63	-0.00441338913338826	0.02015460802447	610	-0.0439942287407054	0.0351674504739289
23	WGN63	0.0185944444999997	0.0142456323797611	610	-0.00938199094560878	0.0465708799456081
24	WGN63	-0.00551338913338856	0.0201546080244701	610	-0.0450942287407059	0.0340674504739287
27	WGN63	0.0244535834999996	0.014245632379761	610	-0.00352285194560866	0.0524300189456078
28	WGN63	0.0298867274999996	0.014245632379761	610	0.00191029205439132	0.0578631629456079
29	WGN63	0.0153127999999997	0.014245632379761	610	-0.0126636354456087	0.043289235445608
30	WGN63	0.0579866108666118	0.02015460802447	610	0.0184057712592947	0.097567450473929
32	WGN63	0.00665185113338765	0.0201546080244699	610	-0.0329289884739293	0.0462326907407046
34	WGN63	0.0214038108666118	0.02015460802447	610	-0.0181770287407054	0.0609846504739291
36	WGN63	0.000553277866611694	0.0201546080244699	610	-0.0390275617407054	0.0401341174739288
39	WGN63	0.0275922468666118	0.0201546080244699	610	-0.0119885927407052	0.0671730864739289
41	WGN63	0.0123285714999997	0.014245632379761	610	-0.0156478639456086	0.040305006945608
42	WGN63	0.00582575749999973	0.014245632379761	610	-0.0221506779456086	0.033802192945608
44	WGN63	0.0283866108666118	0.02015460802447	610	-0.0111942287407054	0.067967450473929
45	WGN63	0.0185116108666117	0.0201546080244699	610	-0.0210692287407052	0.0580924504739287
46	WGN63	0.00328661086661166	0.0201546080244699	610	-0.0362942287407054	0.0428674504739287
48	WGN63	0.00608661086661192	0.02015460802447	610	-0.0334942287407052	0.045667450473929
49	WGN63	0.00853249999999955	0.0142456323797611	610	-0.0194439354456089	0.036508935445608
50	WGN63	0.0107846108666118	0.02015460802447	610	-0.0287962287407053	0.0503654504739289
51	WGN63	0.00343636349999979	0.0142456323797609	610	-0.0245400719456084	0.031412798945608
52	WGN63	0.00140714299999958	0.014245632379761	610	-0.0265692924456088	0.029383578445608
53	WGN63	0.0587227779999992	0.014245632379761	610	0.0307463425543909	0.0866992134456074
54	WGN63	0.0284374999999997	0.014245632379761	610	0.000461064554391419	0.056413935445608
56	WGN63	0.00701338913338749	0.0201546080244699	610	-0.0325674504739295	0.0465942287407045
57	WGN63	0.0025454544999996	0.0142456323797611	610	-0.0254309809456088	0.030521889945608
58	WGN63	0.0285000000000003	0.014245632379761	610	0.000523564554391905	0.0564764354456087
60	WGN63	0.00171994386661146	0.0201546080244699	610	-0.0378608957407056	0.0413007834739285
61	WGN63	0.0157652724999998	0.014245632379761	610	-0.0122111629456085	0.0437417079456082
62	WGN63	0.0316636364999997	0.014245632379761	610	0.00368720105439135	0.0596400719456081
64	WGN63	-0.00571338913338792	0.0201546080244699	610	-0.0452942287407049	0.0338674504739291
65	WGN63	0.0280545454999996	0.014245632379761	610	7.81100543913657e-05	0.0560309809456079
66	WGN63	0.00414285699999962	0.014245632379761	610	-0.0238335784456088	0.032119292445608
68	WGN63	0.0244759999999997	0.014245632379761	610	-0.00350043544560864	0.0524524354456081
69	WGN63	0.0439977218666118	0.0201546080244699	610	0.0044168822592947	0.0835785614739288
70	WGN63	0.00393571449999967	0.014245632379761	610	-0.0240407209456086	0.031912149945608
72	WGN63	0.00884722249999961	0.014245632379761	610	-0.0191292129456087	0.036823657945608
73	WGN63	0.00702857149999968	0.014245632379761	610	-0.0209478639456086	0.035005006945608
75	WGN63	0.0583499999999999	0.014245632379761	610	0.0303735645543915	0.0863264354456083
76	WGN63	0.000886610866611769	0.02015460802447	610	-0.0386942287407053	0.0404674504739289
78	WGN63	-0.00371338913338834	0.02015460802447	610	-0.0432942287407055	0.0358674504739288
79	WGN63	-0.00186338913338823	0.02015460802447	610	-0.0414442287407053	0.0377174504739289
80	WGN63	0.00446527799999966	0.014245632379761	610	-0.0235111574456087	0.032441713445608
81	WGN63	0.00765884413338752	0.0201546080244699	610	-0.0319219954739295	0.0472396837407046
82	WGN63	0.0115358669999996	0.014245632379761	610	-0.0164405684456088	0.0395123024456079
83	WGN63	0.0539458219999997	0.014245632379761	610	0.0259693865543913	0.0819222574456081
84	WGN63	0.0288812724999997	0.014245632379761	610	0.000904837054391355	0.056857707945608
85	WGN63	0.00276062499999958	0.014245632379761	610	-0.0252158104456088	0.0307370604456079
86	WGN63	-0.00511338913338837	0.02015460802447	610	-0.0446942287407055	0.0344674504739288
87	WGN63	0.00799999999999966	0.014245632379761	610	-0.0199764354456087	0.035976435445608
88	WGN63	0.0138866108666117	0.02015460802447	610	-0.0256942287407054	0.0534674504739289
90	WGN63	0.00413661086661173	0.02015460802447	610	-0.0354442287407054	0.0437174504739288
92	WGN63	0.0149977218666117	0.02015460802447	610	-0.0245831177407054	0.0545785614739289
93	WGN63	0.0133249999999997	0.014245632379761	610	-0.0146514354456086	0.0413014354456079
94	WGN63	0.00203333349999966	0.014245632379761	610	-0.0259431019456087	0.030009768945608
95	WGN63	-0.00386338913338823	0.0201546080244699	610	-0.0434442287407053	0.0357174504739288
96	WGN63	0.0106666664999994	0.014245632379761	610	-0.017309768945609	0.0386431019456077
97	WGN63	0.0107499999999996	0.014245632379761	610	-0.0172264354456087	0.0387264354456079
98	WGN63	0.0117133891333875	0.02015460802447	610	-0.0278674504739295	0.0512942287407046
99	WGN63	0.0146133891333875	0.0201546080244699	610	-0.0249674504739295	0.0541942287407046
100	WGN63	0.0112330664999996	0.014245632379761	610	-0.0167433689456087	0.039209501945608
101	WGN63	0.00911338913338755	0.0201546080244699	610	-0.0304674504739295	0.0486942287407046
102	WGN63	0.0128472219999997	0.014245632379761	610	-0.0151292134456086	0.040823657445608
103	WGN63	0.00569999999999964	0.014245632379761	610	-0.0222764354456087	0.033676435445608
105	WGN63	0.0544459999999997	0.014245632379761	610	0.0264695645543913	0.082422435445608
106	WGN63	-0.0053133891333882	0.02015460802447	610	-0.0448942287407053	0.0342674504739289
109	WGN63	-0.0038911671333882	0.02015460802447	610	-0.0434720067407053	0.0356896724739289
111	WGN63	0.0244898499999997	0.014245632379761	610	-0.00348658544560864	0.052466285445608
112	WGN63	0.0373619999999997	0.014245632379761	610	0.00938556455439143	0.0653384354456081
114	WGN63	0.0371866108666118	0.02015460802447	610	-0.00239422874070536	0.0767674504739289
115	WGN63	0.00764999999999962	0.014245632379761	610	-0.0203264354456087	0.0356264354456079
116	WGN63	0.00921338913338755	0.02015460802447	610	-0.0303674504739295	0.0487942287407046
117	WGN63	0.0153133891333875	0.02015460802447	610	-0.0242674504739295	0.0548942287407046
119	WGN63	0.0357318584999997	0.014245632379761	610	0.00775542305439135	0.063708293945608
122	WGN63	0.000795701866611741	0.02015460802447	610	-0.0387851377407054	0.0403765414739289
123	WGN63	0.0224008108666117	0.02015460802447	610	-0.0171800287407054	0.0619816504739288
124	WGN63	-0.00431338913338823	0.02015460802447	610	-0.0438942287407054	0.0352674504739289
125	WGN63	0.00715933786661177	0.02015460802447	610	-0.0324215017407053	0.0467401774739289
126	WGN63	0.00339393899999964	0.014245632379761	610	-0.0245824964456087	0.0313703744456079
127	WGN63	0.00288661086661172	0.02015460802447	610	-0.0366942287407054	0.0424674504739289
128	WGN63	-0.000613389133388219	0.02015460802447	610	-0.0401942287407053	0.0389674504739289
129	WGN63	0.00334999999999968	0.014245632379761	610	-0.0246264354456086	0.031326435445608
130	WGN63	0.0121999999999997	0.014245632379761	610	-0.0157764354456087	0.040176435445608
