plantID3	famID	emmean	SE	df	lower.CL	upper.CL
1	WGN07	7.71600000000135	0.488641019712139	1108	6.75723387616457	8.67476612383813
2	WGN07	7.51849999999868	0.488641019712514	1108	6.55973387616116	8.4772661238362
3	WGN07	7.70699999999957	0.488641019712524	1108	6.74823387616203	8.66576612383711
4	WGN07	8.23150000000013	0.488641019712495	1108	7.27273387616265	9.19026612383761
5	WGN07	9.40550000000021	0.48864101971248	1108	8.44673387616275	10.3642661238377
6	WGN07	6.25200000000002	0.488641019712487	1108	5.29323387616255	7.21076612383748
7	WGN07	8.20250000000004	0.488641019712503	1108	7.24373387616254	9.16126612383753
8	WGN07	8.80850000000003	0.488641019712494	1108	7.84973387616255	9.7672661238375
9	WGN07	9.71799999999999	0.488641019712489	1108	8.75923387616253	10.6767661238375
10	WGN07	6.60450000000002	0.48864101971249	1108	5.64573387616255	7.56326612383749
11	WGN07	7.81800000000004	0.488641019712476	1108	6.8592338761626	8.77676612383748
12	WGN07	8.87199999999999	0.488641019712476	1108	7.91323387616255	9.83076612383744
13	WGN07	8.64650000000014	0.4886410197125	1108	7.68773387616265	9.60526612383763
14	WGN07	8.34950000000002	0.488641019712488	1108	7.39073387616255	9.30826612383748
15	WGN07	9.33300000000003	0.488641019712499	1108	8.37423387616254	10.2917661238375
16	WGN07	8.15750000000001	0.4886410197125	1108	7.19873387616252	9.11626612383751
17	WGN07	8.85300000000006	0.488641019712498	1108	7.89423387616257	9.81176612383754
18	WGN07	10.6975000000001	0.488641019712488	1108	9.73873387616265	11.6562661238376
20	WGN07	7.07800000000005	0.488641019712483	1108	6.11923387616259	8.03676612383751
21	WGN07	8.80950000000002	0.4886410197125	1108	7.85073387616253	9.76826612383751
22	WGN07	7.40500000000002	0.488641019712501	1108	6.44623387616253	8.36376612383751
23	WGN07	8.13800000000005	0.488641019712498	1108	7.17923387616256	9.09676612383753
24	WGN07	9.53700000000016	0.488641019712499	1108	8.57823387616267	10.4957661238376
25	WGN07	7.92300000000002	0.488641019712498	1108	6.96423387616253	8.88176612383751
26	WGN07	8.43150000000003	0.488641019712502	1108	7.47273387616253	9.39026612383752
27	WGN07	10.696	0.488641019712484	1108	9.7372338761625	11.6547661238374
28	WGN07	8.3305	0.48864101971249	1108	7.37173387616253	9.28926612383747
29	WGN07	8.06400000000002	0.488641019712493	1108	7.10523387616254	9.02276612383749
30	WGN07	7.56050000000003	0.488641019712499	1108	6.60173387616254	8.51926612383751
31	WGN07	7.18299999999997	0.488641019712492	1108	6.22423387616249	8.14176612383744
32	WGN07	8.83150000000005	0.488641019712494	1108	7.87273387616257	9.79026612383753
33	WGN07	8.09950000000005	0.4886410197125	1108	7.14073387616256	9.05826612383754
34	WGN07	9.62600000000003	0.488641019712489	1108	8.66723387616256	10.5847661238375
35	WGN07	9.19500000000001	0.4886410197125	1108	8.23623387616252	10.1537661238375
36	WGN07	8.28950000000001	0.488641019712502	1108	7.33073387616251	9.2482661238375
37	WGN07	7.51950000000002	0.488641019712496	1108	6.56073387616254	8.4782661238375
38	WGN07	8.94249999999997	0.48864101971249	1108	7.9837338761625	9.90126612383744
39	WGN07	6.91650000000003	0.488641019712489	1108	5.95773387616256	7.8752661238375
40	WGN07	6.76100000000001	0.488641019712492	1108	5.80223387616254	7.71976612383749
41	WGN07	7.90500000000001	0.488641019712495	1108	6.94623387616253	8.86376612383749
42	WGN07	9.48650000000005	0.488641019712503	1108	8.52773387616255	10.4452661238375
44	WGN07	7.10100000000001	0.488641019712493	1108	6.14223387616254	8.05976612383749
46	WGN07	8.813	0.488641019712495	1108	7.85423387616252	9.77176612383748
47	WGN07	6.83300000000004	0.488641019712485	1108	5.87423387616258	7.7917661238375
48	WGN07	7.99499999999998	0.48864101971249	1108	7.03623387616251	8.95376612383745
49	WGN07	7.64550000000006	0.488641019712501	1108	6.68673387616256	8.60426612383755
50	WGN07	8.55800000000004	0.4886410197125	1108	7.59923387616255	9.51676612383753
51	WGN07	8.44876284941392	0.691198520258012	1108	7.09255717012017	9.80496852870767
52	WGN07	7.55600000000002	0.4886410197125	1108	6.59723387616253	8.51476612383751
53	WGN07	7.93250000000001	0.488641019712493	1108	6.97373387616253	8.89126612383749
54	WGN07	9.37623715058621	0.691198520258026	1108	8.02003147129243	10.73244282988
55	WGN07	7.22499999999999	0.488641019712486	1108	6.26623387616252	8.18376612383745
56	WGN07	9.00200000000002	0.488641019712496	1108	8.04323387616254	9.96076612383751
57	WGN07	8.94199999999999	0.488641019712483	1108	7.98323387616254	9.90076612383745
58	WGN07	8.45849999999998	0.488641019712474	1108	7.49973387616254	9.41726612383742
59	WGN07	7.44999999999999	0.488641019712498	1108	6.4912338761625	8.40876612383747
60	WGN07	8.52199999999999	0.488641019712486	1108	7.56323387616253	9.48076612383745
61	WGN07	9.48500000000002	0.488641019712496	1108	8.52623387616254	10.4437661238375
63	WGN07	7.05350000000001	0.488641019712493	1108	6.09473387616254	8.01226612383749
64	WGN07	8.036	0.4886410197125	1108	7.07723387616251	8.99476612383749
66	WGN07	7.99250000000004	0.488641019712497	1108	7.03373387616256	8.95126612383753
67	WGN07	8.18300000000002	0.488641019712502	1108	7.22423387616253	9.14176612383751
68	WGN07	6.59450000000001	0.488641019712494	1108	5.63573387616253	7.55326612383749
69	WGN07	9.92799999999999	0.488641019712495	1108	8.96923387616251	10.8867661238375
71	WGN07	10.4785000000001	0.488641019712496	1108	9.5197338761626	11.4372661238376
73	WGN07	7.18749999999998	0.488641019712487	1108	6.22873387616252	8.14626612383744
74	WGN07	9.78699999999998	0.488641019712495	1108	8.8282338761625	10.7457661238375
75	WGN07	9.46850000000004	0.488641019712493	1108	8.50973387616256	10.4272661238375
76	WGN07	7.27799999999999	0.488641019712479	1108	6.31923387616254	8.23676612383744
77	WGN07	7.95799999999996	0.488641019712497	1108	6.99923387616247	8.91676612383744
78	WGN07	8.46350000000003	0.488641019712503	1108	7.50473387616253	9.42226612383753
79	WGN07	8.9395	0.488641019712495	1108	7.98073387616252	9.89826612383749
80	WGN07	9.82200000000003	0.488641019712505	1108	8.86323387616253	10.7807661238375
81	WGN07	7.57850000000004	0.488641019712488	1108	6.61973387616257	8.5372661238375
82	WGN07	7.86399999999998	0.488641019712501	1108	6.90523387616249	8.82276612383747
83	WGN07	8.20350000000006	0.488641019712491	1108	7.24473387616259	9.16226612383753
84	WGN07	9.39199999999997	0.488641019712478	1108	8.43323387616252	10.3507661238374
85	WGN07	8.06350000000004	0.488641019712519	1108	7.10473387616251	9.02226612383757
86	WGN07	9.91999999999999	0.488641019712488	1108	8.96123387616253	10.8787661238375
87	WGN07	7.67100000000003	0.48864101971249	1108	6.71223387616256	8.6297661238375
88	WGN07	8.38000000000001	0.488641019712481	1108	7.42123387616255	9.33876612383746
89	WGN07	8.45849999999999	0.488641019712488	1108	7.49973387616253	9.41726612383746
90	WGN07	8.01800000000002	0.488641019712483	1108	7.05923387616256	8.97676612383747
91	WGN07	9.80800000000004	0.488641019712491	1108	8.84923387616257	10.7667661238375
92	WGN07	8.87000000000005	0.488641019712486	1108	7.91123387616258	9.82876612383751
93	WGN07	7.71050000000001	0.488641019712498	1108	6.75173387616253	8.6692661238375
94	WGN07	8.07549999999998	0.488641019712504	1108	7.11673387616248	9.03426612383748
95	WGN07	8.75149999999999	0.488641019712486	1108	7.79273387616253	9.71026612383746
96	WGN07	9.61399999999998	0.488641019712484	1108	8.65523387616252	10.5727661238374
97	WGN07	9.2295	0.488641019712501	1108	8.27073387616251	10.1882661238375
98	WGN07	8.754	0.488641019712496	1108	7.79523387616252	9.71276612383748
99	WGN07	9.95299999999992	0.488641019712488	1108	8.99423387616246	10.9117661238374
100	WGN07	7.83350000000003	0.488641019712487	1108	6.87473387616257	8.79226612383749
101	WGN07	10.1295	0.488641019712492	1108	9.17073387616253	11.0882661238375
102	WGN07	10.008	0.488641019712495	1108	9.04923387616254	10.9667661238375
103	WGN07	8.11850000000002	0.488641019712495	1108	7.15973387616254	9.0772661238375
104	WGN07	8.10449999999999	0.488641019712481	1108	7.14573387616253	9.06326612383744
105	WGN07	7.766	0.488641019712493	1108	6.80723387616253	8.72476612383748
106	WGN07	9.40250000000006	0.488641019712493	1108	8.44373387616258	10.3612661238375
107	WGN07	9.44200000000001	0.488641019712491	1108	8.48323387616253	10.4007661238375
108	WGN07	8.80750000000007	0.488641019712478	1108	7.84873387616262	9.76626612383751
109	WGN07	8.67099999999997	0.4886410197125	1108	7.71223387616248	9.62976612383746
110	WGN07	9.082	0.488641019712493	1108	8.12323387616252	10.0407661238375
111	WGN07	9.71399999999999	0.488641019712489	1108	8.75523387616252	10.6727661238375
112	WGN07	9.03500000000002	0.488641019712499	1108	8.07623387616253	9.9937661238375
113	WGN07	7.95399999999999	0.488641019712499	1108	6.9952338761625	8.91276612383748
114	WGN07	7.54300000000002	0.488641019712499	1108	6.58423387616253	8.50176612383751
115	WGN07	9.17050000000003	0.4886410197125	1108	8.21173387616254	10.1292661238375
116	WGN07	9.07850000000001	0.488641019712495	1108	8.11973387616252	10.0372661238375
117	WGN07	7.74699999999997	0.488641019712484	1108	6.78823387616251	8.70576612383743
118	WGN07	8.77449999999992	0.488641019712502	1108	7.81573387616242	9.73326612383741
119	WGN07	7.8925	0.488641019712493	1108	6.93373387616253	8.85126612383748
120	WGN07	8.1485	0.488641019712495	1108	7.18973387616252	9.10726612383748
121	WGN07	7.37200000000001	0.488641019712488	1108	6.41323387616254	8.33076612383748
122	WGN07	6.8697628494139	0.69119852025802	1108	5.51355717012013	8.22596852870767
123	WGN07	7.09950000000001	0.488641019712491	1108	6.14073387616254	8.05826612383748
124	WGN07	9.89300000000004	0.488641019712482	1108	8.93423387616258	10.8517661238375
125	WGN07	8.78900000000002	0.488641019712491	1108	7.83023387616254	9.74776612383749
126	WGN07	8.25699999999999	0.488641019712477	1108	7.29823387616255	9.21576612383744
127	WGN07	8.999	0.488641019712494	1108	8.04023387616253	9.95776612383748
128	WGN07	7.17800000000002	0.48864101971249	1108	6.21923387616255	8.13676612383749
129	WGN07	8.92350000000003	0.488641019712486	1108	7.96473387616256	9.88226612383749
130	WGN07	8.60450000000002	0.488641019712491	1108	7.64573387616254	9.56326612383749
1	WGN15	9.71900000000002	0.488641019712442	1108	8.76023387616265	10.6777661238374
2	WGN15	8.13399999999985	0.488641019712492	1108	7.17523387616238	9.09276612383733
3	WGN15	9.0289999999998	0.488641019712497	1108	8.07023387616232	9.98776612383729
4	WGN15	9.82699999999982	0.488641019712479	1108	8.86823387616237	10.7857661238373
5	WGN15	9.83499999999981	0.488641019712489	1108	8.87623387616235	10.7937661238373
7	WGN15	9.93799999999982	0.488641019712499	1108	8.97923387616233	10.8967661238373
8	WGN15	10.4574999999998	0.488641019712485	1108	9.49873387616232	11.4162661238372
9	WGN15	10.4119999999999	0.488641019712511	1108	9.45323387616237	11.3707661238374
10	WGN15	9.73249999999982	0.488641019712502	1108	8.77373387616232	10.6912661238373
11	WGN15	9.6654999999998	0.488641019712499	1108	8.70673387616232	10.6242661238373
12	WGN15	10.0009999999998	0.488641019712481	1108	9.04223387616237	10.9597661238373
13	WGN15	11.6699999999998	0.488641019712489	1108	10.7112338761623	12.6287661238373
14	WGN15	9.54949999999983	0.488641019712488	1108	8.59073387616237	10.5082661238373
15	WGN15	9.86949999999982	0.488641019712505	1108	8.91073387616231	10.8282661238373
16	WGN15	8.69049999999984	0.488641019712486	1108	7.73173387616238	9.6492661238373
17	WGN15	9.7397628494137	0.691198520258002	1108	8.38355717011996	11.0959685287074
18	WGN15	9.35549999999984	0.48864101971249	1108	8.39673387616237	10.3142661238373
19	WGN15	9.06199999999982	0.488641019712496	1108	8.10323387616234	10.0207661238373
20	WGN15	9.10549999999982	0.488641019712488	1108	8.14673387616235	10.0642661238373
21	WGN15	10.3119999999998	0.488641019712492	1108	9.35323387616234	11.2707661238373
22	WGN15	9.1579999999998	0.488641019712504	1108	8.1992338761623	10.1167661238373
23	WGN15	10.3759999999998	0.488641019712483	1108	9.41723387616233	11.3347661238372
24	WGN15	4.81676284941396	0.691198520258005	1108	3.46055717012022	6.1729685287077
25	WGN15	11.1029999999998	0.48864101971249	1108	10.1442338761623	12.0617661238373
26	WGN15	8.99799999999981	0.488641019712496	1108	8.03923387616233	9.95676612383729
27	WGN15	9.0854999999998	0.488641019712497	1108	8.12673387616232	10.0442661238373
28	WGN15	9.80199999999981	0.488641019712489	1108	8.84323387616235	10.7607661238373
29	WGN15	10.1454999999998	0.488641019712501	1108	9.18673387616233	11.1042661238373
30	WGN15	9.73099999999982	0.488641019712495	1108	8.77223387616234	10.6897661238373
31	WGN15	10.7397628494137	0.691198520258012	1108	9.38355717011993	12.0959685287074
32	WGN15	10.9019999999998	0.488641019712493	1108	9.94323387616234	11.8607661238373
33	WGN15	9.36249999999982	0.488641019712488	1108	8.40373387616235	10.3212661238373
34	WGN15	8.14099999999978	0.488641019712496	1108	7.1822338761623	9.09976612383726
35	WGN15	10.0799999999998	0.488641019712496	1108	9.12123387616234	11.0387661238373
36	WGN15	9.45799999999985	0.488641019712492	1108	8.49923387616238	10.4167661238373
37	WGN15	10.0469999999998	0.488641019712484	1108	9.08823387616237	11.0057661238373
38	WGN15	6.05499999999981	0.488641019712496	1108	5.09623387616233	7.01376612383729
39	WGN15	9.46049999999979	0.48864101971249	1108	8.50173387616232	10.4192661238373
40	WGN15	9.34449999999982	0.488641019712495	1108	8.38573387616234	10.3032661238373
41	WGN15	9.06649999999979	0.48864101971251	1108	8.10773387616228	10.0252661238373
43	WGN15	9.1309999999998	0.488641019712503	1108	8.1722338761623	10.0897661238373
44	WGN15	9.14249999999983	0.488641019712505	1108	8.18373387616233	10.1012661238373
45	WGN15	11.6574999999998	0.488641019712495	1108	10.6987338761623	12.6162661238373
46	WGN15	8.79399999999983	0.488641019712491	1108	7.83523387616235	9.7527661238373
47	WGN15	8.52199999999982	0.488641019712497	1108	7.56323387616234	9.48076612383731
48	WGN15	10.3774999999998	0.488641019712492	1108	9.41873387616234	11.3362661238373
50	WGN15	12.0854999999997	0.488641019712497	1108	11.1267338761623	13.0442661238372
51	WGN15	8.93749999999979	0.488641019712489	1108	7.97873387616232	9.89626612383726
52	WGN15	8.41349999999984	0.48864101971249	1108	7.45473387616237	9.37226612383731
53	WGN15	8.53749999999975	0.488641019712508	1108	7.57873387616224	9.49626612383726
54	WGN15	8.26876284941371	0.691198520258028	1108	6.91255717011992	9.62496852870749
55	WGN15	10.6854999999998	0.488641019712488	1108	9.72673387616237	11.6442661238373
56	WGN15	9.16599999999981	0.488641019712494	1108	8.20723387616233	10.1247661238373
57	WGN15	8.61749999999981	0.488641019712491	1108	7.65873387616234	9.57626612383729
58	WGN15	8.44399999999982	0.488641019712493	1108	7.48523387616235	9.4027661238373
59	WGN15	8.93149999999984	0.488641019712493	1108	7.97273387616236	9.89026612383732
60	WGN15	9.42949999999981	0.488641019712487	1108	8.47073387616235	10.3882661238373
61	WGN15	10.7064999999999	0.488641019712488	1108	9.74773387616239	11.6652661238373
62	WGN15	10.5124999999998	0.488641019712491	1108	9.55373387616233	11.4712661238373
63	WGN15	9.59499999999982	0.488641019712493	1108	8.63623387616235	10.5537661238373
64	WGN15	8.38949999999982	0.488641019712487	1108	7.43073387616236	9.34826612383729
65	WGN15	8.98599999999983	0.488641019712491	1108	8.02723387616236	9.9447661238373
66	WGN15	8.48399999999981	0.488641019712495	1108	7.52523387616232	9.44276612383729
67	WGN15	10.3514999999998	0.488641019712494	1108	9.39273387616235	11.3102661238373
69	WGN15	9.20099999999979	0.488641019712491	1108	8.24223387616232	10.1597661238373
70	WGN15	8.2659999999998	0.488641019712494	1108	7.30723387616232	9.22476612383728
71	WGN15	9.64599999999983	0.488641019712487	1108	8.68723387616236	10.6047661238373
72	WGN15	9.01776284941371	0.691198520258013	1108	7.66155717011995	10.3739685287075
73	WGN15	10.1954999999998	0.488641019712502	1108	9.23673387616234	11.1542661238373
74	WGN15	9.84199999999982	0.48864101971249	1108	8.88323387616235	10.8007661238373
75	WGN15	10.0177628494136	0.691198520258011	1108	8.66155717011986	11.3739685287074
77	WGN15	8.93449999999984	0.488641019712485	1108	7.97573387616238	9.8932661238373
78	WGN15	8.10599999999981	0.488641019712491	1108	7.14723387616233	9.06476612383728
79	WGN15	9.62199999999978	0.488641019712502	1108	8.66323387616229	10.5807661238373
80	WGN15	9.2584999999998	0.488641019712497	1108	8.29973387616231	10.2172661238373
81	WGN15	10.0429999999998	0.488641019712496	1108	9.08423387616236	11.0017661238373
82	WGN15	8.35699999999981	0.488641019712496	1108	7.39823387616233	9.3157661238373
83	WGN15	10.2954999999998	0.488641019712494	1108	9.33673387616235	11.2542661238373
84	WGN15	9.2834999999998	0.488641019712495	1108	8.32473387616232	10.2422661238373
85	WGN15	10.2604999999998	0.488641019712491	1108	9.30173387616235	11.2192661238373
86	WGN15	9.50949999999983	0.488641019712492	1108	8.55073387616235	10.4682661238373
87	WGN15	9.02599999999981	0.488641019712495	1108	8.06723387616233	9.98476612383729
88	WGN15	10.0649999999999	0.488641019712488	1108	9.1062338761624	11.0237661238373
89	WGN15	10.3424999999998	0.488641019712492	1108	9.38373387616235	11.3012661238373
90	WGN15	10.3034999999998	0.488641019712484	1108	9.34473387616233	11.2622661238373
91	WGN15	8.79149999999979	0.488641019712496	1108	7.83273387616231	9.75026612383728
92	WGN15	9.16049999999979	0.488641019712504	1108	8.20173387616229	10.1192661238373
93	WGN15	9.68599999999981	0.488641019712493	1108	8.72723387616233	10.6447661238373
94	WGN15	8.50999999999986	0.48864101971249	1108	7.55123387616239	9.46876612383733
95	WGN15	9.00549999999979	0.488641019712487	1108	8.04673387616232	9.96426612383726
96	WGN15	9.54799999999981	0.488641019712493	1108	8.58923387616233	10.5067661238373
97	WGN15	9.68299999999981	0.488641019712493	1108	8.72423387616233	10.6417661238373
98	WGN15	9.60699999999982	0.488641019712491	1108	8.64823387616235	10.5657661238373
99	WGN15	9.56449999999981	0.488641019712489	1108	8.60573387616234	10.5232661238373
100	WGN15	9.87949999999987	0.488641019712495	1108	8.92073387616239	10.8382661238374
101	WGN15	9.85149999999979	0.488641019712493	1108	8.89273387616231	10.8102661238373
102	WGN15	8.34799999999983	0.488641019712501	1108	7.38923387616234	9.30676612383732
103	WGN15	9.26599999999983	0.488641019712491	1108	8.30723387616236	10.2247661238373
104	WGN15	10.4439999999998	0.488641019712491	1108	9.48523387616233	11.4027661238373
106	WGN15	8.37949999999982	0.488641019712493	1108	7.42073387616234	9.33826612383729
107	WGN15	10.2969999999998	0.488641019712497	1108	9.33823387616234	11.2557661238373
108	WGN15	12.0319999999998	0.488641019712496	1108	11.0732338761623	12.9907661238373
109	WGN15	9.56449999999984	0.48864101971249	1108	8.60573387616236	10.5232661238373
110	WGN15	8.95449999999978	0.488641019712494	1108	7.99573387616231	9.91326612383726
111	WGN15	10.5324999999998	0.488641019712491	1108	9.57373387616235	11.4912661238373
112	WGN15	9.8909999999998	0.488641019712495	1108	8.93223387616232	10.8497661238373
113	WGN15	10.3134999999998	0.488641019712493	1108	9.35473387616237	11.2722661238373
114	WGN15	11.7439999999998	0.488641019712489	1108	10.7852338761623	12.7027661238373
115	WGN15	7.97749999999981	0.488641019712492	1108	7.01873387616233	8.93626612383728
116	WGN15	8.7629999999998	0.48864101971249	1108	7.80423387616233	9.72176612383727
117	WGN15	9.00899999999981	0.488641019712497	1108	8.05023387616232	9.96776612383729
118	WGN15	10.1364999999999	0.488641019712497	1108	9.17773387616238	11.0952661238373
119	WGN15	10.7249999999998	0.48864101971249	1108	9.76623387616233	11.6837661238373
120	WGN15	11.6484999999998	0.488641019712493	1108	10.6897338761623	12.6072661238373
121	WGN15	8.21449999999984	0.488641019712489	1108	7.25573387616237	9.17326612383731
122	WGN15	9.61099999999984	0.488641019712491	1108	8.65223387616237	10.5697661238373
123	WGN15	9.5144999999998	0.488641019712493	1108	8.55573387616232	10.4732661238373
124	WGN15	8.03849999999981	0.488641019712493	1108	7.07973387616233	8.99726612383729
125	WGN15	8.89049999999981	0.488641019712494	1108	7.93173387616233	9.84926612383729
126	WGN15	8.73899999999982	0.488641019712495	1108	7.78023387616234	9.69776612383731
127	WGN15	10.3829999999998	0.488641019712493	1108	9.42423387616233	11.3417661238373
128	WGN15	9.1279999999998	0.488641019712495	1108	8.16923387616232	10.0867661238373
129	WGN15	8.9129999999998	0.488641019712497	1108	7.95423387616232	9.87176612383729
130	WGN15	9.20549999999983	0.488641019712497	1108	8.24673387616235	10.1642661238373
3	WGN26	7.16300000000028	0.488641019712488	1108	6.20423387616281	8.12176612383775
4	WGN26	11.7385000000003	0.488641019712497	1108	10.7797338761628	12.6972661238377
5	WGN26	8.40450000000026	0.488641019712491	1108	7.44573387616279	9.36326612383773
6	WGN26	9.22700000000024	0.488641019712488	1108	8.26823387616277	10.1857661238377
7	WGN26	10.1255000000002	0.488641019712507	1108	9.16673387616272	11.0842661238377
9	WGN26	8.10100000000025	0.488641019712489	1108	7.14223387616278	9.05976612383772
10	WGN26	10.0415000000002	0.488641019712497	1108	9.08273387616275	11.0002661238377
11	WGN26	9.6977628494141	0.691198520258031	1108	8.34155717012031	11.0539685287079
12	WGN26	11.2590000000003	0.488641019712492	1108	10.3002338761628	12.2177661238377
13	WGN26	10.7525000000002	0.488641019712498	1108	9.79373387616276	11.7112661238377
14	WGN26	10.7135000000002	0.488641019712501	1108	9.75473387616275	11.6722661238377
15	WGN26	8.20300000000029	0.488641019712484	1108	7.24423387616283	9.16176612383775
17	WGN26	9.92050000000023	0.488641019712493	1108	8.96173387616275	10.8792661238377
18	WGN26	9.10576284941411	0.691198520258024	1108	7.74955717012033	10.4619685287079
19	WGN26	8.83123715058637	0.691198520258012	1108	7.47503147129262	10.1874428298801
20	WGN26	11.1127628494141	0.691198520258017	1108	9.75655717012031	12.4689685287078
21	WGN26	8.74000000000022	0.488641019712492	1108	7.78123387616275	9.6987661238377
22	WGN26	8.45250000000024	0.488641019712488	1108	7.49373387616277	9.41126612383771
23	WGN26	9.87100000000022	0.488641019712496	1108	8.91223387616274	10.8297661238377
25	WGN26	9.92400000000022	0.488641019712496	1108	8.96523387616273	10.8827661238377
26	WGN26	11.7135000000003	0.488641019712496	1108	10.7547338761628	12.6722661238377
27	WGN26	10.1005000000002	0.488641019712487	1108	9.14173387616275	11.0592661238377
28	WGN26	11.6070000000003	0.488641019712498	1108	10.6482338761628	12.5657661238378
29	WGN26	6.81400000000019	0.488641019712494	1108	5.85523387616271	7.77276612383767
30	WGN26	9.56350000000021	0.488641019712496	1108	8.60473387616272	10.5222661238377
31	WGN26	9.02700000000017	0.488641019712505	1108	8.06823387616267	9.98576612383767
32	WGN26	8.68500000000022	0.488641019712495	1108	7.72623387616274	9.6437661238377
33	WGN26	9.69676284941412	0.691198520258024	1108	8.34055717012034	11.0529685287079
34	WGN26	10.7700000000002	0.488641019712493	1108	9.81123387616275	11.7287661238377
35	WGN26	9.94400000000022	0.48864101971249	1108	8.98523387616275	10.9027661238377
36	WGN26	10.0895000000002	0.488641019712494	1108	9.13073387616275	11.0482661238377
38	WGN26	9.73350000000023	0.488641019712493	1108	8.77473387616276	10.6922661238377
39	WGN26	9.55950000000022	0.488641019712495	1108	8.60073387616274	10.5182661238377
40	WGN26	11.0520000000002	0.488641019712496	1108	10.0932338761628	12.0107661238377
41	WGN26	9.29523715058636	0.691198520258009	1108	7.93903147129261	10.6514428298801
42	WGN26	11.7045000000002	0.48864101971249	1108	10.7457338761627	12.6632661238377
43	WGN26	8.88000000000026	0.488641019712486	1108	7.9212338761628	9.83876612383772
44	WGN26	10.4810000000002	0.4886410197125	1108	9.52223387616276	11.4397661238377
45	WGN26	10.2685000000002	0.488641019712487	1108	9.30973387616276	11.2272661238377
46	WGN26	10.6160000000002	0.488641019712489	1108	9.65723387616275	11.5747661238377
47	WGN26	9.02850000000022	0.48864101971249	1108	8.06973387616276	9.98726612383769
48	WGN26	11.4870000000002	0.488641019712489	1108	10.5282338761627	12.4457661238377
49	WGN26	9.31500000000023	0.48864101971249	1108	8.35623387616276	10.2737661238377
50	WGN26	10.4500000000002	0.48864101971249	1108	9.49123387616276	11.4087661238377
51	WGN26	9.52050000000024	0.488641019712489	1108	8.56173387616277	10.4792661238377
52	WGN26	9.51700000000022	0.488641019712495	1108	8.55823387616274	10.4757661238377
53	WGN26	9.39300000000023	0.488641019712488	1108	8.43423387616276	10.3517661238377
54	WGN26	9.56650000000022	0.488641019712494	1108	8.60773387616274	10.5252661238377
55	WGN26	8.7732371505864	0.691198520258011	1108	7.41703147129265	10.1294428298802
56	WGN26	10.3025000000002	0.488641019712492	1108	9.34373387616275	11.2612661238377
57	WGN26	9.38950000000021	0.488641019712497	1108	8.43073387616273	10.3482661238377
58	WGN26	11.9795000000002	0.48864101971249	1108	11.0207338761627	12.9382661238377
59	WGN26	9.93123715058634	0.691198520258018	1108	8.57503147129258	11.2874428298801
60	WGN26	8.46850000000026	0.488641019712488	1108	7.50973387616279	9.42726612383773
61	WGN26	9.69050000000023	0.488641019712491	1108	8.73173387616275	10.6492661238377
62	WGN26	9.85950000000023	0.488641019712495	1108	8.90073387616275	10.8182661238377
64	WGN26	8.64950000000022	0.488641019712492	1108	7.69073387616275	9.6082661238377
65	WGN26	10.5835000000002	0.488641019712488	1108	9.62473387616276	11.5422661238377
66	WGN26	10.6110000000002	0.488641019712492	1108	9.65223387616274	11.5697661238377
67	WGN26	9.69000000000023	0.488641019712491	1108	8.73123387616275	10.6487661238377
68	WGN26	11.3100000000002	0.488641019712495	1108	10.3512338761628	12.2687661238377
69	WGN26	8.84450000000025	0.488641019712487	1108	7.88573387616278	9.80326612383771
70	WGN26	9.86000000000023	0.488641019712491	1108	8.90123387616276	10.8187661238377
71	WGN26	11.0420000000002	0.488641019712492	1108	10.0832338761628	12.0007661238377
73	WGN26	10.1190000000002	0.488641019712487	1108	9.16023387616275	11.0777661238377
74	WGN26	10.3725000000002	0.488641019712493	1108	9.41373387616271	11.3312661238377
75	WGN26	12.5000000000002	0.488641019712497	1108	11.5412338761628	13.4587661238377
76	WGN26	9.90700000000022	0.488641019712487	1108	8.94823387616276	10.8657661238377
77	WGN26	9.64123715058632	0.691198520258029	1108	8.28503147129254	10.9974428298801
78	WGN26	10.7935000000002	0.488641019712491	1108	9.83473387616276	11.7522661238377
79	WGN26	10.5517628494141	0.691198520258023	1108	9.19555717012034	11.9079685287079
80	WGN26	8.1275000000002	0.488641019712496	1108	7.16873387616272	9.08626612383769
81	WGN26	9.10200000000022	0.488641019712493	1108	8.14323387616274	10.0607661238377
82	WGN26	9.72150000000021	0.488641019712497	1108	8.76273387616273	10.6802661238377
83	WGN26	9.99350000000021	0.488641019712489	1108	9.03473387616274	10.9522661238377
85	WGN26	9.04623715058633	0.691198520258039	1108	7.69003147129253	10.4024428298801
86	WGN26	7.83823715058635	0.691198520258016	1108	6.48203147129259	9.19444282988011
87	WGN26	9.70950000000023	0.488641019712493	1108	8.75073387616276	10.6682661238377
88	WGN26	8.42200000000027	0.488641019712485	1108	7.46323387616281	9.38076612383773
89	WGN26	11.5265000000002	0.488641019712493	1108	10.5677338761627	12.4852661238377
90	WGN26	9.84250000000021	0.48864101971249	1108	8.88373387616274	10.8012661238377
91	WGN26	10.2460000000002	0.488641019712495	1108	9.28723387616274	11.2047661238377
92	WGN26	7.91300000000022	0.488641019712492	1108	6.95423387616275	8.8717661238377
93	WGN26	9.99050000000022	0.488641019712491	1108	9.03173387616275	10.9492661238377
94	WGN26	9.65400000000023	0.48864101971249	1108	8.69523387616276	10.6127661238377
95	WGN26	11.0020000000002	0.488641019712496	1108	10.0432338761627	11.9607661238377
96	WGN26	10.7950000000002	0.488641019712493	1108	9.83623387616274	11.7537661238377
97	WGN26	9.60700000000022	0.488641019712487	1108	8.64823387616276	10.5657661238377
98	WGN26	9.57750000000022	0.488641019712496	1108	8.61873387616273	10.5362661238377
99	WGN26	11.1575000000002	0.488641019712491	1108	10.1987338761627	12.1162661238377
101	WGN26	8.34150000000023	0.488641019712492	1108	7.38273387616276	9.3002661238377
102	WGN26	8.86300000000022	0.488641019712493	1108	7.90423387616274	9.8217661238377
103	WGN26	10.0050000000002	0.488641019712496	1108	9.04623387616274	10.9637661238377
104	WGN26	11.5265000000002	0.488641019712492	1108	10.5677338761628	12.4852661238377
105	WGN26	9.47200000000025	0.488641019712491	1108	8.51323387616278	10.4307661238377
106	WGN26	8.99150000000022	0.488641019712492	1108	8.03273387616275	9.9502661238377
108	WGN26	10.0745000000002	0.488641019712495	1108	9.11573387616274	11.0332661238377
109	WGN26	10.4780000000002	0.488641019712491	1108	9.51923387616275	11.4367661238377
111	WGN26	11.5250000000002	0.488641019712491	1108	10.5662338761627	12.4837661238377
112	WGN26	9.22750000000021	0.488641019712489	1108	8.26873387616274	10.1862661238377
113	WGN26	6.70300000000024	0.488641019712492	1108	5.74423387616276	7.66176612383771
115	WGN26	11.0195000000002	0.488641019712497	1108	10.0607338761628	11.9782661238377
116	WGN26	8.32900000000024	0.488641019712494	1108	7.37023387616276	9.28776612383771
117	WGN26	8.99723715058634	0.691198520258014	1108	7.64103147129258	10.3534428298801
118	WGN26	9.60800000000019	0.488641019712496	1108	8.6492338761627	10.5667661238377
119	WGN26	10.0265000000002	0.488641019712494	1108	9.06773387616275	10.9852661238377
121	WGN26	7.94100000000021	0.488641019712496	1108	6.98223387616273	8.89976612383769
122	WGN26	10.6615000000002	0.488641019712492	1108	9.70273387616276	11.6202661238377
123	WGN26	9.03900000000021	0.488641019712491	1108	8.08023387616273	9.99776612383768
125	WGN26	9.20950000000023	0.488641019712491	1108	8.25073387616276	10.1682661238377
127	WGN26	8.65450000000022	0.488641019712493	1108	7.69573387616275	9.6132661238377
128	WGN26	9.83900000000023	0.488641019712493	1108	8.88023387616276	10.7977661238377
129	WGN26	7.96076284941414	0.691198520258026	1108	6.60455717012036	9.31696852870792
130	WGN26	10.1074999999998	0.488641019712557	1108	9.14873387616222	11.0662661238374
1	WGN36	9.70249999999977	0.488641019712478	1108	8.74373387616233	10.6612661238372
2	WGN36	7.41899999999996	0.48864101971249	1108	6.46023387616249	8.37776612383743
4	WGN36	9.17199999999996	0.488641019712499	1108	8.21323387616247	10.1307661238374
5	WGN36	10.1019999999999	0.488641019712484	1108	9.14323387616248	11.0607661238374
6	WGN36	10.505	0.488641019712498	1108	9.54623387616251	11.4637661238375
7	WGN36	11.6135	0.488641019712495	1108	10.6547338761625	12.5722661238374
8	WGN36	10.3109999999999	0.488641019712487	1108	9.35223387616248	11.2697661238374
9	WGN36	9.16376284941385	0.691198520258016	1108	7.80755717012009	10.5199685287076
10	WGN36	8.50299999999995	0.488641019712495	1108	7.54423387616247	9.46176612383743
11	WGN36	9.00399999999997	0.48864101971249	1108	8.04523387616251	9.96276612383744
12	WGN36	9.64776284941383	0.691198520258035	1108	8.29155717012003	11.0039685287076
13	WGN36	9.54599999999996	0.488641019712478	1108	8.58723387616251	10.5047661238374
14	WGN36	9.95099999999995	0.488641019712487	1108	8.99223387616248	10.9097661238374
15	WGN36	9.53799999999996	0.4886410197125	1108	8.57923387616247	10.4967661238374
16	WGN36	9.43849999999998	0.488641019712484	1108	8.47973387616252	10.3972661238374
17	WGN36	9.47399999999993	0.488641019712493	1108	8.51523387616246	10.4327661238374
18	WGN36	9.46149999999996	0.488641019712494	1108	8.50273387616249	10.4202661238374
19	WGN36	9.43999999999994	0.488641019712496	1108	8.48123387616246	10.3987661238374
20	WGN36	9.50349999999996	0.488641019712498	1108	8.54473387616247	10.4622661238374
21	WGN36	10.468	0.488641019712491	1108	9.50923387616248	11.4267661238374
22	WGN36	10.5605	0.488641019712499	1108	9.60173387616249	11.5192661238375
23	WGN36	9.95049999999994	0.488641019712479	1108	8.99173387616249	10.9092661238374
24	WGN36	7.90399999999995	0.488641019712491	1108	6.94523387616248	8.86276612383743
26	WGN36	9.62999999999995	0.48864101971249	1108	8.67123387616248	10.5887661238374
27	WGN36	10.6494999999999	0.488641019712486	1108	9.69073387616248	11.6082661238374
28	WGN36	9.97299999999997	0.488641019712491	1108	9.01423387616249	10.9317661238374
30	WGN36	10.079	0.488641019712496	1108	9.1202338761625	11.0377661238375
31	WGN36	10.1985	0.488641019712494	1108	9.23973387616249	11.1572661238374
32	WGN36	9.57249999999996	0.488641019712481	1108	8.61373387616251	10.5312661238374
33	WGN36	9.60849999999996	0.488641019712494	1108	8.64973387616248	10.5672661238374
34	WGN36	9.41849999999997	0.488641019712488	1108	8.4597338761625	10.3772661238374
35	WGN36	9.47299999999997	0.488641019712491	1108	8.5142338761625	10.4317661238374
36	WGN36	9.32349999999997	0.488641019712485	1108	8.36473387616251	10.2822661238374
37	WGN36	10.3187628494138	0.691198520258023	1108	8.96255717012007	11.6749685287076
38	WGN36	5.7937628494138	0.691198520258026	1108	4.43755717012002	7.14996852870758
39	WGN36	8.47499999999997	0.488641019712491	1108	7.51623387616249	9.43376612383744
40	WGN36	9.76699999999996	0.488641019712495	1108	8.80823387616248	10.7257661238374
41	WGN36	9.85249999999996	0.488641019712494	1108	8.89373387616248	10.8112661238374
42	WGN36	9.31749999999997	0.488641019712488	1108	8.3587338761625	10.2762661238374
43	WGN36	8.72349999999996	0.488641019712492	1108	7.76473387616249	9.68226612383744
44	WGN36	9.31399999999996	0.488641019712496	1108	8.35523387616247	10.2727661238374
45	WGN36	9.91549999999996	0.488641019712495	1108	8.95673387616248	10.8742661238374
46	WGN36	10.067	0.488641019712495	1108	9.10823387616249	11.0257661238374
47	WGN36	7.91699999999998	0.48864101971249	1108	6.95823387616251	8.87576612383745
48	WGN36	9.75849999999996	0.488641019712489	1108	8.79973387616249	10.7172661238374
49	WGN36	9.81449999999996	0.488641019712493	1108	8.85573387616248	10.7732661238374
51	WGN36	8.15699999999997	0.48864101971249	1108	7.1982338761625	9.11576612383744
52	WGN36	9.36849999999996	0.488641019712489	1108	8.40973387616249	10.3272661238374
53	WGN36	9.13299999999996	0.488641019712493	1108	8.17423387616249	10.0917661238374
54	WGN36	9.41149999999996	0.48864101971249	1108	8.45273387616249	10.3702661238374
55	WGN36	9.67049999999995	0.488641019712495	1108	8.71173387616247	10.6292661238374
56	WGN36	9.49049999999996	0.488641019712493	1108	8.53173387616248	10.4492661238374
57	WGN36	9.21749999999996	0.488641019712492	1108	8.25873387616248	10.1762661238374
58	WGN36	7.88649999999996	0.488641019712492	1108	6.92773387616249	8.84526612383744
59	WGN36	9.46899999999996	0.48864101971249	1108	8.51023387616249	10.4277661238374
60	WGN36	6.92849999999998	0.48864101971249	1108	5.96973387616251	7.88726612383746
62	WGN36	9.83999999999996	0.488641019712492	1108	8.88123387616249	10.7987661238374
64	WGN36	9.50099999999996	0.488641019712495	1108	8.54223387616248	10.4597661238374
65	WGN36	9.65599999999996	0.488641019712493	1108	8.69723387616248	10.6147661238374
66	WGN36	12.1575	0.488641019712495	1108	11.1987338761625	13.1162661238375
68	WGN36	10.373	0.488641019712493	1108	9.41423387616249	11.3317661238374
69	WGN36	10.6735	0.488641019712493	1108	9.71473387616249	11.6322661238374
70	WGN36	8.08299999999995	0.488641019712494	1108	7.12423387616247	9.04176612383743
71	WGN36	9.54349999999996	0.488641019712491	1108	8.58473387616248	10.5022661238374
72	WGN36	11.2615	0.488641019712492	1108	10.3027338761625	12.2202661238374
74	WGN36	11.2649999999999	0.488641019712491	1108	10.3062338761625	12.2237661238374
75	WGN36	9.37899999999996	0.488641019712493	1108	8.42023387616248	10.3377661238374
76	WGN36	8.12499999999996	0.488641019712492	1108	7.16623387616249	9.08376612383744
77	WGN36	9.13649999999997	0.48864101971249	1108	8.1777338761625	10.0952661238374
78	WGN36	10.497	0.488641019712491	1108	9.53823387616248	11.4557661238374
79	WGN36	11.0874999999999	0.488641019712491	1108	10.1287338761625	12.0462661238374
80	WGN36	8.88299999999997	0.488641019712491	1108	7.92423387616249	9.84176612383744
81	WGN36	9.51899999999996	0.488641019712493	1108	8.56023387616248	10.4777661238374
82	WGN36	9.74599999999996	0.488641019712491	1108	8.78723387616248	10.7047661238374
83	WGN36	9.83199999999995	0.488641019712491	1108	8.87323387616248	10.7907661238374
84	WGN36	8.76749999999996	0.488641019712491	1108	7.80873387616249	9.72626612383744
85	WGN36	9.33649999999997	0.488641019712491	1108	8.37773387616249	10.2952661238374
86	WGN36	9.73849999999995	0.48864101971249	1108	8.77973387616248	10.6972661238374
87	WGN36	9.12399999999997	0.488641019712491	1108	8.16523387616249	10.0827661238374
88	WGN36	8.68749999999996	0.488641019712493	1108	7.72873387616248	9.64626612383743
89	WGN36	8.11099999999994	0.488641019712497	1108	7.15223387616245	9.06976612383742
90	WGN36	7.19449999999996	0.488641019712492	1108	6.23573387616249	8.15326612383744
92	WGN36	8.54949999999996	0.488641019712491	1108	7.59073387616249	9.50826612383744
93	WGN36	12.1479999999999	0.488641019712491	1108	11.1892338761625	13.1067661238374
94	WGN36	10.0125	0.488641019712494	1108	9.05373387616248	10.9712661238374
95	WGN36	9.63999999999997	0.488641019712496	1108	8.68123387616248	10.5987661238374
96	WGN36	10.876	0.488641019712492	1108	9.91723387616248	11.8347661238374
97	WGN36	9.68949999999996	0.488641019712495	1108	8.73073387616248	10.6482661238374
98	WGN36	8.31799999999996	0.488641019712493	1108	7.35923387616248	9.27676612383743
99	WGN36	8.31649999999996	0.488641019712492	1108	7.35773387616249	9.27526612383744
100	WGN36	9.18349999999996	0.488641019712494	1108	8.22473387616249	10.1422661238374
102	WGN36	10.4925	0.488641019712493	1108	9.53373387616249	11.4512661238374
104	WGN36	9.51249999999997	0.488641019712492	1108	8.5537338761625	10.4712661238374
105	WGN36	8.27349999999996	0.488641019712494	1108	7.31473387616248	9.23226612383744
106	WGN36	9.93749999999996	0.488641019712492	1108	8.97873387616249	10.8962661238374
107	WGN36	9.27249999999998	0.488641019712489	1108	8.31373387616251	10.2312661238374
108	WGN36	8.57549999999996	0.488641019712495	1108	7.61673387616248	9.53426612383744
109	WGN36	10.336	0.488641019712492	1108	9.37723387616248	11.2947661238374
110	WGN36	8.47199999999996	0.488641019712493	1108	7.51323387616249	9.43076612383744
112	WGN36	7.45549999999997	0.48864101971249	1108	6.4967338761625	8.41426612383744
114	WGN36	9.28699999999997	0.488641019712493	1108	8.32823387616249	10.2457661238374
116	WGN36	10.814	0.488641019712495	1108	9.85523387616249	11.7727661238374
117	WGN36	8.77949999999996	0.488641019712492	1108	7.82073387616248	9.73826612383743
118	WGN36	9.10099999999997	0.488641019712489	1108	8.1422338761625	10.0597661238374
119	WGN36	11.4389999999999	0.488641019712493	1108	10.4802338761625	12.3977661238374
120	WGN36	8.77749999999994	0.488641019712492	1108	7.81873387616247	9.73626612383742
121	WGN36	8.40449999999996	0.488641019712491	1108	7.44573387616249	9.36326612383743
122	WGN36	9.96949999999996	0.488641019712494	1108	9.01073387616248	10.9282661238374
123	WGN36	8.77399999999996	0.488641019712492	1108	7.81523387616248	9.73276612383744
124	WGN36	8.41499999999997	0.488641019712492	1108	7.45623387616249	9.37376612383744
125	WGN36	9.75349999999996	0.488641019712493	1108	8.79473387616248	10.7122661238374
126	WGN36	8.78949999999996	0.488641019712493	1108	7.83073387616249	9.74826612383744
127	WGN36	8.72349999999996	0.488641019712494	1108	7.76473387616248	9.68226612383744
128	WGN36	8.82199999999997	0.488641019712491	1108	7.86323387616249	9.78076612383744
129	WGN36	10.099	0.488641019712493	1108	9.14023387616249	11.0577661238374
130	WGN36	9.62999999999996	0.488641019712492	1108	8.67123387616248	10.5887661238374
1	WGN38	10.1230000000001	0.488641019712509	1108	9.16423387616261	11.0817661238376
2	WGN38	7.83750000000012	0.488641019712493	1108	6.87873387616265	8.7962661238376
3	WGN38	9.37700000000009	0.488641019712498	1108	8.4182338761626	10.3357661238376
4	WGN38	8.52300000000013	0.488641019712492	1108	7.56423387616266	9.48176612383761
5	WGN38	8.32300000000004	0.488641019712501	1108	7.36423387616255	9.28176612383753
6	WGN38	8.51176284941393	0.691198520258033	1108	7.15555717012013	9.86796852870772
7	WGN38	9.2645000000001	0.488641019712488	1108	8.30573387616263	10.2232661238376
8	WGN38	9.00250000000018	0.488641019712478	1108	8.04373387616273	9.96126612383763
10	WGN38	8.96500000000012	0.488641019712488	1108	8.00623387616265	9.92376612383758
11	WGN38	9.09550000000008	0.488641019712497	1108	8.1367338761626	10.0542661238376
12	WGN38	7.65876284941402	0.691198520258017	1108	6.30255717012025	9.01496852870778
13	WGN38	10.3665000000001	0.488641019712493	1108	9.40773387616263	11.3252661238376
14	WGN38	9.7220000000001	0.488641019712497	1108	8.76323387616262	10.6807661238376
16	WGN38	7.17300000000014	0.48864101971249	1108	6.21423387616267	8.13176612383761
18	WGN38	10.4185000000001	0.488641019712493	1108	9.45973387616263	11.3772661238376
19	WGN38	10.8905000000001	0.48864101971249	1108	9.93173387616262	11.8492661238376
20	WGN38	8.84000000000013	0.488641019712488	1108	7.88123387616266	9.7987661238376
21	WGN38	9.64150000000011	0.488641019712491	1108	8.68273387616264	10.6002661238376
22	WGN38	8.9740000000001	0.488641019712495	1108	8.01523387616261	9.93276612383758
23	WGN38	10.0115000000001	0.488641019712494	1108	9.05273387616263	10.9702661238376
24	WGN38	9.43000000000012	0.488641019712489	1108	8.47123387616265	10.3887661238376
26	WGN38	9.85100000000011	0.488641019712492	1108	8.89223387616263	10.8097661238376
27	WGN38	8.76850000000009	0.488641019712496	1108	7.80973387616261	9.72726612383757
28	WGN38	10.5875000000001	0.488641019712495	1108	9.62873387616263	11.5462661238376
29	WGN38	10.5875000000001	0.488641019712496	1108	9.62873387616263	11.5462661238376
30	WGN38	10.7535000000001	0.48864101971249	1108	9.79473387616264	11.7122661238376
32	WGN38	10.3110000000001	0.48864101971249	1108	9.35223387616263	11.2697661238376
33	WGN38	9.6880000000001	0.488641019712493	1108	8.72923387616263	10.6467661238376
34	WGN38	9.3205000000001	0.488641019712491	1108	8.36173387616263	10.2792661238376
35	WGN38	10.1465000000001	0.488641019712489	1108	9.18773387616264	11.1052661238376
36	WGN38	8.18600000000009	0.488641019712493	1108	7.22723387616262	9.14476612383757
37	WGN38	10.1450000000001	0.48864101971249	1108	9.18623387616263	11.1037661238376
38	WGN38	9.3555000000001	0.488641019712495	1108	8.39673387616262	10.3142661238376
39	WGN38	9.38050000000011	0.488641019712492	1108	8.42173387616263	10.3392661238376
40	WGN38	10.1910000000001	0.488641019712492	1108	9.23223387616263	11.1497661238376
41	WGN38	10.4395000000001	0.488641019712493	1108	9.48073387616263	11.3982661238376
42	WGN38	6.83100000000013	0.48864101971249	1108	5.87223387616266	7.7897661238376
45	WGN38	8.49850000000012	0.48864101971249	1108	7.53973387616265	9.45726612383759
46	WGN38	9.37450000000011	0.488641019712492	1108	8.41573387616263	10.3332661238376
47	WGN38	8.91450000000012	0.48864101971249	1108	7.95573387616265	9.87326612383759
48	WGN38	9.2205000000001	0.488641019712494	1108	8.26173387616262	10.1792661238376
49	WGN38	11.3110000000001	0.48864101971249	1108	10.3522338761626	12.2697661238376
50	WGN38	10.3660000000001	0.488641019712493	1108	9.40723387616263	11.3247661238376
51	WGN38	9.0820000000001	0.488641019712494	1108	8.12323387616262	10.0407661238376
52	WGN38	11.2040000000001	0.488641019712494	1108	10.2452338761626	12.1627661238376
53	WGN38	9.02250000000011	0.488641019712492	1108	8.06373387616264	9.98126612383759
54	WGN38	9.60500000000011	0.488641019712492	1108	8.64623387616263	10.5637661238376
55	WGN38	10.0935000000001	0.488641019712491	1108	9.13473387616264	11.0522661238376
56	WGN38	9.59200000000011	0.488641019712493	1108	8.63323387616263	10.5507661238376
59	WGN38	9.6900000000001	0.488641019712492	1108	8.73123387616263	10.6487661238376
61	WGN38	8.26550000000009	0.488641019712494	1108	7.30673387616262	9.22426612383757
63	WGN38	9.11800000000011	0.488641019712492	1108	8.15923387616263	10.0767661238376
64	WGN38	10.1045000000001	0.488641019712494	1108	9.14573387616263	11.0632661238376
65	WGN38	10.2525000000001	0.488641019712491	1108	9.29373387616263	11.2112661238376
66	WGN38	9.53600000000011	0.488641019712491	1108	8.57723387616264	10.4947661238376
67	WGN38	9.30700000000011	0.488641019712492	1108	8.34823387616264	10.2657661238376
68	WGN38	8.3825000000001	0.488641019712494	1108	7.42373387616263	9.34126612383758
69	WGN38	8.5765000000001	0.488641019712493	1108	7.61773387616263	9.53526612383758
70	WGN38	11.9555000000001	0.488641019712494	1108	10.9967338761626	12.9142661238376
72	WGN38	9.03950000000011	0.488641019712493	1108	8.08073387616263	9.99826612383758
73	WGN38	8.18950000000012	0.488641019712491	1108	7.23073387616265	9.14826612383759
74	WGN38	9.90150000000011	0.488641019712491	1108	8.94273387616264	10.8602661238376
76	WGN38	8.02400000000012	0.488641019712491	1108	7.06523387616265	8.98276612383759
77	WGN38	8.14300000000011	0.488641019712492	1108	7.18423387616264	9.10176612383759
78	WGN38	8.11700000000013	0.488641019712491	1108	7.15823387616265	9.0757661238376
80	WGN38	7.8900000000001	0.488641019712494	1108	6.93123387616262	8.84876612383758
81	WGN38	11.0590000000001	0.488641019712492	1108	10.1002338761626	12.0177661238376
82	WGN38	9.36050000000011	0.488641019712491	1108	8.40173387616263	10.3192661238376
83	WGN38	11.3085000000001	0.488641019712491	1108	10.3497338761626	12.2672661238376
84	WGN38	11.6370000000001	0.488641019712492	1108	10.6782338761626	12.5957661238376
85	WGN38	8.78150000000011	0.488641019712491	1108	7.82273387616264	9.74026612383759
86	WGN38	8.6090000000001	0.488641019712493	1108	7.65023387616263	9.56776612383758
87	WGN38	9.21350000000011	0.488641019712492	1108	8.25473387616264	10.1722661238376
88	WGN38	9.0235000000001	0.488641019712494	1108	8.06473387616263	9.98226612383758
89	WGN38	9.00750000000011	0.488641019712492	1108	8.04873387616264	9.96626612383758
90	WGN38	9.99650000000011	0.488641019712492	1108	9.03773387616263	10.9552661238376
91	WGN38	8.51700000000011	0.488641019712493	1108	7.55823387616263	9.47576612383758
92	WGN38	9.3050000000001	0.488641019712493	1108	8.34623387616263	10.2637661238376
93	WGN38	8.70150000000011	0.488641019712493	1108	7.74273387616263	9.66026612383758
94	WGN38	10.0685000000001	0.488641019712492	1108	9.10973387616263	11.0272661238376
95	WGN38	8.49950000000011	0.488641019712492	1108	7.54073387616264	9.45826612383758
96	WGN38	10.7265000000001	0.488641019712491	1108	9.76773387616263	11.6852661238376
97	WGN38	8.2190000000001	0.488641019712492	1108	7.26023387616263	9.17776612383758
98	WGN38	8.81950000000011	0.488641019712492	1108	7.86073387616264	9.77826612383759
99	WGN38	9.57700000000011	0.488641019712492	1108	8.61823387616264	10.5357661238376
100	WGN38	8.81200000000011	0.488641019712492	1108	7.85323387616263	9.77076612383758
101	WGN38	8.7075000000001	0.488641019712493	1108	7.74873387616262	9.66626612383758
102	WGN38	9.36500000000011	0.488641019712494	1108	8.40623387616263	10.3237661238376
103	WGN38	8.97100000000012	0.488641019712491	1108	8.01223387616264	9.92976612383759
104	WGN38	9.05100000000011	0.488641019712491	1108	8.09223387616264	10.0097661238376
106	WGN38	6.88676284941399	0.691198520258024	1108	5.53055717012021	8.24296852870776
107	WGN38	9.45550000000011	0.488641019712491	1108	8.49673387616264	10.4142661238376
108	WGN38	8.93623715058622	0.691198520258023	1108	7.58003147129244	10.29244282988
109	WGN38	10.3252371505862	0.69119852025802	1108	8.96903147129245	11.68144282988
110	WGN38	10.0380000000001	0.488641019712493	1108	9.07923387616264	10.9967661238376
111	WGN38	9.02650000000011	0.488641019712493	1108	8.06773387616263	9.98526612383758
112	WGN38	10.202762849414	0.691198520258023	1108	8.84655717012022	11.5589685287078
113	WGN38	8.9795000000001	0.488641019712493	1108	8.02073387616263	9.93826612383758
114	WGN38	8.45750000000011	0.488641019712492	1108	7.49873387616263	9.41626612383758
115	WGN38	8.68050000000011	0.488641019712492	1108	7.72173387616264	9.63926612383759
1	WGN39	8.11499999999992	0.488641019712469	1108	7.15623387616249	9.07376612383735
2	WGN39	10.978	0.488641019712493	1108	10.0192338761625	11.9367661238374
3	WGN39	11.5405	0.488641019712496	1108	10.5817338761626	12.4992661238375
4	WGN39	10.9765000000001	0.488641019712503	1108	10.0177338761626	11.9352661238376
5	WGN39	11.0505000000001	0.4886410197125	1108	10.0917338761626	12.0092661238376
6	WGN39	10.0044999999999	0.488641019712492	1108	9.04573387616247	10.9632661238374
7	WGN39	9.60449999999998	0.488641019712488	1108	8.64573387616251	10.5632661238374
8	WGN39	10.809	0.488641019712497	1108	9.85023387616254	11.7677661238375
9	WGN39	8.70349999999998	0.488641019712492	1108	7.74473387616251	9.66226612383746
10	WGN39	10.6995	0.488641019712497	1108	9.74073387616249	11.6582661238375
11	WGN39	9.7064999999999	0.488641019712487	1108	8.74773387616244	10.6652661238374
12	WGN39	8.43949999999999	0.48864101971249	1108	7.48073387616251	9.39826612383746
13	WGN39	10.4954999999999	0.488641019712489	1108	9.53673387616241	11.4542661238373
14	WGN39	9.82649999999996	0.488641019712496	1108	8.86773387616247	10.7852661238374
15	WGN39	8.29949999999996	0.488641019712484	1108	7.34073387616251	9.25826612383742
16	WGN39	11.8104999999999	0.488641019712488	1108	10.8517338761624	12.7692661238374
17	WGN39	9.24899999999997	0.488641019712499	1108	8.29023387616248	10.2077661238375
18	WGN39	10.7724999999999	0.48864101971248	1108	9.81373387616242	11.7312661238373
19	WGN39	10.8084999999999	0.488641019712494	1108	9.84973387616245	11.7672661238374
20	WGN39	11.408	0.48864101971249	1108	10.4492338761625	12.3667661238374
21	WGN39	9.43849999999998	0.488641019712496	1108	8.4797338761625	10.3972661238375
22	WGN39	9.95849999999994	0.488641019712493	1108	8.99973387616246	10.9172661238374
24	WGN39	10.5025	0.488641019712498	1108	9.54373387616249	11.4612661238375
25	WGN39	11.87	0.488641019712498	1108	10.9112338761625	12.8287661238375
26	WGN39	9.20199999999991	0.488641019712489	1108	8.24323387616244	10.1607661238374
27	WGN39	12.2704999999999	0.488641019712493	1108	11.3117338761625	13.2292661238374
28	WGN39	6.98199999999991	0.488641019712493	1108	6.02323387616244	7.94076612383739
29	WGN39	8.95949999999992	0.488641019712492	1108	8.00073387616244	9.91826612383739
30	WGN39	11.9539999999999	0.488641019712492	1108	10.9952338761625	12.9127661238374
31	WGN39	11.7719999999998	0.488641019712486	1108	10.8132338761624	12.7307661238373
32	WGN39	9.16449999999997	0.4886410197125	1108	8.20573387616248	10.1232661238375
34	WGN39	10.1514999999999	0.488641019712491	1108	9.19273387616244	11.1102661238374
35	WGN39	9.3614999999999	0.488641019712487	1108	8.40273387616244	10.3202661238374
36	WGN39	11.1749999999999	0.488641019712487	1108	10.2162338761624	12.1337661238373
37	WGN39	8.66449999999996	0.488641019712496	1108	7.70573387616247	9.62326612383744
38	WGN39	6.34176284941374	0.691198520258036	1108	4.98555717011994	7.69796852870754
39	WGN39	9.91449999999995	0.488641019712496	1108	8.95573387616247	10.8732661238374
40	WGN39	9.98999999999995	0.488641019712493	1108	9.03123387616247	10.9487661238374
41	WGN39	11.5515	0.488641019712497	1108	10.5927338761625	12.5102661238375
42	WGN39	10.0714999999999	0.488641019712489	1108	9.11273387616243	11.0302661238374
43	WGN39	10.4289999999999	0.488641019712493	1108	9.47023387616245	11.3877661238374
44	WGN39	12.1314999999999	0.48864101971249	1108	11.1727338761624	13.0902661238374
45	WGN39	11.1614999999999	0.488641019712488	1108	10.2027338761624	12.1202661238374
46	WGN39	9.36699999999993	0.488641019712491	1108	8.40823387616246	10.3257661238374
47	WGN39	9.07549999999996	0.488641019712495	1108	8.11673387616248	10.0342661238374
48	WGN39	3.83799999999991	0.488641019712494	1108	2.87923387616244	4.79676612383739
49	WGN39	11.2289999999999	0.488641019712488	1108	10.2702338761624	12.1877661238374
50	WGN39	8.15099999999993	0.488641019712492	1108	7.19223387616245	9.1097661238374
51	WGN39	9.88749999999997	0.488641019712495	1108	8.92873387616248	10.8462661238374
52	WGN39	9.15999999999994	0.488641019712495	1108	8.20123387616246	10.1187661238374
53	WGN39	11.417	0.488641019712495	1108	10.4582338761625	12.3757661238374
54	WGN39	11.2259999999999	0.48864101971249	1108	10.2672338761624	12.1847661238374
55	WGN39	10.4514999999999	0.48864101971249	1108	9.49273387616245	11.4102661238374
56	WGN39	10.3554999999999	0.488641019712493	1108	9.39673387616246	11.3142661238374
57	WGN39	8.77449999999993	0.48864101971249	1108	7.81573387616245	9.7332661238374
58	WGN39	7.83899999999994	0.488641019712489	1108	6.88023387616247	8.79776612383741
59	WGN39	10.2179999999999	0.488641019712493	1108	9.25923387616247	11.1767661238374
60	WGN39	9.80499999999992	0.48864101971249	1108	8.84623387616245	10.7637661238374
61	WGN39	10.564	0.488641019712494	1108	9.60523387616248	11.5227661238374
62	WGN39	6.89549999999993	0.488641019712492	1108	5.93673387616246	7.85426612383741
63	WGN39	11.6729999999999	0.488641019712492	1108	10.7142338761625	12.6317661238374
64	WGN39	11.5904999999999	0.488641019712492	1108	10.6317338761625	12.5492661238374
65	WGN39	8.37749999999993	0.48864101971249	1108	7.41873387616246	9.3362661238374
66	WGN39	11.0974999999999	0.48864101971249	1108	10.1387338761624	12.0562661238374
67	WGN39	9.81899999999994	0.488641019712491	1108	8.86023387616246	10.7777661238374
68	WGN39	10.1035	0.488641019712495	1108	9.14473387616247	11.0622661238374
69	WGN39	9.81549999999995	0.488641019712493	1108	8.85673387616247	10.7742661238374
70	WGN39	9.32349999999994	0.488641019712495	1108	8.36473387616246	10.2822661238374
71	WGN39	10.7029999999999	0.488641019712493	1108	9.74423387616247	11.6617661238374
72	WGN39	6.66799999999992	0.488641019712493	1108	5.70923387616244	7.6267661238374
73	WGN39	9.41899999999994	0.488641019712494	1108	8.46023387616246	10.3777661238374
74	WGN39	11.1224999999999	0.488641019712491	1108	10.1637338761624	12.0812661238374
75	WGN39	11.2049999999999	0.488641019712492	1108	10.2462338761625	12.1637661238374
76	WGN39	10.8274999999999	0.488641019712491	1108	9.86873387616245	11.7862661238374
77	WGN39	11.2794999999999	0.488641019712493	1108	10.3207338761625	12.2382661238374
78	WGN39	9.92749999999993	0.488641019712492	1108	8.96873387616245	10.8862661238374
79	WGN39	10.4809999999999	0.488641019712493	1108	9.52223387616246	11.4397661238374
80	WGN39	10.4469999999999	0.488641019712492	1108	9.48823387616245	11.4057661238374
81	WGN39	11.1834999999999	0.488641019712494	1108	10.2247338761625	12.1422661238374
82	WGN39	8.62149999999993	0.488641019712491	1108	7.66273387616245	9.5802661238374
83	WGN39	10.0009999999999	0.488641019712491	1108	9.04223387616246	10.9597661238374
84	WGN39	11.0139999999999	0.488641019712492	1108	10.0552338761625	11.9727661238374
85	WGN39	8.60449999999993	0.488641019712493	1108	7.64573387616246	9.56326612383741
86	WGN39	10.2109999999999	0.488641019712492	1108	9.25223387616247	11.1697661238374
87	WGN39	9.09749999999994	0.488641019712493	1108	8.13873387616246	10.0562661238374
88	WGN39	9.52299999999994	0.488641019712493	1108	8.56423387616246	10.4817661238374
89	WGN39	7.67549999999994	0.488641019712491	1108	6.71673387616247	8.63426612383741
90	WGN39	11.2305	0.488641019712494	1108	10.2717338761625	12.1892661238374
91	WGN39	7.92449999999994	0.488641019712491	1108	6.96573387616247	8.88326612383741
92	WGN39	10.028237150586	0.69119852025802	1108	8.67203147129226	11.3844428298798
93	WGN39	12.5554999999999	0.488641019712493	1108	11.5967338761625	13.5142661238374
94	WGN39	7.88149999999993	0.488641019712491	1108	6.92273387616246	8.8402661238374
95	WGN39	9.77299999999993	0.488641019712492	1108	8.81423387616245	10.7317661238374
96	WGN39	10.066	0.488641019712494	1108	9.10723387616247	11.0247661238374
97	WGN39	7.83549999999993	0.488641019712494	1108	6.87673387616246	8.79426612383741
98	WGN39	11.0979999999999	0.488641019712492	1108	10.1392338761625	12.0567661238374
99	WGN39	9.54799999999994	0.488641019712492	1108	8.58923387616246	10.5067661238374
100	WGN39	10.8794999999999	0.488641019712492	1108	9.92073387616247	11.8382661238374
101	WGN39	9.38299999999992	0.488641019712491	1108	8.42423387616245	10.3417661238374
102	WGN39	10.4204999999999	0.48864101971249	1108	9.46173387616244	11.3792661238374
104	WGN39	9.47549999999993	0.488641019712492	1108	8.51673387616246	10.4342661238374
105	WGN39	9.76399999999992	0.488641019712491	1108	8.80523387616245	10.7227661238374
106	WGN39	11.0879999999999	0.488641019712493	1108	10.1292338761625	12.0467661238374
107	WGN39	8.15149999999994	0.488641019712493	1108	7.19273387616246	9.11026612383741
108	WGN39	11.0707628494138	0.691198520258021	1108	9.71455717012004	12.4269685287076
109	WGN39	10.6444999999999	0.488641019712492	1108	9.68573387616246	11.6032661238374
110	WGN39	9.56149999999994	0.488641019712493	1108	8.60273387616246	10.5202661238374
111	WGN39	11.8644999999999	0.488641019712492	1108	10.9057338761625	12.8232661238374
112	WGN39	11.0989999999999	0.488641019712492	1108	10.1402338761625	12.0577661238374
113	WGN39	11.9799999999999	0.488641019712493	1108	11.0212338761625	12.9387661238374
114	WGN39	11.0834999999999	0.488641019712492	1108	10.1247338761625	12.0422661238374
115	WGN39	11.0139999999999	0.488641019712492	1108	10.0552338761625	11.9727661238374
116	WGN39	8.68599999999994	0.488641019712493	1108	7.72723387616246	9.64476612383741
117	WGN39	9.95799999999994	0.488641019712493	1108	8.99923387616246	10.9167661238374
118	WGN39	11.7479999999999	0.488641019712492	1108	10.7892338761625	12.7067661238374
120	WGN39	11.2494999999999	0.488641019712493	1108	10.2907338761625	12.2082661238374
121	WGN39	10.8927628494138	0.691198520258022	1108	9.53655717012005	12.2489685287076
122	WGN39	9.61699999999994	0.488641019712493	1108	8.65823387616246	10.5757661238374
123	WGN39	7.58549999999994	0.488641019712492	1108	6.62673387616246	8.54426612383741
124	WGN39	8.82449999999994	0.488641019712493	1108	7.86573387616246	9.78326612383741
125	WGN39	10.5529999999999	0.488641019712492	1108	9.59423387616246	11.5117661238374
126	WGN39	10.7554999999999	0.488641019712493	1108	9.79673387616247	11.7142661238374
127	WGN39	9.08799999999994	0.488641019712493	1108	8.12923387616246	10.0467661238374
128	WGN39	10.937237150586	0.691198520258023	1108	9.58103147129227	12.2934428298798
129	WGN39	9.73849999999994	0.488641019712492	1108	8.77973387616246	10.6972661238374
130	WGN39	10.0399999999999	0.488641019712492	1108	9.08123387616246	10.9987661238374
1	WGN45	9.43400000000008	0.488641019712478	1108	8.47523387616263	10.3927661238375
2	WGN45	9.24999999999993	0.488641019712493	1108	8.29123387616246	10.2087661238374
3	WGN45	8.31500000000001	0.488641019712483	1108	7.35623387616255	9.27376612383746
4	WGN45	9.07149999999998	0.488641019712495	1108	8.1127338761625	10.0302661238375
5	WGN45	9.68699999999995	0.488641019712492	1108	8.72823387616248	10.6457661238374
6	WGN45	9.84399999999995	0.488641019712484	1108	8.88523387616249	10.8027661238374
7	WGN45	9.31149999999995	0.488641019712494	1108	8.35273387616248	10.2702661238374
8	WGN45	9.93799999999994	0.488641019712488	1108	8.97923387616248	10.8967661238374
9	WGN45	9.0875	0.488641019712479	1108	8.12873387616255	10.0462661238375
10	WGN45	8.76599999999998	0.488641019712485	1108	7.80723387616252	9.72476612383744
11	WGN45	7.80199999999995	0.488641019712493	1108	6.84323387616248	8.76076612383743
12	WGN45	10.059	0.488641019712499	1108	9.10023387616248	11.0177661238375
13	WGN45	8.41899999999999	0.488641019712486	1108	7.46023387616253	9.37776612383745
14	WGN45	9.082	0.488641019712484	1108	8.12323387616254	10.0407661238375
15	WGN45	9.90649999999997	0.488641019712484	1108	8.94773387616251	10.8652661238374
16	WGN45	8.87449999999996	0.488641019712491	1108	7.91573387616249	9.83326612383743
17	WGN45	8.81549999999995	0.488641019712498	1108	7.85673387616246	9.77426612383743
18	WGN45	8.18399999999993	0.488641019712498	1108	7.22523387616244	9.14276612383742
19	WGN45	9.49449999999993	0.488641019712494	1108	8.53573387616246	10.4532661238374
20	WGN45	11.5759999999999	0.488641019712494	1108	10.6172338761625	12.5347661238374
22	WGN45	9.49049999999998	0.488641019712491	1108	8.53173387616251	10.4492661238375
23	WGN45	9.41599999999998	0.488641019712487	1108	8.45723387616252	10.3747661238374
24	WGN45	9.16123715058608	0.69119852025802	1108	7.80503147129231	10.5174428298798
26	WGN45	8.59476284941386	0.691198520258024	1108	7.23855717012009	9.95096852870764
28	WGN45	7.597	0.488641019712487	1108	6.63823387616254	8.55576612383747
29	WGN45	8.83299999999996	0.488641019712493	1108	7.87423387616249	9.79176612383744
31	WGN45	9.08849999999997	0.48864101971249	1108	8.1297338761625	10.0472661238374
32	WGN45	10.705	0.488641019712493	1108	9.74623387616248	11.6637661238374
33	WGN45	6.18899999999996	0.488641019712492	1108	5.23023387616249	7.14776612383744
34	WGN45	8.59049999999997	0.488641019712491	1108	7.6317338761625	9.54926612383744
35	WGN45	9.77399999999994	0.488641019712492	1108	8.81523387616247	10.7327661238374
36	WGN45	9.65249999999994	0.488641019712493	1108	8.69373387616246	10.6112661238374
37	WGN45	10.1714999999999	0.48864101971249	1108	9.21273387616247	11.1302661238374
40	WGN45	10.254	0.488641019712494	1108	9.29523387616249	11.2127661238374
41	WGN45	8.71499999999995	0.488641019712496	1108	7.75623387616247	9.67376612383743
42	WGN45	9.06499999999996	0.488641019712497	1108	8.10623387616248	10.0237661238374
43	WGN45	9.41649999999996	0.488641019712495	1108	8.45773387616248	10.3752661238374
44	WGN45	10.733	0.488641019712497	1108	9.77423387616251	11.6917661238375
45	WGN45	9.46449999999997	0.488641019712498	1108	8.50573387616248	10.4232661238375
46	WGN45	8.79699999999995	0.488641019712494	1108	7.83823387616248	9.75576612383743
49	WGN45	10.626	0.488641019712496	1108	9.6672338761625	11.5847661238375
50	WGN45	5.55376284941393	0.691198520258016	1108	4.19755717012017	6.90996852870769
52	WGN45	9.17523715058607	0.691198520258017	1108	7.81903147129231	10.5314428298798
53	WGN45	9.53499999999996	0.488641019712489	1108	8.57623387616249	10.4937661238374
54	WGN45	7.38549999999992	0.488641019712498	1108	6.42673387616243	8.3442661238374
55	WGN45	8.52349999999998	0.488641019712488	1108	7.56473387616252	9.48226612383745
56	WGN45	8.89199999999996	0.488641019712494	1108	7.93323387616248	9.85076612383743
57	WGN45	9.56949999999996	0.488641019712489	1108	8.61073387616249	10.5282661238374
58	WGN45	8.94299999999996	0.488641019712493	1108	7.98423387616248	9.90176612383744
59	WGN45	7.72849999999993	0.488641019712496	1108	6.76973387616245	8.68726612383741
60	WGN45	7.32423715058609	0.69119852025802	1108	5.96803147129233	8.68044282987986
61	WGN45	8.85049999999995	0.488641019712496	1108	7.89173387616247	9.80926612383744
62	WGN45	9.30799999999996	0.488641019712492	1108	8.34923387616248	10.2667661238374
64	WGN45	10.542	0.488641019712496	1108	9.5832338761625	11.5007661238375
65	WGN45	8.79699999999997	0.488641019712488	1108	7.8382338761625	9.75576612383743
66	WGN45	7.67249999999994	0.488641019712495	1108	6.71373387616246	8.63126612383742
68	WGN45	9.12099999999996	0.488641019712487	1108	8.1622338761625	10.0797661238374
69	WGN45	8.83599999999996	0.488641019712493	1108	7.87723387616249	9.79476612383744
70	WGN45	8.81299999999998	0.488641019712488	1108	7.85423387616251	9.77176612383745
71	WGN45	9.64849999999996	0.488641019712492	1108	8.68973387616249	10.6072661238374
72	WGN45	8.28649999999996	0.488641019712493	1108	7.32773387616249	9.24526612383744
73	WGN45	8.36623715058607	0.691198520258025	1108	7.01003147129229	9.72244282987985
74	WGN45	9.14376284941385	0.691198520258025	1108	7.78755717012007	10.4999685287076
75	WGN45	9.11876284941386	0.691198520258021	1108	7.76255717012009	10.4749685287076
76	WGN45	9.91499999999995	0.488641019712487	1108	8.95623387616249	10.8737661238374
78	WGN45	7.83423715058607	0.691198520258024	1108	6.4780314712923	9.19044282987985
80	WGN45	9.68699999999996	0.488641019712491	1108	8.72823387616249	10.6457661238374
81	WGN45	9.00449999999996	0.488641019712493	1108	8.04573387616248	9.96326612383743
82	WGN45	8.00323715058607	0.691198520258022	1108	6.6470314712923	9.35944282987984
84	WGN45	8.90099999999996	0.48864101971249	1108	7.94223387616249	9.85976612383743
85	WGN45	11.228	0.488641019712492	1108	10.2692338761625	12.1867661238374
86	WGN45	9.51899999999996	0.48864101971249	1108	8.56023387616249	10.4777661238374
88	WGN45	9.00399999999996	0.488641019712493	1108	8.04523387616248	9.96276612383744
89	WGN45	9.11449999999996	0.488641019712492	1108	8.15573387616249	10.0732661238374
90	WGN45	9.79749999999996	0.488641019712491	1108	8.83873387616249	10.7562661238374
92	WGN45	10.3835	0.488641019712491	1108	9.42473387616248	11.3422661238374
93	WGN45	6.60723715058608	0.691198520258022	1108	5.2510314712923	7.96344282987985
94	WGN45	9.38249999999996	0.488641019712493	1108	8.42373387616249	10.3412661238374
95	WGN45	9.09349999999996	0.48864101971249	1108	8.13473387616249	10.0522661238374
96	WGN45	8.49523715058607	0.691198520258023	1108	7.1390314712923	9.85144282987985
98	WGN45	8.82399999999997	0.488641019712491	1108	7.8652338761625	9.78276612383744
99	WGN45	6.71276284941386	0.691198520258022	1108	5.35655717012008	8.06896852870763
100	WGN45	9.47749999999996	0.488641019712492	1108	8.51873387616249	10.4362661238374
101	WGN45	10.131	0.488641019712494	1108	9.17223387616249	11.0897661238374
102	WGN45	10.9025	0.488641019712491	1108	9.94373387616248	11.8612661238374
103	WGN45	10.226	0.488641019712492	1108	9.26723387616248	11.1847661238374
104	WGN45	8.44749999999996	0.488641019712492	1108	7.48873387616249	9.40626612383744
105	WGN45	10.131	0.488641019712493	1108	9.17223387616249	11.0897661238374
106	WGN45	9.47549999999996	0.488641019712493	1108	8.51673387616249	10.4342661238374
107	WGN45	12.267	0.488641019712492	1108	11.3082338761625	13.2257661238374
108	WGN45	8.92149999999996	0.488641019712493	1108	7.96273387616248	9.88026612383744
109	WGN45	10.4295	0.488641019712492	1108	9.47073387616248	11.3882661238374
110	WGN45	9.99749999999996	0.488641019712493	1108	9.03873387616249	10.9562661238374
111	WGN45	9.39849999999996	0.488641019712492	1108	8.43973387616249	10.3572661238374
114	WGN45	9.42299999999996	0.488641019712492	1108	8.46423387616249	10.3817661238374
116	WGN45	9.41399999999996	0.488641019712492	1108	8.45523387616249	10.3727661238374
117	WGN45	9.31876284941385	0.691198520258023	1108	7.96255717012008	10.6749685287076
118	WGN45	8.50449999999996	0.488641019712492	1108	7.54573387616249	9.46326612383744
119	WGN45	9.90999999999996	0.488641019712492	1108	8.95123387616249	10.8687661238374
120	WGN45	9.39499999999996	0.488641019712492	1108	8.43623387616249	10.3537661238374
121	WGN45	8.30449999999996	0.488641019712492	1108	7.34573387616249	9.26326612383744
122	WGN45	8.99623715058607	0.691198520258022	1108	7.6400314712923	10.3524428298798
123	WGN45	10.4297628494138	0.691198520258021	1108	9.07355717012008	11.7859685287076
124	WGN45	9.99149999999996	0.488641019712493	1108	9.03273387616249	10.9502661238374
126	WGN45	9.16549999999996	0.488641019712492	1108	8.20673387616248	10.1242661238374
127	WGN45	8.14349999999996	0.488641019712493	1108	7.18473387616249	9.10226612383744
128	WGN45	11.0505	0.488641019712493	1108	10.0917338761625	12.0092661238374
129	WGN45	9.24999999999996	0.488641019712493	1108	8.29123387616248	10.2087661238374
1	WGN46	10.3849999999999	0.488641019712494	1108	9.42623387616247	11.3437661238374
2	WGN46	8.83150000000001	0.488641019712491	1108	7.87273387616254	9.79026612383749
3	WGN46	9.09999999999997	0.488641019712495	1108	8.14123387616249	10.0587661238375
4	WGN46	8.84949999999998	0.488641019712494	1108	7.8907338761625	9.80826612383746
6	WGN46	9.52149999999999	0.488641019712496	1108	8.5627338761625	10.4802661238375
7	WGN46	9.05649999999997	0.488641019712495	1108	8.09773387616249	10.0152661238375
8	WGN46	8.66949999999995	0.488641019712494	1108	7.71073387616248	9.62826612383743
9	WGN46	9.16599999999999	0.488641019712493	1108	8.20723387616251	10.1247661238375
10	WGN46	8.70899999999999	0.488641019712492	1108	7.75023387616252	9.66776612383747
11	WGN46	9.28600000000005	0.488641019712484	1108	8.32723387616259	10.2447661238375
12	WGN46	8.92399999999999	0.488641019712495	1108	7.96523387616251	9.88276612383747
13	WGN46	8.82650000000005	0.488641019712483	1108	7.86773387616259	9.78526612383751
14	WGN46	8.31899999999999	0.488641019712494	1108	7.36023387616251	9.27776612383747
15	WGN46	9.49550000000001	0.488641019712489	1108	8.53673387616254	10.4542661238375
16	WGN46	8.89549999999995	0.4886410197125	1108	7.93673387616246	9.85426612383744
17	WGN46	10.8322371505861	0.691198520258025	1108	9.47603147129232	12.1884428298799
18	WGN46	8.90399999999998	0.488641019712497	1108	7.9452338761625	9.86276612383747
19	WGN46	9.68000000000001	0.48864101971249	1108	8.72123387616254	10.6387661238375
20	WGN46	8.92249999999999	0.488641019712494	1108	7.96373387616251	9.88126612383746
21	WGN46	8.50423715058609	0.691198520258023	1108	7.14803147129232	9.86044282987987
22	WGN46	9.85600000000002	0.488641019712492	1108	8.89723387616254	10.8147661238375
23	WGN46	9.4777628494139	0.691198520258021	1108	8.12155717012013	10.8339685287077
24	WGN46	9.79700000000001	0.488641019712491	1108	8.83823387616254	10.7557661238375
25	WGN46	9.42750000000002	0.488641019712492	1108	8.46873387616254	10.3862661238375
26	WGN46	8.63349999999998	0.488641019712496	1108	7.6747338761625	9.59226612383746
27	WGN46	7.68700000000006	0.488641019712487	1108	6.7282338761626	8.64576612383753
28	WGN46	8.94999999999997	0.488641019712496	1108	7.99123387616249	9.90876612383746
29	WGN46	7.36949999999996	0.488641019712497	1108	6.41073387616247	8.32826612383744
30	WGN46	8.37599999999999	0.488641019712494	1108	7.41723387616251	9.33476612383747
31	WGN46	8.86600000000002	0.48864101971249	1108	7.90723387616255	9.8247661238375
32	WGN46	8.45600000000002	0.48864101971249	1108	7.49723387616254	9.41476612383749
33	WGN46	8.4415	0.488641019712494	1108	7.48273387616252	9.40026612383748
34	WGN46	8.52999999999998	0.488641019712495	1108	7.5712338761625	9.48876612383746
36	WGN46	10.487	0.488641019712496	1108	9.52823387616253	11.4457661238375
37	WGN46	8.82400000000001	0.488641019712493	1108	7.86523387616253	9.78276612383749
38	WGN46	7.62249999999995	0.488641019712496	1108	6.66373387616247	8.58126612383744
39	WGN46	8.55100000000003	0.488641019712489	1108	7.59223387616256	9.5097661238375
40	WGN46	9.41449999999999	0.488641019712493	1108	8.45573387616252	10.3732661238375
41	WGN46	10.4235	0.48864101971249	1108	9.46473387616254	11.3822661238375
42	WGN46	9.95500000000001	0.488641019712487	1108	8.99623387616254	10.9137661238375
43	WGN46	8.02050000000001	0.488641019712491	1108	7.06173387616254	8.97926612383749
44	WGN46	9.555	0.488641019712495	1108	8.59623387616252	10.5137661238375
45	WGN46	9.3495	0.488641019712494	1108	8.39073387616252	10.3082661238375
46	WGN46	8.65900000000004	0.488641019712488	1108	7.70023387616258	9.61776612383751
47	WGN46	9.13850000000001	0.488641019712492	1108	8.17973387616253	10.0972661238375
48	WGN46	8.73849999999998	0.488641019712495	1108	7.7797338761625	9.69726612383746
49	WGN46	9.343	0.488641019712495	1108	8.38423387616252	10.3017661238375
50	WGN46	8.65599999999998	0.488641019712495	1108	7.6972338761625	9.61476612383746
51	WGN46	9.09976284941391	0.69119852025802	1108	7.74355717012014	10.4559685287077
52	WGN46	9.44900000000004	0.488641019712489	1108	8.49023387616257	10.4077661238375
53	WGN46	8.59350000000003	0.48864101971249	1108	7.63473387616256	9.5522661238375
54	WGN46	9.36649999999998	0.488641019712496	1108	8.4077338761625	10.3252661238375
55	WGN46	9.41200000000001	0.488641019712492	1108	8.45323387616253	10.3707661238375
56	WGN46	10.2055	0.488641019712492	1108	9.24673387616256	11.1642661238375
57	WGN46	9.12850000000002	0.488641019712492	1108	8.16973387616255	10.0872661238375
58	WGN46	9.189	0.488641019712491	1108	8.23023387616253	10.1477661238375
59	WGN46	10.685	0.488641019712494	1108	9.72623387616254	11.6437661238375
60	WGN46	9.93600000000001	0.488641019712494	1108	8.97723387616254	10.8947661238375
61	WGN46	9.9705	0.488641019712487	1108	9.01173387616254	10.9292661238375
62	WGN46	9.77750000000001	0.488641019712495	1108	8.81873387616253	10.7362661238375
63	WGN46	9.107	0.488641019712493	1108	8.14823387616253	10.0657661238375
64	WGN46	8.74850000000001	0.488641019712492	1108	7.78973387616254	9.70726612383749
65	WGN46	9.53276284941387	0.691198520258026	1108	8.17655717012009	10.8889685287076
66	WGN46	9.1695	0.488641019712491	1108	8.21073387616253	10.1282661238375
67	WGN46	10.226	0.488641019712489	1108	9.26723387616256	11.1847661238375
68	WGN46	9.67050000000001	0.488641019712493	1108	8.71173387616253	10.6292661238375
69	WGN46	8.82100000000001	0.488641019712494	1108	7.86223387616253	9.77976612383748
70	WGN46	9.11600000000002	0.488641019712492	1108	8.15723387616254	10.0747661238375
71	WGN46	9.56200000000003	0.488641019712489	1108	8.60323387616256	10.5207661238375
72	WGN46	8.31649999999999	0.488641019712495	1108	7.35773387616251	9.27526612383747
73	WGN46	8.75599999999998	0.488641019712495	1108	7.7972338761625	9.71476612383746
74	WGN46	7.97300000000005	0.488641019712489	1108	7.01423387616258	8.93176612383752
75	WGN46	8.20299999999999	0.488641019712495	1108	7.24423387616251	9.16176612383747
76	WGN46	7.91200000000002	0.488641019712491	1108	6.95323387616255	8.87076612383749
78	WGN46	9.00200000000001	0.488641019712491	1108	8.04323387616254	9.96076612383749
79	WGN46	9.73400000000002	0.48864101971249	1108	8.77523387616255	10.6927661238375
80	WGN46	8.04100000000003	0.48864101971249	1108	7.08223387616256	8.9997661238375
81	WGN46	8.87699999999999	0.488641019712493	1108	7.91823387616252	9.83576612383747
82	WGN46	10.197	0.48864101971249	1108	9.23823387616255	11.1557661238375
83	WGN46	9.27450000000002	0.48864101971249	1108	8.31573387616255	10.2332661238375
84	WGN46	9.34000000000001	0.488641019712493	1108	8.38123387616253	10.2987661238375
85	WGN46	10.3485	0.488641019712492	1108	9.38973387616254	11.3072661238375
86	WGN46	8.81199999999999	0.488641019712494	1108	7.85323387616252	9.77076612383747
87	WGN46	9.90000000000001	0.488641019712491	1108	8.94123387616253	10.8587661238375
88	WGN46	8.712	0.488641019712494	1108	7.75323387616252	9.67076612383748
89	WGN46	8.20950000000001	0.488641019712492	1108	7.25073387616253	9.16826612383748
90	WGN46	9.42500000000001	0.488641019712491	1108	8.46623387616254	10.3837661238375
91	WGN46	7.8692371505861	0.691198520258024	1108	6.51303147129233	9.22544282987988
93	WGN46	9.391	0.488641019712493	1108	8.43223387616253	10.3497661238375
94	WGN46	9.45450000000001	0.488641019712492	1108	8.49573387616254	10.4132661238375
95	WGN46	8.28700000000002	0.488641019712491	1108	7.32823387616254	9.24576612383749
96	WGN46	10.8795	0.488641019712491	1108	9.92073387616254	11.8382661238375
98	WGN46	9.17800000000002	0.48864101971249	1108	8.21923387616255	10.1367661238375
100	WGN46	9.35050000000002	0.488641019712491	1108	8.39173387616255	10.3092661238375
101	WGN46	8.98900000000001	0.488641019712492	1108	8.03023387616254	9.94776612383748
102	WGN46	8.75850000000001	0.488641019712492	1108	7.79973387616254	9.71726612383749
103	WGN46	9.3005	0.488641019712494	1108	8.34173387616253	10.2592661238375
104	WGN46	8.48500000000002	0.488641019712491	1108	7.52623387616255	9.44376612383749
106	WGN46	9.24750000000001	0.488641019712492	1108	8.28873387616253	10.2062661238375
107	WGN46	10.8755	0.488641019712493	1108	9.91673387616253	11.8342661238375
108	WGN46	8.4525	0.488641019712493	1108	7.49373387616252	9.41126612383747
109	WGN46	8.58650000000001	0.488641019712492	1108	7.62773387616254	9.54526612383749
110	WGN46	9.18300000000001	0.488641019712492	1108	8.22423387616253	10.1417661238375
111	WGN46	11.131	0.488641019712492	1108	10.1722338761625	12.0897661238375
112	WGN46	9.75050000000001	0.488641019712491	1108	8.79173387616254	10.7092661238375
113	WGN46	9.73650000000002	0.488641019712493	1108	8.77773387616254	10.6952661238375
114	WGN46	9.50600000000001	0.488641019712492	1108	8.54723387616253	10.4647661238375
115	WGN46	8.78450000000001	0.488641019712492	1108	7.82573387616254	9.74326612383749
116	WGN46	8.0615	0.488641019712493	1108	7.10273387616253	9.02026612383748
117	WGN46	8.62450000000001	0.488641019712492	1108	7.66573387616254	9.58326612383749
118	WGN46	8.73123715058612	0.691198520258023	1108	7.37503147129235	10.0874428298799
119	WGN46	9.54750000000001	0.488641019712492	1108	8.58873387616254	10.5062661238375
120	WGN46	10.65	0.488641019712492	1108	9.69123387616253	11.6087661238375
121	WGN46	9.17850000000001	0.488641019712492	1108	8.21973387616253	10.1372661238375
122	WGN46	9.97200000000001	0.488641019712492	1108	9.01323387616253	10.9307661238375
123	WGN46	8.82550000000001	0.488641019712493	1108	7.86673387616253	9.78426612383748
124	WGN46	8.70000000000001	0.488641019712493	1108	7.74123387616253	9.65876612383749
125	WGN46	9.14400000000001	0.488641019712493	1108	8.18523387616253	10.1027661238375
126	WGN46	8.66600000000001	0.488641019712493	1108	7.70723387616253	9.62476612383749
127	WGN46	8.69100000000001	0.488641019712493	1108	7.73223387616254	9.64976612383749
128	WGN46	11.2185	0.488641019712493	1108	10.2597338761625	12.1772661238375
129	WGN46	10.14	0.488641019712493	1108	9.18123387616254	11.0987661238375
130	WGN46	8.27800000000001	0.488641019712493	1108	7.31923387616254	9.23676612383749
1	WGN55	9.03649999999987	0.488641019712483	1108	8.07773387616241	9.99526612383733
2	WGN55	9.39999999999995	0.48864101971249	1108	8.44123387616248	10.3587661238374
3	WGN55	7.3615	0.488641019712488	1108	6.40273387616254	8.32026612383747
4	WGN55	8.53099999999997	0.488641019712497	1108	7.57223387616249	9.48976612383746
5	WGN55	8.85349999999999	0.488641019712487	1108	7.89473387616252	9.81226612383746
6	WGN55	9.40249999999999	0.488641019712489	1108	8.44373387616252	10.3612661238375
7	WGN55	8.28700000000001	0.488641019712492	1108	7.32823387616254	9.24576612383749
8	WGN55	9.49349999999997	0.488641019712485	1108	8.53473387616251	10.4522661238374
9	WGN55	10.195	0.488641019712496	1108	9.23623387616251	11.1537661238375
10	WGN55	10.4995	0.488641019712491	1108	9.54073387616249	11.4582661238374
11	WGN55	9.44799999999998	0.488641019712494	1108	8.4892338761625	10.4067661238375
12	WGN55	9.37776284941388	0.691198520258027	1108	8.0215571701201	10.7339685287077
13	WGN55	8.24399999999998	0.488641019712494	1108	7.2852338761625	9.20276612383746
14	WGN55	10.947	0.488641019712495	1108	9.98823387616252	11.9057661238375
15	WGN55	9.29199999999998	0.488641019712491	1108	8.33323387616251	10.2507661238375
16	WGN55	9.66649999999998	0.488641019712493	1108	8.7077338761625	10.6252661238375
17	WGN55	9.78176284941386	0.691198520258014	1108	8.4255571701201	11.1379685287076
18	WGN55	9.90199999999999	0.488641019712493	1108	8.94323387616251	10.8607661238375
19	WGN55	10.2475	0.48864101971249	1108	9.28873387616251	11.2062661238374
20	WGN55	9.00349999999999	0.48864101971249	1108	8.04473387616252	9.96226612383746
21	WGN55	7.89799999999998	0.488641019712494	1108	6.9392338761625	8.85676612383746
22	WGN55	8.49949999999998	0.48864101971249	1108	7.54073387616251	9.45826612383745
23	WGN55	9.21849999999998	0.488641019712488	1108	8.25973387616251	10.1772661238374
24	WGN55	10.5845	0.488641019712493	1108	9.62573387616251	11.5432661238375
25	WGN55	10.128	0.488641019712491	1108	9.1692338761625	11.0867661238374
26	WGN55	8.30749999999998	0.488641019712492	1108	7.34873387616251	9.26626612383746
27	WGN55	9.31849999999996	0.488641019712489	1108	8.35973387616249	10.2772661238374
28	WGN55	8.59076284941387	0.691198520258022	1108	7.2345571701201	9.94696852870764
29	WGN55	10.6145	0.488641019712497	1108	9.65573387616252	11.5732661238375
30	WGN55	7.76149999999995	0.488641019712497	1108	6.80273387616246	8.72026612383743
31	WGN55	10.295	0.488641019712493	1108	9.33623387616251	11.2537661238375
32	WGN55	10.4895	0.488641019712496	1108	9.53073387616253	11.4482661238375
33	WGN55	7.65799999999997	0.488641019712493	1108	6.69923387616249	8.61676612383745
34	WGN55	9.37749999999999	0.488641019712496	1108	8.4187338761625	10.3362661238375
35	WGN55	9.88599999999998	0.488641019712493	1108	8.9272338761625	10.8447661238375
36	WGN55	8.35199999999998	0.488641019712494	1108	7.3932338761625	9.31076612383746
37	WGN55	9.85299999999998	0.48864101971249	1108	8.89423387616251	10.8117661238374
38	WGN55	7.69349999999994	0.488641019712499	1108	6.73473387616245	8.65226612383743
40	WGN55	9.57999999999998	0.488641019712494	1108	8.6212338761625	10.5387661238375
41	WGN55	10.417	0.488641019712495	1108	9.4582338761625	11.3757661238375
42	WGN55	9.22149999999998	0.488641019712492	1108	8.26273387616251	10.1802661238375
43	WGN55	9.86249999999998	0.488641019712493	1108	8.90373387616251	10.8212661238375
44	WGN55	9.08049999999998	0.488641019712492	1108	8.12173387616251	10.0392661238375
45	WGN55	8.10899999999998	0.488641019712495	1108	7.1502338761625	9.06776612383746
46	WGN55	6.54900000000003	0.488641019712488	1108	5.59023387616256	7.50776612383749
47	WGN55	8.84799999999998	0.488641019712495	1108	7.8892338761625	9.80676612383746
48	WGN55	8.87599999999996	0.4886410197125	1108	7.91723387616247	9.83476612383745
49	WGN55	9.25249999999999	0.488641019712492	1108	8.29373387616251	10.2112661238375
50	WGN55	8.44899999999998	0.488641019712493	1108	7.49023387616251	9.40776612383746
52	WGN55	9.13449999999998	0.488641019712494	1108	8.1757338761625	10.0932661238375
53	WGN55	8.32349999999999	0.488641019712491	1108	7.36473387616252	9.28226612383746
54	WGN55	8.76899999999998	0.488641019712497	1108	7.81023387616249	9.72776612383746
55	WGN55	9.59599999999998	0.48864101971249	1108	8.63723387616251	10.5547661238375
56	WGN55	8.39249999999999	0.48864101971249	1108	7.43373387616252	9.35126612383746
57	WGN55	9.22249999999997	0.48864101971249	1108	8.2637338761625	10.1812661238374
58	WGN55	9.60299999999999	0.488641019712495	1108	8.64423387616251	10.5617661238375
59	WGN55	10.3055	0.488641019712494	1108	9.34673387616251	11.2642661238375
60	WGN55	8.53949999999999	0.488641019712492	1108	7.58073387616251	9.49826612383746
61	WGN55	7.90949999999997	0.488641019712493	1108	6.95073387616249	8.86826612383745
62	WGN55	9.84399999999998	0.488641019712493	1108	8.8852338761625	10.8027661238375
63	WGN55	9.07749999999998	0.488641019712493	1108	8.1187338761625	10.0362661238375
64	WGN55	9.52199999999999	0.488641019712496	1108	8.56323387616251	10.4807661238375
65	WGN55	9.15299999999998	0.488641019712492	1108	8.1942338761625	10.1117661238375
66	WGN55	9.50149999999999	0.488641019712491	1108	8.54273387616251	10.4602661238375
67	WGN55	8.76349999999998	0.488641019712491	1108	7.80473387616251	9.72226612383745
68	WGN55	9.32099999999998	0.488641019712493	1108	8.3622338761625	10.2797661238375
69	WGN55	9.76349999999999	0.488641019712494	1108	8.80473387616251	10.7222661238375
70	WGN55	8.55149999999998	0.488641019712492	1108	7.59273387616251	9.51026612383746
71	WGN55	8.66299999999998	0.488641019712494	1108	7.7042338761625	9.62176612383746
72	WGN55	6.7645	0.488641019712492	1108	5.80573387616252	7.72326612383747
73	WGN55	10.584	0.488641019712496	1108	9.62523387616251	11.5427661238375
74	WGN55	9.42149999999998	0.48864101971249	1108	8.46273387616251	10.3802661238374
75	WGN55	10.5305	0.488641019712492	1108	9.57173387616251	11.4892661238375
76	WGN55	7.9375	0.488641019712489	1108	6.97873387616253	8.89626612383747
77	WGN55	7.02099999999997	0.488641019712495	1108	6.06223387616249	7.97976612383745
78	WGN55	8.74699999999998	0.488641019712495	1108	7.7882338761625	9.70576612383746
80	WGN55	9.19749999999998	0.488641019712492	1108	8.23873387616251	10.1562661238375
81	WGN55	8.18899999999998	0.488641019712493	1108	7.23023387616251	9.14776612383746
82	WGN55	8.41549999999998	0.488641019712492	1108	7.45673387616251	9.37426612383745
83	WGN55	9.11699999999998	0.488641019712492	1108	8.15823387616251	10.0757661238375
84	WGN55	10.0635	0.488641019712494	1108	9.1047338761625	11.0222661238375
85	WGN55	9.15749999999998	0.488641019712493	1108	8.1987338761625	10.1162661238375
86	WGN55	8.69749999999998	0.488641019712494	1108	7.7387338761625	9.65626612383746
87	WGN55	9.17699999999998	0.488641019712494	1108	8.2182338761625	10.1357661238375
88	WGN55	8.69499999999998	0.488641019712494	1108	7.7362338761625	9.65376612383746
89	WGN55	9.20499999999998	0.488641019712492	1108	8.2462338761625	10.1637661238375
90	WGN55	8.16499999999998	0.488641019712493	1108	7.2062338761625	9.12376612383746
91	WGN55	10.178	0.488641019712493	1108	9.21923387616251	11.1367661238375
92	WGN55	8.35899999999998	0.488641019712493	1108	7.40023387616251	9.31776612383746
93	WGN55	9.47399999999998	0.488641019712493	1108	8.5152338761625	10.4327661238375
94	WGN55	8.65099999999998	0.488641019712492	1108	7.69223387616251	9.60976612383746
95	WGN55	10.145	0.488641019712495	1108	9.18623387616251	11.1037661238375
96	WGN55	9.94049999999998	0.488641019712493	1108	8.9817338761625	10.8992661238375
97	WGN55	9.25249999999998	0.488641019712492	1108	8.29373387616251	10.2112661238375
98	WGN55	8.58949999999998	0.488641019712495	1108	7.6307338761625	9.54826612383746
99	WGN55	8.90749999999998	0.488641019712493	1108	7.94873387616251	9.86626612383746
100	WGN55	9.35499999999998	0.488641019712491	1108	8.39623387616251	10.3137661238375
101	WGN55	9.07849999999998	0.488641019712493	1108	8.11973387616251	10.0372661238375
102	WGN55	9.20449999999998	0.488641019712493	1108	8.2457338761625	10.1632661238375
103	WGN55	8.90749999999999	0.488641019712492	1108	7.94873387616251	9.86626612383746
104	WGN55	8.59723715058609	0.691198520258021	1108	7.24103147129232	9.95344282987986
105	WGN55	8.05199999999998	0.488641019712493	1108	7.09323387616251	9.01076612383746
106	WGN55	9.08099999999999	0.488641019712494	1108	8.12223387616251	10.0397661238375
107	WGN55	11.1405	0.488641019712492	1108	10.1817338761625	12.0992661238375
108	WGN55	10.0185	0.488641019712493	1108	9.05973387616251	10.9772661238375
109	WGN55	10.334	0.488641019712492	1108	9.3752338761625	11.2927661238375
110	WGN55	9.73499999999998	0.488641019712493	1108	8.77623387616251	10.6937661238375
111	WGN55	10.248	0.488641019712493	1108	9.28923387616251	11.2067661238375
112	WGN55	10.133	0.488641019712493	1108	9.1742338761625	11.0917661238375
113	WGN55	8.95649999999998	0.488641019712494	1108	7.9977338761625	9.91526612383746
114	WGN55	8.65499999999998	0.488641019712493	1108	7.69623387616251	9.61376612383746
115	WGN55	9.24349999999998	0.488641019712493	1108	8.28473387616251	10.2022661238375
116	WGN55	8.02723715058609	0.691198520258022	1108	6.67103147129232	9.38344282987986
117	WGN55	10.4445	0.488641019712493	1108	9.48573387616251	11.4032661238375
118	WGN55	8.19749999999998	0.488641019712493	1108	7.2387338761625	9.15626612383746
119	WGN55	9.08649999999998	0.488641019712493	1108	8.12773387616251	10.0452661238375
120	WGN55	10.1905	0.488641019712493	1108	9.23173387616251	11.1492661238375
121	WGN55	7.94849999999998	0.488641019712493	1108	6.9897338761625	8.90726612383746
122	WGN55	9.23599999999998	0.488641019712493	1108	8.27723387616251	10.1947661238375
123	WGN55	9.72299999999998	0.488641019712493	1108	8.76423387616251	10.6817661238375
124	WGN55	11.57	0.488641019712493	1108	10.6112338761625	12.5287661238375
125	WGN55	8.61249999999998	0.488641019712493	1108	7.65373387616251	9.57126612383746
126	WGN55	7.73799999999998	0.488641019712493	1108	6.7792338761625	8.69676612383746
128	WGN55	8.22299999999998	0.488641019712493	1108	7.26423387616251	9.18176612383746
129	WGN55	10.0775	0.488641019712493	1108	9.1187338761625	11.0362661238375
130	WGN55	8.83199999999998	0.488641019712493	1108	7.87323387616251	9.79076612383746
1	WGN63	10.5305	0.488641019712496	1108	9.5717338761625	11.4892661238375
2	WGN63	11.3795	0.48864101971249	1108	10.4207338761625	12.3382661238375
3	WGN63	10.8265	0.488641019712492	1108	9.86773387616252	11.7852661238375
4	WGN63	11.828	0.488641019712492	1108	10.8692338761625	12.7867661238375
5	WGN63	11	0.48864101971249	1108	10.0412338761625	11.9587661238375
6	WGN63	10.1877628494139	0.691198520258017	1108	8.83155717012012	11.5439685287076
7	WGN63	10.9395	0.488641019712492	1108	9.98073387616255	11.8982661238375
8	WGN63	9.69549999999997	0.488641019712495	1108	8.73673387616248	10.6542661238374
9	WGN63	11.4115	0.488641019712492	1108	10.4527338761625	12.3702661238375
10	WGN63	10.9445	0.488641019712495	1108	9.98573387616252	11.9032661238375
12	WGN63	10.601	0.488641019712493	1108	9.64223387616252	11.5597661238375
13	WGN63	11.9812371505861	0.691198520258022	1108	10.6250314712923	13.3374428298799
14	WGN63	9.28749999999999	0.488641019712494	1108	8.32873387616251	10.2462661238375
16	WGN63	10.0745	0.488641019712495	1108	9.1157338761625	11.0332661238375
17	WGN63	9.49376284941387	0.691198520258022	1108	8.1375571701201	10.8499685287076
18	WGN63	9.51299999999999	0.488641019712494	1108	8.55423387616251	10.4717661238375
19	WGN63	10.0005	0.488641019712494	1108	9.04173387616252	10.9592661238375
20	WGN63	10.7565	0.488641019712493	1108	9.79773387616253	11.7152661238375
21	WGN63	9.91899999999999	0.488641019712492	1108	8.96023387616251	10.8777661238375
22	WGN63	10.9025	0.488641019712492	1108	9.94373387616251	11.8612661238375
23	WGN63	11.083	0.488641019712493	1108	10.1242338761625	12.0417661238375
24	WGN63	10.898	0.488641019712493	1108	9.93923387616252	11.8567661238375
25	WGN63	10.8255	0.488641019712493	1108	9.86673387616252	11.7842661238375
26	WGN63	11.468	0.48864101971249	1108	10.5092338761625	12.4267661238375
27	WGN63	10.961	0.488641019712487	1108	10.0022338761625	11.9197661238375
28	WGN63	12.0855	0.48864101971249	1108	11.1267338761625	13.0442661238375
29	WGN63	10.854	0.488641019712495	1108	9.89523387616252	11.8127661238375
30	WGN63	12.1315	0.488641019712488	1108	11.1727338761625	13.0902661238375
31	WGN63	9.54099999999998	0.488641019712495	1108	8.5822338761625	10.4997661238375
32	WGN63	10.8505	0.488641019712491	1108	9.89173387616253	11.8092661238375
33	WGN63	9.89350000000001	0.488641019712489	1108	8.93473387616254	10.8522661238375
34	WGN63	10.627	0.488641019712493	1108	9.66823387616252	11.5857661238375
35	WGN63	10.802	0.488641019712492	1108	9.84323387616252	11.7607661238375
36	WGN63	10.05	0.488641019712495	1108	9.09123387616251	11.0087661238375
37	WGN63	11.268	0.488641019712492	1108	10.3092338761625	12.2267661238375
38	WGN63	13.0945	0.488641019712489	1108	12.1357338761625	14.0532661238374
39	WGN63	11.3085	0.488641019712491	1108	10.3497338761625	12.2672661238375
40	WGN63	8.77449999999998	0.488641019712495	1108	7.8157338761625	9.73326612383746
41	WGN63	10.8187628494139	0.69119852025802	1108	9.46255717012013	12.1749685287077
42	WGN63	10.7425	0.488641019712488	1108	9.78373387616252	11.7012661238375
43	WGN63	9.6755	0.488641019712491	1108	8.71673387616253	10.6342661238375
44	WGN63	10.034	0.488641019712495	1108	9.0752338761625	10.9927661238375
45	WGN63	10.1275	0.488641019712494	1108	9.16873387616251	11.0862661238375
46	WGN63	12.405	0.488641019712489	1108	11.4462338761625	13.3637661238374
47	WGN63	9.4865	0.488641019712492	1108	8.52773387616252	10.4452661238375
48	WGN63	10.9615	0.488641019712496	1108	10.0027338761625	11.9202661238375
49	WGN63	9.91549999999998	0.488641019712495	1108	8.9567338761625	10.8742661238375
50	WGN63	9.26349999999998	0.488641019712496	1108	8.30473387616249	10.2222661238375
51	WGN63	11.6462371505861	0.69119852025802	1108	10.2900314712924	13.0024428298799
52	WGN63	11.208	0.488641019712492	1108	10.2492338761625	12.1667661238375
53	WGN63	12.292	0.488641019712491	1108	11.3332338761625	13.2507661238375
54	WGN63	11.777	0.488641019712493	1108	10.8182338761625	12.7357661238375
55	WGN63	10.755	0.488641019712492	1108	9.79623387616253	11.7137661238375
56	WGN63	11.054	0.488641019712492	1108	10.0952338761625	12.0127661238375
57	WGN63	12.5985	0.488641019712493	1108	11.6397338761625	13.5572661238375
58	WGN63	11.3285	0.488641019712494	1108	10.3697338761625	12.2872661238375
59	WGN63	9.7525	0.488641019712493	1108	8.79373387616252	10.7112661238375
60	WGN63	10.99	0.488641019712491	1108	10.0312338761625	11.9487661238375
61	WGN63	10.1995	0.488641019712493	1108	9.24073387616253	11.1582661238375
62	WGN63	9.31499999999999	0.488641019712491	1108	8.35623387616252	10.2737661238375
63	WGN63	10.779	0.488641019712494	1108	9.82023387616252	11.7377661238375
64	WGN63	9.98249999999999	0.488641019712494	1108	9.02373387616251	10.9412661238375
65	WGN63	11.8565	0.488641019712495	1108	10.8977338761625	12.8152661238375
66	WGN63	8.796	0.488641019712493	1108	7.83723387616252	9.75476612383748
67	WGN63	10.294	0.488641019712492	1108	9.33523387616252	11.2527661238375
68	WGN63	9.08749999999999	0.488641019712493	1108	8.12873387616252	10.0462661238375
69	WGN63	11.147	0.488641019712491	1108	10.1882338761625	12.1057661238375
70	WGN63	11.467	0.488641019712495	1108	10.5082338761625	12.4257661238375
72	WGN63	10.463	0.488641019712493	1108	9.50423387616253	11.4217661238375
73	WGN63	9.939	0.488641019712491	1108	8.98023387616252	10.8977661238375
74	WGN63	11.9	0.488641019712491	1108	10.9412338761625	12.8587661238375
75	WGN63	11.4675	0.488641019712491	1108	10.5087338761625	12.4262661238375
76	WGN63	10.506	0.48864101971249	1108	9.54723387616253	11.4647661238375
77	WGN63	12.382	0.488641019712493	1108	11.4232338761625	13.3407661238375
78	WGN63	10.184	0.488641019712492	1108	9.22523387616252	11.1427661238375
79	WGN63	10.7745	0.488641019712491	1108	9.81573387616252	11.7332661238375
80	WGN63	11.478	0.488641019712491	1108	10.5192338761625	12.4367661238375
81	WGN63	10.517	0.488641019712492	1108	9.55823387616252	11.4757661238375
82	WGN63	9.2135	0.488641019712493	1108	8.25473387616252	10.1722661238375
83	WGN63	11.497	0.488641019712493	1108	10.5382338761625	12.4557661238375
84	WGN63	10.0755	0.488641019712491	1108	9.11673387616252	11.0342661238375
85	WGN63	11.8685	0.488641019712492	1108	10.9097338761625	12.8272661238375
86	WGN63	11.594	0.488641019712491	1108	10.6352338761625	12.5527661238375
87	WGN63	10.709	0.488641019712492	1108	9.75023387616252	11.6677661238375
88	WGN63	11.0975	0.488641019712493	1108	10.1387338761625	12.0562661238375
89	WGN63	10.564	0.488641019712492	1108	9.60523387616253	11.5227661238375
90	WGN63	10.5302371505861	0.691198520258022	1108	9.17403147129233	11.8864428298799
91	WGN63	10.5225	0.488641019712493	1108	9.56373387616252	11.4812661238375
92	WGN63	11.083	0.488641019712492	1108	10.1242338761625	12.0417661238375
93	WGN63	10.3475	0.488641019712492	1108	9.38873387616252	11.3062661238375
94	WGN63	11.8735	0.488641019712492	1108	10.9147338761625	12.8322661238375
95	WGN63	11.4947628494139	0.691198520258021	1108	10.1385571701201	12.8509685287077
96	WGN63	9.7595	0.488641019712492	1108	8.80073387616252	10.7182661238375
97	WGN63	10.681	0.488641019712492	1108	9.72223387616252	11.6397661238375
98	WGN63	10.726	0.488641019712492	1108	9.76723387616252	11.6847661238375
99	WGN63	9.739	0.488641019712493	1108	8.78023387616252	10.6977661238375
100	WGN63	10.591	0.488641019712492	1108	9.63223387616252	11.5497661238375
101	WGN63	11.882	0.488641019712493	1108	10.9232338761625	12.8407661238375
102	WGN63	11.7525	0.488641019712493	1108	10.7937338761625	12.7112661238375
103	WGN63	10.4925	0.488641019712493	1108	9.53373387616252	11.4512661238375
105	WGN63	10.202	0.488641019712492	1108	9.24323387616252	11.1607661238375
106	WGN63	9.11876284941389	0.691198520258022	1108	7.76255717012011	10.4749685287077
107	WGN63	11.15	0.488641019712493	1108	10.1912338761625	12.1087661238375
109	WGN63	8.66299999999999	0.488641019712493	1108	7.70423387616252	9.62176612383747
110	WGN63	8.875	0.488641019712492	1108	7.91623387616253	9.83376612383748
111	WGN63	11.716	0.488641019712492	1108	10.7572338761625	12.6747661238375
112	WGN63	9.6105	0.488641019712492	1108	8.65173387616253	10.5692661238375
114	WGN63	10.0795	0.488641019712493	1108	9.12073387616252	11.0382661238375
115	WGN63	11.767	0.488641019712492	1108	10.8082338761625	12.7257661238375
116	WGN63	10.8995	0.488641019712492	1108	9.94073387616252	11.8582661238375
117	WGN63	10.9605	0.488641019712492	1108	10.0017338761625	11.9192661238375
118	WGN63	10.452	0.488641019712492	1108	9.49323387616252	11.4107661238375
119	WGN63	11.267	0.488641019712492	1108	10.3082338761625	12.2257661238375
121	WGN63	11.192	0.488641019712492	1108	10.2332338761625	12.1507661238375
122	WGN63	9.2105	0.488641019712493	1108	8.25173387616252	10.1692661238375
123	WGN63	12.5365	0.488641019712492	1108	11.5777338761625	13.4952661238375
124	WGN63	13.2215	0.488641019712493	1108	12.2627338761625	14.1802661238375
125	WGN63	10.858	0.488641019712493	1108	9.89923387616252	11.8167661238375
126	WGN63	10.1975	0.488641019712493	1108	9.23873387616252	11.1562661238375
127	WGN63	10.966	0.488641019712492	1108	10.0072338761625	11.9247661238375
128	WGN63	9.4115	0.488641019712492	1108	8.45273387616252	10.3702661238375
129	WGN63	11.148	0.488641019712492	1108	10.1892338761625	12.1067661238375
130	WGN63	12.141	0.488641019712492	1108	11.1822338761625	13.0997661238375
