plantID3	famID	emmean	SE	df	lower.CL	upper.CL
1	WGN07	4.93836458333324	0.572317863144354	191	3.80948935221621	6.06723981445026
2	WGN07	4.08963541666658	0.572317863144353	191	2.96076018554956	5.21851064778361
5	WGN07	5.50449999999996	0.404163929076202	191	4.70730201226218	6.30169798773774
7	WGN07	4.37863541666662	0.572317863144325	191	3.24976018554965	5.5075106477836
8	WGN07	5.08849999999988	0.404163929076196	191	4.29130201226211	5.88569798773765
9	WGN07	6.52063541666664	0.572317863144364	191	5.39176018554959	7.64951064778369
11	WGN07	4.2063645833333	0.572317863144366	191	3.07748935221624	5.33523981445035
13	WGN07	6.55836458333331	0.572317863144344	191	5.4294893522163	7.68723981445032
14	WGN07	5.04536458333333	0.572317863144359	191	3.91648935221629	6.17423981445037
15	WGN07	6.11036458333335	0.572317863144372	191	4.98148935221629	7.23923981445042
16	WGN07	4.91036458333333	0.572317863144365	191	3.78148935221627	6.03923981445038
17	WGN07	5.20699999999998	0.404163929076204	191	4.4098020122622	6.00419798773776
18	WGN07	5.24336458333332	0.572317863144364	191	4.11448935221627	6.37223981445037
21	WGN07	4.32149999999997	0.404163929076208	191	3.52430201226218	5.11869798773776
25	WGN07	5.89136458333332	0.57231786314436	191	4.76248935221628	7.02023981445036
28	WGN07	5.01936458333332	0.572317863144357	191	3.89048935221628	6.14823981445036
29	WGN07	5.78399999999999	0.404163929076205	191	4.9868020122622	6.58119798773777
31	WGN07	5.03949999999999	0.404163929076209	191	4.2423020122622	5.83669798773778
34	WGN07	5.87436458333332	0.572317863144357	191	4.74548935221628	7.00323981445035
35	WGN07	5.09600000000001	0.40416392907621	191	4.29880201226221	5.8931979877378
38	WGN07	5.81936458333332	0.572317863144364	191	4.69048935221627	6.94823981445037
40	WGN07	4.66636458333332	0.572317863144362	191	3.53748935221627	5.79523981445036
42	WGN07	5.05063541666665	0.572317863144366	191	3.92176018554959	6.1795106477837
47	WGN07	5.11649999999999	0.404163929076208	191	4.3193020122622	5.91369798773778
50	WGN07	4.48963541666666	0.572317863144357	191	3.36076018554963	5.6185106477837
58	WGN07	6.24336458333333	0.572317863144365	191	5.11448935221628	7.37223981445039
61	WGN07	5.50363541666664	0.572317863144351	191	4.37476018554962	6.63251064778366
64	WGN07	4.94663541666665	0.572317863144362	191	3.81776018554961	6.0755106477837
68	WGN07	3.46036458333332	0.572317863144362	191	2.33148935221628	4.58923981445037
69	WGN07	5.91036458333332	0.572317863144363	191	4.78148935221627	7.03923981445037
74	WGN07	6.13299999999998	0.404163929076209	191	5.33580201226219	6.93019798773777
75	WGN07	4.63736458333331	0.572317863144361	191	3.50848935221627	5.76623981445036
79	WGN07	6	0.40416392907621	191	5.2028020122622	6.79719798773779
82	WGN07	5.33436458333331	0.57231786314436	191	4.20548935221627	6.46323981445035
85	WGN07	5.56063541666665	0.572317863144357	191	4.43176018554962	6.68951064778369
87	WGN07	5.33149999999999	0.404163929076209	191	4.53430201226219	6.12869798773778
89	WGN07	3.79036458333332	0.572317863144362	191	2.66148935221628	4.91923981445037
90	WGN07	5.99336458333332	0.572317863144359	191	4.86448935221628	7.12223981445036
91	WGN07	6.11563541666667	0.572317863144369	191	4.98676018554961	7.24451064778373
94	WGN07	5.52536458333333	0.572317863144367	191	4.39648935221627	6.65423981445038
97	WGN07	6.09536458333333	0.572317863144357	191	4.96648935221629	7.22423981445036
98	WGN07	5.15749999999999	0.404163929076209	191	4.3603020122622	5.95469798773778
100	WGN07	5.48936458333332	0.572317863144358	191	4.36048935221629	6.61823981445036
105	WGN07	4.34249999999999	0.404163929076209	191	3.5453020122622	5.13969798773779
106	WGN07	4.63763541666666	0.572317863144365	191	3.50876018554961	5.76651064778371
108	WGN07	5.82336458333332	0.57231786314436	191	4.69448935221628	6.95223981445037
112	WGN07	5.17636458333332	0.572317863144363	191	4.04748935221627	6.30523981445037
115	WGN07	5.39363541666665	0.572317863144364	191	4.2647601855496	6.5225106477837
116	WGN07	5.26149999999998	0.404163929076205	191	4.4643020122622	6.05869798773777
117	WGN07	6.06436458333332	0.572317863144361	191	4.93548935221628	7.19323981445036
119	WGN07	5.14049999999997	0.404163929076204	191	4.34330201226219	5.93769798773776
122	WGN07	5.43436458333333	0.572317863144365	191	4.30548935221628	6.56323981445038
123	WGN07	3.98536458333331	0.57231786314435	191	2.85648935221629	5.11423981445033
124	WGN07	5.51449999999999	0.404163929076205	191	4.71730201226221	6.31169798773778
128	WGN07	4.95536458333331	0.572317863144362	191	3.82648935221626	6.08423981445035
129	WGN07	5.03849999999999	0.404163929076207	191	4.24130201226221	5.83569798773778
1	WGN15	7.03536458333335	0.572317863144358	191	5.90648935221631	8.16423981445039
5	WGN15	5.11036458333332	0.572317863144365	191	3.98148935221627	6.23923981445037
14	WGN15	5.03936458333329	0.572317863144366	191	3.91048935221624	6.16823981445034
15	WGN15	5.77163541666669	0.572317863144362	191	4.64276018554964	6.90051064778373
17	WGN15	5.52336458333335	0.572317863144361	191	4.39448935221631	6.6522398144504
19	WGN15	5.27836458333333	0.572317863144363	191	4.14948935221629	6.40723981445038
29	WGN15	4.72836458333329	0.572317863144364	191	3.59948935221624	5.85723981445034
33	WGN15	6.05736458333333	0.572317863144357	191	4.9284893522163	7.18623981445037
39	WGN15	5.75236458333333	0.572317863144358	191	4.6234893522163	6.88123981445037
40	WGN15	6.13636458333337	0.57231786314436	191	5.00748935221633	7.26523981445041
55	WGN15	4.4355	0.404163929076208	191	3.63830201226221	5.23269798773779
59	WGN15	5.66036458333331	0.572317863144362	191	4.53148935221626	6.78923981445036
70	WGN15	5.71036458333336	0.572317863144353	191	4.58148935221633	6.83923981445039
73	WGN15	5.69836458333334	0.572317863144355	191	4.56948935221631	6.82723981445038
85	WGN15	5.7475	0.404163929076209	191	4.9503020122622	6.54469798773779
93	WGN15	4.36536458333333	0.572317863144362	191	3.23648935221628	5.49423981445037
101	WGN15	5.13400000000001	0.404163929076207	191	4.33680201226222	5.9311979877378
115	WGN15	4.52836458333335	0.572317863144361	191	3.3994893522163	5.65723981445039
121	WGN15	4.94436458333334	0.572317863144357	191	3.8154893522163	6.07323981445037
122	WGN15	4.6116354166667	0.57231786314436	191	3.48276018554966	5.74051064778374
123	WGN15	5.72836458333333	0.572317863144361	191	4.59948935221628	6.85723981445037
128	WGN15	5.97536458333334	0.57231786314436	191	4.8464893522163	7.10423981445038
130	WGN15	3.81736458333336	0.572317863144361	191	2.68848935221631	4.9462398144504
1	WGN26	5.164	0.404163929076209	191	4.36680201226221	5.96119798773779
5	WGN26	5.15549999999999	0.404163929076205	191	4.35830201226221	5.95269798773778
7	WGN26	5.83336458333333	0.572317863144361	191	4.70448935221629	6.96223981445037
13	WGN26	5.21836458333333	0.572317863144361	191	4.08948935221628	6.34723981445037
15	WGN26	4.50536458333332	0.572317863144366	191	3.37648935221626	5.63423981445037
17	WGN26	6.78536458333335	0.572317863144364	191	5.6564893522163	7.9142398144504
18	WGN26	5.26636458333333	0.572317863144364	191	4.13748935221628	6.39523981445038
19	WGN26	5.842	0.404163929076211	191	5.04480201226221	6.6391979877378
20	WGN26	5.39136458333333	0.572317863144363	191	4.26248935221628	6.52023981445037
21	WGN26	5.96336458333333	0.572317863144362	191	4.83448935221628	7.09223981445037
22	WGN26	6.62963541666666	0.57231786314436	191	5.50076018554961	7.7585106477837
23	WGN26	4.58536458333334	0.572317863144358	191	3.4564893522163	5.71423981445037
24	WGN26	5.13736458333333	0.572317863144358	191	4.00848935221629	6.26623981445036
31	WGN26	5.24199999999999	0.40416392907621	191	4.44480201226219	6.03919798773779
35	WGN26	5.96936458333332	0.572317863144362	191	4.84048935221627	7.09823981445036
38	WGN26	5.84036458333333	0.572317863144361	191	4.71148935221628	6.96923981445037
39	WGN26	6.256	0.40416392907621	191	5.45880201226221	7.0531979877378
42	WGN26	6.59899999999999	0.404163929076209	191	5.8018020122622	7.39619798773779
43	WGN26	5.08963541666666	0.572317863144361	191	3.96076018554962	6.2185106477837
44	WGN26	7.1045	0.404163929076207	191	6.30730201226221	7.90169798773779
46	WGN26	4.64163541666665	0.572317863144364	191	3.5127601855496	5.7705106477837
50	WGN26	6.72936458333333	0.572317863144364	191	5.60048935221628	7.85823981445038
51	WGN26	4.9655	0.404163929076207	191	4.16830201226221	5.76269798773779
52	WGN26	5.81036458333332	0.572317863144357	191	4.68148935221629	6.93923981445036
53	WGN26	6.25836458333334	0.572317863144365	191	5.12948935221629	7.38723981445039
55	WGN26	5.87349999999998	0.404163929076209	191	5.07630201226219	6.67069798773778
57	WGN26	5.74336458333333	0.572317863144362	191	4.61448935221628	6.87223981445037
58	WGN26	7.78563541666666	0.572317863144361	191	6.65676018554962	8.91451064778371
60	WGN26	6.00663541666666	0.572317863144359	191	4.87776018554962	7.1355106477837
62	WGN26	6.99736458333333	0.572317863144363	191	5.86848935221628	8.12623981445038
66	WGN26	5.89536458333333	0.572317863144361	191	4.76648935221628	7.02423981445037
69	WGN26	5.22299999999999	0.404163929076208	191	4.4258020122622	6.02019798773778
70	WGN26	6.02463541666665	0.572317863144362	191	4.89576018554961	7.1535106477837
75	WGN26	6.08200000000001	0.40416392907621	191	5.28480201226221	6.8791979877378
77	WGN26	4.84336458333332	0.572317863144364	191	3.71448935221627	5.97223981445037
81	WGN26	5.40236458333332	0.572317863144363	191	4.27348935221628	6.53123981445037
82	WGN26	5.82836458333333	0.572317863144366	191	4.69948935221627	6.95723981445038
83	WGN26	5.78136458333332	0.572317863144363	191	4.65248935221627	6.91023981445037
85	WGN26	6.31936458333332	0.572317863144365	191	5.19048935221627	7.44823981445037
87	WGN26	5.26036458333332	0.57231786314436	191	4.13148935221628	6.38923981445036
88	WGN26	4.59336458333332	0.572317863144364	191	3.46448935221627	5.72223981445037
93	WGN26	5.04549999999999	0.404163929076206	191	4.24830201226221	5.84269798773778
94	WGN26	5.69836458333331	0.57231786314436	191	4.56948935221626	6.82723981445035
95	WGN26	4.91036458333333	0.57231786314436	191	3.78148935221629	6.03923981445037
97	WGN26	6.99336458333334	0.572317863144365	191	5.86448935221629	8.12223981445039
98	WGN26	5.82436458333332	0.572317863144364	191	4.69548935221627	6.95323981445037
99	WGN26	6.47463541666666	0.572317863144363	191	5.34576018554962	7.60351064778371
100	WGN26	5.62036458333332	0.572317863144357	191	4.49148935221629	6.74923981445036
105	WGN26	6.0925	0.404163929076207	191	5.29530201226222	6.88969798773779
108	WGN26	6.60636458333332	0.572317863144359	191	5.47748935221628	7.73523981445036
109	WGN26	6.05663541666665	0.572317863144361	191	4.92776018554961	7.1855106477837
111	WGN26	6.48136458333333	0.572317863144363	191	5.35248935221628	7.61023981445038
112	WGN26	5.46236458333334	0.57231786314437	191	4.33348935221627	6.5912398144504
115	WGN26	5.08136458333334	0.57231786314435	191	3.95248935221632	6.21023981445037
117	WGN26	4.76036458333332	0.572317863144362	191	3.63148935221628	5.88923981445037
118	WGN26	6.17599999999998	0.404163929076203	191	5.3788020122622	6.97319798773776
121	WGN26	5.20549999999999	0.404163929076208	191	4.4083020122622	6.00269798773778
123	WGN26	4.05336458333334	0.572317863144361	191	2.9244893522163	5.18223981445038
125	WGN26	4.75236458333333	0.572317863144362	191	3.62348935221628	5.88123981445037
126	WGN26	4.65463541666666	0.572317863144361	191	3.52576018554962	5.78351064778371
127	WGN26	3.71036458333331	0.572317863144362	191	2.58148935221627	4.83923981445036
128	WGN26	6.02963541666664	0.572317863144361	191	4.9007601855496	7.15851064778369
130	WGN26	7.50636458333332	0.57231786314436	191	6.37748935221628	8.63523981445036
1	WGN36	6.12763541666662	0.572317863144368	191	4.99876018554956	7.25651064778367
2	WGN36	4.91036458333334	0.572317863144358	191	3.78148935221631	6.03923981445038
4	WGN36	5.3145	0.404163929076208	191	4.51730201226221	6.11169798773779
8	WGN36	5.9015	0.404163929076207	191	5.10430201226221	6.69869798773779
11	WGN36	5.81536458333333	0.572317863144362	191	4.68648935221628	6.94423981445037
13	WGN36	5.67563541666667	0.57231786314436	191	4.54676018554962	6.80451064778371
15	WGN36	5.14499999999999	0.404163929076209	191	4.3478020122622	5.94219798773778
16	WGN36	4.66563541666665	0.572317863144363	191	3.5367601855496	5.7945106477837
17	WGN36	5.7305	0.404163929076208	191	4.93330201226221	6.52769798773779
20	WGN36	7.11549999999999	0.404163929076207	191	6.3183020122622	7.91269798773777
21	WGN36	4.98436458333333	0.572317863144359	191	3.85548935221629	6.11323981445037
22	WGN36	6.3325	0.404163929076207	191	5.53530201226222	7.12969798773779
24	WGN36	6.26236458333334	0.572317863144365	191	5.13348935221629	7.39123981445039
26	WGN36	5.219	0.404163929076209	191	4.42180201226221	6.01619798773779
28	WGN36	5.58736458333333	0.572317863144362	191	4.45848935221629	6.71623981445038
30	WGN36	5.1095	0.404163929076208	191	4.31230201226221	5.90669798773779
31	WGN36	5.23936458333333	0.572317863144364	191	4.11048935221628	6.36823981445038
32	WGN36	5.28136458333333	0.572317863144361	191	4.15248935221629	6.41023981445038
33	WGN36	4.33963541666664	0.572317863144363	191	3.21076018554959	5.46851064778369
34	WGN36	5.68836458333333	0.572317863144363	191	4.55948935221629	6.81723981445038
36	WGN36	4.76736458333332	0.572317863144364	191	3.63848935221627	5.89623981445037
37	WGN36	5.95363541666667	0.57231786314436	191	4.82476018554963	7.08251064778371
39	WGN36	5.581	0.404163929076207	191	4.78380201226221	6.37819798773779
42	WGN36	5.29136458333334	0.572317863144359	191	4.1624893522163	6.42023981445038
43	WGN36	6.69863541666666	0.572317863144357	191	5.56976018554963	7.8275106477837
46	WGN36	4.88149999999999	0.40416392907621	191	4.08430201226219	5.67869798773778
49	WGN36	3.88136458333332	0.572317863144365	191	2.75248935221627	5.01023981445037
51	WGN36	5.19836458333333	0.572317863144363	191	4.06948935221628	6.32723981445037
52	WGN36	6.36236458333334	0.572317863144367	191	5.23348935221628	7.49123981445039
55	WGN36	5.74463541666666	0.572317863144362	191	4.61576018554962	6.87351064778371
56	WGN36	4.62136458333334	0.572317863144361	191	3.49248935221629	5.75023981445038
57	WGN36	6.44300000000002	0.404163929076207	191	5.64580201226223	7.24019798773781
58	WGN36	4.73100000000001	0.404163929076206	191	3.93380201226223	5.5281979877378
59	WGN36	5.93150000000001	0.404163929076208	191	5.13430201226222	6.7286979877378
60	WGN36	5.45663541666667	0.572317863144363	191	4.32776018554962	6.58551064778372
62	WGN36	5.686	0.404163929076207	191	4.88880201226222	6.48319798773779
68	WGN36	6.29536458333333	0.57231786314436	191	5.16648935221629	7.42423981445037
69	WGN36	6.75436458333336	0.572317863144357	191	5.62548935221632	7.88323981445039
71	WGN36	6.86836458333333	0.572317863144359	191	5.73948935221629	7.99723981445037
74	WGN36	5.66836458333333	0.572317863144357	191	4.5394893522163	6.79723981445037
76	WGN36	4.73636458333333	0.572317863144359	191	3.60748935221629	5.86523981445037
78	WGN36	4.38636458333334	0.572317863144358	191	3.2574893522163	5.51523981445038
81	WGN36	6.41	0.404163929076206	191	5.61280201226222	7.20719798773779
82	WGN36	4.06236458333333	0.57231786314436	191	2.93348935221629	5.19123981445037
84	WGN36	5.15436458333333	0.572317863144362	191	4.02548935221629	6.28323981445038
89	WGN36	5.23036458333334	0.572317863144364	191	4.10148935221629	6.35923981445039
92	WGN36	5.75436458333333	0.572317863144362	191	4.62548935221629	6.88323981445038
95	WGN36	4.52936458333334	0.572317863144359	191	3.4004893522163	5.65823981445038
96	WGN36	7.0325	0.404163929076209	191	6.2353020122622	7.82969798773779
98	WGN36	5.20363541666667	0.57231786314436	191	4.07476018554963	6.33251064778371
105	WGN36	6.18736458333333	0.572317863144359	191	5.05848935221629	7.31623981445037
109	WGN36	6.02136458333333	0.572317863144361	191	4.89248935221629	7.15023981445037
118	WGN36	5.44463541666666	0.572317863144361	191	4.31576018554962	6.57351064778371
120	WGN36	5.4335	0.404163929076207	191	4.63630201226221	6.23069798773779
121	WGN36	6.31163541666666	0.572317863144356	191	5.18276018554963	7.4405106477837
122	WGN36	5.109	0.404163929076208	191	4.31180201226221	5.90619798773779
123	WGN36	4.822	0.404163929076211	191	4.0248020122622	5.61919798773779
124	WGN36	4.68436458333334	0.572317863144361	191	3.55548935221629	5.81323981445038
125	WGN36	4.89236458333332	0.572317863144364	191	3.76348935221627	6.02123981445037
126	WGN36	6.22350000000001	0.404163929076209	191	5.42630201226221	7.0206979877378
127	WGN36	5.08136458333333	0.572317863144361	191	3.95248935221629	6.21023981445037
128	WGN36	3.29136458333334	0.57231786314436	191	2.1624893522163	4.42023981445038
129	WGN36	6.21436458333335	0.572317863144356	191	5.08548935221631	7.34323981445038
130	WGN36	6.68136458333333	0.572317863144358	191	5.55248935221629	7.81023981445037
1	WGN38	5.637	0.404163929076214	191	4.8398020122622	6.4341979877378
3	WGN38	5.96636458333333	0.572317863144364	191	4.83748935221628	7.09523981445038
5	WGN38	6.33636458333332	0.57231786314436	191	5.20748935221627	7.46523981445036
6	WGN38	5.00136458333333	0.57231786314436	191	3.87248935221629	6.13023981445037
10	WGN38	5.84536458333333	0.572317863144361	191	4.71648935221629	6.97423981445037
20	WGN38	4.56536458333333	0.57231786314436	191	3.43648935221629	5.69423981445037
22	WGN38	5.29136458333334	0.572317863144362	191	4.16248935221629	6.42023981445038
23	WGN38	5.86536458333333	0.572317863144364	191	4.73648935221629	6.99423981445038
26	WGN38	5.24336458333333	0.572317863144362	191	4.11448935221629	6.37223981445038
28	WGN38	5.6795	0.404163929076209	191	4.8823020122622	6.47669798773779
32	WGN38	5.07736458333334	0.572317863144359	191	3.9484893522163	6.20623981445037
33	WGN38	4.39436458333332	0.572317863144362	191	3.26548935221628	5.52323981445037
35	WGN38	4.38963541666668	0.572317863144357	191	3.26076018554965	5.51851064778372
38	WGN38	5.648	0.404163929076207	191	4.85080201226221	6.44519798773779
39	WGN38	4.57736458333332	0.572317863144363	191	3.44848935221628	5.70623981445037
46	WGN38	6.24336458333334	0.572317863144362	191	5.11448935221629	7.37223981445038
48	WGN38	5.72863541666666	0.572317863144359	191	4.59976018554962	6.8575106477837
52	WGN38	6.15	0.404163929076208	191	5.35280201226221	6.94719798773779
53	WGN38	5.08936458333333	0.572317863144364	191	3.96048935221628	6.21823981445038
59	WGN38	5.681	0.404163929076207	191	4.88380201226221	6.47819798773779
61	WGN38	4.15136458333333	0.572317863144361	191	3.02248935221629	5.28023981445037
65	WGN38	7.37963541666665	0.57231786314436	191	6.25076018554961	8.50851064778369
66	WGN38	5.07736458333333	0.572317863144359	191	3.94848935221629	6.20623981445037
67	WGN38	6.193	0.404163929076208	191	5.39580201226221	6.99019798773779
72	WGN38	4.80349999999999	0.404163929076209	191	4.0063020122622	5.60069798773778
73	WGN38	4.7575	0.404163929076206	191	3.96030201226222	5.55469798773779
77	WGN38	4.3645	0.404163929076207	191	3.56730201226221	5.16169798773779
78	WGN38	4.35849999999999	0.404163929076208	191	3.5613020122622	5.15569798773778
81	WGN38	6.94936458333333	0.572317863144361	191	5.82048935221629	8.07823981445037
82	WGN38	5.749	0.404163929076208	191	4.95180201226221	6.54619798773779
83	WGN38	5.03263541666667	0.572317863144364	191	3.90376018554962	6.16151064778371
84	WGN38	5.7955	0.404163929076209	191	4.99830201226221	6.59269798773779
86	WGN38	4.8215	0.404163929076207	191	4.02430201226221	5.61869798773779
89	WGN38	4.79736458333333	0.572317863144362	191	3.66848935221628	5.92623981445037
90	WGN38	5.4525	0.404163929076208	191	4.65530201226221	6.24969798773779
92	WGN38	4.67063541666666	0.572317863144361	191	3.54176018554962	5.79951064778371
93	WGN38	3.99536458333333	0.572317863144359	191	2.86648935221629	5.12423981445037
94	WGN38	4.19199999999999	0.40416392907621	191	3.3948020122622	4.98919798773778
96	WGN38	5.11749999999999	0.404163929076208	191	4.3203020122622	5.91469798773778
97	WGN38	4.33336458333333	0.57231786314436	191	3.20448935221629	5.46223981445037
98	WGN38	5.35899999999999	0.404163929076209	191	4.5618020122622	6.15619798773779
99	WGN38	5.54163541666666	0.572317863144359	191	4.41276018554962	6.6705106477837
100	WGN38	4.71836458333333	0.572317863144362	191	3.58948935221628	5.84723981445037
101	WGN38	4.49336458333333	0.572317863144361	191	3.36448935221629	5.62223981445037
104	WGN38	4.834	0.404163929076207	191	4.03680201226221	5.63119798773779
106	WGN38	5.15336458333333	0.572317863144358	191	4.0244893522163	6.28223981445037
107	WGN38	5.84999999999999	0.404163929076208	191	5.0528020122622	6.64719798773778
109	WGN38	5.55536458333333	0.572317863144355	191	4.4264893522163	6.68423981445036
110	WGN38	6.0425	0.404163929076208	191	5.2453020122622	6.83969798773779
111	WGN38	3.96736458333333	0.572317863144361	191	2.83848935221629	5.09623981445037
113	WGN38	5.67599999999999	0.404163929076207	191	4.8788020122622	6.47319798773778
2	WGN39	5.70750000000001	0.404163929076209	191	4.91030201226222	6.50469798773781
4	WGN39	6.20200000000002	0.404163929076207	191	5.40480201226223	6.99919798773781
7	WGN39	6.31436458333336	0.572317863144359	191	5.18548935221632	7.4432398144504
8	WGN39	5.53150000000002	0.404163929076206	191	4.73430201226223	6.32869798773781
9	WGN39	6.91036458333335	0.572317863144365	191	5.7814893522163	8.03923981445041
12	WGN39	6.64936458333335	0.572317863144359	191	5.52048935221631	7.77823981445039
15	WGN39	6.37936458333335	0.57231786314436	191	5.25048935221631	7.50823981445039
18	WGN39	5.60836458333333	0.572317863144364	191	4.47948935221628	6.73723981445038
19	WGN39	6.84136458333335	0.572317863144362	191	5.71248935221631	7.9702398144504
24	WGN39	6.09449999999999	0.40416392907621	191	5.29730201226219	6.89169798773778
31	WGN39	5.61836458333333	0.572317863144364	191	4.48948935221628	6.74723981445038
32	WGN39	5.94836458333335	0.572317863144361	191	4.81948935221631	7.0772398144504
41	WGN39	6.79650000000002	0.40416392907621	191	5.99930201226223	7.59369798773781
42	WGN39	5.45336458333335	0.572317863144363	191	4.3244893522163	6.58223981445039
43	WGN39	6.93136458333336	0.572317863144361	191	5.80248935221631	8.0602398144504
45	WGN39	5.26536458333335	0.572317863144361	191	4.13648935221631	6.3942398144504
47	WGN39	4.80736458333335	0.572317863144361	191	3.67848935221631	5.93623981445039
49	WGN39	5.2146354166667	0.572317863144359	191	4.08576018554966	6.34351064778374
51	WGN39	5.50763541666669	0.57231786314436	191	4.37876018554964	6.63651064778373
56	WGN39	6.21836458333335	0.572317863144364	191	5.0894893522163	7.3472398144504
58	WGN39	5.37336458333334	0.572317863144364	191	4.24448935221629	6.50223981445039
67	WGN39	6.63100000000002	0.404163929076208	191	5.83380201226223	7.42819798773781
68	WGN39	6.12363541666669	0.57231786314436	191	4.99476018554965	7.25251064778373
69	WGN39	6.37600000000002	0.404163929076208	191	5.57880201226222	7.17319798773781
73	WGN39	5.86236458333336	0.572317863144361	191	4.73348935221631	6.9912398144504
74	WGN39	6.92436458333335	0.572317863144362	191	5.79548935221631	8.05323981445039
75	WGN39	5.70100000000002	0.404163929076208	191	4.90380201226223	6.49819798773781
76	WGN39	6.45536458333335	0.572317863144364	191	5.3264893522163	7.5842398144504
78	WGN39	5.48136458333336	0.57231786314436	191	4.35248935221632	6.6102398144504
79	WGN39	5.56636458333335	0.572317863144362	191	4.43748935221631	6.69523981445039
81	WGN39	6.08963541666669	0.572317863144361	191	4.96076018554964	7.21851064778373
84	WGN39	6.28963541666668	0.572317863144361	191	5.16076018554964	7.41851064778373
86	WGN39	6.40263541666668	0.572317863144361	191	5.27376018554964	7.53151064778373
90	WGN39	5.78936458333335	0.572317863144362	191	4.6604893522163	6.91823981445039
98	WGN39	6.21450000000002	0.40416392907621	191	5.41730201226223	7.01169798773781
102	WGN39	6.11936458333335	0.572317863144364	191	4.9904893522163	7.2482398144504
107	WGN39	5.77436458333335	0.572317863144363	191	4.6454893522163	6.9032398144504
108	WGN39	7.22900000000002	0.404163929076208	191	6.43180201226223	8.02619798773781
110	WGN39	4.79636458333335	0.572317863144362	191	3.6674893522163	5.92523981445039
112	WGN39	7.00450000000001	0.404163929076207	191	6.20730201226223	7.8016979877378
115	WGN39	6.45850000000002	0.404163929076208	191	5.66130201226223	7.25569798773781
118	WGN39	6.82750000000002	0.404163929076208	191	6.03030201226223	7.62469798773781
122	WGN39	6.42850000000002	0.404163929076208	191	5.63130201226223	7.22569798773781
125	WGN39	6.30500000000002	0.404163929076208	191	5.50780201226222	7.10219798773781
130	WGN39	6.56836458333332	0.57231786314437	191	5.43948935221626	7.69723981445039
1	WGN45	5.38636458333333	0.572317863144361	191	4.25748935221628	6.51523981445037
4	WGN45	4.19999999999999	0.404163929076208	191	3.40280201226219	4.99719798773778
5	WGN45	5.22149999999999	0.404163929076207	191	4.4243020122622	6.01869798773778
6	WGN45	4.91036458333332	0.572317863144362	191	3.78148935221627	6.03923981445037
9	WGN45	6.02036458333332	0.572317863144362	191	4.89148935221628	7.14923981445037
11	WGN45	4.77736458333332	0.572317863144363	191	3.64848935221627	5.90623981445037
12	WGN45	5.10036458333332	0.572317863144363	191	3.97148935221627	6.22923981445037
13	WGN45	5.19399999999999	0.404163929076206	191	4.3968020122622	5.99119798773778
14	WGN45	5.66936458333332	0.572317863144356	191	4.54048935221628	6.79823981445035
15	WGN45	6.60636458333333	0.572317863144362	191	5.47748935221628	7.73523981445037
16	WGN45	4.68836458333333	0.572317863144359	191	3.55948935221629	5.81723981445037
17	WGN45	5.72963541666666	0.572317863144367	191	4.60076018554961	6.85851064778372
18	WGN45	5.30336458333332	0.572317863144367	191	4.17448935221626	6.43223981445037
20	WGN45	5.19336458333331	0.57231786314436	191	4.06448935221627	6.32223981445036
22	WGN45	4.80836458333332	0.572317863144364	191	3.67948935221627	5.93723981445036
28	WGN45	5.15036458333333	0.57231786314436	191	4.02148935221629	6.27923981445037
29	WGN45	6.23936458333333	0.572317863144363	191	5.11048935221628	7.36823981445038
31	WGN45	5.51936458333332	0.572317863144362	191	4.39048935221628	6.64823981445037
32	WGN45	6.75436458333333	0.572317863144363	191	5.62548935221628	7.88323981445037
34	WGN45	5.31336458333333	0.572317863144364	191	4.18448935221628	6.44223981445037
37	WGN45	5.91036458333332	0.572317863144365	191	4.78148935221627	7.03923981445037
40	WGN45	4.76736458333333	0.57231786314436	191	3.63848935221629	5.89623981445037
41	WGN45	5.11199999999999	0.404163929076209	191	4.31480201226219	5.90919798773778
43	WGN45	6.03136458333333	0.572317863144363	191	4.90248935221628	7.16023981445038
46	WGN45	5.05849999999999	0.404163929076209	191	4.26130201226219	5.85569798773778
47	WGN45	5.97236458333332	0.57231786314436	191	4.84348935221628	7.10123981445036
48	WGN45	4.66936458333332	0.572317863144361	191	3.54048935221628	5.79823981445037
49	WGN45	5.38136458333332	0.572317863144361	191	4.25248935221627	6.51023981445036
50	WGN45	5.54399999999999	0.404163929076207	191	4.7468020122622	6.34119798773778
53	WGN45	6.25236458333332	0.572317863144361	191	5.12348935221628	7.38123981445036
56	WGN45	5.80336458333332	0.572317863144363	191	4.67448935221628	6.93223981445037
58	WGN45	5.36199999999999	0.404163929076208	191	4.5648020122622	6.15919798773778
59	WGN45	5.04036458333333	0.57231786314436	191	3.91148935221628	6.16923981445037
61	WGN45	5.49336458333332	0.572317863144362	191	4.36448935221627	6.62223981445037
62	WGN45	4.71536458333333	0.57231786314436	191	3.58648935221628	5.84423981445037
64	WGN45	6.07736458333332	0.572317863144362	191	4.94848935221627	7.20623981445036
66	WGN45	4.56763541666666	0.572317863144361	191	3.43876018554961	5.6965106477837
68	WGN45	6.08963541666665	0.572317863144363	191	4.9607601855496	7.2185106477837
71	WGN45	6.08963541666665	0.572317863144362	191	4.96076018554961	7.2185106477837
74	WGN45	5.31636458333332	0.572317863144362	191	4.18748935221628	6.44523981445037
75	WGN45	5.33499999999999	0.404163929076208	191	4.5378020122622	6.13219798773778
76	WGN45	5.63499999999999	0.404163929076208	191	4.8378020122622	6.43219798773778
78	WGN45	5.12336458333332	0.572317863144361	191	3.99448935221628	6.25223981445036
80	WGN45	5.25099999999999	0.404163929076207	191	4.4538020122622	6.04819798773778
81	WGN45	6.589	0.404163929076209	191	5.79180201226221	7.38619798773779
84	WGN45	5.00063541666665	0.572317863144362	191	3.87176018554961	6.1295106477837
88	WGN45	5.21199999999999	0.404163929076207	191	4.4148020122622	6.00919798773778
90	WGN45	5.36763541666665	0.572317863144363	191	4.23876018554961	6.4965106477837
92	WGN45	6.00449999999999	0.404163929076208	191	5.2073020122622	6.80169798773778
93	WGN45	4.16936458333332	0.572317863144362	191	3.04048935221627	5.29823981445037
94	WGN45	6.01563541666666	0.572317863144363	191	4.88676018554961	7.14451064778371
95	WGN45	5.17936458333332	0.572317863144361	191	4.05048935221628	6.30823981445037
98	WGN45	5.19636458333332	0.572317863144361	191	4.06748935221628	6.32523981445036
100	WGN45	6.00736458333332	0.572317863144362	191	4.87848935221627	7.13623981445037
101	WGN45	5.81336458333332	0.572317863144362	191	4.68448935221627	6.94223981445037
104	WGN45	6.47336458333332	0.572317863144361	191	5.34448935221628	7.60223981445036
106	WGN45	5.41649999999999	0.404163929076208	191	4.6193020122622	6.21369798773778
107	WGN45	5.74336458333332	0.572317863144362	191	4.61448935221628	6.87223981445036
108	WGN45	5.20136458333332	0.572317863144361	191	4.07248935221628	6.33023981445036
109	WGN45	5.22136458333332	0.572317863144362	191	4.09248935221628	6.35023981445037
117	WGN45	6.06636458333332	0.572317863144361	191	4.93748935221627	7.19523981445036
119	WGN45	6.09236458333332	0.57231786314436	191	4.96348935221628	7.22123981445036
120	WGN45	6.25663541666665	0.57231786314436	191	5.12776018554961	7.38551064778369
121	WGN45	4.53136458333332	0.57231786314436	191	3.40248935221628	5.66023981445036
122	WGN45	5.63436458333332	0.572317863144362	191	4.50548935221627	6.76323981445037
123	WGN45	5.71036458333332	0.572317863144361	191	4.58148935221628	6.83923981445036
126	WGN45	5.55249999999999	0.404163929076207	191	4.7553020122622	6.34969798773778
127	WGN45	3.95336458333332	0.572317863144362	191	2.82448935221628	5.08223981445037
1	WGN46	4.356	0.404163929076207	191	3.55880201226222	5.15319798773779
2	WGN46	4.91949999999999	0.404163929076209	191	4.1223020122622	5.71669798773778
3	WGN46	5.50700000000001	0.404163929076212	191	4.70980201226221	6.3041979877378
4	WGN46	5.22836458333333	0.572317863144363	191	4.09948935221628	6.35723981445037
6	WGN46	6.30336458333333	0.572317863144363	191	5.17448935221628	7.43223981445038
7	WGN46	5.96736458333333	0.572317863144364	191	4.83848935221628	7.09623981445038
9	WGN46	4.95249999999998	0.404163929076208	191	4.15530201226219	5.74969798773778
11	WGN46	5.15136458333332	0.572317863144362	191	4.02248935221628	6.28023981445037
13	WGN46	4.53749999999998	0.404163929076208	191	3.74030201226219	5.33469798773777
16	WGN46	4.95899999999999	0.40416392907621	191	4.1618020122622	5.75619798773779
17	WGN46	5.84500000000001	0.40416392907621	191	5.04780201226222	6.64219798773781
18	WGN46	6.32199999999999	0.404163929076209	191	5.5248020122622	7.11919798773779
19	WGN46	4.60849999999999	0.404163929076206	191	3.81130201226221	5.40569798773778
23	WGN46	7.06636458333333	0.572317863144364	191	5.93748935221628	8.19523981445037
24	WGN46	4.44563541666666	0.57231786314436	191	3.31676018554961	5.5745106477837
25	WGN46	5.85249999999998	0.404163929076208	191	5.05530201226219	6.64969798773777
26	WGN46	5.25236458333331	0.572317863144362	191	4.12348935221626	6.38123981445035
28	WGN46	6.25336458333331	0.572317863144361	191	5.12448935221627	7.38223981445036
30	WGN46	5.27399999999999	0.404163929076208	191	4.4768020122622	6.07119798773778
31	WGN46	5.19699999999998	0.404163929076208	191	4.3998020122622	5.99419798773777
32	WGN46	4.51199999999998	0.404163929076207	191	3.71480201226219	5.30919798773777
33	WGN46	4.86363541666667	0.572317863144361	191	3.73476018554962	5.99251064778371
34	WGN46	5.27736458333334	0.572317863144365	191	4.14848935221629	6.40623981445039
36	WGN46	6.13699999999999	0.404163929076208	191	5.33980201226219	6.93419798773778
37	WGN46	4.78149999999999	0.40416392907621	191	3.98430201226219	5.57869798773778
38	WGN46	3.80749999999998	0.40416392907621	191	3.01030201226218	4.60469798773777
40	WGN46	5.71336458333332	0.572317863144362	191	4.58448935221628	6.84223981445037
41	WGN46	4.14299999999999	0.404163929076208	191	3.3458020122622	4.94019798773778
43	WGN46	5.02136458333332	0.572317863144362	191	3.89248935221628	6.15023981445037
44	WGN46	5.70236458333333	0.572317863144364	191	4.57348935221628	6.83123981445038
46	WGN46	5.35449999999998	0.404163929076207	191	4.55730201226219	6.15169798773777
48	WGN46	6.22999999999999	0.404163929076209	191	5.4328020122622	7.02719798773778
49	WGN46	4.96249999999999	0.40416392907621	191	4.16530201226219	5.75969798773778
50	WGN46	4.65449999999999	0.40416392907621	191	3.85730201226219	5.45169798773778
52	WGN46	5.04236458333332	0.572317863144361	191	3.91348935221628	6.17123981445037
53	WGN46	4.96736458333332	0.57231786314436	191	3.83848935221627	6.09623981445036
55	WGN46	6.04636458333333	0.572317863144362	191	4.91748935221628	7.17523981445037
56	WGN46	5.90149999999998	0.404163929076207	191	5.10430201226219	6.69869798773777
59	WGN46	6.28	0.40416392907621	191	5.48280201226221	7.07719798773779
60	WGN46	4.75949999999998	0.40416392907621	191	3.96230201226219	5.55669798773778
61	WGN46	5.84249999999998	0.404163929076207	191	5.04530201226219	6.63969798773776
62	WGN46	5.70099999999998	0.404163929076208	191	4.90380201226219	6.49819798773777
63	WGN46	5.21249999999998	0.404163929076208	191	4.41530201226219	6.00969798773777
64	WGN46	6.559	0.404163929076209	191	5.7618020122622	7.35619798773779
65	WGN46	7.14136458333332	0.572317863144362	191	6.01248935221628	8.27023981445037
66	WGN46	5.82536458333331	0.572317863144361	191	4.69648935221627	6.95423981445036
68	WGN46	4.62936458333332	0.572317863144363	191	3.50048935221628	5.75823981445037
69	WGN46	5.27836458333332	0.572317863144362	191	4.14948935221628	6.40723981445037
70	WGN46	4.37149999999998	0.404163929076208	191	3.57430201226219	5.16869798773778
71	WGN46	4.86349999999999	0.404163929076208	191	4.0663020122622	5.66069798773778
72	WGN46	5.10599999999998	0.404163929076208	191	4.30880201226219	5.90319798773778
73	WGN46	5.32299999999998	0.404163929076208	191	4.52580201226219	6.12019798773777
78	WGN46	4.03036458333332	0.572317863144363	191	2.90148935221627	5.15923981445036
79	WGN46	5.86763541666664	0.57231786314436	191	4.7387601855496	6.99651064778369
80	WGN46	4.12736458333332	0.572317863144364	191	2.99848935221627	5.25623981445037
81	WGN46	5.90036458333333	0.572317863144364	191	4.77148935221628	7.02923981445038
83	WGN46	2.67236458333332	0.572317863144361	191	1.54348935221628	3.80123981445036
84	WGN46	4.36536458333332	0.572317863144361	191	3.23648935221628	5.49423981445036
85	WGN46	5.03536458333332	0.572317863144361	191	3.90648935221628	6.16423981445036
86	WGN46	5.26036458333332	0.572317863144361	191	4.13148935221628	6.38923981445036
87	WGN46	6.18463541666664	0.57231786314436	191	5.0557601855496	7.31351064778369
88	WGN46	5.93599999999998	0.404163929076208	191	5.13880201226219	6.73319798773777
89	WGN46	5.18336458333332	0.572317863144363	191	4.05448935221627	6.31223981445037
91	WGN46	6.00249999999998	0.404163929076208	191	5.20530201226219	6.79969798773777
92	WGN46	4.91563541666665	0.572317863144363	191	3.78676018554961	6.0445106477837
94	WGN46	4.82549999999999	0.404163929076208	191	4.0283020122622	5.62269798773778
95	WGN46	4.85199999999998	0.404163929076208	191	4.05480201226219	5.64919798773777
96	WGN46	5.62599999999999	0.404163929076209	191	4.8288020122622	6.42319798773778
98	WGN46	5.72949999999998	0.404163929076208	191	4.93230201226219	6.52669798773777
103	WGN46	5.02436458333332	0.572317863144361	191	3.89548935221627	6.15323981445036
104	WGN46	3.19899999999998	0.404163929076208	191	2.40180201226219	3.99619798773777
106	WGN46	4.58849999999999	0.404163929076208	191	3.7913020122622	5.38569798773778
107	WGN46	5.58136458333332	0.572317863144362	191	4.45248935221628	6.71023981445037
109	WGN46	5.02699999999999	0.404163929076208	191	4.2298020122622	5.82419798773778
112	WGN46	5.03099999999998	0.404163929076207	191	4.2338020122622	5.82819798773777
113	WGN46	5.30699999999999	0.404163929076208	191	4.5098020122622	6.10419798773778
114	WGN46	5.31536458333332	0.572317863144361	191	4.18648935221627	6.44423981445036
115	WGN46	6.57363541666665	0.572317863144362	191	5.44476018554961	7.7025106477837
116	WGN46	5.53363541666665	0.572317863144361	191	4.40476018554961	6.6625106477837
118	WGN46	5.13736458333332	0.572317863144361	191	4.00848935221628	6.26623981445037
119	WGN46	6.03499999999999	0.404163929076208	191	5.2378020122622	6.83219798773778
120	WGN46	5.98036458333332	0.572317863144362	191	4.85148935221628	7.10923981445037
121	WGN46	6.93149999999999	0.404163929076208	191	6.1343020122622	7.72869798773778
122	WGN46	5.37499999999998	0.404163929076208	191	4.57780201226219	6.17219798773777
123	WGN46	4.92549999999999	0.404163929076208	191	4.1283020122622	5.72269798773778
125	WGN46	6.51863541666666	0.572317863144362	191	5.38976018554961	7.6475106477837
126	WGN46	4.83336458333332	0.572317863144362	191	3.70448935221628	5.96223981445036
127	WGN46	4.49636458333332	0.572317863144362	191	3.36748935221627	5.62523981445036
128	WGN46	6.11199999999999	0.404163929076208	191	5.3148020122622	6.90919798773777
129	WGN46	5.59899999999999	0.404163929076208	191	4.8018020122622	6.39619798773778
1	WGN55	5.30749999999999	0.404163929076207	191	4.5103020122622	6.10469798773778
2	WGN55	4.25949999999999	0.404163929076208	191	3.4623020122622	5.05669798773778
3	WGN55	4.61236458333332	0.57231786314436	191	3.48348935221628	5.74123981445036
7	WGN55	3.64936458333334	0.572317863144359	191	2.5204893522163	4.77823981445038
9	WGN55	5.78536458333332	0.572317863144361	191	4.65648935221628	6.91423981445037
12	WGN55	5.24563541666665	0.572317863144361	191	4.11676018554961	6.3745106477837
13	WGN55	4.67649999999999	0.404163929076207	191	3.8793020122622	5.47369798773778
17	WGN55	4.65136458333331	0.572317863144361	191	3.52248935221627	5.78023981445035
18	WGN55	5.9565	0.404163929076208	191	5.15930201226221	6.75369798773779
21	WGN55	5.22563541666665	0.57231786314436	191	4.09676018554961	6.3545106477837
23	WGN55	5.06299999999998	0.404163929076208	191	4.26580201226219	5.86019798773777
24	WGN55	5.40099999999999	0.404163929076208	191	4.6038020122622	6.19819798773778
25	WGN55	5.76749999999999	0.404163929076208	191	4.9703020122622	6.56469798773778
26	WGN55	5.39499999999998	0.404163929076207	191	4.59780201226219	6.19219798773777
27	WGN55	5.86849999999999	0.404163929076207	191	5.0713020122622	6.66569798773777
28	WGN55	5.43436458333332	0.57231786314436	191	4.30548935221628	6.56323981445036
29	WGN55	5.90763541666665	0.572317863144361	191	4.77876018554961	7.0365106477837
31	WGN55	4.99736458333332	0.57231786314436	191	3.86848935221628	6.12623981445036
32	WGN55	5.18336458333332	0.572317863144358	191	4.05448935221628	6.31223981445036
33	WGN55	3.68063541666666	0.572317863144362	191	2.55176018554961	4.8095106477837
37	WGN55	5.95336458333332	0.572317863144359	191	4.82448935221628	7.08223981445036
40	WGN55	5.36736458333332	0.572317863144361	191	4.23848935221628	6.49623981445037
41	WGN55	5.68149999999999	0.404163929076207	191	4.8843020122622	6.47869798773778
42	WGN55	5.16749999999999	0.404163929076207	191	4.3703020122622	5.96469798773778
43	WGN55	4.62599999999999	0.404163929076209	191	3.82880201226219	5.42319798773778
47	WGN55	5.86236458333334	0.57231786314436	191	4.73348935221629	6.99123981445038
54	WGN55	5.87436458333332	0.572317863144361	191	4.74548935221627	7.00323981445036
55	WGN55	5.05336458333332	0.572317863144361	191	3.92448935221628	6.18223981445036
58	WGN55	5.86236458333333	0.572317863144361	191	4.73348935221628	6.99123981445037
72	WGN55	4.72849999999999	0.404163929076207	191	3.9313020122622	5.52569798773778
73	WGN55	5.91036458333333	0.572317863144361	191	4.78148935221628	7.03923981445037
74	WGN55	5.68336458333332	0.572317863144361	191	4.55448935221628	6.81223981445037
76	WGN55	4.99336458333332	0.572317863144361	191	3.86448935221628	6.12223981445037
77	WGN55	3.52536458333332	0.572317863144362	191	2.39648935221627	4.65423981445036
82	WGN55	4.83749999999999	0.404163929076208	191	4.0403020122622	5.63469798773778
83	WGN55	4.44736458333332	0.572317863144361	191	3.31848935221628	5.57623981445036
85	WGN55	5.38763541666665	0.57231786314436	191	4.25876018554961	6.5165106477837
89	WGN55	4.94099999999999	0.404163929076209	191	4.14380201226219	5.73819798773778
92	WGN55	5.24449999999999	0.404163929076208	191	4.4473020122622	6.04169798773778
95	WGN55	4.60399999999999	0.404163929076208	191	3.8068020122622	5.40119798773778
97	WGN55	4.71999999999999	0.404163929076208	191	3.9228020122622	5.51719798773778
100	WGN55	4.92749999999999	0.404163929076208	191	4.1303020122622	5.72469798773778
101	WGN55	4.69749999999999	0.404163929076208	191	3.9003020122622	5.49469798773778
102	WGN55	5.34599999999999	0.404163929076208	191	4.5488020122622	6.14319798773778
103	WGN55	4.86149999999999	0.404163929076208	191	4.0643020122622	5.65869798773778
105	WGN55	6.12436458333332	0.572317863144361	191	4.99548935221628	7.25323981445037
108	WGN55	5.26436458333332	0.572317863144361	191	4.13548935221628	6.39323981445037
111	WGN55	4.38536458333332	0.572317863144361	191	3.25648935221628	5.51423981445037
112	WGN55	5.23349999999999	0.404163929076208	191	4.4363020122622	6.03069798773778
114	WGN55	5.09536458333332	0.572317863144361	191	3.96648935221628	6.22423981445036
115	WGN55	5.18549999999999	0.404163929076208	191	4.3883020122622	5.98269798773778
119	WGN55	4.46499999999999	0.404163929076208	191	3.6678020122622	5.26219798773778
120	WGN55	7.16436458333332	0.572317863144361	191	6.03548935221628	8.29323981445037
121	WGN55	4.73149999999999	0.404163929076208	191	3.9343020122622	5.52869798773778
122	WGN55	5.85336458333332	0.572317863144361	191	4.72448935221628	6.98223981445037
126	WGN55	4.44836458333332	0.572317863144361	191	3.31948935221628	5.57723981445037
128	WGN55	4.35149999999999	0.404163929076208	191	3.5543020122622	5.14869798773778
130	WGN55	5.00849999999999	0.404163929076208	191	4.2113020122622	5.80569798773778
1	WGN63	6.03536458333333	0.572317863144365	191	4.90648935221627	7.16423981445038
3	WGN63	6.58136458333332	0.572317863144362	191	5.45248935221628	7.71023981445037
5	WGN63	4.63736458333332	0.572317863144362	191	3.50848935221627	5.76623981445036
6	WGN63	5.2105	0.404163929076208	191	4.41330201226221	6.00769798773779
10	WGN63	6.43363541666665	0.572317863144363	191	5.3047601855496	7.56251064778369
12	WGN63	7.13636458333333	0.572317863144362	191	6.00748935221628	8.26523981445037
13	WGN63	5.80836458333332	0.572317863144361	191	4.67948935221628	6.93723981445037
23	WGN63	6.62936458333331	0.572317863144362	191	5.50048935221627	7.75823981445036
28	WGN63	6.81936458333332	0.572317863144361	191	5.69048935221628	7.94823981445037
29	WGN63	5.81536458333333	0.572317863144362	191	4.68648935221628	6.94423981445037
30	WGN63	7.11236458333332	0.572317863144361	191	5.98348935221627	8.24123981445036
34	WGN63	7.36936458333333	0.572317863144362	191	6.24048935221629	8.49823981445038
39	WGN63	7.15136458333332	0.572317863144361	191	6.02248935221628	8.28023981445037
41	WGN63	5.56236458333332	0.572317863144361	191	4.43348935221628	6.69123981445037
44	WGN63	5.85836458333332	0.57231786314436	191	4.72948935221627	6.98723981445036
49	WGN63	5.08436458333332	0.572317863144361	191	3.95548935221628	6.21323981445036
50	WGN63	5.79536458333332	0.572317863144361	191	4.66648935221628	6.92423981445036
53	WGN63	6.89599999999998	0.404163929076208	191	6.09880201226219	7.69319798773778
54	WGN63	7.07699999999999	0.404163929076208	191	6.2798020122622	7.87419798773778
58	WGN63	7.78336458333331	0.572317863144361	191	6.65448935221627	8.91223981445035
61	WGN63	6.33936458333332	0.57231786314436	191	5.21048935221628	7.46823981445036
62	WGN63	5.44836458333332	0.572317863144361	191	4.31948935221628	6.57723981445036
65	WGN63	6.26499999999998	0.404163929076208	191	5.46780201226219	7.06219798773778
68	WGN63	5.95836458333332	0.57231786314436	191	4.82948935221628	7.08723981445036
69	WGN63	6.44636458333332	0.572317863144361	191	5.31748935221627	7.57523981445036
75	WGN63	7.61949999999999	0.404163929076208	191	6.8223020122622	8.41669798773778
82	WGN63	6.25236458333332	0.572317863144361	191	5.12348935221627	7.38123981445036
83	WGN63	7.94949999999999	0.404163929076208	191	7.1523020122622	8.74669798773778
84	WGN63	5.65436458333332	0.57231786314436	191	4.52548935221628	6.78323981445036
92	WGN63	6.46236458333332	0.57231786314436	191	5.33348935221628	7.59123981445036
97	WGN63	6.39363541666665	0.572317863144361	191	5.26476018554961	7.5225106477837
105	WGN63	6.24049999999999	0.404163929076208	191	5.44330201226219	7.03769798773778
112	WGN63	5.99036458333332	0.57231786314436	191	4.86148935221628	7.11923981445036
114	WGN63	6.40149999999999	0.404163929076208	191	5.6043020122622	7.19869798773778
119	WGN63	6.57099999999999	0.404163929076208	191	5.7738020122622	7.36819798773778
123	WGN63	6.72036458333332	0.57231786314436	191	5.59148935221628	7.84923981445036
130	WGN63	7.22836458333332	0.57231786314436	191	6.09948935221628	8.35723981445036
