plantID3	famID	emmean	SE	df	lower.CL	upper.CL
1	WGN07	6.75000000000116	0.493501176823734	1114	5.78170342937352	7.7182965706288
2	WGN07	5.23050000000002	0.493501176824072	1114	4.26220342937171	6.19879657062832
3	WGN07	6.08999999999978	0.493501176824083	1114	5.12170342937146	7.05829657062811
4	WGN07	7.10000000000024	0.493501176824119	1114	6.13170342937185	8.06829657062864
5	WGN07	6.91349999999973	0.493501176824098	1114	5.94520342937138	7.88179657062809
6	WGN07	6.19699999999996	0.493501176824083	1114	5.22870342937163	7.16529657062828
7	WGN07	6.69299999999997	0.493501176824092	1114	5.72470342937163	7.66129657062832
8	WGN07	8.19400000000002	0.493501176824089	1114	7.22570342937168	9.16229657062836
9	WGN07	8.35000000000003	0.493501176824088	1114	7.3817034293717	9.31829657062837
10	WGN07	7.07399999999998	0.493501176824083	1114	6.10570342937166	8.04229657062831
11	WGN07	5.69499999999998	0.493501176824088	1114	4.72670342937164	6.66329657062832
12	WGN07	8.14749999999996	0.493501176824086	1114	7.17920342937162	9.11579657062829
13	WGN07	7.11149999999987	0.49350117682408	1114	6.14320342937155	8.07979657062819
14	WGN07	7.04249999999997	0.493501176824074	1114	6.07420342937166	8.01079657062828
15	WGN07	8.1655	0.493501176824085	1114	7.19720342937167	9.13379657062833
16	WGN07	7.24300000000005	0.493501176824089	1114	6.27470342937171	8.21129657062839
17	WGN07	8.10049999999999	0.493501176824079	1114	7.13220342937167	9.0687965706283
18	WGN07	9.10849999999986	0.493501176824076	1114	8.14020342937155	10.0767965706282
20	WGN07	6.52700000000001	0.493501176824086	1114	5.55870342937168	7.49529657062834
21	WGN07	7.244	0.493501176824086	1114	6.27570342937167	8.21229657062833
22	WGN07	5.99050000000005	0.49350117682408	1114	5.02220342937173	6.95879657062837
23	WGN07	6.82649999999998	0.493501176824087	1114	5.85820342937165	7.79479657062832
24	WGN07	8.95250000000007	0.493501176824085	1114	7.98420342937174	9.9207965706284
25	WGN07	5.999	0.493501176824084	1114	5.03070342937167	6.96729657062832
26	WGN07	7.20299999999997	0.493501176824091	1114	6.23470342937163	8.17129657062831
27	WGN07	6.62950000000007	0.493501176824094	1114	5.66120342937172	7.59779657062842
28	WGN07	6.50399999999996	0.493501176824081	1114	5.53570342937164	7.47229657062829
29	WGN07	7.10100000000004	0.493501176824077	1114	6.13270342937173	8.06929657062836
30	WGN07	6.67549999999996	0.493501176824084	1114	5.70720342937163	7.64379657062829
31	WGN07	5.59399999999997	0.493501176824089	1114	4.62570342937163	6.56229657062831
32	WGN07	8.21899999999991	0.493501176824076	1114	7.2507034293716	9.18729657062823
33	WGN07	6.68649999999989	0.493501176824097	1114	5.71820342937153	7.65479657062824
34	WGN07	6.96349999999999	0.49350117682409	1114	5.99520342937165	7.93179657062833
35	WGN07	6.20561524663674	0.698072523193563	1114	4.83593010301014	7.57530039026334
36	WGN07	8.12799999999997	0.493501176824083	1114	7.15970342937165	9.0962965706283
37	WGN07	7.68700000000001	0.493501176824088	1114	6.71870342937167	8.65529657062835
38	WGN07	7.62549999999996	0.493501176824087	1114	6.65720342937162	8.59379657062829
39	WGN07	5.47250000000003	0.493501176824083	1114	4.5042034293717	6.44079657062835
40	WGN07	5.37000000000003	0.493501176824081	1114	4.4017034293717	6.33829657062835
41	WGN07	6.51699999999997	0.493501176824095	1114	5.54870342937162	7.48529657062832
42	WGN07	7.28050000000002	0.493501176824073	1114	6.31220342937171	8.24879657062832
44	WGN07	5.43599999999998	0.49350117682408	1114	4.46770342937166	6.4042965706283
46	WGN07	6.80700000000001	0.493501176824094	1114	5.83870342937166	7.77529657062836
47	WGN07	6.48199999999998	0.493501176824095	1114	5.51370342937163	7.45029657062833
48	WGN07	6.7405	0.49350117682409	1114	5.77220342937166	7.70879657062834
49	WGN07	6.11850000000001	0.493501176824099	1114	5.15020342937166	7.08679657062837
50	WGN07	7.49799999999998	0.493501176824085	1114	6.52970342937165	8.46629657062831
51	WGN07	6.08361524663681	0.69807252319356	1114	4.71393010301022	7.4533003902634
52	WGN07	5.79099999999997	0.493501176824076	1114	4.82270342937166	6.75929657062828
53	WGN07	6.86850000000001	0.493501176824104	1114	5.90020342937164	7.83679657062837
54	WGN07	7.03499999999989	0.493501176824085	1114	6.06670342937156	8.00329657062822
55	WGN07	5.89450000000003	0.493501176824078	1114	4.92620342937171	6.86279657062835
56	WGN07	6.604	0.49350117682409	1114	5.63570342937166	7.57229657062834
57	WGN07	6.55849999999999	0.493501176824086	1114	5.59020342937166	7.52679657062832
58	WGN07	6.86099999999999	0.493501176824089	1114	5.89270342937165	7.82929657062832
59	WGN07	6.44700000000004	0.493501176824089	1114	5.4787034293717	7.41529657062837
60	WGN07	6.91049999999996	0.493501176824089	1114	5.94220342937162	7.8787965706283
61	WGN07	6.28299999999999	0.493501176824085	1114	5.31470342937166	7.25129657062832
63	WGN07	6.23749999999999	0.493501176824085	1114	5.26920342937166	7.20579657062832
64	WGN07	6.57850000000001	0.493501176824089	1114	5.61020342937167	7.54679657062835
66	WGN07	7.32149999999998	0.493501176824073	1114	6.35320342937167	8.28979657062828
67	WGN07	6.82050000000002	0.493501176824081	1114	5.8522034293717	7.78879657062834
68	WGN07	5.8595	0.493501176824084	1114	4.89120342937168	6.82779657062833
69	WGN07	6.85738475336323	0.698072523193573	1114	5.48769960973661	8.22706989698985
71	WGN07	9.04500000000002	0.493501176824087	1114	8.07670342937168	10.0132965706284
73	WGN07	6.1715	0.493501176824083	1114	5.20320342937168	7.13979657062833
74	WGN07	8.12049999999994	0.493501176824092	1114	7.15220342937159	9.08879657062828
75	WGN07	6.27249999999999	0.493501176824078	1114	5.30420342937167	7.2407965706283
76	WGN07	6.13050000000004	0.493501176824072	1114	5.16220342937174	7.09879657062835
77	WGN07	6.23399999999996	0.493501176824096	1114	5.26570342937161	7.20229657062832
78	WGN07	6.17900000000004	0.493501176824077	1114	5.21070342937173	7.14729657062835
79	WGN07	7.90200000000002	0.493501176824095	1114	6.93370342937167	8.87029657062837
80	WGN07	7.287	0.493501176824086	1114	6.31870342937167	8.25529657062833
81	WGN07	5.59599999999997	0.493501176824092	1114	4.62770342937163	6.56429657062832
82	WGN07	5.27299999999999	0.493501176824083	1114	4.30470342937167	6.24129657062832
83	WGN07	7.20850000000007	0.493501176824091	1114	6.24020342937173	8.17679657062841
84	WGN07	7.1655	0.493501176824084	1114	6.19720342937167	8.13379657062833
85	WGN07	7.65899999999999	0.493501176824081	1114	6.69070342937167	8.62729657062832
86	WGN07	8.19149999999999	0.4935011768241	1114	7.22320342937163	9.15979657062836
87	WGN07	6.0985	0.49350117682409	1114	5.13020342937166	7.06679657062834
88	WGN07	7.23949999999998	0.493501176824092	1114	6.27120342937163	8.20779657062832
89	WGN07	6.5305	0.493501176824089	1114	5.56220342937166	7.49879657062834
90	WGN07	7.06850000000002	0.493501176824081	1114	6.10020342937169	8.03679657062834
91	WGN07	6.83849999999998	0.493501176824073	1114	5.87020342937167	7.80679657062828
92	WGN07	8.09661524663679	0.698072523193575	1114	6.72693010301017	9.46630039026341
93	WGN07	6.861	0.493501176824089	1114	5.89270342937166	7.82929657062833
94	WGN07	7.89999999999999	0.493501176824095	1114	6.93170342937164	8.86829657062834
95	WGN07	6.852	0.493501176824082	1114	5.88370342937168	7.82029657062832
96	WGN07	7.50300000000002	0.49350117682409	1114	6.53470342937169	8.47129657062836
97	WGN07	7.58838475336324	0.698072523193559	1114	6.21869960973665	8.95806989698983
98	WGN07	7.33850000000006	0.493501176824094	1114	6.37020342937171	8.30679657062841
99	WGN07	7.387	0.493501176824079	1114	6.41870342937168	8.35529657062832
100	WGN07	6.7125	0.493501176824084	1114	5.74420342937167	7.68079657062832
101	WGN07	8.07499999999996	0.493501176824089	1114	7.10670342937162	9.04329657062829
102	WGN07	8.64649999999996	0.493501176824077	1114	7.67820342937165	9.61479657062827
103	WGN07	6.02649999999997	0.493501176824087	1114	5.05820342937164	6.9947965706283
104	WGN07	6.92299999999999	0.493501176824086	1114	5.95470342937166	7.89129657062833
105	WGN07	6.15349999999999	0.493501176824094	1114	5.18520342937164	7.12179657062834
106	WGN07	7.80449999999999	0.493501176824092	1114	6.83620342937165	8.77279657062834
107	WGN07	8.58999999999998	0.493501176824082	1114	7.62170342937166	9.55829657062831
108	WGN07	7.25749999999997	0.493501176824087	1114	6.28920342937163	8.2257965706283
109	WGN07	6.68061524663674	0.698072523193587	1114	5.31093010301009	8.05030039026338
110	WGN07	7.2095	0.493501176824091	1114	6.24120342937166	8.17779657062834
112	WGN07	6.13450000000006	0.493501176824083	1114	5.16620342937173	7.10279657062839
113	WGN07	5.50599999999999	0.493501176824087	1114	4.53770342937165	6.47429657062832
114	WGN07	5.7345	0.493501176824077	1114	4.76620342937169	6.70279657062832
115	WGN07	6.60250000000001	0.493501176824083	1114	5.63420342937169	7.57079657062834
116	WGN07	7.79900000000004	0.493501176824092	1114	6.8307034293717	8.76729657062839
117	WGN07	7.20199999999994	0.493501176824083	1114	6.23370342937161	8.17029657062827
118	WGN07	7.25749999999995	0.493501176824078	1114	6.28920342937163	8.22579657062826
119	WGN07	5.98200000000002	0.493501176824083	1114	5.01370342937169	6.95029657062834
120	WGN07	7.29949999999999	0.493501176824091	1114	6.33120342937164	8.26779657062833
121	WGN07	7.07099999999998	0.493501176824085	1114	6.10270342937165	8.03929657062831
122	WGN07	5.88538475336349	0.698072523193584	1114	4.51569960973685	7.25506989699013
123	WGN07	6.33399999999996	0.493501176824084	1114	5.36570342937163	7.30229657062829
124	WGN07	7.60600000000001	0.493501176824089	1114	6.63770342937167	8.57429657062834
125	WGN07	8.40450000000002	0.493501176824095	1114	7.43620342937167	9.37279657062837
126	WGN07	7.944	0.493501176824086	1114	6.97570342937167	8.91229657062834
127	WGN07	6.41899999999996	0.493501176824096	1114	5.4507034293716	7.38729657062831
128	WGN07	5.99850000000003	0.493501176824075	1114	5.03020342937172	6.96679657062834
129	WGN07	6.37849999999996	0.49350117682409	1114	5.41020342937162	7.3467965706283
130	WGN07	7.1445	0.493501176824082	1114	6.17620342937168	8.11279657062832
1	WGN15	7.97149999999991	0.493501176824063	1114	7.00320342937162	8.9397965706282
2	WGN15	8.88299999999984	0.493501176824081	1114	7.91470342937152	9.85129657062817
3	WGN15	7.31799999999984	0.493501176824093	1114	6.34970342937149	8.28629657062819
4	WGN15	7.87749999999987	0.493501176824086	1114	6.90920342937154	8.84579657062821
5	WGN15	6.57049999999989	0.49350117682408	1114	5.60220342937157	7.53879657062821
7	WGN15	8.70899999999986	0.493501176824084	1114	7.74070342937153	9.67729657062819
8	WGN15	7.93349999999987	0.493501176824093	1114	6.96520342937152	8.90179657062821
9	WGN15	8.25999999999986	0.493501176824079	1114	7.29170342937154	9.22829657062818
10	WGN15	8.15749999999986	0.49350117682408	1114	7.18920342937154	9.12579657062818
11	WGN15	8.20849999999986	0.49350117682408	1114	7.24020342937154	9.17679657062818
12	WGN15	8.86949999999985	0.493501176824083	1114	7.90120342937153	9.83779657062818
13	WGN15	8.31949999999987	0.49350117682409	1114	7.35120342937153	9.28779657062821
14	WGN15	7.24099999999982	0.493501176824097	1114	6.27270342937147	8.20929657062818
15	WGN15	7.81949999999987	0.493501176824075	1114	6.85120342937156	8.78779657062818
16	WGN15	8.36249999999989	0.493501176824091	1114	7.39420342937155	9.33079657062823
17	WGN15	7.65649999999989	0.49350117682409	1114	6.68820342937155	8.62479657062823
18	WGN15	8.50049999999986	0.493501176824084	1114	7.53220342937153	9.46879657062819
19	WGN15	7.14149999999989	0.49350117682408	1114	6.17320342937156	8.10979657062821
20	WGN15	8.83049999999983	0.493501176824077	1114	7.86220342937152	9.79879657062815
21	WGN15	7.16849999999991	0.493501176824073	1114	6.20020342937161	8.13679657062822
22	WGN15	8.06999999999986	0.493501176824088	1114	7.10170342937153	9.0382965706282
23	WGN15	8.23199999999985	0.493501176824078	1114	7.26370342937153	9.20029657062816
24	WGN15	3.64599999999989	0.493501176824085	1114	2.67770342937156	4.61429657062822
25	WGN15	9.75449999999986	0.493501176824085	1114	8.78620342937153	10.7227965706282
26	WGN15	7.36449999999986	0.493501176824088	1114	6.39620342937152	8.3327965706282
27	WGN15	7.88199999999985	0.493501176824079	1114	6.91370342937153	8.85029657062817
28	WGN15	7.60699999999985	0.493501176824093	1114	6.63870342937151	8.5752965706282
29	WGN15	6.11699999999985	0.493501176824088	1114	5.14870342937151	7.08529657062819
30	WGN15	8.39349999999988	0.49350117682409	1114	7.42520342937154	9.36179657062822
31	WGN15	8.56749999999987	0.49350117682409	1114	7.59920342937153	9.53579657062821
32	WGN15	8.16799999999986	0.49350117682408	1114	7.19970342937154	9.13629657062818
33	WGN15	7.70549999999986	0.493501176824085	1114	6.73720342937153	8.67379657062819
34	WGN15	7.70899999999987	0.49350117682408	1114	6.74070342937155	8.67729657062819
35	WGN15	9.03699999999981	0.493501176824076	1114	8.06870342937149	10.0052965706281
36	WGN15	8.9709999999999	0.493501176824088	1114	8.00270342937157	9.93929657062824
37	WGN15	9.10999999999989	0.493501176824082	1114	8.14170342937157	10.0782965706282
38	WGN15	5.93399999999985	0.493501176824077	1114	4.96570342937154	6.90229657062817
39	WGN15	7.62999999999989	0.493501176824083	1114	6.66170342937156	8.59829657062821
40	WGN15	9.09599999999992	0.493501176824086	1114	8.12770342937159	10.0642965706283
41	WGN15	7.04249999999982	0.493501176824097	1114	6.07420342937147	8.01079657062817
43	WGN15	8.01849999999984	0.493501176824083	1114	7.05020342937152	8.98679657062817
44	WGN15	7.21249999999986	0.493501176824087	1114	6.24420342937153	8.18079657062819
45	WGN15	10.0019999999998	0.493501176824082	1114	9.03370342937151	10.9702965706282
46	WGN15	8.27499999999988	0.493501176824084	1114	7.30670342937155	9.24329657062821
47	WGN15	8.31549999999986	0.493501176824085	1114	7.34720342937153	9.28379657062819
48	WGN15	7.58549999999987	0.493501176824076	1114	6.61720342937156	8.55379657062819
50	WGN15	8.24849999999985	0.49350117682409	1114	7.28020342937151	9.21679657062819
51	WGN15	7.6619999999998	0.493501176824089	1114	6.69370342937146	8.63029657062814
52	WGN15	8.16649999999984	0.49350117682409	1114	7.1982034293715	9.13479657062818
53	WGN15	8.34799999999983	0.49350117682409	1114	7.37970342937149	9.31629657062817
54	WGN15	8.39549999999987	0.493501176824085	1114	7.42720342937154	9.3637965706282
55	WGN15	7.87399999999986	0.493501176824087	1114	6.90570342937153	8.8422965706282
56	WGN15	8.40699999999986	0.493501176824082	1114	7.43870342937154	9.37529657062819
57	WGN15	9.13249999999991	0.493501176824083	1114	8.16420342937159	10.1007965706282
58	WGN15	7.14749999999982	0.493501176824084	1114	6.1792034293715	8.11579657062815
59	WGN15	6.54349999999985	0.493501176824088	1114	5.57520342937151	7.51179657062818
60	WGN15	8.53599999999988	0.493501176824092	1114	7.56770342937153	9.50429657062822
61	WGN15	7.57649999999987	0.493501176824089	1114	6.60820342937153	8.54479657062821
62	WGN15	7.64749999999988	0.493501176824085	1114	6.67920342937155	8.61579657062821
63	WGN15	7.54249999999989	0.493501176824091	1114	6.57420342937155	8.51079657062823
64	WGN15	7.36599999999984	0.493501176824086	1114	6.39770342937151	8.33429657062817
65	WGN15	7.60299999999984	0.493501176824103	1114	6.63470342937148	8.57129657062821
66	WGN15	7.56299999999986	0.493501176824083	1114	6.59470342937154	8.53129657062819
67	WGN15	6.93899999999988	0.493501176824082	1114	5.97070342937156	7.90729657062821
68	WGN15	8.06249999999988	0.493501176824088	1114	7.09420342937154	9.03079657062821
69	WGN15	7.91999999999986	0.493501176824087	1114	6.95170342937152	8.88829657062819
70	WGN15	7.57649999999994	0.493501176824099	1114	6.60820342937158	8.54479657062829
71	WGN15	8.52399999999988	0.493501176824087	1114	7.55570342937155	9.49229657062821
72	WGN15	8.15399999999986	0.493501176824082	1114	7.18570342937153	9.12229657062818
73	WGN15	6.93999999999988	0.493501176824086	1114	5.97170342937155	7.90829657062821
74	WGN15	8.01899999999983	0.493501176824083	1114	7.05070342937151	8.98729657062816
75	WGN15	8.84299999999982	0.493501176824091	1114	7.87470342937148	9.81129657062816
77	WGN15	8.61699999999994	0.493501176824087	1114	7.64870342937161	9.58529657062827
78	WGN15	7.93399999999983	0.493501176824089	1114	6.96570342937149	8.90229657062816
79	WGN15	7.98549999999988	0.493501176824082	1114	7.01720342937156	8.95379657062821
80	WGN15	8.03199999999981	0.493501176824092	1114	7.06370342937146	9.00029657062815
81	WGN15	7.28849999999988	0.493501176824086	1114	6.32020342937154	8.25679657062821
82	WGN15	8.16949999999984	0.493501176824081	1114	7.20120342937152	9.13779657062817
83	WGN15	6.85099999999985	0.493501176824087	1114	5.88270342937152	7.81929657062819
84	WGN15	7.31399999999986	0.493501176824087	1114	6.34570342937152	8.28229657062819
85	WGN15	8.73599999999984	0.49350117682409	1114	7.7677034293715	9.70429657062818
86	WGN15	8.2414999999999	0.493501176824093	1114	7.27320342937156	9.20979657062825
87	WGN15	6.65549999999987	0.493501176824084	1114	5.68720342937154	7.6237965706282
88	WGN15	7.70999999999988	0.493501176824089	1114	6.74170342937155	8.67829657062822
89	WGN15	9.19099999999984	0.493501176824093	1114	8.2227034293715	10.1592965706282
90	WGN15	8.76599999999987	0.493501176824095	1114	7.79770342937152	9.73429657062822
91	WGN15	7.16949999999986	0.493501176824086	1114	6.20120342937153	8.13779657062819
92	WGN15	7.59499999999987	0.49350117682408	1114	6.62670342937155	8.56329657062819
93	WGN15	7.4529999999999	0.493501176824091	1114	6.48470342937156	8.42129657062824
94	WGN15	8.15149999999991	0.493501176824092	1114	7.18320342937157	9.11979657062826
95	WGN15	6.41349999999987	0.493501176824084	1114	5.44520342937154	7.3817965706282
96	WGN15	8.82238475336312	0.69807252319357	1114	7.4526996097365	10.1920698969897
97	WGN15	8.16999999999985	0.493501176824089	1114	7.20170342937151	9.13829657062819
98	WGN15	7.51049999999984	0.493501176824082	1114	6.54220342937152	8.47879657062816
99	WGN15	8.94199999999995	0.493501176824092	1114	7.9737034293716	9.91029657062829
100	WGN15	9.29749999999987	0.493501176824087	1114	8.32920342937153	10.2657965706282
101	WGN15	7.10949999999985	0.49350117682409	1114	6.14120342937152	8.07779657062819
102	WGN15	6.77149999999981	0.493501176824091	1114	5.80320342937146	7.73979657062815
103	WGN15	7.53699999999986	0.493501176824093	1114	6.56870342937151	8.5052965706282
104	WGN15	8.19799999999988	0.493501176824092	1114	7.22970342937154	9.16629657062822
106	WGN15	8.00599999999986	0.493501176824083	1114	7.03770342937154	8.97429657062819
107	WGN15	6.78099999999986	0.493501176824087	1114	5.81270342937152	7.74929657062819
108	WGN15	9.79849999999986	0.493501176824082	1114	8.83020342937153	10.7667965706282
109	WGN15	7.36949999999986	0.493501176824081	1114	6.40120342937154	8.33779657062818
110	WGN15	8.59549999999984	0.493501176824081	1114	7.62720342937152	9.56379657062817
111	WGN15	9.77749999999987	0.493501176824083	1114	8.80920342937154	10.7457965706282
112	WGN15	7.32949999999989	0.493501176824083	1114	6.36120342937156	8.29779657062821
113	WGN15	9.02249999999986	0.493501176824086	1114	8.05420342937153	9.99079657062819
114	WGN15	9.50649999999991	0.493501176824078	1114	8.53820342937159	10.4747965706282
115	WGN15	7.24649999999986	0.493501176824085	1114	6.27820342937153	8.21479657062819
116	WGN15	8.57899999999983	0.493501176824086	1114	7.6107034293715	9.54729657062816
117	WGN15	8.04049999999986	0.493501176824087	1114	7.07220342937153	9.00879657062819
118	WGN15	9.36449999999989	0.493501176824089	1114	8.39620342937155	10.3327965706282
119	WGN15	8.74399999999989	0.49350117682409	1114	7.77570342937155	9.71229657062823
120	WGN15	10.4739999999999	0.493501176824087	1114	9.5057034293716	11.4422965706283
121	WGN15	6.76499999999988	0.493501176824083	1114	5.79670342937155	7.7332965706282
122	WGN15	8.04799999999986	0.493501176824086	1114	7.07970342937153	9.01629657062819
123	WGN15	8.47299999999985	0.493501176824078	1114	7.50470342937153	9.44129657062817
124	WGN15	7.3909999999998	0.493501176824072	1114	6.4227034293715	8.35929657062811
125	WGN15	7.85799999999986	0.493501176824091	1114	6.88970342937152	8.8262965706282
126	WGN15	8.06199999999986	0.493501176824091	1114	7.09370342937152	9.0302965706282
127	WGN15	8.09099999999986	0.493501176824084	1114	7.12270342937153	9.05929657062819
128	WGN15	7.99799999999987	0.493501176824084	1114	7.02970342937155	8.9662965706282
129	WGN15	7.19999999999988	0.493501176824086	1114	6.23170342937155	8.16829657062821
130	WGN15	7.05899999999987	0.493501176824088	1114	6.09070342937154	8.02729657062821
1	WGN26	6.60099999999995	0.4935011768241	1114	5.63270342937159	7.56929657062831
3	WGN26	7.4175	0.49350117682408	1114	6.44920342937168	8.38579657062832
4	WGN26	8.27350000000002	0.493501176824088	1114	7.30520342937169	9.24179657062836
5	WGN26	6.91600000000001	0.493501176824088	1114	5.94770342937167	7.88429657062834
6	WGN26	7.91049999999997	0.49350117682408	1114	6.94220342937165	8.87879657062829
7	WGN26	9.0805	0.493501176824085	1114	8.11220342937167	10.0487965706283
8	WGN26	7.52800000000002	0.49350117682409	1114	6.55970342937168	8.49629657062836
9	WGN26	6.45700000000001	0.493501176824095	1114	5.48870342937166	7.42529657062837
10	WGN26	9.26700000000005	0.49350117682409	1114	8.29870342937171	10.2352965706284
11	WGN26	9.82050000000011	0.493501176824091	1114	8.85220342937177	10.7887965706285
12	WGN26	10.562	0.493501176824084	1114	9.59370342937164	11.5302965706283
13	WGN26	8.48200000000005	0.493501176824091	1114	7.51370342937171	9.45029657062839
14	WGN26	8.43599999999998	0.493501176824088	1114	7.46770342937164	9.40429657062831
15	WGN26	7.38150000000001	0.493501176824094	1114	6.41320342937167	8.34979657062836
17	WGN26	8.81399999999995	0.493501176824081	1114	7.84570342937163	9.78229657062828
18	WGN26	7.78950000000005	0.493501176824094	1114	6.8212034293717	8.7577965706284
19	WGN26	8.64150000000004	0.493501176824093	1114	7.67320342937169	9.60979657062838
20	WGN26	8.07238475336326	0.698072523193568	1114	6.70269960973665	9.44206989698987
21	WGN26	9.40499999999992	0.493501176824079	1114	8.43670342937161	10.3732965706282
22	WGN26	7.39450000000002	0.49350117682408	1114	6.4262034293717	8.36279657062835
23	WGN26	8.61999999999997	0.49350117682408	1114	7.65170342937165	9.58829657062829
24	WGN26	10.9364999999999	0.493501176824076	1114	9.96820342937155	11.9047965706282
25	WGN26	7.63699999999996	0.493501176824073	1114	6.66870342937166	8.60529657062827
26	WGN26	9.93000000000008	0.493501176824089	1114	8.96170342937174	10.8982965706284
27	WGN26	6.44699999999999	0.493501176824086	1114	5.47870342937165	7.41529657062832
28	WGN26	9.09750000000007	0.493501176824094	1114	8.12920342937172	10.0657965706284
29	WGN26	5.58950000000007	0.493501176824079	1114	4.62120342937175	6.55779657062839
30	WGN26	8.62150000000002	0.493501176824084	1114	7.6532034293717	9.58979657062835
31	WGN26	8.38650000000001	0.493501176824083	1114	7.41820342937168	9.35479657062833
32	WGN26	7.84950000000007	0.493501176824097	1114	6.88120342937172	8.81779657062842
33	WGN26	9.7316152466369	0.698072523193587	1114	8.36193010301026	11.1013003902635
34	WGN26	9.18649999999998	0.493501176824088	1114	8.21820342937164	10.1547965706283
35	WGN26	7.40250000000001	0.493501176824088	1114	6.43420342937167	8.37079657062834
36	WGN26	9.94299999999989	0.493501176824081	1114	8.97470342937157	10.9112965706282
38	WGN26	9.62099999999999	0.493501176824087	1114	8.65270342937165	10.5892965706283
39	WGN26	7.86150000000003	0.493501176824083	1114	6.8932034293717	8.82979657062836
40	WGN26	10.108	0.493501176824081	1114	9.13970342937163	11.0762965706283
41	WGN26	7.43550000000004	0.493501176824085	1114	6.46720342937171	8.40379657062837
42	WGN26	9.11899999999999	0.493501176824085	1114	8.15070342937167	10.0872965706283
43	WGN26	8.18850000000003	0.493501176824089	1114	7.22020342937169	9.15679657062837
44	WGN26	8.23899999999996	0.493501176824083	1114	7.27070342937163	9.20729657062828
45	WGN26	9.29450000000004	0.493501176824087	1114	8.3262034293717	10.2627965706284
46	WGN26	8.56899999999998	0.493501176824081	1114	7.60070342937166	9.5372965706283
47	WGN26	7.23100000000001	0.49350117682408	1114	6.26270342937169	8.19929657062833
48	WGN26	9.72299999999996	0.493501176824083	1114	8.75470342937163	10.6912965706283
49	WGN26	8.00700000000006	0.493501176824088	1114	7.03870342937172	8.97529657062839
50	WGN26	8.24650000000003	0.493501176824089	1114	7.27820342937169	9.21479657062837
51	WGN26	8.59700000000005	0.493501176824093	1114	7.6287034293717	9.56529657062839
52	WGN26	7.78450000000002	0.493501176824085	1114	6.81620342937169	8.75279657062835
53	WGN26	9.10450000000004	0.493501176824089	1114	8.1362034293717	10.0727965706284
54	WGN26	7.76050000000001	0.493501176824081	1114	6.79220342937169	8.72879657062833
55	WGN26	8.71350000000001	0.493501176824086	1114	7.74520342937168	9.68179657062834
56	WGN26	9.16699999999995	0.493501176824081	1114	8.19870342937163	10.1352965706283
57	WGN26	7.42999999999999	0.49350117682408	1114	6.46170342937167	8.39829657062831
58	WGN26	8.24000000000001	0.493501176824085	1114	7.27170342937168	9.20829657062834
59	WGN26	8.80661524663671	0.69807252319357	1114	7.4369301030101	10.1763003902633
60	WGN26	7.27499999999998	0.493501176824083	1114	6.30670342937166	8.24329657062831
61	WGN26	8.32438475336328	0.698072523193579	1114	6.95469960973665	9.69406989698991
62	WGN26	8.23300000000003	0.493501176824091	1114	7.26470342937169	9.20129657062838
64	WGN26	7.96800000000003	0.493501176824089	1114	6.99970342937169	8.93629657062837
65	WGN26	9.79761524663669	0.698072523193566	1114	8.42793010301009	11.1673003902633
66	WGN26	7.97900000000004	0.49350117682409	1114	7.0107034293717	8.94729657062838
67	WGN26	7.71399999999997	0.493501176824086	1114	6.74570342937164	8.6822965706283
68	WGN26	9.19100000000001	0.493501176824089	1114	8.22270342937168	10.1592965706284
69	WGN26	8.80850000000004	0.493501176824092	1114	7.84020342937169	9.77679657062838
70	WGN26	9.36799999999996	0.493501176824082	1114	8.39970342937163	10.3362965706283
71	WGN26	8.12800000000001	0.493501176824087	1114	7.15970342937168	9.09629657062834
72	WGN26	8.16550000000001	0.493501176824087	1114	7.19720342937168	9.13379657062835
73	WGN26	7.88050000000004	0.493501176824091	1114	6.91220342937169	8.84879657062838
74	WGN26	8.78450000000003	0.493501176824086	1114	7.8162034293717	9.75279657062836
75	WGN26	8.45900000000004	0.493501176824086	1114	7.49070342937171	9.42729657062837
76	WGN26	6.94338475336323	0.698072523193574	1114	5.57369960973661	8.31306989698985
77	WGN26	8.33800000000001	0.493501176824083	1114	7.36970342937169	9.30629657062834
78	WGN26	10.296	0.493501176824088	1114	9.3277034293717	11.2642965706284
79	WGN26	8.90000000000002	0.493501176824089	1114	7.93170342937169	9.86829657062836
80	WGN26	7.79950000000003	0.493501176824087	1114	6.8312034293717	8.76779657062837
81	WGN26	8.91549999999998	0.493501176824081	1114	7.94720342937166	9.88379657062831
82	WGN26	8.1005	0.493501176824087	1114	7.13220342937166	9.06879657062833
83	WGN26	8.32100000000001	0.493501176824086	1114	7.35270342937168	9.28929657062834
85	WGN26	8.01100000000002	0.493501176824092	1114	7.04270342937168	8.97929657062837
86	WGN26	6.59700000000002	0.493501176824086	1114	5.62870342937169	7.56529657062835
87	WGN26	7.44349999999999	0.493501176824088	1114	6.47520342937166	8.41179657062833
88	WGN26	6.90300000000001	0.493501176824085	1114	5.93470342937168	7.87129657062834
89	WGN26	8.96950000000009	0.493501176824088	1114	8.00120342937175	9.93779657062843
90	WGN26	8.93800000000004	0.493501176824088	1114	7.9697034293717	9.90629657062837
91	WGN26	8.30700000000004	0.493501176824087	1114	7.33870342937171	9.27529657062838
92	WGN26	5.86800000000001	0.493501176824089	1114	4.89970342937167	6.83629657062835
93	WGN26	7.79200000000001	0.493501176824088	1114	6.82370342937167	8.76029657062834
94	WGN26	8.05999999999999	0.493501176824086	1114	7.09170342937166	9.02829657062833
95	WGN26	8.22699999999999	0.493501176824086	1114	7.25870342937165	9.19529657062832
96	WGN26	10.253	0.493501176824082	1114	9.28470342937166	11.2212965706283
97	WGN26	9.30400000000001	0.493501176824087	1114	8.33570342937168	10.2722965706283
98	WGN26	7.6	0.493501176824078	1114	6.63170342937169	8.56829657062832
99	WGN26	9.271	0.493501176824088	1114	8.30270342937166	10.2392965706283
100	WGN26	8.33900000000003	0.493501176824087	1114	7.3707034293717	9.30729657062836
101	WGN26	6.18150000000002	0.493501176824083	1114	5.21320342937169	7.14979657062834
102	WGN26	8.0485	0.493501176824081	1114	7.08020342937168	9.01679657062832
103	WGN26	7.96450000000001	0.493501176824089	1114	6.99620342937168	8.93279657062835
104	WGN26	8.12100000000001	0.493501176824087	1114	7.15270342937168	9.08929657062834
105	WGN26	8.56450000000001	0.493501176824082	1114	7.59620342937168	9.53279657062833
106	WGN26	8.78661524663673	0.698072523193567	1114	7.41693010301012	10.1563003902633
108	WGN26	9.27538475336328	0.698072523193581	1114	7.90569960973664	10.6450698969899
109	WGN26	7.912	0.493501176824084	1114	6.94370342937167	8.88029657062833
111	WGN26	10.5475	0.493501176824081	1114	9.5792034293717	11.5157965706283
112	WGN26	8.29649999999998	0.493501176824089	1114	7.32820342937164	9.26479657062831
113	WGN26	7.92649999999999	0.493501176824082	1114	6.95820342937167	8.89479657062832
114	WGN26	10.4166152466368	0.698072523193578	1114	9.04693010301017	11.7863003902634
115	WGN26	8.82450000000001	0.493501176824087	1114	7.85620342937167	9.79279657062834
116	WGN26	8.29861524663678	0.698072523193573	1114	6.92893010301016	9.6683003902634
117	WGN26	5.94450000000006	0.493501176824088	1114	4.97620342937172	6.9127965706284
118	WGN26	8.59150000000001	0.493501176824085	1114	7.62320342937168	9.55979657062834
119	WGN26	8.73900000000001	0.493501176824086	1114	7.77070342937168	9.70729657062834
120	WGN26	7.87349999999999	0.493501176824085	1114	6.90520342937166	8.84179657062832
121	WGN26	7.98950000000003	0.493501176824084	1114	7.0212034293717	8.95779657062836
122	WGN26	9.57950000000002	0.493501176824088	1114	8.61120342937168	10.5477965706284
123	WGN26	7.29200000000001	0.493501176824084	1114	6.32370342937168	8.26029657062834
124	WGN26	7.64138475336325	0.698072523193573	1114	6.27169960973663	9.01106989698987
125	WGN26	8.11299999999999	0.49350117682408	1114	7.14470342937167	9.08129657062831
126	WGN26	9.82361524663667	0.698072523193566	1114	8.45393010301007	11.1933003902633
127	WGN26	7.27800000000006	0.493501176824084	1114	6.30970342937173	8.24629657062839
128	WGN26	8.77061524663678	0.698072523193579	1114	7.40093010301015	10.1403003902634
129	WGN26	7.57400000000003	0.493501176824085	1114	6.6057034293717	8.54229657062836
130	WGN26	9.02950000000002	0.493501176824089	1114	8.06120342937168	9.99779657062836
1	WGN36	9.89661524663679	0.698072523193578	1114	8.52693010301016	11.2663003902634
2	WGN36	7.024	0.493501176824089	1114	6.05570342937166	7.99229657062834
4	WGN36	8.20049999999995	0.493501176824096	1114	7.2322034293716	9.1687965706283
5	WGN36	8.28649999999999	0.493501176824087	1114	7.31820342937166	9.25479657062833
6	WGN36	6.68950000000005	0.493501176824083	1114	5.72120342937172	7.65779657062838
7	WGN36	8.79799999999993	0.4935011768241	1114	7.82970342937157	9.76629657062828
8	WGN36	9.11499999999998	0.493501176824089	1114	8.14670342937164	10.0832965706283
9	WGN36	9.66538475336333	0.698072523193583	1114	8.29569960973669	11.03506989699
10	WGN36	8.01100000000004	0.49350117682408	1114	7.04270342937172	8.97929657062836
11	WGN36	6.83138475336318	0.698072523193582	1114	5.46169960973654	8.20106989698981
12	WGN36	7.05949999999995	0.493501176824088	1114	6.09120342937161	8.02779657062828
13	WGN36	8.15099999999999	0.493501176824088	1114	7.18270342937166	9.11929657062833
14	WGN36	9.49999999999999	0.493501176824095	1114	8.53170342937164	10.4682965706283
15	WGN36	8.35200000000004	0.493501176824081	1114	7.38370342937172	9.32029657062837
16	WGN36	8.52350000000002	0.493501176824085	1114	7.55520342937169	9.49179657062835
17	WGN36	9.57600000000001	0.49350117682409	1114	8.60770342937167	10.5442965706284
18	WGN36	7.26938475336326	0.698072523193573	1114	5.89969960973664	8.63906989698988
19	WGN36	7.83550000000012	0.49350117682407	1114	6.86720342937182	8.80379657062842
20	WGN36	8.47850000000002	0.493501176824088	1114	7.51020342937169	9.44679657062836
21	WGN36	9.27250000000002	0.493501176824086	1114	8.30420342937169	10.2407965706284
22	WGN36	8.0225	0.493501176824089	1114	7.05420342937166	8.99079657062834
23	WGN36	7.90200000000001	0.493501176824085	1114	6.93370342937168	8.87029657062834
24	WGN36	7.11400000000004	0.493501176824087	1114	6.14570342937171	8.08229657062837
26	WGN36	8.50049999999996	0.493501176824091	1114	7.53220342937162	9.4687965706283
27	WGN36	8.20700000000002	0.493501176824082	1114	7.2387034293717	9.17529657062834
28	WGN36	9.35799999999998	0.493501176824087	1114	8.38970342937165	10.3262965706283
30	WGN36	8.41150000000007	0.493501176824078	1114	7.44320342937175	9.37979657062839
31	WGN36	8.31200000000001	0.493501176824085	1114	7.34370342937168	9.28029657062834
32	WGN36	8.65838475336322	0.698072523193585	1114	7.28869960973657	10.0280698969899
33	WGN36	8.38249999999991	0.493501176824092	1114	7.41420342937156	9.35079657062825
34	WGN36	7.86550000000005	0.493501176824084	1114	6.89720342937172	8.83379657062838
35	WGN36	9.06750000000004	0.493501176824082	1114	8.09920342937171	10.0357965706284
36	WGN36	7.29400000000004	0.49350117682408	1114	6.32570342937172	8.26229657062836
37	WGN36	9.65461524663677	0.698072523193577	1114	8.28493010301014	11.0243003902634
38	WGN36	5.45261524663679	0.698072523193575	1114	4.08293010301016	6.82230039026341
39	WGN36	8.07050000000002	0.493501176824086	1114	7.10220342937168	9.03879657062835
40	WGN36	7.77900000000009	0.493501176824079	1114	6.81070342937177	8.74729657062841
41	WGN36	9.2805	0.493501176824087	1114	8.31220342937166	10.2487965706283
42	WGN36	7.2405	0.493501176824087	1114	6.27220342937167	8.20879657062834
43	WGN36	6.60649999999999	0.493501176824086	1114	5.63820342937166	7.57479657062832
44	WGN36	8.40299999999998	0.493501176824083	1114	7.43470342937166	9.37129657062831
45	WGN36	8.46199999999994	0.493501176824089	1114	7.4937034293716	9.43029657062828
46	WGN36	7.84750000000009	0.493501176824078	1114	6.87920342937178	8.81579657062841
47	WGN36	7.76850000000003	0.493501176824084	1114	6.8002034293717	8.73679657062836
48	WGN36	8.26749999999993	0.493501176824094	1114	7.29920342937158	9.23579657062828
49	WGN36	8.60600000000001	0.493501176824082	1114	7.63770342937169	9.57429657062834
51	WGN36	7.48899999999998	0.49350117682409	1114	6.52070342937164	8.45729657062832
52	WGN36	8.3125	0.493501176824085	1114	7.34420342937167	9.28079657062833
53	WGN36	8.14150000000003	0.493501176824087	1114	7.1732034293717	9.10979657062837
54	WGN36	6.19299999999996	0.49350117682409	1114	5.22470342937162	7.1612965706283
55	WGN36	7.75900000000002	0.493501176824082	1114	6.7907034293717	8.72729657062835
56	WGN36	8.06849999999999	0.493501176824089	1114	7.10020342937166	9.03679657062833
57	WGN36	8.46700000000005	0.493501176824085	1114	7.49870342937172	9.43529657062838
58	WGN36	7.63700000000004	0.493501176824085	1114	6.66870342937171	8.60529657062837
59	WGN36	8.76500000000003	0.493501176824081	1114	7.79670342937171	9.73329657062835
60	WGN36	7.57150000000005	0.493501176824083	1114	6.60320342937172	8.53979657062838
62	WGN36	8.47349999999998	0.493501176824087	1114	7.50520342937165	9.44179657062832
64	WGN36	7.23499999999999	0.493501176824088	1114	6.26670342937165	8.20329657062832
65	WGN36	7.238	0.493501176824087	1114	6.26970342937166	8.20629657062833
66	WGN36	8.64950000000004	0.493501176824083	1114	7.68120342937172	9.61779657062837
68	WGN36	8.57749999999999	0.493501176824088	1114	7.60920342937166	9.54579657062833
69	WGN36	8.83738475336324	0.698072523193567	1114	7.46769960973664	10.2070698969899
70	WGN36	7.11500000000006	0.493501176824083	1114	6.14670342937173	8.08329657062838
71	WGN36	8.518	0.493501176824087	1114	7.54970342937166	9.48629657062833
72	WGN36	8.60050000000001	0.493501176824085	1114	7.63220342937168	9.56879657062834
74	WGN36	8.30049999999998	0.493501176824089	1114	7.33220342937164	9.26879657062832
75	WGN36	7.79438475336322	0.69807252319358	1114	6.42469960973659	9.16406989698985
76	WGN36	7.14699999999999	0.493501176824086	1114	6.17870342937166	8.11529657062833
77	WGN36	7.99249999999994	0.493501176824087	1114	7.02420342937161	8.96079657062828
78	WGN36	8.17161524663675	0.69807252319358	1114	6.80193010301011	9.54130039026338
79	WGN36	7.80250000000003	0.493501176824086	1114	6.8342034293717	8.77079657062836
80	WGN36	7.53061524663675	0.698072523193579	1114	6.16093010301012	8.90030039026338
81	WGN36	8.38950000000001	0.493501176824083	1114	7.42120342937168	9.35779657062833
82	WGN36	8.04900000000003	0.493501176824084	1114	7.0807034293717	9.01729657062836
83	WGN36	9.05999999999996	0.493501176824088	1114	8.09170342937162	10.0282965706283
84	WGN36	6.46399999999994	0.49350117682409	1114	5.4957034293716	7.43229657062828
85	WGN36	8.78150000000001	0.493501176824086	1114	7.81320342937168	9.74979657062834
86	WGN36	8.06450000000001	0.493501176824087	1114	7.09620342937168	9.03279657062835
87	WGN36	9.27250000000001	0.493501176824087	1114	8.30420342937168	10.2407965706283
88	WGN36	6.89200000000001	0.493501176824087	1114	5.92370342937168	7.86029657062834
89	WGN36	7.48700000000002	0.493501176824085	1114	6.51870342937169	8.45529657062835
90	WGN36	7.37600000000002	0.493501176824084	1114	6.4077034293717	8.34429657062835
92	WGN36	8.72000000000001	0.493501176824088	1114	7.75170342937167	9.68829657062834
93	WGN36	9.98138475336327	0.698072523193572	1114	8.61169960973665	11.3510698969899
94	WGN36	9.09800000000002	0.493501176824086	1114	8.12970342937169	10.0662965706283
95	WGN36	7.48300000000003	0.493501176824087	1114	6.51470342937169	8.45129657062836
96	WGN36	8.45199999999999	0.493501176824085	1114	7.48370342937166	9.42029657062832
97	WGN36	7.921	0.493501176824085	1114	6.95270342937167	8.88929657062833
98	WGN36	8.34300000000003	0.493501176824086	1114	7.3747034293717	9.31129657062836
99	WGN36	6.59250000000003	0.493501176824084	1114	5.6242034293717	7.56079657062836
100	WGN36	8.391	0.493501176824087	1114	7.42270342937167	9.35929657062834
102	WGN36	7.22361524663679	0.698072523193577	1114	5.85393010301016	8.59330039026342
104	WGN36	9.38750000000001	0.493501176824086	1114	8.41920342937168	10.3557965706283
105	WGN36	7.51838475336328	0.698072523193571	1114	6.14869960973667	8.8880698969899
106	WGN36	8.36550000000002	0.493501176824085	1114	7.39720342937168	9.33379657062835
107	WGN36	8.70350000000002	0.493501176824084	1114	7.73520342937169	9.67179657062835
108	WGN36	8.01	0.493501176824086	1114	7.04170342937167	8.97829657062833
109	WGN36	8.31350000000001	0.493501176824084	1114	7.34520342937168	9.28179657062834
110	WGN36	8.17050000000002	0.493501176824088	1114	7.20220342937168	9.13879657062835
112	WGN36	6.46900000000002	0.493501176824084	1114	5.50070342937169	7.43729657062835
114	WGN36	8.0115	0.493501176824086	1114	7.04320342937167	8.97979657062834
116	WGN36	9.47661524663678	0.698072523193575	1114	8.10693010301016	10.8463003902634
117	WGN36	8.66650000000001	0.493501176824086	1114	7.69820342937168	9.63479657062834
118	WGN36	7.5645	0.49350117682409	1114	6.59620342937166	8.53279657062834
119	WGN36	9.73938475336324	0.698072523193579	1114	8.36969960973661	11.1090698969899
120	WGN36	7.55900000000001	0.493501176824087	1114	6.59070342937167	8.52729657062834
121	WGN36	6.52461524663676	0.698072523193579	1114	5.15493010301013	7.89430039026339
122	WGN36	6.49850000000001	0.493501176824086	1114	5.53020342937167	7.46679657062834
123	WGN36	8.04650000000001	0.493501176824084	1114	7.07820342937169	9.01479657062834
124	WGN36	7.35799999999999	0.493501176824087	1114	6.38970342937166	8.32629657062833
125	WGN36	9.43400000000002	0.493501176824084	1114	8.46570342937169	10.4022965706283
126	WGN36	8.56900000000003	0.493501176824082	1114	7.6007034293717	9.53729657062835
127	WGN36	7.97300000000001	0.493501176824086	1114	7.00470342937168	8.94129657062834
128	WGN36	8.12600000000001	0.493501176824087	1114	7.15770342937168	9.09429657062835
129	WGN36	7.64900000000002	0.493501176824086	1114	6.68070342937168	8.61729657062835
130	WGN36	8.61550000000001	0.493501176824088	1114	7.64720342937168	9.58379657062835
1	WGN38	7.07250000000011	0.493501176824118	1114	6.10420342937171	8.0407965706285
2	WGN38	5.89950000000005	0.49350117682408	1114	4.93120342937173	6.86779657062838
3	WGN38	8.26438475336322	0.698072523193565	1114	6.89469960973661	9.63406989698982
4	WGN38	6.92450000000001	0.493501176824088	1114	5.95620342937167	7.89279657062835
5	WGN38	7.40700000000001	0.493501176824084	1114	6.43870342937168	8.37529657062834
6	WGN38	10.4404999999999	0.49350117682408	1114	9.47220342937162	11.4087965706283
7	WGN38	7.14300000000005	0.493501176824089	1114	6.17470342937171	8.11129657062838
8	WGN38	7.42449999999999	0.493501176824079	1114	6.45620342937168	8.39279657062831
10	WGN38	8.067	0.493501176824083	1114	7.09870342937167	9.03529657062832
11	WGN38	7.02100000000001	0.493501176824087	1114	6.05270342937168	7.98929657062835
12	WGN38	7.28450000000003	0.493501176824079	1114	6.31620342937171	8.25279657062835
13	WGN38	9.08050000000004	0.493501176824091	1114	8.1122034293717	10.0487965706284
14	WGN38	8.18349999999999	0.493501176824086	1114	7.21520342937166	9.15179657062832
16	WGN38	6.17349999999998	0.493501176824084	1114	5.20520342937165	7.14179657062831
18	WGN38	8.46500000000001	0.493501176824087	1114	7.49670342937167	9.43329657062834
19	WGN38	7.70900000000004	0.493501176824092	1114	6.74070342937169	8.67729657062838
20	WGN38	6.74100000000004	0.493501176824087	1114	5.7727034293717	7.70929657062837
21	WGN38	8.14150000000003	0.49350117682409	1114	7.17320342937169	9.10979657062837
22	WGN38	8.19850000000005	0.493501176824093	1114	7.2302034293717	9.1667965706284
23	WGN38	8.91850000000006	0.493501176824093	1114	7.95020342937172	9.88679657062841
24	WGN38	6.96550000000004	0.493501176824079	1114	5.99720342937173	7.93379657062836
26	WGN38	7.67649999999999	0.493501176824084	1114	6.70820342937166	8.64479657062832
27	WGN38	7.79200000000002	0.493501176824086	1114	6.82370342937169	8.76029657062835
28	WGN38	8.24250000000005	0.493501176824091	1114	7.2742034293717	9.21079657062839
29	WGN38	8.84499999999998	0.493501176824083	1114	7.87670342937165	9.8132965706283
30	WGN38	9.48000000000001	0.493501176824084	1114	8.51170342937168	10.4482965706283
32	WGN38	7.38600000000001	0.493501176824077	1114	6.4177034293717	8.35429657062833
33	WGN38	7.52650000000003	0.49350117682409	1114	6.55820342937169	8.49479657062837
34	WGN38	7.28400000000001	0.493501176824087	1114	6.31570342937168	8.25229657062835
35	WGN38	7.04900000000001	0.493501176824084	1114	6.08070342937168	8.01729657062834
36	WGN38	6.86300000000001	0.493501176824086	1114	5.89470342937168	7.83129657062835
37	WGN38	9.15800000000006	0.493501176824091	1114	8.18970342937172	10.1262965706284
38	WGN38	7.58100000000004	0.493501176824091	1114	6.6127034293717	8.54929657062838
39	WGN38	6.72300000000003	0.493501176824083	1114	5.7547034293717	7.69129657062835
40	WGN38	8.97300000000001	0.493501176824085	1114	8.00470342937168	9.94129657062834
41	WGN38	8.95600000000009	0.493501176824094	1114	7.98770342937174	9.92429657062844
42	WGN38	5.20699999999997	0.493501176824093	1114	4.23870342937163	6.17529657062832
45	WGN38	6.90450000000002	0.493501176824083	1114	5.93620342937169	7.87279657062834
46	WGN38	8.02150000000002	0.493501176824087	1114	7.05320342937169	8.98979657062836
47	WGN38	7.91300000000001	0.493501176824085	1114	6.94470342937168	8.88129657062834
48	WGN38	7.73100000000003	0.493501176824091	1114	6.76270342937169	8.69929657062837
49	WGN38	8.63900000000001	0.493501176824085	1114	7.67070342937168	9.60729657062834
50	WGN38	8.60450000000004	0.49350117682409	1114	7.6362034293717	9.57279657062838
51	WGN38	7.93400000000001	0.493501176824086	1114	6.96570342937168	8.90229657062835
52	WGN38	9.41450000000004	0.493501176824087	1114	8.4462034293717	10.3827965706284
53	WGN38	6.77350000000001	0.493501176824092	1114	5.80520342937166	7.74179657062835
54	WGN38	6.29249999999997	0.493501176824095	1114	5.32420342937162	7.26079657062832
55	WGN38	6.79338475336323	0.698072523193568	1114	5.42369960973662	8.16306989698984
56	WGN38	9.269	0.493501176824085	1114	8.30070342937167	10.2372965706283
59	WGN38	7.80700000000002	0.493501176824083	1114	6.83870342937169	8.77529657062834
61	WGN38	6.02400000000001	0.493501176824088	1114	5.05570342937167	6.99229657062834
63	WGN38	6.64700000000003	0.493501176824085	1114	5.6787034293717	7.61529657062836
64	WGN38	6.97150000000001	0.493501176824088	1114	6.00320342937168	7.93979657062835
65	WGN38	8.10300000000002	0.493501176824086	1114	7.13470342937169	9.07129657062835
66	WGN38	7.468	0.493501176824088	1114	6.49970342937166	8.43629657062833
67	WGN38	7.21849999999999	0.49350117682409	1114	6.25020342937165	8.18679657062833
68	WGN38	7.12500000000002	0.493501176824081	1114	6.1567034293717	8.09329657062835
69	WGN38	7.03550000000003	0.493501176824088	1114	6.06720342937169	8.00379657062837
70	WGN38	8.53600000000003	0.493501176824088	1114	7.5677034293717	9.50429657062837
72	WGN38	8.59500000000002	0.493501176824085	1114	7.62670342937169	9.56329657062835
73	WGN38	6.56300000000002	0.493501176824087	1114	5.59470342937168	7.53129657062835
74	WGN38	8.47000000000001	0.493501176824084	1114	7.50170342937168	9.43829657062834
76	WGN38	6.01550000000004	0.49350117682408	1114	5.04720342937172	6.98379657062836
77	WGN38	6.65250000000002	0.493501176824085	1114	5.68420342937169	7.62079657062835
78	WGN38	6.22400000000002	0.493501176824084	1114	5.2557034293717	7.19229657062835
80	WGN38	7.94700000000001	0.493501176824085	1114	6.97870342937167	8.91529657062834
81	WGN38	9.24650000000002	0.493501176824085	1114	8.27820342937169	10.2147965706283
82	WGN38	8.53500000000003	0.493501176824088	1114	7.5667034293717	9.50329657062837
83	WGN38	9.37	0.493501176824085	1114	8.40170342937167	10.3382965706283
84	WGN38	7.99400000000003	0.493501176824091	1114	7.02570342937169	8.96229657062837
85	WGN38	6.71238475336324	0.698072523193574	1114	5.34269960973662	8.08206989698986
86	WGN38	11.1915	0.493501176824086	1114	10.2232034293717	12.1597965706283
87	WGN38	8.68300000000002	0.493501176824087	1114	7.71470342937169	9.65129657062836
88	WGN38	7.40400000000002	0.493501176824086	1114	6.43570342937168	8.37229657062835
89	WGN38	7.20200000000002	0.493501176824085	1114	6.23370342937169	8.17029657062835
90	WGN38	8.07100000000002	0.493501176824086	1114	7.10270342937168	9.03929657062835
91	WGN38	7.06450000000001	0.493501176824086	1114	6.09620342937168	8.03279657062834
92	WGN38	8.25800000000002	0.493501176824087	1114	7.28970342937169	9.22629657062836
93	WGN38	7.20800000000001	0.493501176824086	1114	6.23970342937168	8.17629657062835
94	WGN38	7.20650000000001	0.493501176824086	1114	6.23820342937168	8.17479657062835
95	WGN38	6.41050000000002	0.493501176824086	1114	5.44220342937169	7.37879657062835
96	WGN38	7.85800000000001	0.493501176824086	1114	6.88970342937168	8.82629657062835
97	WGN38	7.59400000000002	0.493501176824086	1114	6.62570342937169	8.56229657062835
98	WGN38	6.54550000000002	0.493501176824086	1114	5.57720342937169	7.51379657062835
99	WGN38	8.62050000000002	0.493501176824086	1114	7.65220342937169	9.58879657062835
100	WGN38	7.51100000000002	0.493501176824087	1114	6.54270342937169	8.47929657062835
101	WGN38	6.80300000000001	0.493501176824088	1114	5.83470342937168	7.77129657062835
102	WGN38	7.42150000000001	0.493501176824085	1114	6.45320342937168	8.38979657062834
103	WGN38	8.13200000000001	0.493501176824085	1114	7.16370342937168	9.10029657062834
104	WGN38	7.48400000000001	0.493501176824086	1114	6.51570342937168	8.45229657062835
106	WGN38	6.75400000000002	0.493501176824087	1114	5.78570342937169	7.72229657062835
107	WGN38	7.18700000000001	0.493501176824086	1114	6.21870342937168	8.15529657062834
108	WGN38	7.96050000000001	0.493501176824087	1114	6.99220342937168	8.92879657062835
109	WGN38	8.59700000000002	0.493501176824087	1114	7.62870342937168	9.56529657062835
110	WGN38	9.42600000000002	0.493501176824087	1114	8.45770342937169	10.3942965706284
111	WGN38	7.39400000000001	0.493501176824086	1114	6.42570342937168	8.36229657062834
113	WGN38	7.42550000000001	0.493501176824086	1114	6.45720342937168	8.39379657062834
114	WGN38	7.25800000000001	0.493501176824087	1114	6.28970342937168	8.22629657062835
115	WGN38	7.08850000000001	0.493501176824087	1114	6.12020342937168	8.05679657062834
1	WGN39	6.63450000000007	0.493501176824055	1114	5.6662034293718	7.60279657062834
2	WGN39	9.43250000000002	0.493501176824086	1114	8.46420342937168	10.4007965706283
3	WGN39	10.9885000000002	0.493501176824092	1114	10.0202034293718	11.9567965706285
4	WGN39	8.81050000000008	0.493501176824089	1114	7.84220342937175	9.77879657062842
5	WGN39	8.52699999999989	0.493501176824074	1114	7.55870342937158	9.4952965706282
6	WGN39	7.71000000000006	0.493501176824096	1114	6.74170342937171	8.67829657062841
7	WGN39	9.52250000000015	0.493501176824095	1114	8.5542034293718	10.4907965706285
8	WGN39	8.6005	0.493501176824084	1114	7.63220342937167	9.56879657062833
9	WGN39	8.63550000000003	0.493501176824088	1114	7.6672034293717	9.60379657062837
10	WGN39	7.15400000000003	0.49350117682409	1114	6.18570342937169	8.12229657062837
11	WGN39	8.45350000000007	0.493501176824095	1114	7.48520342937172	9.42179657062842
12	WGN39	8.02550000000009	0.493501176824088	1114	7.05720342937175	8.99379657062843
13	WGN39	9.32650000000002	0.493501176824085	1114	8.35820342937169	10.2947965706284
14	WGN39	8.5539999999999	0.493501176824071	1114	7.5857034293716	9.52229657062821
15	WGN39	7.5895	0.493501176824085	1114	6.62120342937167	8.55779657062833
16	WGN39	8.94699999999992	0.493501176824076	1114	7.97870342937161	9.91529657062823
17	WGN39	8.46250000000003	0.493501176824088	1114	7.49420342937169	9.43079657062836
18	WGN39	8.38850000000004	0.493501176824088	1114	7.4202034293717	9.35679657062837
19	WGN39	9.48899999999995	0.493501176824084	1114	8.52070342937162	10.4572965706283
20	WGN39	9.88350000000007	0.493501176824086	1114	8.91520342937174	10.8517965706284
21	WGN39	7.66000000000006	0.493501176824085	1114	6.69170342937173	8.62829657062839
22	WGN39	8.56750000000005	0.493501176824089	1114	7.59920342937172	9.53579657062839
24	WGN39	8.91350000000002	0.493501176824084	1114	7.94520342937169	9.88179657062834
25	WGN39	10.586	0.493501176824085	1114	9.61770342937166	11.5542965706283
26	WGN39	7.73338475336325	0.698072523193574	1114	6.36369960973663	9.10306989698987
27	WGN39	9.87300000000004	0.493501176824085	1114	8.90470342937171	10.8412965706284
28	WGN39	5.99600000000002	0.493501176824084	1114	5.02770342937169	6.96429657062835
29	WGN39	9.56800000000007	0.493501176824088	1114	8.59970342937173	10.5362965706284
30	WGN39	9.364	0.493501176824084	1114	8.39570342937167	10.3322965706283
31	WGN39	9.41399999999999	0.493501176824082	1114	8.44570342937167	10.3822965706283
32	WGN39	7.78500000000006	0.493501176824087	1114	6.81670342937173	8.7532965706284
34	WGN39	8.31349999999996	0.49350117682408	1114	7.34520342937164	9.28179657062828
35	WGN39	7.76300000000001	0.493501176824085	1114	6.79470342937168	8.73129657062834
36	WGN39	9.97250000000006	0.493501176824089	1114	9.00420342937172	10.9407965706284
37	WGN39	8.54200000000007	0.493501176824086	1114	7.57370342937174	9.5102965706284
38	WGN39	6.29300000000003	0.493501176824083	1114	5.3247034293717	7.26129657062836
39	WGN39	8.27800000000006	0.493501176824085	1114	7.30970342937173	9.24629657062839
40	WGN39	8.70350000000006	0.493501176824087	1114	7.73520342937173	9.6717965706284
41	WGN39	9.67650000000005	0.493501176824089	1114	8.70820342937171	10.6447965706284
42	WGN39	8.77900000000004	0.493501176824087	1114	7.8107034293717	9.74729657062837
43	WGN39	9.83700000000002	0.493501176824084	1114	8.86870342937169	10.8052965706283
44	WGN39	10.068	0.493501176824083	1114	9.09970342937167	11.0362965706283
45	WGN39	8.40700000000002	0.493501176824087	1114	7.43870342937168	9.37529657062835
46	WGN39	8.4066152466368	0.698072523193576	1114	7.03693010301018	9.77630039026343
47	WGN39	7.655	0.493501176824087	1114	6.68670342937167	8.62329657062834
48	WGN39	3.82600000000003	0.493501176824086	1114	2.8577034293717	4.79429657062837
49	WGN39	8.45750000000004	0.493501176824086	1114	7.48920342937171	9.42579657062837
50	WGN39	7.06450000000003	0.493501176824085	1114	6.0962034293717	8.03279657062836
51	WGN39	7.95700000000002	0.493501176824086	1114	6.98870342937169	8.92529657062835
52	WGN39	7.88450000000002	0.493501176824081	1114	6.91620342937169	8.85279657062834
53	WGN39	9.42700000000002	0.493501176824084	1114	8.4587034293717	10.3952965706283
54	WGN39	9.17350000000004	0.493501176824089	1114	8.2052034293717	10.1417965706284
55	WGN39	8.293	0.493501176824088	1114	7.32470342937166	9.26129657062834
56	WGN39	9.4405	0.493501176824084	1114	8.47220342937168	10.4087965706283
57	WGN39	7.99800000000002	0.49350117682409	1114	7.02970342937168	8.96629657062836
58	WGN39	6.69150000000003	0.493501176824088	1114	5.7232034293717	7.65979657062837
59	WGN39	8.788	0.493501176824085	1114	7.81970342937167	9.75629657062833
60	WGN39	9.11050000000005	0.493501176824086	1114	8.14220342937171	10.0787965706284
61	WGN39	8.95050000000002	0.493501176824088	1114	7.98220342937168	9.91879657062835
62	WGN39	5.84300000000003	0.493501176824085	1114	4.8747034293717	6.81129657062836
63	WGN39	9.12700000000004	0.493501176824087	1114	8.1587034293717	10.0952965706284
64	WGN39	9.8400000000001	0.493501176824089	1114	8.87170342937176	10.8082965706284
65	WGN39	7.22200000000002	0.493501176824091	1114	6.25370342937168	8.19029657062836
66	WGN39	8.89750000000004	0.493501176824087	1114	7.9292034293717	9.86579657062837
67	WGN39	8.3365	0.493501176824084	1114	7.36820342937167	9.30479657062832
68	WGN39	8.56661524663683	0.698072523193574	1114	7.19693010301021	9.93630039026345
69	WGN39	7.85100000000001	0.493501176824088	1114	6.88270342937167	8.81929657062834
70	WGN39	8.08961524663679	0.698072523193574	1114	6.71993010301016	9.45930039026341
71	WGN39	9.50300000000006	0.493501176824087	1114	8.53470342937173	10.4712965706284
72	WGN39	6.31600000000006	0.493501176824081	1114	5.34770342937174	7.28429657062838
73	WGN39	7.99100000000001	0.493501176824085	1114	7.02270342937168	8.95929657062834
74	WGN39	10.1855000000001	0.493501176824091	1114	9.21720342937172	11.1537965706284
75	WGN39	10.2265	0.493501176824083	1114	9.25820342937164	11.1947965706283
76	WGN39	9.24961524663679	0.698072523193576	1114	7.87993010301017	10.6193003902634
77	WGN39	9.87900000000007	0.49350117682409	1114	8.91070342937173	10.8472965706284
78	WGN39	8.81900000000002	0.493501176824087	1114	7.85070342937169	9.78729657062835
79	WGN39	8.15000000000005	0.493501176824088	1114	7.18170342937171	9.11829657062839
80	WGN39	8.57750000000001	0.493501176824086	1114	7.60920342937168	9.54579657062834
81	WGN39	9.22850000000002	0.493501176824084	1114	8.26020342937169	10.1967965706284
82	WGN39	7.9465	0.493501176824084	1114	6.97820342937168	8.91479657062833
83	WGN39	8.36900000000001	0.493501176824085	1114	7.40070342937168	9.33729657062834
84	WGN39	9.14300000000005	0.493501176824088	1114	8.17470342937172	10.1112965706284
85	WGN39	6.3886152466368	0.698072523193579	1114	5.01893010301017	7.75830039026343
86	WGN39	8.72800000000004	0.493501176824089	1114	7.75970342937171	9.69629657062838
87	WGN39	7.82150000000004	0.493501176824086	1114	6.85320342937171	8.78979657062837
88	WGN39	9.12761524663682	0.698072523193578	1114	7.75793010301019	10.4973003902634
89	WGN39	6.53000000000002	0.493501176824087	1114	5.56170342937168	7.49829657062835
90	WGN39	9.52550000000003	0.493501176824086	1114	8.55720342937169	10.4937965706284
91	WGN39	6.94900000000002	0.493501176824085	1114	5.9807034293717	7.91729657062835
92	WGN39	9.49000000000004	0.493501176824088	1114	8.52170342937171	10.4582965706284
93	WGN39	9.28050000000004	0.493501176824088	1114	8.31220342937171	10.2487965706284
94	WGN39	7.54850000000002	0.493501176824086	1114	6.58020342937169	8.51679657062835
95	WGN39	10.0375	0.493501176824088	1114	9.0692034293717	11.0057965706284
96	WGN39	10.23	0.493501176824087	1114	9.2617034293717	11.1982965706284
97	WGN39	7.59200000000002	0.493501176824086	1114	6.62370342937168	8.56029657062835
98	WGN39	10.0765	0.493501176824088	1114	9.10820342937171	11.0447965706284
99	WGN39	7.88900000000003	0.493501176824088	1114	6.9207034293717	8.85729657062837
100	WGN39	8.84250000000002	0.493501176824085	1114	7.87420342937168	9.81079657062835
101	WGN39	8.33350000000003	0.493501176824087	1114	7.36520342937169	9.30179657062836
102	WGN39	8.94750000000001	0.493501176824086	1114	7.97920342937168	9.91579657062834
104	WGN39	8.20800000000001	0.493501176824085	1114	7.23970342937168	9.17629657062834
105	WGN39	7.44850000000002	0.493501176824087	1114	6.48020342937169	8.41679657062835
106	WGN39	9.88350000000001	0.493501176824085	1114	8.91520342937168	10.8517965706283
107	WGN39	7.14700000000002	0.493501176824086	1114	6.17870342937169	8.11529657062835
108	WGN39	10.4175	0.493501176824086	1114	9.44920342937168	11.3857965706283
109	WGN39	9.38350000000001	0.493501176824086	1114	8.41520342937168	10.3517965706283
110	WGN39	6.80150000000002	0.493501176824085	1114	5.83320342937169	7.76979657062835
111	WGN39	9.26950000000002	0.493501176824086	1114	8.30120342937169	10.2377965706284
112	WGN39	9.10150000000002	0.493501176824086	1114	8.13320342937168	10.0697965706283
113	WGN39	10.94	0.493501176824086	1114	9.97170342937169	11.9082965706284
114	WGN39	8.98650000000002	0.493501176824086	1114	8.01820342937168	9.95479657062835
115	WGN39	10.052	0.493501176824087	1114	9.0837034293717	11.0202965706284
116	WGN39	6.47100000000002	0.493501176824087	1114	5.50270342937169	7.43929657062836
117	WGN39	7.88300000000002	0.493501176824086	1114	6.91470342937169	8.85129657062835
118	WGN39	10.2115	0.493501176824086	1114	9.2432034293717	11.1797965706284
120	WGN39	8.80300000000002	0.493501176824086	1114	7.83470342937169	9.77129657062835
121	WGN39	8.12200000000002	0.493501176824086	1114	7.15370342937169	9.09029657062835
122	WGN39	8.28150000000002	0.493501176824086	1114	7.31320342937169	9.24979657062836
123	WGN39	6.70100000000003	0.493501176824086	1114	5.7327034293717	7.66929657062836
124	WGN39	6.12350000000002	0.493501176824086	1114	5.15520342937169	7.09179657062836
125	WGN39	9.09150000000002	0.493501176824086	1114	8.12320342937169	10.0597965706284
126	WGN39	8.29800000000002	0.493501176824086	1114	7.32970342937169	9.26629657062835
127	WGN39	7.37300000000002	0.493501176824086	1114	6.40470342937169	8.34129657062836
128	WGN39	8.84250000000002	0.493501176824086	1114	7.87420342937169	9.81079657062835
129	WGN39	7.14250000000002	0.493501176824086	1114	6.17420342937169	8.11079657062835
130	WGN39	11.5345	0.493501176824086	1114	10.5662034293717	12.5027965706284
1	WGN45	7.89499999999983	0.493501176824062	1114	6.92670342937154	8.86329657062811
2	WGN45	7.45199999999998	0.493501176824086	1114	6.48370342937165	8.42029657062831
3	WGN45	5.1306152466368	0.698072523193567	1114	3.7609301030102	6.50030039026341
4	WGN45	7.49699999999996	0.493501176824094	1114	6.52870342937161	8.46529657062831
5	WGN45	6.61999999999988	0.493501176824099	1114	5.65170342937152	7.58829657062824
6	WGN45	7.46099999999997	0.493501176824094	1114	6.49270342937162	8.42929657062832
7	WGN45	5.20949999999996	0.493501176824088	1114	4.24120342937162	6.17779657062829
8	WGN45	7.34799999999996	0.49350117682409	1114	6.37970342937162	8.3162965706283
9	WGN45	6.95949999999995	0.493501176824089	1114	5.99120342937161	7.92779657062829
10	WGN45	8.27349999999998	0.493501176824088	1114	7.30520342937164	9.24179657062831
11	WGN45	6.55999999999994	0.49350117682409	1114	5.5917034293716	7.52829657062828
12	WGN45	8.09349999999998	0.49350117682409	1114	7.12520342937164	9.06179657062832
13	WGN45	6.76799999999999	0.493501176824082	1114	5.79970342937166	7.73629657062831
14	WGN45	8.33299999999996	0.49350117682409	1114	7.36470342937162	9.3012965706283
15	WGN45	8.10538475336323	0.698072523193569	1114	6.73569960973661	9.47506989698984
16	WGN45	6.25699999999998	0.493501176824086	1114	5.28870342937165	7.22529657062831
17	WGN45	7.41599999999999	0.493501176824085	1114	6.44770342937166	8.38429657062832
18	WGN45	7.79299999999997	0.493501176824078	1114	6.82470342937166	8.76129657062829
19	WGN45	6.04999999999999	0.493501176824084	1114	5.08170342937166	7.01829657062831
20	WGN45	9.13499999999998	0.493501176824088	1114	8.16670342937165	10.1032965706283
22	WGN45	6.70050000000001	0.493501176824084	1114	5.73220342937169	7.66879657062834
23	WGN45	7.04799999999995	0.49350117682409	1114	6.07970342937161	8.01629657062829
24	WGN45	7.55549999999998	0.49350117682408	1114	6.58720342937166	8.5237965706283
25	WGN45	7.73099999999999	0.493501176824087	1114	6.76270342937166	8.69929657062833
26	WGN45	8.59649999999998	0.493501176824091	1114	7.62820342937164	9.56479657062832
28	WGN45	6.38200000000002	0.493501176824079	1114	5.4137034293717	7.35029657062834
29	WGN45	7.19049999999996	0.493501176824093	1114	6.22220342937162	8.15879657062831
31	WGN45	8.17199999999996	0.493501176824083	1114	7.20370342937164	9.14029657062829
32	WGN45	9.99799999999998	0.493501176824085	1114	9.02970342937165	10.9662965706283
33	WGN45	5.75449999999995	0.493501176824088	1114	4.78620342937162	6.72279657062829
34	WGN45	9.369	0.493501176824091	1114	8.40070342937166	10.3372965706283
35	WGN45	7.41549999999996	0.493501176824087	1114	6.44720342937163	8.3837965706283
36	WGN45	7.61649999999996	0.493501176824092	1114	6.64820342937162	8.5847965706283
37	WGN45	10.6375	0.493501176824091	1114	9.6692034293717	11.6057965706284
38	WGN45	8.27399999999997	0.493501176824081	1114	7.30570342937165	9.24229657062829
40	WGN45	7.48899999999997	0.493501176824085	1114	6.52070342937164	8.4572965706283
41	WGN45	6.457	0.493501176824082	1114	5.48870342937168	7.42529657062833
42	WGN45	7.20049999999996	0.493501176824088	1114	6.23220342937162	8.1687965706283
43	WGN45	7.1155	0.493501176824077	1114	6.14720342937169	8.08379657062832
44	WGN45	7.63549999999997	0.493501176824089	1114	6.66720342937164	8.60379657062831
45	WGN45	7.35749999999996	0.493501176824086	1114	6.38920342937163	8.3257965706283
46	WGN45	7.72149999999997	0.49350117682408	1114	6.75320342937165	8.68979657062829
47	WGN45	6.92138475336321	0.698072523193573	1114	5.55169960973659	8.29106989698983
48	WGN45	6.66999999999995	0.493501176824089	1114	5.70170342937162	7.63829657062829
49	WGN45	8.74649999999994	0.493501176824079	1114	7.77820342937162	9.71479657062826
50	WGN45	7.84399999999996	0.493501176824084	1114	6.87570342937163	8.81229657062829
52	WGN45	8.14049999999998	0.493501176824087	1114	7.17220342937165	9.10879657062832
53	WGN45	7.32399999999996	0.493501176824089	1114	6.35570342937162	8.2922965706283
54	WGN45	6.34249999999996	0.493501176824086	1114	5.37420342937163	7.31079657062829
55	WGN45	7.04699999999998	0.493501176824088	1114	6.07870342937164	8.01529657062831
56	WGN45	7.82349999999998	0.493501176824085	1114	6.85520342937165	8.79179657062831
57	WGN45	9.12099999999995	0.493501176824082	1114	8.15270342937163	10.0892965706283
58	WGN45	7.45149999999998	0.493501176824084	1114	6.48320342937165	8.41979657062831
59	WGN45	7.27099999999998	0.493501176824083	1114	6.30270342937165	8.23929657062831
60	WGN45	6.34361524663675	0.698072523193575	1114	4.97393010301013	7.71330039026338
61	WGN45	7.69149999999997	0.493501176824086	1114	6.72320342937164	8.65979657062831
62	WGN45	7.61449999999996	0.493501176824085	1114	6.64620342937163	8.58279657062829
64	WGN45	7.97999999999997	0.493501176824088	1114	7.01170342937164	8.94829657062831
65	WGN45	5.97699999999994	0.493501176824088	1114	5.00870342937161	6.94529657062828
66	WGN45	7.43649999999995	0.493501176824086	1114	6.46820342937162	8.40479657062828
68	WGN45	7.36099999999998	0.493501176824083	1114	6.39270342937166	8.32929657062831
69	WGN45	7.73449999999997	0.493501176824087	1114	6.76620342937163	8.7027965706283
70	WGN45	8.17261524663677	0.698072523193579	1114	6.80293010301014	9.5423003902634
71	WGN45	8.83549999999997	0.493501176824082	1114	7.86720342937164	9.80379657062829
72	WGN45	7.14049999999996	0.493501176824084	1114	6.17220342937164	8.10879657062829
73	WGN45	7.26061524663675	0.698072523193577	1114	5.89093010301012	8.63030039026337
74	WGN45	5.96650000000002	0.49350117682408	1114	4.9982034293717	6.93479657062834
75	WGN45	7.89949999999997	0.493501176824086	1114	6.93120342937164	8.8677965706283
76	WGN45	8.43599999999996	0.493501176824084	1114	7.46770342937163	9.40429657062828
77	WGN45	6.52561524663676	0.698072523193572	1114	5.15593010301014	7.89530039026337
78	WGN45	7.50149999999998	0.493501176824084	1114	6.53320342937165	8.4697965706283
80	WGN45	7.83299999999997	0.493501176824084	1114	6.86470342937165	8.8012965706283
81	WGN45	7.34549999999998	0.493501176824085	1114	6.37720342937165	8.31379657062831
82	WGN45	6.52449999999997	0.493501176824086	1114	5.55620342937164	7.4927965706283
84	WGN45	7.05399999999997	0.493501176824085	1114	6.08570342937164	8.0222965706283
85	WGN45	7.89961524663674	0.698072523193572	1114	6.52993010301013	9.26930039026336
86	WGN45	7.10799999999998	0.493501176824086	1114	6.13970342937164	8.07629657062831
87	WGN45	6.78149999999997	0.493501176824085	1114	5.81320342937165	7.7497965706283
88	WGN45	7.04149999999998	0.493501176824084	1114	6.07320342937165	8.00979657062831
89	WGN45	8.06549999999998	0.493501176824084	1114	7.09720342937165	9.0337965706283
90	WGN45	6.85149999999996	0.493501176824087	1114	5.88320342937163	7.8197965706283
92	WGN45	6.66199999999998	0.493501176824084	1114	5.69370342937165	7.63029657062831
93	WGN45	6.66649999999997	0.493501176824087	1114	5.69820342937163	7.6347965706283
94	WGN45	6.83899999999998	0.493501176824084	1114	5.87070342937165	7.80729657062831
95	WGN45	8.39549999999998	0.493501176824087	1114	7.42720342937164	9.36379657062831
96	WGN45	6.12949999999998	0.493501176824084	1114	5.16120342937165	7.09779657062831
98	WGN45	6.85399999999998	0.493501176824084	1114	5.88570342937165	7.82229657062831
99	WGN45	5.71838475336319	0.698072523193576	1114	4.34869960973657	7.08806989698982
100	WGN45	7.69799999999997	0.493501176824084	1114	6.72970342937165	8.6662965706283
101	WGN45	7.90099999999997	0.493501176824085	1114	6.93270342937164	8.8692965706283
102	WGN45	9.51549999999997	0.493501176824085	1114	8.54720342937164	10.4837965706283
103	WGN45	8.25161524663674	0.698072523193574	1114	6.88193010301012	9.62130039026336
104	WGN45	8.57549999999996	0.493501176824085	1114	7.60720342937163	9.54379657062829
105	WGN45	7.13049999999997	0.493501176824085	1114	6.16220342937164	8.0987965706283
106	WGN45	6.72199999999997	0.493501176824086	1114	5.75370342937164	7.6902965706283
107	WGN45	8.27749999999997	0.493501176824085	1114	7.30920342937165	9.2457965706283
108	WGN45	7.66249999999997	0.493501176824085	1114	6.69420342937165	8.6307965706283
109	WGN45	7.93549999999997	0.493501176824086	1114	6.96720342937164	8.90379657062831
110	WGN45	8.12599999999997	0.493501176824085	1114	7.15770342937164	9.0942965706283
111	WGN45	7.62499999999997	0.493501176824086	1114	6.65670342937164	8.59329657062831
112	WGN45	6.43299999999998	0.493501176824085	1114	5.46470342937165	7.40129657062831
113	WGN45	5.80461524663675	0.698072523193575	1114	4.43493010301012	7.17430039026337
114	WGN45	8.77349999999997	0.493501176824086	1114	7.80520342937164	9.7417965706283
115	WGN45	6.63949999999997	0.493501176824086	1114	5.67120342937164	7.60779657062831
116	WGN45	6.58499999999997	0.493501176824087	1114	5.61670342937163	7.5532965706283
117	WGN45	6.82899999999997	0.493501176824086	1114	5.86070342937164	7.7972965706283
118	WGN45	6.6013847533632	0.698072523193575	1114	5.23169960973658	7.97106989698982
119	WGN45	7.99749999999997	0.493501176824085	1114	7.02920342937164	8.9657965706283
120	WGN45	8.42849999999997	0.493501176824086	1114	7.46020342937164	9.39679657062831
121	WGN45	6.12799999999997	0.493501176824086	1114	5.15970342937164	7.09629657062831
122	WGN45	7.36599999999998	0.493501176824086	1114	6.39770342937164	8.33429657062831
123	WGN45	8.13799999999997	0.493501176824086	1114	7.16970342937164	9.1062965706283
124	WGN45	7.91199999999997	0.493501176824085	1114	6.94370342937164	8.8802965706283
126	WGN45	6.82199999999998	0.493501176824085	1114	5.85370342937165	7.79029657062831
127	WGN45	6.27149999999997	0.493501176824086	1114	5.30320342937164	7.23979657062831
128	WGN45	7.95199999999997	0.493501176824086	1114	6.98370342937164	8.9202965706283
129	WGN45	7.28799999999997	0.493501176824086	1114	6.31970342937164	8.2562965706283
130	WGN45	8.14338475336321	0.698072523193575	1114	6.77369960973658	9.51306989698983
1	WGN46	7.65000000000003	0.493501176824085	1114	6.6817034293717	8.61829657062836
2	WGN46	7.02299999999999	0.49350117682409	1114	6.05470342937165	7.99129657062833
3	WGN46	8.2145	0.493501176824081	1114	7.24620342937168	9.18279657062833
4	WGN46	7.61800000000001	0.493501176824085	1114	6.64970342937168	8.58629657062834
6	WGN46	8.15538475336322	0.698072523193559	1114	6.78569960973663	9.52506989698981
7	WGN46	6.81500000000002	0.493501176824081	1114	5.8467034293717	7.78329657062834
8	WGN46	5.43561524663676	0.698072523193586	1114	4.06593010301011	6.8053003902634
9	WGN46	7.80000000000002	0.493501176824083	1114	6.83170342937169	8.76829657062834
10	WGN46	5.96649999999997	0.493501176824088	1114	4.99820342937164	6.93479657062831
11	WGN46	7.14050000000002	0.493501176824076	1114	6.17220342937171	8.10879657062834
12	WGN46	9.0335	0.493501176824086	1114	8.06520342937167	10.0017965706283
13	WGN46	6.77299999999999	0.493501176824088	1114	5.80470342937165	7.74129657062833
14	WGN46	7.57950000000001	0.493501176824088	1114	6.61120342937167	8.54779657062834
15	WGN46	7.55800000000001	0.49350117682409	1114	6.58970342937167	8.52629657062835
16	WGN46	6.28100000000001	0.493501176824083	1114	5.31270342937169	7.24929657062834
17	WGN46	7.8445	0.493501176824081	1114	6.87620342937168	8.81279657062833
18	WGN46	7.80550000000002	0.493501176824088	1114	6.83720342937168	8.77379657062835
19	WGN46	6.9055	0.493501176824092	1114	5.93720342937166	7.87379657062835
20	WGN46	9.07238475336322	0.698072523193571	1114	7.70269960973661	10.4420698969898
21	WGN46	6.12761524663679	0.698072523193573	1114	4.75793010301017	7.49730039026341
22	WGN46	8.06300000000001	0.493501176824085	1114	7.09470342937168	9.03129657062834
23	WGN46	8.09749999999999	0.493501176824082	1114	7.12920342937167	9.06579657062832
24	WGN46	7.18300000000003	0.493501176824079	1114	6.21470342937171	8.15129657062835
25	WGN46	7.679	0.493501176824087	1114	6.71070342937167	8.64729657062833
26	WGN46	6.85150000000001	0.493501176824091	1114	5.88320342937167	7.81979657062835
27	WGN46	6.76038475336325	0.698072523193566	1114	5.39069960973664	8.13006989698986
28	WGN46	8.23700000000002	0.49350117682409	1114	7.26870342937168	9.20529657062836
29	WGN46	6.71599999999999	0.49350117682409	1114	5.74770342937165	7.68429657062833
30	WGN46	6.339	0.493501176824087	1114	5.37070342937167	7.30729657062834
31	WGN46	6.26100000000002	0.493501176824084	1114	5.29270342937169	7.22929657062834
32	WGN46	5.92750000000002	0.493501176824084	1114	4.95920342937169	6.89579657062835
33	WGN46	6.42150000000001	0.493501176824087	1114	5.45320342937167	7.38979657062834
34	WGN46	6.981	0.493501176824089	1114	6.01270342937166	7.94929657062834
36	WGN46	7.4385	0.49350117682409	1114	6.47020342937167	8.40679657062834
37	WGN46	7.02050000000001	0.493501176824086	1114	6.05220342937168	7.98879657062835
38	WGN46	5.46799999999998	0.49350117682409	1114	4.49970342937164	6.43629657062831
39	WGN46	7.64500000000001	0.493501176824083	1114	6.67670342937168	8.61329657062833
40	WGN46	7.67250000000001	0.493501176824086	1114	6.70420342937168	8.64079657062834
41	WGN46	7.10200000000002	0.493501176824084	1114	6.13370342937169	8.07029657062834
42	WGN46	8.49099999999999	0.493501176824081	1114	7.52270342937167	9.45929657062832
43	WGN46	6.44050000000002	0.493501176824085	1114	5.47220342937169	7.40879657062835
44	WGN46	6.74	0.493501176824088	1114	5.77170342937167	7.70829657062834
45	WGN46	5.9155	0.493501176824087	1114	4.94720342937167	6.88379657062833
46	WGN46	6.82000000000002	0.493501176824082	1114	5.85170342937169	7.78829657062834
47	WGN46	6.51450000000001	0.493501176824085	1114	5.54620342937168	7.48279657062834
48	WGN46	6.677	0.493501176824089	1114	5.70870342937166	7.64529657062834
49	WGN46	7.44700000000001	0.493501176824089	1114	6.47870342937167	8.41529657062835
50	WGN46	6.546	0.493501176824089	1114	5.57770342937166	7.51429657062834
52	WGN46	8.291	0.493501176824083	1114	7.32270342937168	9.25929657062833
53	WGN46	6.92250000000001	0.493501176824083	1114	5.95420342937169	7.89079657062834
54	WGN46	7.22250000000001	0.493501176824086	1114	6.25420342937168	8.19079657062834
55	WGN46	7.06438475336325	0.698072523193569	1114	5.69469960973664	8.43406989698986
56	WGN46	6.93999999999999	0.49350117682409	1114	5.97170342937165	7.90829657062833
57	WGN46	6.56150000000002	0.493501176824085	1114	5.59320342937169	7.52979657062835
58	WGN46	7.38350000000001	0.493501176824087	1114	6.41520342937168	8.35179657062834
59	WGN46	7.799	0.493501176824082	1114	6.83070342937168	8.76729657062833
60	WGN46	7.83650000000001	0.493501176824085	1114	6.86820342937168	8.80479657062834
61	WGN46	7.07950000000002	0.493501176824084	1114	6.11120342937169	8.04779657062834
62	WGN46	7.0015	0.493501176824088	1114	6.03320342937166	7.96979657062833
63	WGN46	6.90550000000002	0.493501176824084	1114	5.93720342937169	7.87379657062834
64	WGN46	8.22761524663678	0.69807252319358	1114	6.85793010301015	9.59730039026342
65	WGN46	7.21250000000002	0.493501176824084	1114	6.24420342937169	8.18079657062835
66	WGN46	8.29150000000002	0.493501176824085	1114	7.32320342937169	9.25979657062835
67	WGN46	8.63950000000002	0.493501176824089	1114	7.67120342937169	9.60779657062836
68	WGN46	7.39400000000002	0.493501176824087	1114	6.42570342937168	8.36229657062835
69	WGN46	6.91650000000002	0.493501176824083	1114	5.94820342937169	7.88479657062834
70	WGN46	6.71450000000001	0.493501176824087	1114	5.74620342937167	7.68279657062834
71	WGN46	7.62350000000002	0.493501176824087	1114	6.65520342937169	8.59179657062835
72	WGN46	7.015	0.493501176824087	1114	6.04670342937167	7.98329657062834
73	WGN46	7.46700000000001	0.493501176824085	1114	6.49870342937168	8.43529657062834
74	WGN46	6.21000000000001	0.493501176824086	1114	5.24170342937168	7.17829657062834
75	WGN46	7.81100000000001	0.493501176824084	1114	6.84270342937168	8.77929657062833
76	WGN46	6.7115	0.493501176824086	1114	5.74320342937167	7.67979657062834
78	WGN46	5.99050000000001	0.493501176824085	1114	5.02220342937168	6.95879657062834
79	WGN46	7.41700000000001	0.493501176824087	1114	6.44870342937167	8.38529657062834
80	WGN46	6.58900000000001	0.493501176824086	1114	5.62070342937168	7.55729657062834
81	WGN46	7.13250000000001	0.493501176824088	1114	6.16420342937167	8.10079657062834
82	WGN46	6.81838475336324	0.698072523193574	1114	5.44869960973662	8.18806989698986
83	WGN46	6.56500000000001	0.493501176824085	1114	5.59670342937168	7.53329657062834
84	WGN46	7.32900000000001	0.493501176824087	1114	6.36070342937167	8.29729657062834
85	WGN46	8.02250000000001	0.493501176824085	1114	7.05420342937168	8.99079657062834
86	WGN46	7.08300000000001	0.493501176824085	1114	6.11470342937168	8.05129657062834
87	WGN46	7.21650000000001	0.493501176824085	1114	6.24820342937168	8.18479657062834
88	WGN46	6.20700000000002	0.493501176824086	1114	5.23870342937169	7.17529657062835
89	WGN46	7.63100000000001	0.493501176824085	1114	6.66270342937168	8.59929657062834
90	WGN46	7.27400000000001	0.493501176824087	1114	6.30570342937168	8.24229657062835
91	WGN46	6.91250000000002	0.493501176824085	1114	5.94420342937169	7.88079657062835
92	WGN46	6.45850000000001	0.493501176824085	1114	5.49020342937168	7.42679657062834
93	WGN46	6.86600000000001	0.493501176824086	1114	5.89770342937168	7.83429657062834
94	WGN46	7.76950000000002	0.493501176824085	1114	6.80120342937169	8.73779657062835
95	WGN46	6.27750000000003	0.493501176824085	1114	5.3092034293717	7.24579657062836
96	WGN46	7.77550000000002	0.493501176824088	1114	6.80720342937168	8.74379657062835
98	WGN46	7.457	0.493501176824085	1114	6.48870342937167	8.42529657062833
100	WGN46	7.70561524663677	0.698072523193573	1114	6.33593010301015	9.07530039026339
101	WGN46	5.86600000000001	0.493501176824086	1114	4.89770342937168	6.83429657062834
102	WGN46	6.26100000000001	0.493501176824085	1114	5.29270342937168	7.22929657062834
103	WGN46	6.725	0.493501176824086	1114	5.75670342937167	7.69329657062834
104	WGN46	6.02750000000001	0.493501176824086	1114	5.05920342937168	6.99579657062834
106	WGN46	7.254	0.493501176824087	1114	6.28570342937167	8.22229657062834
107	WGN46	8.55750000000001	0.493501176824086	1114	7.58920342937168	9.52579657062834
108	WGN46	6.7205	0.493501176824087	1114	5.75220342937167	7.68879657062833
109	WGN46	6.04100000000001	0.493501176824086	1114	5.07270342937167	7.00929657062834
110	WGN46	6.93600000000001	0.493501176824086	1114	5.96770342937167	7.90429657062834
111	WGN46	8.21	0.493501176824086	1114	7.24170342937167	9.17829657062834
112	WGN46	7.64450000000001	0.493501176824087	1114	6.67620342937167	8.61279657062834
113	WGN46	8.03750000000001	0.493501176824087	1114	7.06920342937168	9.00579657062834
114	WGN46	7.72100000000001	0.493501176824087	1114	6.75270342937167	8.68929657062834
115	WGN46	7.57600000000001	0.493501176824086	1114	6.60770342937167	8.54429657062834
116	WGN46	8.98900000000001	0.493501176824087	1114	8.02070342937168	9.95729657062834
117	WGN46	6.6445	0.493501176824087	1114	5.67620342937167	7.61279657062834
118	WGN46	7.065	0.493501176824086	1114	6.09670342937167	8.03329657062834
119	WGN46	7.93200000000001	0.493501176824087	1114	6.96370342937167	8.90029657062834
120	WGN46	7.30950000000001	0.493501176824086	1114	6.34120342937167	8.27779657062834
121	WGN46	8.3235	0.493501176824086	1114	7.35520342937167	9.29179657062834
122	WGN46	7.21200000000001	0.493501176824086	1114	6.24370342937168	8.18029657062834
123	WGN46	7.6695	0.493501176824086	1114	6.70120342937167	8.63779657062834
124	WGN46	7.75200000000001	0.493501176824086	1114	6.78370342937167	8.72029657062834
125	WGN46	11.5795	0.493501176824086	1114	10.6112034293717	12.5477965706283
126	WGN46	5.706	0.493501176824086	1114	4.73770342937167	6.67429657062834
127	WGN46	6.60300000000001	0.493501176824086	1114	5.63470342937167	7.57129657062834
128	WGN46	8.9815	0.493501176824086	1114	8.01320342937167	9.94979657062833
129	WGN46	8.03500000000001	0.493501176824086	1114	7.06670342937167	9.00329657062834
130	WGN46	4.7735	0.493501176824086	1114	3.80520342937167	5.74179657062834
1	WGN55	8.26999999999998	0.493501176824097	1114	7.30170342937163	9.23829657062833
2	WGN55	7.72650000000004	0.493501176824085	1114	6.75820342937171	8.69479657062837
3	WGN55	7.36450000000002	0.493501176824091	1114	6.39620342937167	8.33279657062836
4	WGN55	7.70600000000003	0.493501176824085	1114	6.7377034293717	8.67429657062836
5	WGN55	7.44550000000002	0.493501176824087	1114	6.47720342937169	8.41379657062836
6	WGN55	6.75249999999999	0.493501176824091	1114	5.78420342937165	7.72079657062833
7	WGN55	7.93600000000006	0.493501176824076	1114	6.96770342937175	8.90429657062838
8	WGN55	7.69550000000006	0.493501176824083	1114	6.72720342937173	8.66379657062838
9	WGN55	8.03150000000002	0.493501176824087	1114	7.06320342937169	8.99979657062836
10	WGN55	7.25350000000003	0.493501176824083	1114	6.28520342937171	8.22179657062836
11	WGN55	7.86000000000002	0.493501176824089	1114	6.89170342937169	8.82829657062836
12	WGN55	7.72150000000003	0.493501176824086	1114	6.7532034293717	8.68979657062836
13	WGN55	7.77350000000002	0.493501176824083	1114	6.8052034293717	8.74179657062835
14	WGN55	8.85400000000007	0.49350117682409	1114	7.88570342937173	9.82229657062841
15	WGN55	7.83150000000003	0.493501176824089	1114	6.86320342937169	8.79979657062836
16	WGN55	7.94400000000003	0.493501176824088	1114	6.9757034293717	8.91229657062837
17	WGN55	7.93050000000004	0.493501176824082	1114	6.96220342937172	8.89879657062836
18	WGN55	7.71550000000002	0.493501176824079	1114	6.7472034293717	8.68379657062834
19	WGN55	8.51500000000004	0.493501176824086	1114	7.54670342937171	9.48329657062837
20	WGN55	6.96200000000004	0.493501176824083	1114	5.99370342937172	7.93029657062837
21	WGN55	7.35250000000006	0.49350117682408	1114	6.38420342937174	8.32079657062838
22	WGN55	7.20450000000002	0.493501176824087	1114	6.23620342937168	8.17279657062835
23	WGN55	7.88150000000003	0.493501176824086	1114	6.9132034293717	8.84979657062837
24	WGN55	8.71050000000002	0.493501176824086	1114	7.74220342937169	9.67879657062836
25	WGN55	9.23550000000008	0.493501176824092	1114	8.26720342937173	10.2037965706284
26	WGN55	6.44450000000002	0.493501176824087	1114	5.47620342937168	7.41279657062835
27	WGN55	7.26100000000006	0.49350117682408	1114	6.29270342937173	8.22929657062838
28	WGN55	8.37850000000004	0.493501176824084	1114	7.41020342937171	9.34679657062836
29	WGN55	8.54800000000004	0.493501176824086	1114	7.57970342937171	9.51629657062838
30	WGN55	7.02050000000004	0.493501176824085	1114	6.05220342937171	7.98879657062837
31	WGN55	8.48700000000004	0.493501176824085	1114	7.51870342937171	9.45529657062837
32	WGN55	9.37250000000005	0.493501176824087	1114	8.40420342937172	10.3407965706284
33	WGN55	6.55300000000003	0.493501176824088	1114	5.58470342937169	7.52129657062836
34	WGN55	7.81850000000006	0.493501176824081	1114	6.85020342937174	8.78679657062838
35	WGN55	7.63600000000003	0.493501176824088	1114	6.6677034293717	8.60429657062837
36	WGN55	6.31850000000003	0.493501176824085	1114	5.3502034293717	7.28679657062836
37	WGN55	8.76800000000005	0.493501176824084	1114	7.79970342937172	9.73629657062837
38	WGN55	6.49750000000002	0.493501176824086	1114	5.52920342937169	7.46579657062835
40	WGN55	7.31900000000004	0.493501176824087	1114	6.35070342937171	8.28729657062838
41	WGN55	7.40400000000004	0.493501176824087	1114	6.43570342937171	8.37229657062838
42	WGN55	7.94750000000004	0.493501176824086	1114	6.97920342937171	8.91579657062838
43	WGN55	7.21500000000002	0.493501176824085	1114	6.24670342937169	8.18329657062835
44	WGN55	7.30450000000004	0.493501176824086	1114	6.33620342937171	8.27279657062837
45	WGN55	6.5655	0.49350117682409	1114	5.59720342937166	7.53379657062834
46	WGN55	5.4893847533633	0.698072523193572	1114	4.11969960973668	6.85906989698991
47	WGN55	8.02350000000003	0.493501176824083	1114	7.0552034293717	8.99179657062836
48	WGN55	7.41450000000004	0.493501176824081	1114	6.44620342937172	8.38279657062836
49	WGN55	7.60950000000004	0.493501176824086	1114	6.64120342937171	8.57779657062837
50	WGN55	6.42850000000003	0.493501176824087	1114	5.46020342937169	7.39679657062836
52	WGN55	7.57900000000004	0.493501176824085	1114	6.61070342937171	8.54729657062837
53	WGN55	7.10500000000005	0.493501176824083	1114	6.13670342937172	8.07329657062838
54	WGN55	8.17900000000004	0.493501176824087	1114	7.21070342937171	9.14729657062838
55	WGN55	6.56550000000006	0.493501176824083	1114	5.59720342937174	7.53379657062839
56	WGN55	7.02450000000003	0.493501176824087	1114	6.0562034293717	7.99279657062836
57	WGN55	7.89761524663681	0.698072523193568	1114	6.52793010301021	9.26730039026342
58	WGN55	7.26050000000004	0.493501176824086	1114	6.29220342937171	8.22879657062837
59	WGN55	7.85100000000005	0.493501176824081	1114	6.88270342937172	8.81929657062837
60	WGN55	10.2715000000001	0.493501176824088	1114	9.30320342937173	11.2397965706284
61	WGN55	7.42750000000003	0.493501176824088	1114	6.45920342937169	8.39579657062836
62	WGN55	7.7196152466368	0.698072523193571	1114	6.34993010301019	9.08930039026342
63	WGN55	6.99600000000006	0.493501176824082	1114	6.02770342937173	7.96429657062838
64	WGN55	6.66250000000002	0.493501176824088	1114	5.69420342937169	7.63079657062836
65	WGN55	8.06400000000001	0.493501176824084	1114	7.09570342937168	9.03229657062833
66	WGN55	8.60150000000005	0.493501176824085	1114	7.63320342937172	9.56979657062838
67	WGN55	6.12438475336329	0.698072523193571	1114	4.75469960973667	7.4940698969899
68	WGN55	8.02550000000007	0.493501176824085	1114	7.05720342937174	8.9937965706284
69	WGN55	6.71100000000005	0.493501176824085	1114	5.74270342937173	7.67929657062838
70	WGN55	6.80250000000006	0.493501176824084	1114	5.83420342937173	7.77079657062839
71	WGN55	7.48450000000004	0.493501176824085	1114	6.5162034293717	8.45279657062837
72	WGN55	6.43700000000002	0.493501176824086	1114	5.46870342937169	7.40529657062835
73	WGN55	7.65700000000002	0.493501176824087	1114	6.68870342937169	8.62529657062836
74	WGN55	7.81150000000002	0.493501176824086	1114	6.84320342937169	8.77979657062835
75	WGN55	7.89900000000004	0.493501176824087	1114	6.93070342937171	8.86729657062838
76	WGN55	7.37150000000003	0.493501176824087	1114	6.4032034293717	8.33979657062836
77	WGN55	6.69938475336327	0.698072523193575	1114	5.32969960973664	8.06906989698989
78	WGN55	6.84600000000004	0.493501176824087	1114	5.8777034293717	7.81429657062837
80	WGN55	7.40550000000004	0.493501176824086	1114	6.4372034293717	8.37379657062837
81	WGN55	6.84400000000003	0.493501176824086	1114	5.8757034293717	7.81229657062836
82	WGN55	7.48100000000003	0.493501176824086	1114	6.5127034293717	8.44929657062837
83	WGN55	7.52400000000004	0.493501176824086	1114	6.5557034293717	8.49229657062837
84	WGN55	7.09500000000003	0.493501176824086	1114	6.1267034293717	8.06329657062836
85	WGN55	7.20100000000004	0.493501176824085	1114	6.23270342937171	8.16929657062837
86	WGN55	8.23350000000004	0.493501176824085	1114	7.26520342937171	9.20179657062837
87	WGN55	7.63150000000004	0.493501176824086	1114	6.6632034293717	8.59979657062837
88	WGN55	7.62450000000003	0.493501176824086	1114	6.6562034293717	8.59279657062837
89	WGN55	7.71550000000004	0.493501176824086	1114	6.7472034293717	8.68379657062837
90	WGN55	6.61200000000004	0.493501176824086	1114	5.6437034293717	7.58029657062837
91	WGN55	7.89500000000004	0.493501176824085	1114	6.92670342937171	8.86329657062837
92	WGN55	6.79350000000003	0.493501176824088	1114	5.82520342937169	7.76179657062836
93	WGN55	7.52700000000004	0.493501176824084	1114	6.55870342937171	8.49529657062837
94	WGN55	7.28350000000001	0.493501176824088	1114	6.31520342937167	8.25179657062834
95	WGN55	8.67950000000004	0.493501176824085	1114	7.71120342937171	9.64779657062837
96	WGN55	8.65100000000005	0.493501176824085	1114	7.68270342937172	9.61929657062838
97	WGN55	7.71750000000004	0.493501176824085	1114	6.74920342937171	8.68579657062837
98	WGN55	7.01800000000003	0.493501176824086	1114	6.0497034293717	7.98629657062836
99	WGN55	7.38750000000002	0.493501176824087	1114	6.41920342937169	8.35579657062836
100	WGN55	7.92900000000004	0.493501176824087	1114	6.9607034293717	8.89729657062837
101	WGN55	7.07950000000004	0.493501176824085	1114	6.11120342937171	8.04779657062837
102	WGN55	8.11650000000004	0.493501176824087	1114	7.14820342937171	9.08479657062837
103	WGN55	6.76850000000003	0.493501176824087	1114	5.8002034293717	7.73679657062837
104	WGN55	8.24500000000004	0.493501176824086	1114	7.27670342937171	9.21329657062837
105	WGN55	7.49200000000004	0.493501176824086	1114	6.5237034293717	8.46029657062837
106	WGN55	7.77950000000004	0.493501176824086	1114	6.81120342937171	8.74779657062837
107	WGN55	8.49350000000004	0.493501176824087	1114	7.52520342937171	9.46179657062838
108	WGN55	7.28450000000003	0.493501176824087	1114	6.3162034293717	8.25279657062837
109	WGN55	6.88650000000004	0.493501176824086	1114	5.9182034293717	7.85479657062837
110	WGN55	8.10550000000004	0.493501176824086	1114	7.13720342937171	9.07379657062837
111	WGN55	8.79350000000004	0.493501176824086	1114	7.82520342937171	9.76179657062837
112	WGN55	8.00150000000004	0.493501176824085	1114	7.03320342937171	8.96979657062837
113	WGN55	7.59450000000004	0.493501176824087	1114	6.62620342937171	8.56279657062838
114	WGN55	6.31950000000004	0.493501176824086	1114	5.35120342937171	7.28779657062837
115	WGN55	6.73400000000004	0.493501176824086	1114	5.76570342937171	7.70229657062837
116	WGN55	7.58150000000004	0.493501176824087	1114	6.6132034293717	8.54979657062837
117	WGN55	8.00600000000004	0.493501176824086	1114	7.03770342937171	8.97429657062837
118	WGN55	5.69550000000004	0.493501176824086	1114	4.72720342937171	6.66379657062838
119	WGN55	7.41650000000004	0.493501176824086	1114	6.44820342937171	8.38479657062837
120	WGN55	9.35838475336327	0.698072523193574	1114	7.98869960973665	10.7280698969899
121	WGN55	7.10600000000004	0.493501176824087	1114	6.1377034293717	8.07429657062837
122	WGN55	7.32000000000004	0.493501176824086	1114	6.35170342937171	8.28829657062837
123	WGN55	7.95850000000004	0.493501176824086	1114	6.99020342937171	8.92679657062837
124	WGN55	8.59450000000004	0.493501176824086	1114	7.62620342937171	9.56279657062838
125	WGN55	7.55550000000004	0.493501176824086	1114	6.58720342937171	8.52379657062837
126	WGN55	6.44850000000004	0.493501176824086	1114	5.48020342937171	7.41679657062837
128	WGN55	6.24600000000004	0.493501176824086	1114	5.27770342937171	7.21429657062837
129	WGN55	7.45900000000004	0.493501176824086	1114	6.49070342937171	8.42729657062837
130	WGN55	5.59050000000004	0.493501176824086	1114	4.62220342937171	6.55879657062838
1	WGN63	7.00999999999999	0.493501176824087	1114	6.04170342937165	7.97829657062832
2	WGN63	10.949	0.493501176824087	1114	9.98070342937169	11.9172965706284
3	WGN63	7.99750000000001	0.493501176824087	1114	7.02920342937168	8.96579657062835
4	WGN63	9.025	0.493501176824088	1114	8.05670342937166	9.99329657062833
5	WGN63	8.01749999999999	0.493501176824088	1114	7.04920342937165	8.98579657062833
6	WGN63	7.60099999999999	0.493501176824083	1114	6.63270342937166	8.56929657062831
7	WGN63	11.401	0.493501176824086	1114	10.4327034293717	12.3692965706283
8	WGN63	8.20999999999999	0.493501176824086	1114	7.24170342937166	9.17829657062832
9	WGN63	8.78449999999999	0.493501176824084	1114	7.81620342937166	9.75279657062831
10	WGN63	9.12900000000002	0.493501176824091	1114	8.16070342937167	10.0972965706284
12	WGN63	10.538	0.493501176824085	1114	9.56970342937165	11.5062965706283
13	WGN63	8.5195	0.493501176824088	1114	7.55120342937167	9.48779657062834
14	WGN63	9.09049999999996	0.493501176824081	1114	8.12220342937164	10.0587965706283
16	WGN63	8.93000000000001	0.493501176824088	1114	7.96170342937167	9.89829657062834
17	WGN63	8.3195	0.493501176824085	1114	7.35120342937167	9.28779657062833
18	WGN63	7.76699999999999	0.493501176824084	1114	6.79870342937167	8.73529657062832
19	WGN63	9.26899999999999	0.493501176824085	1114	8.30070342937166	10.2372965706283
20	WGN63	9.03199999999999	0.493501176824086	1114	8.06370342937166	10.0002965706283
21	WGN63	10.0365	0.493501176824087	1114	9.06820342937168	11.0047965706283
22	WGN63	10.0070000000001	0.49350117682409	1114	9.03870342937171	10.9752965706284
23	WGN63	9.317	0.493501176824086	1114	8.34870342937167	10.2852965706283
24	WGN63	8.99049999999999	0.493501176824082	1114	8.02220342937167	9.95879657062832
25	WGN63	9.20650000000001	0.493501176824087	1114	8.23820342937168	10.1747965706283
26	WGN63	9.84249999999999	0.493501176824085	1114	8.87420342937166	10.8107965706283
27	WGN63	8.76899999999996	0.493501176824081	1114	7.80070342937164	9.73729657062829
28	WGN63	9.14199999999999	0.493501176824086	1114	8.17370342937166	10.1102965706283
29	WGN63	7.4645	0.493501176824085	1114	6.49620342937167	8.43279657062833
30	WGN63	8.46500000000001	0.493501176824089	1114	7.49670342937167	9.43329657062835
31	WGN63	8.38950000000001	0.493501176824086	1114	7.42120342937168	9.35779657062834
32	WGN63	8.09250000000002	0.49350117682409	1114	7.12420342937168	9.06079657062836
33	WGN63	7.95949999999998	0.493501176824089	1114	6.99120342937164	8.92779657062832
34	WGN63	9.39749999999998	0.493501176824084	1114	8.42920342937165	10.3657965706283
35	WGN63	9.81849999999999	0.493501176824086	1114	8.85020342937166	10.7867965706283
36	WGN63	9.12	0.493501176824085	1114	8.15170342937167	10.0882965706283
37	WGN63	9.22650000000001	0.493501176824087	1114	8.25820342937167	10.1947965706283
38	WGN63	9.9653847533632	0.698072523193571	1114	8.59569960973659	11.3350698969898
39	WGN63	8.68538475336325	0.69807252319358	1114	7.31569960973662	10.0550698969899
40	WGN63	6.65700000000001	0.493501176824084	1114	5.68870342937168	7.62529657062834
41	WGN63	7.96600000000002	0.493501176824089	1114	6.99770342937168	8.93429657062836
42	WGN63	7.9085	0.493501176824087	1114	6.94020342937167	8.87679657062834
43	WGN63	9.36149999999997	0.493501176824083	1114	8.39320342937164	10.3297965706283
44	WGN63	7.79050000000001	0.493501176824088	1114	6.82220342937168	8.75879657062835
45	WGN63	7.451	0.493501176824087	1114	6.48270342937167	8.41929657062834
46	WGN63	11.3649999999999	0.493501176824083	1114	10.3967034293716	12.3332965706283
47	WGN63	9.02749999999999	0.493501176824087	1114	8.05920342937166	9.99579657062833
48	WGN63	10.1195	0.493501176824086	1114	9.15120342937166	11.0877965706283
49	WGN63	8.88449999999998	0.493501176824085	1114	7.91620342937165	9.85279657062831
50	WGN63	7.32538475336324	0.698072523193577	1114	5.95569960973661	8.69506989698987
51	WGN63	9.319	0.493501176824087	1114	8.35070342937166	10.2872965706283
52	WGN63	10.5445	0.493501176824086	1114	9.57620342937164	11.5127965706283
53	WGN63	9.68899999999999	0.493501176824087	1114	8.72070342937166	10.6572965706283
54	WGN63	8.50700000000001	0.493501176824086	1114	7.53870342937167	9.47529657062834
55	WGN63	8.57800000000002	0.493501176824088	1114	7.60970342937168	9.54629657062835
56	WGN63	9.88150000000001	0.493501176824086	1114	8.91320342937168	10.8497965706283
57	WGN63	10.5185	0.493501176824087	1114	9.55020342937168	11.4867965706283
58	WGN63	7.87399999999999	0.493501176824085	1114	6.90570342937166	8.84229657062832
59	WGN63	9.41149999999999	0.493501176824086	1114	8.44320342937166	10.3797965706283
60	WGN63	8.76749999999999	0.493501176824084	1114	7.79920342937166	9.73579657062832
61	WGN63	7.62800000000001	0.493501176824087	1114	6.65970342937167	8.59629657062834
62	WGN63	7.923	0.493501176824086	1114	6.95470342937167	8.89129657062833
63	WGN63	8.06861524663677	0.698072523193576	1114	6.69893010301014	9.43830039026339
64	WGN63	8.31	0.493501176824087	1114	7.34170342937166	9.27829657062833
65	WGN63	9.30649999999997	0.493501176824085	1114	8.33820342937164	10.2747965706283
66	WGN63	7.93849999999999	0.493501176824084	1114	6.97020342937167	8.90679657062832
67	WGN63	9.01350000000001	0.493501176824088	1114	8.04520342937167	9.98179657062834
68	WGN63	8.0905	0.493501176824087	1114	7.12220342937167	9.05879657062834
69	WGN63	8.78449999999999	0.493501176824088	1114	7.81620342937165	9.75279657062832
70	WGN63	9.47849999999998	0.493501176824086	1114	8.51020342937165	10.4467965706283
72	WGN63	9.01599999999999	0.493501176824087	1114	8.04770342937166	9.98429657062833
73	WGN63	8.607	0.493501176824087	1114	7.63870342937166	9.57529657062833
74	WGN63	9.87799999999999	0.493501176824086	1114	8.90970342937166	10.8462965706283
75	WGN63	9.64099999999998	0.493501176824085	1114	8.67270342937164	10.6092965706283
76	WGN63	8.85750000000001	0.493501176824087	1114	7.88920342937167	9.82579657062834
77	WGN63	9.34300000000001	0.493501176824088	1114	8.37470342937168	10.3112965706284
78	WGN63	8.6185	0.493501176824087	1114	7.65020342937167	9.58679657062834
79	WGN63	9.86299999999999	0.493501176824086	1114	8.89470342937166	10.8312965706283
80	WGN63	10.2935	0.493501176824087	1114	9.32520342937166	11.2617965706283
81	WGN63	8.29149999999999	0.493501176824085	1114	7.32320342937166	9.25979657062832
82	WGN63	8.716	0.493501176824087	1114	7.74770342937167	9.68429657062833
83	WGN63	9.407	0.493501176824087	1114	8.43870342937167	10.3752965706283
84	WGN63	7.60999999999999	0.493501176824086	1114	6.64170342937166	8.57829657062833
85	WGN63	9.66249999999999	0.493501176824086	1114	8.69420342937166	10.6307965706283
86	WGN63	10.139	0.493501176824085	1114	9.17070342937165	11.1072965706283
87	WGN63	8.58299999999999	0.493501176824086	1114	7.61470342937166	9.55129657062833
88	WGN63	9.64949999999999	0.493501176824086	1114	8.68120342937166	10.6177965706283
89	WGN63	8.72500000000001	0.493501176824087	1114	7.75670342937167	9.69329657062834
90	WGN63	10.1863847533632	0.698072523193577	1114	8.81669960973662	11.5560698969899
91	WGN63	9.62200000000001	0.493501176824088	1114	8.65370342937167	10.5902965706283
92	WGN63	10.267	0.493501176824086	1114	9.29870342937166	11.2352965706283
93	WGN63	8.147	0.493501176824087	1114	7.17870342937167	9.11529657062833
94	WGN63	10.6705	0.493501176824087	1114	9.70220342937168	11.6387965706283
95	WGN63	11.305	0.493501176824087	1114	10.3367034293717	12.2732965706283
96	WGN63	8.745	0.493501176824087	1114	7.77670342937167	9.71329657062834
97	WGN63	10.1475	0.493501176824086	1114	9.17920342937166	11.1157965706283
98	WGN63	9.35761524663678	0.698072523193576	1114	7.98793010301015	10.7273003902634
99	WGN63	8.09461524663676	0.698072523193576	1114	6.72493010301014	9.46430039026338
100	WGN63	7.8375	0.493501176824087	1114	6.86920342937167	8.80579657062833
101	WGN63	8.42761524663676	0.698072523193575	1114	7.05793010301014	9.79730039026338
102	WGN63	7.882	0.493501176824086	1114	6.91370342937167	8.85029657062833
103	WGN63	7.6	0.493501176824086	1114	6.63170342937166	8.56829657062833
105	WGN63	8.2055	0.493501176824086	1114	7.23720342937167	9.17379657062833
106	WGN63	9.105	0.493501176824086	1114	8.13670342937167	10.0732965706283
107	WGN63	8.784	0.493501176824087	1114	7.81570342937167	9.75229657062834
109	WGN63	8.4465	0.493501176824086	1114	7.47820342937167	9.41479657062833
110	WGN63	8.23138475336323	0.698072523193576	1114	6.8616996097366	9.60106989698985
111	WGN63	7.2315	0.493501176824087	1114	6.26320342937166	8.19979657062833
112	WGN63	8.9885	0.493501176824086	1114	8.02020342937167	9.95679657062833
114	WGN63	9.148	0.493501176824087	1114	8.17970342937167	10.1162965706283
115	WGN63	9.97349999999999	0.493501176824086	1114	9.00520342937166	10.9417965706283
116	WGN63	8.4825	0.493501176824087	1114	7.51420342937166	9.45079657062833
117	WGN63	9.135	0.493501176824086	1114	8.16670342937167	10.1032965706283
118	WGN63	8.8585	0.493501176824086	1114	7.89020342937166	9.82679657062833
119	WGN63	8.783	0.493501176824086	1114	7.81470342937167	9.75129657062833
121	WGN63	8.549	0.493501176824086	1114	7.58070342937166	9.51729657062833
122	WGN63	7.58799999999999	0.493501176824086	1114	6.61970342937166	8.55629657062833
123	WGN63	8.401	0.493501176824086	1114	7.43270342937166	9.36929657062833
124	WGN63	10.843	0.493501176824086	1114	9.87470342937167	11.8112965706283
126	WGN63	7.68249999999999	0.493501176824086	1114	6.71420342937166	8.65079657062833
127	WGN63	8.55549999999999	0.493501176824086	1114	7.58720342937166	9.52379657062833
128	WGN63	9.5625	0.493501176824086	1114	8.59420342937167	10.5307965706283
129	WGN63	8.8235	0.493501176824086	1114	7.85520342937166	9.79179657062833
130	WGN63	10.484	0.493501176824086	1114	9.51570342937167	11.4522965706283
